GENE	CDC_B11096	CDC_B11097	CDC_B11098	CDC_B11099	CDC_B11101	CDC_B11102	CDC_B11103	CDC_B11105	CDC_B11112	CDC_B11113	CDC_B11114	CDC_B11115	CDC_B11116	CDC_B11117	CDC_B11118	CDC_B11119	CDC_B11200	CDC_B11201	CDC_B11205	CDC_B11206	CDC_B11207	CDC_B11208	CDC_B11209	CDC_B11210	CDC_B11212	CDC_B11213	CDC_B11214	CDC_B11215	CDC_B11216	CDC_B11217	CDC_B11218	CDC_B11219	CDC_B11220	CDC_B11221	CDC_B11222	CDC_B11223	CDC_B11224	CDC_B11225	CDC_B11226	CDC_B11227	CDC_B11228	CDC_B11229	CDC_B11230	CDC_B11243	CDC_B11244	CDC_B11245	CDC_B11246	CDC_B11247
QG37_04187	2.1293	4.8446	6.0216	7.2682	6.3849	3.8042	3.5436	4.2575	4.4804	6.7354	4.5449	10.0984	6.0625	3.4111	6.8332	4.1423	5.9985	5.1260	4.0563	5.0253	3.6128	5.6829	5.9301	6.0813	6.2358	8.2568	5.9371	9.3100	11.2657	13.2367	8.4340	9.7052	7.8657	5.6273	5.1700	5.0271	6.7426	5.4238	5.0541	5.5701	3.7967	4.5121	9.3734	3.9354	6.5213	4.2018	4.5466	4.6630
QG37_04188	7.1958	20.3332	20.0365	26.5871	19.6984	14.0247	14.9102	15.0375	21.4447	21.3034	16.0507	26.8485	20.7401	15.3550	22.5958	14.9661	24.5808	19.9096	17.2563	15.9788	14.5681	17.4714	22.2837	23.1538	21.1353	26.8008	25.8587	28.2606	35.6673	36.2849	27.3004	36.3818	28.6789	20.8423	18.6499	19.2903	20.4294	20.5187	16.1166	19.6214	13.9449	20.2042	32.9130	12.6802	20.0368	16.6569	16.6205	19.2516
QG37_08430	7.3985	14.2457	15.4333	20.3710	14.6168	10.9933	11.2185	11.8557	15.3386	15.3100	12.2026	18.7246	14.1841	10.7904	16.8814	12.0948	18.4169	15.0515	13.4668	12.4850	10.6806	13.3962	16.7126	16.6694	16.2075	19.7521	17.4032	20.1505	24.6877	24.9063	20.4894	25.2954	20.2919	14.9420	14.6535	14.1457	14.8578	15.3836	12.9579	14.1262	10.9172	14.5525	23.5029	10.9661	14.4809	12.6045	12.7962	13.8682
QG37_08431	6.8897	17.6922	20.2783	27.0204	18.8708	13.8625	14.2712	14.7865	19.5329	20.3910	15.1914	23.8902	18.7125	14.8231	21.5224	15.3387	22.6680	18.8032	15.2198	15.7878	13.1009	18.2370	20.7854	21.6078	20.9369	24.9272	21.5123	25.0211	29.2876	35.5744	26.1226	34.7166	26.3054	20.5035	17.2177	17.6794	18.9228	18.8813	15.5725	18.4515	13.2627	17.7459	31.2874	13.3816	17.7133	15.8578	16.5144	18.2564
QG37_08432	6.9634	17.8008	20.7055	26.8735	18.9361	15.1152	15.3352	15.5434	20.2889	20.5361	15.4104	24.6990	19.1547	15.0534	21.6339	16.1043	23.7000	18.7867	15.3876	16.4703	13.4550	18.6866	21.2148	22.1677	20.3113	23.0568	22.1082	24.5529	30.2893	33.2916	25.3717	36.8737	27.0741	20.6642	18.3994	17.9222	18.8478	19.7539	16.5256	18.7714	13.0724	17.2180	32.8053	13.6968	18.4806	16.4206	17.0554	19.6326
QG37_08433	6.9598	18.0303	20.3915	26.6908	19.2747	14.6388	15.3370	15.6259	20.9469	20.8902	15.5250	24.8863	19.3664	15.2112	21.6778	15.8300	23.7839	19.4037	15.2531	16.2849	13.5993	18.3293	20.9817	22.3169	20.6051	23.7431	22.8829	24.7192	30.6784	32.8721	25.9469	37.2419	27.5257	20.6020	18.7209	17.6238	19.0779	19.7128	16.3714	19.4066	13.1691	17.2127	33.1697	13.5202	18.8745	16.7583	17.3147	19.6204
QG37_08434	6.8570	18.5357	20.3631	26.9905	19.4018	14.3588	15.1236	15.9199	21.2470	21.1525	16.0016	25.0693	19.5373	15.4125	22.0203	15.3814	23.8608	19.4959	15.4478	16.2420	13.7874	17.9126	21.0218	22.9827	20.6146	24.5976	23.3423	25.0551	31.8232	32.8363	26.7078	36.7970	27.8800	20.7793	18.8771	17.8164	18.4369	20.0414	16.4552	19.0032	13.7180	17.4271	33.3779	13.6430	18.7126	16.7827	17.5846	19.7822
QG37_08435	6.8603	18.2143	19.3276	26.8064	19.2706	13.6783	15.0059	15.2934	20.5708	20.5564	15.7450	24.6658	19.0922	15.2280	21.5935	15.0051	23.3716	18.7554	15.6822	15.6708	13.9827	17.2884	20.8414	22.8895	20.6079	24.6841	22.5837	25.0484	31.9732	32.6450	27.0129	35.7036	27.6842	20.0148	18.4321	17.5442	18.1563	19.7683	16.1714	18.3313	13.9729	17.2077	33.1807	13.1949	18.0847	16.2946	17.6584	19.2156
QG37_08436	7.1780	21.3335	22.3246	28.9105	20.6974	15.7628	15.4756	15.7334	23.7759	22.7215	18.2666	27.0964	20.3640	16.9601	24.4699	17.3456	25.7996	21.5010	17.5711	17.9115	15.4354	18.9242	23.0630	25.0134	22.4270	28.1659	25.5679	29.0029	37.2968	35.7454	29.0190	38.9624	29.1669	20.9286	18.5458	20.4630	20.1877	21.2807	17.6448	19.8600	14.8928	21.2091	36.0195	14.3619	21.3012	17.8955	18.4371	21.1728
QG37_08437	7.2730	22.4787	23.4262	30.6081	21.4867	16.6287	16.9876	18.1686	24.0211	23.4965	19.2486	26.9561	22.1481	18.1153	25.3344	18.6547	27.5173	23.2730	18.7055	19.3256	17.2142	19.3062	25.0850	26.0565	23.9503	30.0194	26.5938	29.7181	37.8910	36.6078	31.4584	42.0278	30.3902	22.5994	20.0835	20.6347	20.4792	22.9360	18.4213	21.1326	15.8611	21.4739	37.8700	15.6897	21.9537	18.9536	19.6757	21.9149
QG37_08438	7.2134	22.2954	22.7670	30.5462	22.0079	16.4740	16.7737	17.6831	23.6599	23.5698	19.2907	26.5560	21.7884	17.7718	25.2204	18.6309	27.5073	22.9086	18.8717	19.3655	16.9563	19.7189	24.8142	25.5872	24.4956	30.0763	26.2094	30.1443	37.1416	37.3486	31.4492	41.3800	30.4777	22.0676	20.4590	20.3609	20.7242	22.3588	18.7942	21.1302	16.1877	21.7048	37.6341	15.6249	21.9976	18.5833	19.2595	21.4298
QG37_08439	7.3313	22.7510	23.9759	30.6661	22.3647	16.1325	15.6835	17.1948	23.7350	24.6655	18.3146	30.5562	23.7936	17.2465	27.1383	17.2449	27.8449	23.1543	18.6352	18.8477	17.1892	20.3487	24.8951	27.2452	25.4124	30.3075	28.2666	31.8163	39.2390	41.1267	32.4232	40.1385	15.1753	23.6666	19.9972	20.1897	22.1720	22.9854	18.9896	21.7637	15.4650	21.3258	39.3090	15.8704	23.5725	18.8978	19.0273	21.5727
QG37_04189	7.1653	20.3735	20.5311	26.4768	20.7305	13.8517	15.2028	15.7012	20.9339	21.4075	16.3289	26.9035	19.9419	15.5261	23.5250	16.5259	25.5804	21.0428	17.1864	15.9729	14.9003	19.1778	22.1892	23.1630	22.8061	27.3786	24.7245	27.1496	32.1817	38.1288	28.2472	34.3192	28.4849	21.7939	18.2906	17.3056	20.0625	20.2614	17.6474	20.4434	14.3381	19.2744	32.1831	13.6506	20.8159	16.6969	17.0021	18.4405
QG37_04190	6.9874	18.9536	19.8892	25.3190	20.4198	13.2464	14.2163	14.6841	20.1348	21.5068	15.6333	27.6798	19.6046	14.4568	22.8028	15.3403	24.0347	20.0480	16.3511	15.3491	13.9812	18.8344	21.0570	22.3393	21.6638	26.1406	23.4534	26.6858	31.7796	38.2931	27.6121	33.1576	26.7350	20.3517	18.0556	17.0175	20.0148	19.6053	17.2195	19.3678	13.2836	18.4296	31.8878	13.6201	20.5223	15.8388	16.9828	17.4378
QG37_08440	6.7267	17.5762	19.0452	24.0060	19.8239	12.3084	12.9530	13.4773	18.3270	21.8311	14.5508	29.0227	18.9270	13.6549	22.1158	14.4211	22.0980	18.1621	15.5647	14.8347	12.8767	18.3410	19.4726	21.2742	20.4906	24.6733	22.0524	26.5268	32.1212	38.4356	26.0400	31.1767	24.3164	19.1040	16.7879	16.4442	21.0726	18.4718	15.5536	17.9574	11.9470	17.6999	31.2975	11.8729	20.3210	14.8066	15.9986	15.9600
QG37_08441	6.2854	15.0096	17.3041	21.8647	18.7273	11.4364	11.1347	12.3009	13.8199	20.8042	13.6564	27.8958	18.1683	11.3234	20.4371	12.5340	20.1460	16.1870	13.1083	14.0125	11.2241	16.5984	17.6080	19.4515	18.6771	23.3193	19.3563	25.9892	32.7067	37.3174	24.0879	29.9473	22.3920	17.6368	15.6442	14.9451	19.6545	16.9183	14.3342	15.9871	10.5995	14.2367	28.5207	9.1656	18.5375	11.7521	13.5101	13.0753
QG37_08442	7.1394	18.0751	18.8337	24.2022	19.5377	12.3021	12.5999	14.0705	17.8099	21.4154	16.1629	28.3923	19.5808	13.5981	22.7511	14.4359	23.3811	18.8332	15.9746	15.2684	12.8859	18.0102	20.3547	21.7082	20.7921	26.2064	23.1302	28.1979	34.7110	36.7563	26.5707	33.8412	24.5625	19.9390	17.8060	17.2754	20.3366	19.4264	16.6344	18.8481	12.7834	17.7701	30.6544	12.3853	20.9030	15.0954	16.2084	16.8815
QG37_08443	7.3398	19.2485	19.5348	25.9977	20.4512	12.9393	13.7535	14.7987	19.1365	22.0787	17.3699	28.6713	20.2622	14.3154	23.6922	15.3478	24.7706	19.6864	16.6783	15.8433	14.1279	18.6644	21.5460	22.6509	21.6161	27.0419	23.8538	29.4239	36.2166	36.9564	28.1398	35.8007	26.3266	20.5456	18.4732	18.3874	20.8097	19.9604	17.0392	19.6372	13.5101	18.4862	32.2890	13.0566	21.0845	15.6155	16.5423	17.8618
QG37_08444	7.0983	19.5893	20.2955	26.7729	21.3768	14.1872	14.9126	15.7020	19.2343	23.1853	17.2504	30.0160	20.9178	14.6627	24.6581	14.8477	25.7824	20.1991	16.5122	15.8622	14.5008	19.7119	21.1586	23.7655	22.8668	28.3954	24.8273	30.4096	35.2512	39.1073	29.2119	35.0239	26.9499	21.1275	18.2146	18.2569	21.7951	20.4568	17.2485	19.9515	14.0227	19.0189	32.9647	13.2232	22.0625	17.3843	17.1469	17.9773
QG37_04191	1.0574	0.9076	0.9556	0.9519	0.9477	1.0324	0.9148	0.9586	0.9160	0.9322	0.9392	0.8726	0.8224	0.9678	0.8738	0.9934	0.8945	0.9724	0.9514	0.9469	0.9608	0.8769	0.9649	0.9388	0.8695	0.8991	0.8391	0.9203	0.8737	0.9169	0.8864	0.9537	0.9221	0.8930	1.0462	0.8625	0.8703	0.9032	1.0514	0.8892	0.9144	0.9126	0.9507	1.0089	0.9296	0.9196	0.9726	0.9134
QG37_04192	1.0336	1.0042	1.0647	0.9686	1.0845	1.1848	1.0866	0.9262	1.1393	1.0484	0.9409	1.0168	0.9896	1.0914	1.0891	1.1554	1.0423	1.0337	1.0484	1.0469	1.1047	1.0099	1.0490	0.9409	1.0155	1.0330	0.9657	0.9644	1.0221	1.2328	1.0042	0.9931	0.9968	1.0569	1.1343	1.0357	1.0952	0.9693	1.1044	1.0821	1.0239	1.1083	1.0269	1.1739	0.8661	1.0258	1.0207	1.0352
QG37_04193	1.1064	1.0054	0.9804	1.0116	0.9742	0.9858	0.9802	1.0076	1.0420	0.8966	1.0143	0.9093	1.0070	1.0191	1.0025	0.9975	0.9209	0.9584	0.8950	1.0290	1.0042	0.8991	0.9405	1.0067	0.9736	0.9311	0.9249	0.9604	0.9294	0.8885	0.9351	0.9302	1.0249	0.9317	1.0167	0.9859	0.9504	0.9675	0.9857	0.9681	1.0512	0.9268	0.9461	1.0000	0.9629	1.0025	0.9487	0.9271
QG37_04194	1.0570	0.9760	0.9918	0.9371	0.9748	0.9452	1.1018	0.9772	1.0802	0.9630	1.0119	0.9883	0.9925	1.0611	0.9196	0.9547	1.0374	1.0381	1.0051	1.0542	0.9835	1.0387	0.9443	0.9735	1.0860	0.8872	0.8979	0.9988	0.9403	0.8484	0.8305	0.9602	0.9966	0.9607	1.0011	0.9727	1.0351	1.0130	1.0680	0.9881	1.0342	1.0758	0.9516	1.0440	0.9822	0.9807	1.0366	0.9953
QG37_04195	0.9305	1.0220	0.9541	0.9949	0.9785	1.0183	0.9917	1.0477	1.0648	0.8721	1.0192	0.9012	1.0075	0.9002	1.0502	0.9170	0.8825	0.9892	1.0133	0.8875	1.1064	1.0113	0.9550	0.9390	0.9509	0.9716	0.9094	0.8874	0.9185	1.0861	0.9021	0.9663	1.0785	0.9345	1.0762	1.0964	0.9511	0.9555	1.0064	1.0304	0.9924	0.9855	0.8604	1.0244	0.9566	1.0227	1.1354	1.0615
QG37_04196	1.1752	1.0632	1.0086	1.0707	1.1267	1.1067	1.1264	1.1118	1.2204	1.1626	1.0549	1.1161	1.1161	1.0726	0.8799	0.9517	1.1285	1.0061	0.9906	0.9821	1.2036	1.1051	1.1135	1.0508	1.1846	1.0327	1.1285	1.1450	1.3074	1.1455	1.1339	1.0795	1.0209	1.1445	1.1894	1.1236	1.2309	1.1442	1.1579	1.0911	1.0306	1.1280	1.0219	1.1280	1.0417	1.0485	1.1087	1.1283
QG37_04197	0.9180	0.8872	0.9282	0.8990	0.8939	0.8771	0.8793	0.9636	0.9218	0.9166	0.9330	0.8923	0.9243	0.9159	0.8692	0.8960	0.9104	0.9282	0.9123	0.9024	0.9501	0.8748	0.9037	0.9574	0.8985	0.8638	0.9470	0.8288	0.8531	0.8848	0.8730	0.8777	0.9288	0.9223	0.9417	0.9116	0.8916	0.9472	0.9374	0.9146	0.9736	0.9427	0.9058	0.9503	0.9277	0.9405	0.9981	0.9191
QG37_04198	0.9362	0.8057	0.9380	0.8106	0.8882	0.8431	1.0244	0.9298	0.8332	0.9083	0.8936	0.8681	0.9575	0.8533	0.8948	0.9242	0.8999	0.9434	0.9294	0.9826	0.9830	0.9042	0.9440	0.9290	0.9380	0.9284	0.9508	0.9427	0.8421	0.7454	0.8258	0.8845	0.9195	0.9009	0.8975	0.9193	0.8651	0.9746	0.9722	0.9035	0.9385	0.9096	0.9166	0.8640	0.9529	0.8764	0.9443	0.9135
QG37_04199	1.0049	0.9553	0.9368	0.9723	0.9450	1.0004	0.9464	0.9754	0.9238	1.0045	1.0179	0.9301	0.9541	1.0083	1.0112	0.9475	0.9033	0.9766	1.0194	0.9411	0.9990	0.9781	0.9560	0.9964	0.9017	0.9503	0.9503	0.9232	0.9361	0.9551	0.9875	0.9227	0.9203	1.0206	0.9611	0.9775	0.8946	0.9724	0.9819	0.9532	1.0448	0.9876	1.0419	0.9928	1.0034	1.0377	1.0687	0.9812
QG37_04200	0.9968	0.9618	0.9092	0.8865	0.8574	0.8886	0.8375	0.9620	1.0091	0.8174	0.9601	0.9029	0.9036	0.9512	0.9254	0.8273	0.8073	0.8952	1.0104	0.9196	0.8979	0.8760	0.7967	0.7203	0.8305	0.8268	0.8869	0.8111	0.8367	0.8339	0.7932	0.8326	0.8950	0.8729	0.9168	0.8904	0.9065	0.9123	0.9514	0.8390	0.9171	0.8548	0.9577	1.0229	0.8644	0.8804	0.8297	0.9327
QG37_04201	0.9264	1.0072	0.8978	1.0153	1.0579	1.0606	1.1626	1.0588	0.9579	0.9081	0.9508	0.9289	1.0165	0.9051	0.9822	1.1030	1.0467	0.9874	1.0596	0.9241	0.9376	0.9666	1.0507	1.0071	0.9248	0.9058	1.0503	1.0283	0.7771	1.1031	0.8708	0.9011	0.9116	1.0815	0.7920	0.9902	0.9327	1.0097	0.9859	0.8251	0.9976	1.0117	0.9791	0.9233	1.0528	1.0393	0.9529	1.1901
QG37_04202	1.0601	1.0216	1.0565	1.1961	0.8949	1.0426	1.0849	1.1038	1.1785	1.1884	1.0126	0.9985	1.1973	0.9954	1.0289	1.0073	1.0319	1.1903	1.0994	1.1156	1.1777	1.0517	1.1354	1.0674	1.0060	0.9551	1.0569	1.1835	1.0697	1.1212	1.0815	1.0755	1.2288	1.1051	1.0259	1.0423	0.9087	1.2389	0.9589	0.9312	1.1224	0.9734	0.9424	1.0468	1.1110	1.0903	1.1291	0.9879
QG37_04203	0.8509	0.8580	0.9186	0.9566	0.7585	0.8347	0.8247	0.6450	0.8753	0.8202	0.9832	0.8155	0.7955	0.8313	0.6851	0.8511	0.8408	0.7622	0.7804	0.9287	0.8873	0.9003	0.9442	0.8527	0.6835	0.5894	0.7550	0.8597	0.7063	0.8524	0.7784	0.6766	0.8297	0.7074	0.8395	0.8265	0.8158	0.8380	0.8432	0.7712	0.7743	0.8434	0.8801	0.7731	0.7835	0.7802	0.8889	0.7428
QG37_04204	1.0555	0.8658	0.8797	0.9007	0.9650	0.9296	0.9988	0.9277	1.0162	0.8592	0.9382	0.8414	0.8424	0.9423	0.9715	0.9743	0.9087	0.8497	0.9201	0.9652	1.0058	0.9328	0.9423	0.8744	0.9426	0.9830	0.8780	0.8032	0.9432	0.7487	0.9192	0.8952	0.9008	0.9529	1.0105	0.9362	0.9780	0.9754	0.8252	0.9703	0.8517	0.8640	0.8864	0.8456	0.8327	0.9427	0.9114	0.9031
QG37_04205	0.7094	0.9064	0.7629	0.9498	0.9834	0.9878	0.8952	0.7560	1.0331	1.0115	0.8380	0.9108	0.6840	0.9518	0.8628	0.9017	0.9303	0.8293	1.0040	0.9200	0.8749	0.7603	0.9184	0.7841	0.8378	0.8943	0.8219	0.8021	0.8510	0.7369	0.9108	1.0040	0.7728	0.8671	0.8930	0.7603	1.0790	0.8624	0.9372	0.7425	0.8190	1.0035	0.8556	0.8137	0.8715	0.8833	0.7969	0.9594
QG37_04206	1.0618	1.0241	0.9798	0.9889	1.0071	1.0047	1.0141	1.0364	1.0027	1.0642	1.0542	1.0605	1.0568	1.0151	0.9655	0.9689	0.9763	0.9381	1.0509	1.0152	0.9241	0.9558	0.8833	1.0334	0.9657	1.0074	1.0562	0.9235	0.8922	0.9291	0.8463	0.8595	1.0541	1.0700	1.0074	1.1112	1.0294	1.0150	1.0407	1.0373	1.0091	1.0627	1.0163	1.0590	0.9686	1.0388	0.9763	1.0039
QG37_04207	1.1400	1.0142	0.9966	1.1058	1.0527	1.0039	1.0426	0.9836	0.9948	1.0572	1.0334	0.9305	1.0338	1.1046	0.9978	1.0522	1.0307	1.0469	1.0759	1.0609	1.0288	0.9991	1.0762	1.0800	1.0646	1.0479	0.9551	0.9744	1.0226	0.9697	0.9931	0.9719	1.0282	1.0319	0.9756	1.0886	1.0863	1.0291	0.9526	1.0002	0.9963	0.9253	0.9905	0.9712	1.0961	1.0040	1.0552	0.9173
QG37_04208	1.1076	1.0355	1.2250	1.0261	1.0174	0.9771	1.0531	1.0205	1.1819	1.0938	1.2210	1.0262	1.0957	1.0384	0.9429	1.1137	1.0817	1.0958	0.9789	1.0606	1.1374	1.1073	1.1301	1.0147	1.0409	0.9823	1.0304	1.2402	1.0997	1.0315	1.0034	0.8705	1.0192	1.0159	0.9153	1.0380	1.1017	1.0658	1.0199	1.0842	1.1309	1.0424	1.0140	1.0588	1.1746	1.1620	1.0230	1.0007
QG37_04209	1.0742	1.0404	1.0558	0.9663	0.9660	1.0715	0.9740	1.0118	1.0237	0.9746	0.9586	0.9638	0.9474	0.9339	0.9590	1.0552	0.9770	0.9952	0.9691	1.0429	0.9856	0.9776	0.9529	0.9506	1.0052	1.0317	0.9726	1.0559	0.9962	0.9103	0.9237	0.9469	0.9584	1.0070	0.9399	0.9913	1.0109	0.9573	0.9177	0.9967	1.0094	0.9946	0.9870	0.9499	0.9987	1.0268	1.0335	0.9802
QG37_04210	1.0741	1.1015	1.0385	0.7132	0.9504	0.8334	0.9578	0.8076	1.1551	0.9217	0.8939	0.9613	1.0858	0.8757	0.8084	0.9085	1.0250	0.8874	0.8248	1.0171	0.9408	0.8616	0.8940	0.7417	0.9604	0.9279	0.9638	0.9496	0.9155	0.8639	0.7862	0.9935	0.9679	1.0698	0.9752	0.7809	1.0187	0.8909	0.8597	0.8623	0.9409	0.9862	0.9124	0.3471	0.5029	0.4184	0.4000	0.4259
QG37_04211	1.0204	0.9378	0.9781	0.8827	0.9535	1.0400	0.9362	0.8780	1.0502	0.9347	0.9577	0.8844	1.0213	0.9638	0.8406	0.9127	0.7847	0.9387	1.0414	0.9015	0.9253	0.9579	0.9030	0.8761	1.0500	0.8679	1.0022	0.9776	0.9602	0.9906	0.8889	0.9028	1.0406	0.8474	0.9002	0.8929	0.9806	1.0128	0.8193	0.9106	0.8479	0.7686	0.8933	0.8714	1.0256	0.9649	0.9000	1.0337
QG37_04212	1.1786	0.9895	1.0447	0.9913	0.9275	1.0011	1.0846	0.9574	1.0409	1.0160	1.0173	1.0635	0.9516	1.1084	1.0079	1.0399	1.0225	1.0148	1.0103	1.0123	1.0206	0.9893	1.0468	0.9939	1.0825	1.0191	0.9776	0.9281	0.9204	0.9312	0.8168	0.9820	0.9573	0.8884	0.9799	1.0316	0.9187	1.0724	0.8724	1.0011	1.1132	1.0621	0.9814	1.0407	1.0078	0.9726	1.0072	0.9481
QG37_04213	1.0101	1.1054	1.0271	0.8618	1.0996	1.1187	1.0048	1.1657	0.9449	1.0467	1.1970	0.8362	0.9835	0.9289	0.9638	1.0564	0.8992	1.0797	1.0020	0.9148	1.0647	1.1157	1.0943	0.9320	1.0265	0.9729	0.9391	0.9292	1.0296	1.0343	1.0239	0.8891	0.8930	0.9551	0.9021	0.9918	1.0004	0.9154	0.8309	0.9724	1.1613	0.9521	0.9514	0.9363	0.8529	0.9785	0.9885	0.9313
QG37_04214	2.4777	2.1160	1.9959	1.7958	2.0072	1.8184	1.9004	1.9902	2.0532	2.0665	1.8105	2.2217	2.0102	1.9215	1.8535	1.8532	2.0914	1.6467	2.1354	1.9446	1.7922	1.9424	1.9839	1.8487	2.0432	1.8847	1.9084	1.9379	2.0272	2.6111	2.2365	2.0187	2.5637	2.3757	2.2161	1.9722	2.3501	2.2514	2.1518	2.2820	1.9563	2.2147	2.2065	2.3220	2.2636	2.2449	2.1195	2.3491
QG37_04216	1.0464	1.0337	0.9250	1.0715	1.0461	1.0331	1.0232	1.0273	1.0420	0.9551	0.9555	0.9815	0.9409	1.0195	0.9747	1.0558	0.9900	1.0660	0.9735	1.0239	1.0286	1.0302	0.9260	0.9656	1.0005	1.0483	0.9558	1.0293	1.0278	0.9785	0.9988	0.9544	0.9708	1.0229	1.0627	0.9334	1.0139	1.1102	1.0554	0.9413	1.0911	0.9803	0.9189	0.9983	1.0681	0.9876	1.0582	1.0551
QG37_04217	1.1371	0.9989	1.0582	1.1736	1.0098	1.1411	1.0304	0.9370	1.0556	0.9664	0.9835	0.9344	0.8973	1.0416	1.0295	1.0868	0.9492	0.9719	1.0968	1.0002	1.1029	0.9924	0.9731	1.0199	1.0485	0.9671	0.9038	1.0029	0.9299	1.0634	0.8934	0.8802	1.0345	1.0337	0.9600	1.1597	0.9896	1.1916	1.0975	0.9071	1.0121	0.9856	0.8731	1.0044	0.9283	1.0083	0.9576	0.9926
QG37_04218	0.8852	0.8427	0.8699	0.9316	0.9102	0.8626	0.8632	0.8582	0.8364	0.8207	0.9315	0.8134	0.7951	0.8673	0.8645	0.9002	0.8220	0.8978	0.8687	0.8261	0.8855	0.8029	0.8897	0.8634	0.8919	0.8474	0.8150	0.7685	0.7611	0.7942	0.7849	0.7995	0.8435	0.8334	0.9263	0.8302	0.8266	0.8292	0.8536	0.8138	0.8961	0.8338	0.8018	0.8808	0.9125	0.8960	0.9265	0.8453
QG37_04219	0.6251	0.5002	0.4956	0.3906	0.5171	0.4754	0.4683	0.4927	0.4506	0.4675	0.4187	0.3952	0.5047	0.4316	0.4884	0.4334	0.4846	0.4686	0.4916	0.4599	0.4437	0.4965	0.3965	0.4232	0.6566	0.4063	0.4086	0.4571	0.3398	0.3850	0.4671	0.3712	0.4913	0.4790	0.4981	0.4511	0.3912	0.4228	0.4751	0.3804	0.5046	0.5132	0.4499	0.5972	0.4565	0.4149	0.4895	0.4398
QG37_04220	0.8291	0.8997	1.0134	0.8082	0.9433	1.0205	0.9015	0.8990	0.8814	0.8921	0.9337	0.8018	0.8163	0.8957	0.8213	0.8887	1.0146	0.9156	0.9181	0.7850	1.0142	0.9087	0.8795	0.8963	0.8987	0.9808	1.0641	1.0251	0.8429	0.8536	1.0179	0.8558	0.9767	0.8729	1.0732	0.8237	0.8041	0.9065	0.9850	0.8670	1.0339	0.8636	0.8905	0.8129	0.8968	0.8421	0.8760	0.9720
QG37_04221	0.9901	0.9511	1.0653	0.8711	0.9530	0.9913	1.0559	0.9575	0.9176	1.0634	0.9131	0.7736	0.9679	0.9749	0.8692	0.8785	0.7975	0.8648	0.9402	0.7378	1.0417	0.7949	1.0851	0.9158	0.9188	0.9028	1.0147	0.9892	0.8351	0.9079	1.0085	0.9309	0.9713	0.8527	1.0512	0.8909	0.8340	0.9140	1.0243	0.8011	1.0709	0.9608	0.8970	0.8549	0.8964	0.7778	0.8706	0.9239
QG37_04222	0.9091	0.9331	0.8284	0.9451	0.8889	0.8444	0.9888	1.0123	1.0322	1.0143	0.8130	0.8791	1.0014	0.9533	0.9321	0.9935	0.8558	0.8806	0.9263	0.9456	0.9565	0.9944	0.9746	0.9082	1.0069	0.9152	0.8961	1.0180	0.8893	0.8918	0.9312	0.9595	1.0097	1.0158	0.8598	0.9702	0.9376	0.9796	1.1402	0.9261	1.0186	0.9302	0.9691	0.9633	1.0541	0.9162	0.9981	1.0224
QG37_04223	1.0608	1.0523	1.0813	0.9340	0.9625	0.9237	0.8736	1.0455	1.0166	1.1024	0.8790	1.0509	0.9882	0.9930	1.0571	1.1255	0.8137	0.9418	0.9944	0.8914	1.0601	1.0641	1.0235	0.9513	0.9654	0.7952	0.9633	0.9204	0.9564	1.1652	0.9060	0.9569	0.8983	0.9467	1.1154	0.9785	1.0042	0.8289	1.1298	0.9365	1.1165	0.9875	0.9739	0.8406	1.1224	0.9484	1.0102	1.0144
QG37_04224	0.7618	0.8106	0.6709	0.8911	0.8184	0.6965	0.6495	0.7141	0.6298	0.8536	0.5449	0.9131	0.7189	0.7361	0.7422	0.7945	0.6537	0.7321	0.7777	0.5912	0.8033	0.7844	0.6749	0.7425	0.8102	0.5586	0.8906	0.7869	0.8047	0.8872	0.6784	0.5962	0.2489	0.7713	0.7800	0.7325	0.6433	0.7426	0.7893	0.7516	0.7809	0.8246	0.6519	0.4576	0.6145	0.4465	0.6416	0.4320
QG37_04225	0.9338	0.9692	0.9383	0.7717	0.9483	0.9100	0.9541	0.9105	0.9898	0.9049	0.9378	0.8750	0.8920	0.9909	0.8951	0.9509	0.9830	0.9706	0.9595	0.9658	1.0447	0.8555	0.9212	0.9634	0.8983	0.8639	0.8933	0.8133	0.9409	0.9876	0.8357	0.9398	0.9296	0.9353	0.9652	0.9309	0.9659	1.0469	0.8810	0.9299	0.9242	0.9666	0.9938	1.0158	0.9962	0.9777	1.0176	0.9200
QG37_04226	0.8318	0.5817	0.4771	0.4822	0.5833	0.4758	0.5336	0.5472	0.5255	0.4294	0.4689	0.5437	0.4493	0.4989	0.4375	0.6711	0.4802	0.4370	0.5291	0.4833	0.5872	0.5711	0.5799	0.4853	0.5530	0.5002	0.5160	0.4414	0.4436	0.4595	0.4480	0.4631	0.5683	0.4974	0.5009	0.5250	0.5637	0.6179	0.5255	0.4966	0.4824	0.5210	0.4418	0.7279	0.5113	0.5965	0.5671	0.5075
QG37_04227	0.8175	0.8554	1.0580	0.7866	0.8272	0.8443	0.8225	0.8355	0.6633	0.8347	0.7557	0.6550	0.8778	0.8879	0.8229	0.8209	0.7480	0.8030	0.7505	0.7683	0.7213	0.7778	0.8979	0.7856	0.7610	0.7880	0.8471	0.8751	0.7226	0.6611	0.9494	0.6300	0.7956	0.7843	0.8735	0.8982	0.7462	0.9149	0.8278	0.7651	0.8018	0.9382	0.7909	0.8854	0.8703	0.9411	0.9649	0.6686
QG37_04228	0.7786	0.8338	0.7546	0.9350	0.8467	0.7343	0.8931	1.0189	0.8816	0.7916	0.8890	0.9396	0.7489	1.0037	0.8836	0.9533	0.7938	0.8189	0.8568	0.7895	0.9164	0.8822	0.7241	0.8641	0.7789	0.9420	0.9012	0.7263	0.6172	0.6696	0.6407	0.7889	0.8429	0.8067	0.8456	0.9616	0.8557	0.9635	0.6894	0.9770	0.8341	0.8541	0.8609	0.8177	0.8696	0.8140	0.9858	0.7476
QG37_04229	0.8335	0.8899	0.8491	0.8183	0.8505	0.7650	0.8958	0.7415	0.7758	0.8201	0.7794	0.7383	0.8430	0.8361	0.9041	0.8749	0.7808	0.7530	0.8183	0.8269	0.8360	0.7860	0.7929	0.7951	0.8069	0.7758	0.8435	0.7110	0.7279	0.7135	0.7937	0.6700	0.7877	0.8312	0.8125	0.8603	0.7819	0.8802	0.8472	0.8658	0.8830	0.7789	0.8703	0.9437	0.8218	0.9004	0.8184	0.7168
QG37_04230	0.8665	0.8678	0.9008	0.8424	0.9049	0.8709	0.8280	0.7805	0.8184	0.8361	0.7538	0.8655	0.7148	0.8944	0.8147	1.0166	0.7489	0.9333	0.8704	0.7997	1.0162	0.9635	0.8115	0.8161	0.8450	0.7012	0.8060	0.7678	0.7657	0.7139	0.7708	0.7242	0.8986	0.7283	0.7250	0.7420	0.9030	0.7507	0.7895	0.8256	0.8390	1.0150	0.8251	0.9475	0.8916	0.9202	0.8562	0.8540
QG37_04231	0.6733	0.6770	0.6837	0.5864	0.7002	0.6315	0.6505	0.5896	0.7972	0.7409	0.6467	0.7852	0.6891	0.7223	0.7026	0.7734	0.7619	0.7773	0.7502	0.7486	0.8418	0.7552	0.7708	0.6719	0.7348	0.6283	0.7103	0.5764	0.4939	0.5220	0.6508	0.6507	0.8186	0.6535	0.6414	0.5849	0.5901	0.6873	0.6711	0.6771	0.7469	0.6987	0.5704	0.6490	0.7246	0.8601	0.7954	0.7903
QG37_04232	0.6211	0.7174	0.6612	0.5243	0.7461	0.5766	0.7274	0.5817	0.6657	0.6882	0.6120	0.6404	0.7305	0.8413	0.8641	0.7340	0.6735	0.6986	0.8283	0.7045	0.6497	0.7214	0.7102	0.7080	0.8121	0.7470	0.6610	0.6619	0.6957	0.5002	0.7995	0.7066	0.6686	0.6716	0.6264	0.7150	0.6905	0.6633	0.6584	0.7586	0.7284	0.8693	0.7414	0.9915	1.0653	0.9405	1.0562	0.8906
QG37_04233	0.6730	0.5351	0.6007	0.6044	0.6380	0.5139	0.6122	0.6362	0.6464	0.5277	0.6365	0.5849	0.6890	0.6656	0.6628	0.6280	0.5430	0.5535	0.6324	0.6805	0.5293	0.5931	0.6901	0.5996	0.5940	0.5018	0.6385	0.6266	0.6696	0.4019	0.6055	0.5792	0.6813	0.6227	0.5664	0.5316	0.5489	0.5009	0.5611	0.7350	0.6056	0.6521	0.6961	0.8563	0.8983	0.8491	0.7975	0.8523
QG37_04234	0.7993	0.5914	0.6529	0.6431	0.5731	0.6063	0.7190	0.5614	0.6518	0.6051	0.5392	0.6816	0.6097	0.6833	0.6139	0.6335	0.6899	0.5784	0.7445	0.5437	0.7706	0.6363	0.5986	0.7119	0.6941	0.5721	0.6888	0.5563	0.5946	0.4410	0.5801	0.5860	0.7633	0.6680	0.6790	0.7173	0.4761	0.7402	0.5196	0.6472	0.7086	0.6009	0.6288	0.7578	0.7192	0.7092	0.6434	0.7224
QG37_04235	0.4097	0.2916	0.3286	0.2299	0.3146	0.2300	0.3186	0.2273	0.2587	0.2419	0.2580	0.2593	0.1672	0.3089	0.2706	0.2667	0.3063	0.2057	0.2541	0.2324	0.2336	0.2100	0.2839	0.3113	0.2900	0.2005	0.3135	0.2559	0.2240	0.1619	0.2681	0.3057	0.3179	0.3143	0.2447	0.2832	0.2590	0.3406	0.2424	0.2328	0.2939	0.2226	0.2702	0.3011	0.2459	0.2943	0.2571	0.3010
QG37_04236	0.9842	0.7621	0.6041	0.6825	0.6122	0.7878	0.7429	0.6968	0.7597	0.7515	0.5658	0.5537	0.4816	0.6458	0.6401	0.6914	0.7392	0.6228	0.6101	0.5851	0.5980	0.8263	0.7361	0.7746	0.7081	0.6421	0.6276	0.5320	0.5097	0.4344	0.4888	0.7280	0.7509	0.6504	0.6707	0.6486	0.5809	0.7863	0.7864	0.5963	0.7899	0.7092	0.6346	0.7242	0.5929	0.8234	0.6831	0.7113
QG37_04237	0.8366	0.6522	0.8473	0.8569	0.7705	0.8527	0.8112	0.8532	0.8672	0.6861	0.7765	0.7733	0.8122	0.8344	0.7892	0.8245	0.8283	0.8121	0.8192	0.8214	0.8180	0.8234	0.8017	0.8954	0.8147	0.7475	0.7135	0.7489	0.6765	0.6202	0.7416	0.7097	0.7778	0.8272	0.8570	0.8012	0.8639	0.7916	0.8636	0.8189	0.9246	0.7800	0.7190	0.8665	0.7503	0.8310	0.7715	0.8069
QG37_04238	0.9175	0.8530	0.9172	0.9541	0.9124	0.9207	0.7808	0.7380	0.8375	0.7767	0.9183	0.9019	0.8919	0.9376	0.9632	0.8701	0.9379	0.8738	0.8588	0.9186	1.0034	0.8915	0.8826	0.9098	0.8754	0.8913	0.8735	0.8076	0.8865	0.8142	0.8544	0.8707	0.9361	0.8568	0.8634	0.8984	0.9227	1.0146	0.9142	0.9028	0.8690	0.8532	0.9513	0.9745	0.9541	0.8624	0.9248	1.0673
QG37_04239	1.0036	0.9453	1.0077	0.9353	0.9943	0.9326	0.9396	0.9639	1.0823	0.9656	1.0004	0.9738	0.8609	1.0131	1.0097	0.9964	0.9801	1.0097	1.0268	1.0278	1.0228	1.0230	0.9762	1.0170	1.0019	0.9708	0.9645	0.9115	0.9524	0.8460	0.8778	0.9302	0.9583	1.0299	1.0205	1.0364	0.9414	1.0165	1.0638	1.0740	0.9931	1.0710	0.9577	0.9902	1.0591	1.0155	1.0740	0.9855
QG37_04240	1.0124	0.9982	1.1411	1.1186	1.0652	0.8837	0.8981	1.0752	1.1918	0.9249	0.9887	0.9405	0.9435	1.0441	1.0245	1.1516	1.0379	1.1501	1.0399	0.9906	1.1218	0.9991	0.9860	1.0638	1.0723	0.9831	0.9957	0.9832	1.0237	0.8751	1.1574	1.0678	1.1547	1.1392	1.0622	1.0213	1.0934	1.0847	1.0839	1.0400	1.0816	0.9715	1.1215	0.9679	1.0670	1.0648	1.0038	1.0690
QG37_04241	0.8475	0.8555	0.7845	0.8485	0.8160	0.8295	0.8168	0.8781	0.8628	0.7669	0.9313	0.8632	0.8005	0.8895	0.8858	0.8922	0.8467	0.8855	0.8903	0.8093	0.9448	0.8848	0.8487	0.9004	0.8285	0.8020	0.9032	0.8345	0.7604	0.7705	0.7834	0.8276	0.8126	0.8569	0.8584	0.8687	0.8508	0.8467	0.8381	0.8446	0.9314	0.8387	0.7932	0.9273	0.8992	0.8941	0.9248	0.8137
QG37_04242	0.9351	0.9033	0.6664	0.7909	0.9130	0.7443	0.7134	0.8787	0.7903	0.7926	0.7249	0.7452	0.7116	0.7380	0.7406	0.9218	0.7828	0.8808	0.7889	0.7618	0.8748	0.8041	0.9336	0.7388	0.7457	0.8070	0.7662	0.6774	0.7098	0.8806	0.8622	0.7547	0.6372	0.8106	0.7461	0.8706	0.6981	0.7600	0.6899	0.8583	0.8384	0.8465	0.7549	0.8461	0.7142	0.7086	0.7162	0.6618
QG37_04243	0.8275	0.8390	0.7898	0.8639	0.7667	0.8411	0.9231	0.8008	0.8272	0.6878	0.7983	0.7255	0.8603	0.9130	0.9073	0.8017	0.8744	0.9696	1.0396	0.7437	0.7564	0.8628	0.9087	0.8932	0.9237	0.8852	0.8850	0.7090	0.7306	0.7684	0.7995	0.8417	0.7964	0.6835	0.8466	0.8895	1.0628	0.8089	0.9143	0.7828	0.7491	0.9014	0.8061	0.8874	0.8459	0.9698	0.9113	0.8276
QG37_04244	0.7850	0.7609	0.7615	0.8329	0.8916	0.7129	0.8412	0.7571	0.7963	0.6674	0.8184	0.7642	0.7422	0.7660	0.8570	0.7523	0.8320	0.8694	0.7467	0.6917	0.9425	0.7727	0.8507	0.9686	0.8037	0.8005	0.7857	0.7700	0.6259	0.6872	0.7803	0.6838	0.8355	0.7177	0.8251	0.9029	0.8818	0.8078	0.7920	0.9126	0.7994	0.8058	0.8012	0.9991	0.8511	0.8892	0.9250	0.9245
QG37_04245	0.7697	0.8023	0.7482	0.8016	0.6979	0.7971	0.8779	0.8025	0.8913	0.7844	0.8122	0.7794	0.7432	0.8280	0.8765	0.8889	0.6585	0.8105	0.8069	0.7299	0.8164	0.7657	0.8518	0.8622	0.8066	0.7401	0.8537	0.6680	0.6276	1.1225	0.9309	0.6846	0.7355	0.7584	0.8238	0.9183	0.7407	0.9195	0.8388	0.9126	0.9381	0.8750	0.9552	0.9341	0.8647	0.8576	0.8424	0.8572
QG37_04246	0.8900	0.9372	0.9511	0.8766	0.9604	0.9180	0.8848	0.9001	1.1022	1.0193	0.8831	0.8532	1.0208	0.8406	0.9625	0.8292	0.9127	0.9449	1.0152	0.9851	0.8511	1.0219	0.9007	1.0094	0.9618	0.9258	1.0118	0.9911	0.8642	0.8378	0.9360	0.9242	0.8202	0.9275	0.8998	0.9209	1.0598	0.9258	1.0019	0.9781	0.9670	0.9867	1.0513	0.9511	0.9684	1.1772	1.0587	1.0580
QG37_04247	0.8946	0.8918	0.9226	0.9692	0.9307	0.9612	0.8992	0.9484	0.9680	0.9067	0.8549	0.9703	0.9407	0.9547	0.9678	0.9005	0.9260	0.8939	1.0009	0.8849	0.9246	1.0134	0.9409	0.9385	0.9819	0.9558	0.9503	0.8932	0.9134	0.7590	1.0789	0.9343	0.9653	0.9512	1.0161	0.8916	0.9575	0.9782	1.0093	0.9988	0.9612	0.9499	0.9993	0.9691	0.9155	0.9980	1.0961	1.0188
QG37_04248	0.8126	0.9037	0.6965	0.9078	1.0103	1.0087	0.8260	1.1213	0.8667	0.8416	0.8973	0.8577	0.9332	0.9746	1.0722	0.8892	0.9097	1.0566	1.0440	0.9678	0.9458	1.1640	1.0676	1.0115	0.9868	0.9733	1.0398	0.9410	0.8179	1.0685	1.0936	0.9026	0.8300	0.9063	1.0283	0.8666	0.9075	1.1392	1.0329	0.8320	1.0474	0.9239	1.1123	0.9363	0.9936	0.9030	1.0741	1.1436
QG37_04249	0.9946	0.9026	0.9591	0.9692	1.0010	0.9956	0.9357	0.9567	0.9412	0.9071	0.9066	0.9140	0.9463	0.9986	0.9271	0.9922	0.9654	0.9791	0.9694	0.9289	0.9826	0.9820	0.9476	0.9972	0.9743	0.9074	0.9403	0.9809	0.9004	0.8384	0.9214	0.8719	0.8951	0.9236	0.9760	0.9746	0.9166	0.9305	1.0067	0.9446	1.0059	1.0012	0.9299	1.0047	0.9484	1.0175	0.9716	0.9379
QG37_04250	0.9693	1.1340	0.8925	1.0631	1.0368	1.0338	1.0827	1.0468	0.9992	1.0874	1.0383	0.9990	1.0735	1.2023	1.1503	1.0377	1.1155	0.9833	1.1769	1.0382	0.9210	1.0745	0.8901	1.0230	0.9795	1.0460	1.0681	1.0211	0.8649	0.7590	1.0130	0.9970	0.9500	1.1934	1.0110	1.0537	0.8800	1.0556	1.0210	1.0808	1.0151	1.2079	0.9639	0.9364	1.0307	1.0479	0.8984	1.1454
QG37_04251	0.9406	0.8588	0.8642	1.0119	0.8561	0.9012	0.9510	1.0097	0.9754	0.8944	0.7875	0.8085	0.9047	0.9481	0.8696	0.9975	0.9290	0.9155	0.9820	0.9369	0.9679	0.9391	0.8729	0.9011	0.9368	0.9110	0.8041	0.8411	0.8518	0.8627	0.8566	0.8492	0.8092	0.9340	0.9731	0.8960	0.8415	0.8420	0.9906	0.8546	0.9170	0.8522	0.8959	0.9076	0.7978	0.8532	0.9411	1.0155
QG37_04252	1.0513	1.0495	0.9765	1.0087	1.0088	0.9662	1.0492	1.0344	1.0048	0.9466	1.0500	0.8595	1.0351	1.0309	0.9624	0.9991	1.0727	1.0276	1.0422	0.9439	1.0568	1.1077	1.0161	0.9650	1.0421	1.0515	1.0150	0.9202	0.8809	0.9748	0.8362	1.0212	0.9963	1.0105	0.9938	0.9699	0.9987	1.0038	1.1120	0.9666	1.0459	1.0525	0.9981	0.9833	0.9205	1.0087	1.1132	0.9538
QG37_04253	0.9179	0.9588	0.9896	0.9739	0.8983	0.9116	1.0534	0.9580	0.9437	0.9730	1.0854	1.0367	0.9452	1.0778	0.9271	1.0577	1.0043	0.9790	1.0928	1.0003	1.0162	1.0488	1.0201	0.9993	1.1452	1.0446	1.0052	0.9467	0.9605	0.9115	0.8939	0.9944	1.1490	1.0003	1.1215	1.0587	1.0329	1.0293	0.9651	1.0418	0.9949	1.0301	1.0606	1.0436	0.9197	1.0308	1.0616	1.0664
QG37_04254	1.2271	1.0303	0.8747	0.9211	0.9716	1.0036	1.1351	1.0385	1.0842	1.0056	1.0889	0.9763	1.0526	1.1162	1.0471	0.8655	1.1351	0.9844	1.1270	1.0537	1.0744	1.0448	1.0088	0.8473	1.0117	1.0203	1.0355	1.1608	1.0681	1.0197	0.9885	0.8929	0.9066	1.0016	1.1273	0.9517	1.0635	1.0456	1.0887	0.9932	1.0369	1.1418	1.0973	1.0677	0.9395	1.1263	1.3197	1.2322
QG37_04255	1.0388	0.9330	0.8626	0.9579	0.8653	0.9868	1.1449	0.9162	1.0837	0.9595	0.9062	0.8212	1.0323	0.9860	0.9122	0.9263	0.8910	1.0599	1.0636	1.0896	0.9401	0.9085	1.0592	0.9109	0.9017	0.8909	0.9167	1.0675	0.8749	0.7672	0.9162	0.9131	0.9449	0.8803	1.0339	0.9362	0.9713	0.9740	0.9923	1.0250	1.0166	1.0196	1.0344	0.9504	0.8443	1.0015	1.1511	1.0495
QG37_04256	0.9333	0.9309	0.8387	0.5464	0.6885	0.6914	0.7229	0.8819	0.8554	0.9210	0.8900	0.8943	0.7650	1.0163	0.9222	0.8363	0.8412	1.0973	0.7882	0.9416	0.8257	0.8887	0.9692	0.8231	0.9650	0.7415	0.8920	0.7224	0.7133	0.5483	0.6578	0.6658	0.7826	0.8362	0.8456	0.8925	1.0027	0.8832	0.9117	1.0366	0.7992	0.6399	0.9725	0.7212	0.8247	0.8438	0.8888	0.7891
QG37_04257	0.7734	0.7382	0.7798	0.6377	0.8097	0.7734	0.7413	0.8233	0.7882	0.7088	0.7771	0.8249	0.7940	0.8492	0.8616	0.8458	0.8547	0.7480	0.7647	0.7619	0.7878	0.7730	0.7910	0.7765	0.7758	0.7094	0.7283	0.6493	0.6961	0.5911	0.6862	0.7397	0.7828	0.8095	0.9136	0.7859	0.8392	0.8309	0.7839	0.7640	0.7049	0.8531	0.7532	0.8397	0.7664	0.7822	0.6769	0.7401
QG37_04258	0.9578	1.1098	0.9811	0.8778	0.9667	0.8648	0.9767	0.9462	0.9723	1.0318	1.0505	1.0054	1.0098	0.8988	0.9696	1.0136	1.0445	0.8485	0.9509	0.9381	1.0709	0.9077	1.0711	0.9915	0.9973	0.9184	1.0012	0.9202	0.8628	0.7511	0.9443	1.0011	1.0094	0.9855	0.9374	1.0257	1.0667	0.9681	1.0532	1.0410	1.0104	0.9932	0.9678	1.0261	0.9577	1.0820	0.9687	0.9830
QG37_04259	0.9100	0.9253	0.9516	0.8459	0.9199	0.8302	0.9484	0.8695	0.9134	0.9483	0.8912	0.9913	0.9029	1.0298	0.9752	0.9409	0.9228	1.0427	1.0124	0.9047	1.0986	0.9439	0.9636	1.0053	0.9819	0.9264	0.8487	0.8694	0.9196	0.8581	0.9546	0.9523	1.0194	0.9360	1.0911	1.0413	0.9537	0.9345	1.0735	0.9970	1.0131	0.8761	0.9118	1.0859	0.9584	0.9680	1.0915	0.9649
QG37_04260	1.0013	0.8788	0.9326	0.9712	0.9104	0.9334	0.9173	0.9229	0.9121	0.9524	0.8518	0.8454	0.9122	0.9486	0.9163	0.9060	0.9176	0.9540	0.9558	0.9675	0.9839	0.9047	0.9433	0.8614	0.9501	0.9365	0.9436	0.9384	0.7711	0.9515	0.9424	0.9698	0.9211	1.0068	1.0016	0.9409	0.9460	1.0069	1.0012	0.9770	1.0464	0.9381	1.0388	0.9802	0.9826	0.9897	0.9850	1.0267
QG37_04261	1.0138	0.9740	0.9340	0.9639	0.9913	1.0303	1.0339	0.9810	0.9352	0.9619	1.0511	0.9470	1.0555	0.9702	1.0351	0.9662	1.0099	0.9882	1.0115	1.0774	1.0120	0.9832	0.9376	0.9435	0.9504	0.9442	0.9379	0.9571	0.9705	0.9512	0.9143	0.9848	0.9832	1.0345	0.9837	0.9721	0.9226	0.9761	0.9798	0.9252	0.9479	0.9820	0.9263	1.0482	0.8920	1.0174	1.0827	1.0161
QG37_04262	1.0099	0.9870	0.9186	0.9239	0.9991	0.9097	1.0277	0.9870	0.9571	1.0103	1.0083	1.0368	1.0475	1.0396	0.9092	0.9718	1.0066	0.9862	0.9689	0.9224	1.0160	0.9648	0.9640	0.9074	0.9760	0.9891	0.9488	0.9219	0.9411	1.0142	0.9743	1.0179	0.9876	0.9982	1.0524	1.0297	1.1056	0.9432	1.0454	0.9719	0.9954	0.9697	0.8823	0.9734	0.9526	0.9961	0.9557	1.0310
QG37_04263	1.0915	1.1116	0.9778	0.9421	1.0605	1.0283	1.0264	0.9890	1.0614	0.9877	1.0474	1.0543	0.9774	0.9877	0.9618	1.0508	0.9106	0.9952	1.0262	1.0356	0.9968	1.0184	1.0643	0.9767	0.9838	0.9375	0.9321	1.0202	0.9191	0.9961	0.9171	1.0849	0.9155	0.9938	0.9875	0.9185	0.9845	1.0181	1.0579	1.0310	1.0741	0.9928	0.9073	1.0352	1.0386	1.0531	1.0317	0.9856
QG37_08445	1.2126	1.3298	1.4289	1.0069	1.1883	1.3809	1.0588	1.0164	1.2424	1.2094	1.3087	1.2483	1.1454	1.2520	1.1510	1.1265	0.9881	0.9553	1.2223	1.1613	1.2262	1.1318	1.2359	1.1288	1.3975	1.1593	1.1470	1.1202	1.0120	1.1570	1.1515	1.2859	0.9460	1.1194	1.0939	1.2914	1.2606	1.0754	1.2222	0.9897	0.9631	1.0418	1.2280	1.0707	1.1529	1.0780	1.0993	1.0586
QG37_04264	1.1043	1.0542	1.0838	0.9109	1.1041	1.0792	1.0272	1.0798	1.1090	1.1407	1.0565	1.0653	1.1026	1.0273	1.0657	1.0682	1.0337	1.0616	1.0481	1.1142	1.0605	1.0352	1.0288	1.0731	1.0926	1.0131	1.0208	1.0748	1.0706	0.9982	1.0678	1.0456	1.0475	1.0586	1.0517	1.1144	1.0185	1.0343	1.1002	1.0583	1.0713	1.0360	1.0514	1.0729	1.0251	1.0306	1.0835	1.0748
QG37_04265	0.9810	0.8636	0.8884	0.8371	1.0061	0.7621	0.8392	0.8335	0.8295	0.9328	0.8869	0.8364	0.9770	0.8732	0.8825	0.9598	0.8657	0.8667	0.8679	0.8453	0.8744	0.8432	0.8622	0.9598	0.8634	0.8554	0.9088	0.9121	1.0495	1.0518	0.9055	0.8882	0.8999	0.8443	0.8899	0.8235	0.9130	0.8298	0.7958	0.8294	0.9909	0.8472	0.9562	0.8993	0.8171	0.9231	0.7985	0.8821
QG37_04266	1.1374	1.0539	0.9956	0.9961	0.9926	1.0394	1.1063	1.0488	1.0531	1.0291	1.0082	1.0448	1.0299	1.0186	0.9888	1.0200	0.9857	0.9827	1.0414	1.0305	1.0919	1.0138	0.9618	1.0072	1.0569	0.9768	1.0096	1.0432	0.9857	0.9366	0.9700	0.9734	1.0697	1.0149	1.0537	0.9900	1.0002	0.9791	0.9843	1.0002	1.0854	0.9504	0.9242	1.0122	0.9789	1.0627	0.9931	1.0407
QG37_04267	1.0789	1.0570	1.0028	1.0132	0.9387	1.0192	1.0083	0.9868	0.9706	0.9225	1.0085	0.9213	0.9801	0.9196	0.9978	0.9413	0.9102	0.9457	0.8989	1.0111	0.9791	0.9432	0.9345	0.9222	0.9492	0.9561	0.9758	1.0063	1.0422	0.8184	0.9712	0.9994	0.9383	0.9966	0.9597	0.9865	0.9644	0.9312	1.0264	1.0297	1.0059	0.9545	0.9141	1.0224	1.0038	1.0852	0.9879	0.9552
QG37_04268	1.1758	1.1194	0.9590	1.0560	1.0175	0.9604	1.1779	1.0824	0.9735	1.0030	1.1803	0.9965	1.1026	1.1024	1.1189	1.0314	1.0317	0.9638	0.9543	0.9186	0.9024	0.8682	0.7603	1.0485	0.8537	0.8907	0.9666	0.9909	0.8941	0.7908	0.9761	0.9689	0.8714	1.0101	0.8827	1.0143	1.1504	1.0949	1.0326	1.1699	0.9978	0.9316	0.8705	1.0509	1.0200	1.1346	1.2155	0.9175
QG37_04269	0.9638	0.8524	0.9525	0.8472	0.9176	1.0139	0.8588	0.9248	0.9268	0.9002	1.0136	0.9004	0.9222	1.0071	0.9493	0.9431	0.8987	0.8423	0.9735	0.9316	0.9495	0.9139	0.8951	0.9086	0.7669	0.8943	0.8981	0.8717	0.7904	1.0655	1.0420	0.9224	0.9473	0.8706	0.9334	0.9187	0.8601	0.8476	0.9342	0.9303	0.9220	0.8959	0.9357	1.0701	1.0190	0.8750	0.8326	0.8836
QG37_04270	1.0616	1.0458	1.0705	0.8719	1.0265	1.0670	1.0398	0.9840	1.0296	1.0989	0.9383	1.0018	1.0346	0.9930	1.0029	0.9854	1.0190	0.9843	1.0275	1.1074	1.0528	1.0461	1.1046	0.9475	1.0378	1.0834	1.0215	1.0912	1.0596	0.9894	0.8439	0.9738	1.0173	1.0522	0.9994	1.0326	0.9278	0.8872	0.9792	0.9214	0.9771	0.9576	1.0311	1.0553	1.0309	1.0051	1.0596	1.0783
QG37_04271	0.9738	0.9709	1.0558	0.9212	1.0429	1.0623	0.8603	0.9487	0.9594	0.9009	0.9902	0.9164	0.9395	0.9140	0.8313	0.9423	0.8959	0.9895	0.8819	0.8718	0.9528	0.9492	0.9712	0.9713	0.9383	0.9815	1.0132	0.9949	0.9204	0.9897	0.8858	0.9320	0.9759	0.8963	1.0039	0.9025	0.9459	0.9297	0.9457	0.9756	0.9874	0.9228	0.8832	1.0176	0.9520	0.9377	1.0166	0.9305
QG37_04272	0.9716	0.9404	0.9478	0.8377	0.8680	0.8756	0.8646	0.9904	0.9258	0.8001	0.9212	0.9212	0.9877	0.8984	0.7964	0.9892	0.9044	0.8846	0.9087	0.9895	0.9643	0.9980	0.8882	0.9202	0.8883	0.9562	0.8431	0.8574	0.8776	0.7478	0.9911	0.8897	0.9304	0.8662	0.9648	0.8957	0.8054	0.9589	0.9406	0.8776	0.9185	0.9077	0.8269	0.8741	1.0057	1.0246	0.9635	0.9801
QG37_04273	1.0023	0.9688	1.0022	0.8314	1.0181	0.9334	0.8623	0.9338	0.9684	0.9407	0.9562	1.0724	1.0382	1.0190	0.8553	0.9575	0.9625	1.0010	1.0591	1.0354	1.0026	1.0274	0.8583	0.9811	0.9378	0.8656	0.9488	0.9656	0.9344	1.0658	0.9584	0.9105	0.9280	0.9012	0.9631	1.0361	0.9937	0.9310	0.9290	0.9205	0.9231	0.9757	0.9680	1.0929	0.9168	1.0286	0.9509	1.0098
QG37_04274	0.9783	0.9207	0.7325	0.7945	0.7326	0.9077	1.0041	1.0020	0.9708	0.8456	0.9464	0.8503	1.0393	0.9563	1.0155	0.8509	0.8555	0.8399	0.9077	0.9283	0.8693	0.8113	0.8526	0.8810	0.9854	0.7761	0.9565	0.9791	0.8753	0.9606	0.8442	0.9721	0.8901	0.8598	0.8491	1.1230	0.9107	0.8657	0.8993	0.8985	0.9366	0.9279	0.9353	0.8222	1.0187	0.8804	1.0157	0.8625
QG37_04275	1.1065	0.8003	0.7250	0.8497	0.8386	0.8272	0.8888	0.9279	0.9478	0.7867	0.8093	0.8912	0.8431	0.9211	0.7982	0.9576	0.7575	0.7082	0.9853	0.8056	0.7713	0.7269	0.7917	0.8228	0.9081	0.9221	0.8946	0.8662	0.7936	1.1064	0.7690	1.0365	0.8628	0.8050	0.9519	0.8404	0.8603	0.7602	0.7893	0.7043	0.9591	0.9611	0.8258	0.6772	0.9495	0.9275	0.9796	0.8014
QG37_04276	0.3506	0.5694	0.4641	0.5161	0.5097	0.4333	0.5639	0.5289	0.5170	0.4307	0.4681	0.6489	0.5613	0.4788	0.4286	0.5645	0.4917	0.4394	0.5301	0.5098	0.5211	0.4705	0.5386	0.4177	0.4698	0.4502	0.5462	0.5175	0.5161	0.5541	0.5828	0.6042	0.7038	0.5318	0.6315	0.4935	0.5004	0.5486	0.5417	0.5159	0.5089	0.5953	0.4875	0.5357	0.5516	0.5570	0.6005	0.6169
QG37_04277	0.7890	0.9165	0.8005	0.8470	0.7729	0.7879	0.7531	0.9346	0.7858	0.8167	0.7773	0.8017	0.8077	0.7914	0.7406	0.8077	0.8866	0.8262	0.7646	0.8503	0.8599	0.7893	0.8381	0.7309	0.8317	0.7784	0.7576	0.9074	0.7324	0.7190	0.7802	0.6774	0.8022	0.8888	0.7746	0.7638	0.8372	0.9065	0.7589	0.7750	0.8021	0.7567	0.8484	0.7794	0.7280	0.9022	0.7819	0.7783
QG37_04278	0.9625	0.9788	1.0387	0.9065	0.9620	1.0177	1.0520	1.0486	1.0136	1.1061	0.9507	0.9661	0.9453	1.0963	0.9487	1.0102	1.0101	1.0569	1.0868	0.9563	1.0331	0.9662	0.9151	1.0683	1.1160	1.0582	0.9862	0.9983	1.0133	0.9554	1.1215	0.9438	1.1068	0.9330	0.9370	0.9380	1.0017	0.9430	0.9826	1.0952	1.1844	0.9606	0.9820	1.1475	1.1155	1.1425	1.0368	1.1557
QG37_04279	1.0665	0.9963	0.9570	0.9958	1.0031	0.9202	1.0527	1.0350	1.0464	0.9818	1.0221	0.9169	0.9448	1.0569	1.1151	1.0464	0.9997	1.0464	1.0141	0.9362	1.1522	0.9990	0.9657	1.0197	0.9732	1.0048	1.0750	1.0126	0.9934	0.7196	0.9505	1.0332	1.0083	0.9237	1.0919	1.0996	1.1341	1.0097	1.0805	1.1040	1.0369	0.9698	1.1126	1.1501	1.0092	1.1186	1.0141	1.1785
QG37_04280	1.1130	0.9656	0.8095	0.8350	0.9395	0.9224	0.9056	1.0375	0.9258	0.9061	1.0055	0.9362	0.8496	1.1026	0.9953	0.9212	1.0724	0.9026	0.7938	0.7488	1.0293	0.9012	0.9001	0.9262	0.8450	0.7527	0.8438	0.9240	0.8356	0.6666	0.8709	0.9591	0.9598	0.9417	1.1285	0.9920	1.0651	0.9970	0.8780	0.9146	0.9576	0.8737	0.7962	0.9894	0.7817	1.0273	0.8914	0.9708
QG37_04281	0.9855	0.9108	0.9648	0.8834	0.9162	0.9606	0.9819	0.9532	0.9027	0.9075	0.9831	0.8530	0.8489	0.9681	1.0112	0.9907	0.9980	0.9665	0.9477	0.9780	1.0138	0.9675	0.9943	0.9427	0.9670	1.0084	0.9074	0.9696	0.9272	0.8754	0.9918	0.9104	0.9842	0.9295	1.0464	0.9644	0.8928	0.9479	0.9229	0.9507	1.0546	0.9094	0.8463	0.9978	0.9485	1.0278	0.9807	1.0133
QG37_04282	1.0080	0.9007	1.0692	0.8715	0.9006	1.0501	0.9464	1.1985	1.0143	1.0108	0.9835	0.9713	0.9852	0.8578	0.8898	1.1474	1.0356	1.0589	0.9747	0.9364	0.9866	0.9982	1.1466	0.9500	1.1617	1.0005	1.0383	0.9003	0.9635	0.8039	0.9292	0.9995	0.9793	0.9889	1.0852	1.0231	1.0917	1.0623	0.9002	0.9584	1.1513	0.9959	0.8794	1.0163	0.8807	1.0532	0.8737	1.0816
QG37_04283	0.9666	0.9399	0.9137	1.0078	0.9953	0.9421	0.9249	1.0013	0.9077	0.8981	1.0089	0.9087	0.9404	0.9548	0.9618	1.0325	0.9858	0.9402	0.9199	0.9069	0.9661	0.9271	0.9447	0.9382	0.9692	0.9462	0.9214	0.9254	0.9196	1.0246	0.9031	0.8599	0.9216	0.8839	0.9542	0.9468	0.9660	0.9868	1.0118	0.9111	0.8877	0.8933	0.9315	1.0108	0.9078	0.9572	0.9543	0.9221
QG37_04284	0.8924	0.8270	0.8920	0.8114	0.7794	0.8433	0.9325	0.9098	0.7926	0.8619	1.0086	0.8817	0.8503	0.9067	0.8918	0.9348	0.9340	0.8721	0.9486	0.9349	0.9651	0.8958	0.9051	0.7886	0.8792	0.8456	0.8255	0.8186	0.7366	0.9242	0.7881	0.8244	0.8764	0.9069	0.8704	0.9219	0.8958	0.9256	0.9876	0.9517	0.9030	0.8853	0.8946	0.9605	0.8455	0.9102	0.8349	0.9815
QG37_04285	1.0669	0.8981	0.9401	0.8801	0.8947	1.0164	0.8424	0.8635	0.9207	0.8427	0.9050	0.9506	0.8641	0.8789	0.8781	0.8580	0.8492	0.9440	0.8899	0.8963	0.9820	0.8716	0.9747	0.8909	0.8800	0.9422	0.9244	0.8288	0.9246	0.7478	0.8748	0.9459	0.8608	0.9132	0.8310	0.9049	0.8081	0.8373	0.9129	0.8591	0.8799	0.9186	0.9196	0.8962	0.9359	0.9269	0.9698	0.8654
QG37_04286	1.0373	1.0008	1.0266	1.0047	1.0137	0.9704	1.0192	1.0445	1.0142	1.0089	1.0184	0.9919	1.0122	1.0084	1.0022	1.0710	1.0007	1.0171	0.9832	1.0469	1.0243	0.9846	0.9598	1.0089	1.0147	0.9865	1.0763	0.9532	1.0000	1.0009	0.9687	0.9585	1.0130	1.0221	1.0445	1.0476	1.0803	1.0307	1.0808	0.9232	0.9788	1.0067	0.9731	1.0237	1.0204	0.9873	0.9862	1.0573
QG37_04287	0.9301	1.0995	0.9775	0.8334	0.9920	0.9587	0.9699	0.8952	1.0520	0.9845	0.8865	0.8645	1.0233	0.9508	0.9429	0.8651	0.8926	0.9436	1.0372	1.0404	0.8987	1.0553	0.9148	1.0087	0.9752	1.0710	0.9237	1.0211	0.9776	1.0233	0.9838	0.9097	0.9172	0.8760	1.0554	0.9867	0.9924	0.9738	0.9275	0.9002	0.9764	0.8599	0.9453	1.2528	0.8845	1.0295	0.9480	0.9366
QG37_04288	1.0589	0.9607	1.0356	1.0290	1.0326	1.0203	1.0806	0.9593	0.9373	0.9641	0.9012	0.9584	0.8478	1.0582	1.0454	0.9165	0.9562	0.9208	0.9940	1.0225	0.9495	1.0220	0.8754	1.1112	0.8782	0.9330	0.9866	0.8796	0.8838	0.8151	0.9605	1.0431	0.9822	0.9975	0.9625	1.0562	0.9658	1.0405	1.0529	1.0092	0.9861	1.0825	1.0029	0.9760	0.9605	1.1034	1.0318	0.9991
QG37_04289	0.9720	1.0222	0.9676	0.9532	1.0275	1.0351	0.9769	1.0033	0.9665	1.0339	0.9437	0.8765	0.9535	0.9216	0.9171	0.9162	0.9872	1.0531	0.9182	0.9354	1.0806	1.0586	0.9704	1.0291	1.0492	0.9495	0.9755	1.0021	1.0204	0.8481	0.9110	0.9864	0.9980	0.8962	1.0051	0.9989	0.9248	0.9616	1.0147	0.9599	1.0453	1.0326	0.9739	1.0856	0.9818	1.0630	1.0525	1.0619
QG37_04290	0.9543	0.9253	0.8415	0.9153	0.8867	0.9882	0.9209	1.0285	0.9891	0.9809	0.9856	0.9568	0.9327	0.9044	0.9536	1.0188	0.9052	0.9092	0.9619	0.9179	0.9865	0.9364	0.9117	1.0039	0.9084	0.9166	0.8987	0.8869	1.0158	0.7614	0.8571	0.9212	0.8504	0.9857	0.9540	0.9766	0.9275	1.0035	0.9119	0.9436	0.9476	0.8544	0.9553	0.9857	0.8793	0.9107	0.8767	0.9896
QG37_04291	1.0415	0.9653	1.0735	0.9871	0.9308	0.9571	0.9033	1.0676	0.9594	0.9177	0.9940	0.8310	0.9390	1.0571	1.0705	0.9817	0.9959	0.9994	1.0429	1.1295	1.0246	0.9505	0.8915	1.0133	0.9971	1.0183	1.0021	1.0017	1.0357	0.7784	0.8254	0.8801	0.8938	0.9426	0.9871	1.0171	1.0117	0.9709	1.0264	0.8384	1.0788	1.0064	1.0362	0.9620	1.0376	1.0591	1.0354	0.9501
QG37_04292	0.7885	0.7077	0.7545	0.8039	0.8444	0.8837	0.8459	0.7923	0.7925	0.6972	0.7424	0.8908	0.8028	0.8358	0.9981	0.8862	0.8968	0.7489	0.7700	0.7816	0.8134	0.8707	0.9122	0.8212	0.8313	0.8344	0.8823	0.7936	0.7366	0.7608	0.8684	0.8441	0.8175	0.7975	0.8565	0.9283	0.8142	0.8615	0.7583	0.8313	0.8192	0.7651	0.8297	0.8923	0.8511	0.8648	0.8714	0.9050
QG37_04293	0.6914	0.6650	0.7736	0.8843	0.8014	0.8924	0.8288	0.8385	0.9038	0.9999	0.8094	0.8142	0.8026	0.8200	0.9126	1.0854	1.0970	0.9028	0.7674	0.9444	1.0814	0.8904	1.0240	0.9109	0.9117	0.8555	0.8067	0.8756	0.8768	1.0115	0.7958	0.9804	0.9493	0.8811	0.9770	1.0699	0.8451	0.8730	1.1294	0.8453	0.7819	0.9163	0.8462	1.0289	0.8892	0.8977	1.1306	0.9959
QG37_04294	0.9078	0.8377	0.9189	0.8035	0.8733	0.8774	0.9276	0.9670	0.8952	0.8103	0.8966	0.8365	0.8801	0.9545	0.9399	0.9478	0.8982	0.9007	0.8379	0.9534	0.9651	0.9463	0.9500	0.9994	0.8848	0.8572	0.8483	0.8632	0.7445	0.8409	0.9005	0.8768	0.9051	0.8856	0.9463	0.8694	0.9209	0.8387	1.0243	0.9397	0.9076	0.8737	0.8287	1.0428	0.9990	1.0097	0.9972	0.9716
QG37_04295	0.9040	0.8603	0.7467	0.9324	0.8683	0.8088	0.8612	0.7989	0.9466	0.8421	0.7447	0.7590	0.8384	0.7955	0.8431	0.8738	0.8198	0.9607	0.8863	0.8215	0.8626	0.8237	0.8945	0.8250	0.8741	0.8087	0.9131	0.8537	0.7779	0.6541	0.8085	0.7500	0.7887	0.8473	0.9184	0.8865	0.8578	0.8892	0.8346	0.9747	0.8431	0.8707	0.9256	0.8590	0.7573	0.9760	0.8391	0.8583
QG37_04296	1.2008	0.8707	0.8025	0.8301	0.6791	0.6304	0.7003	0.7482	0.7657	0.7205	0.7275	0.6602	0.5961	0.7150	0.6710	0.5729	0.7440	0.7337	0.7285	0.6521	0.5146	0.6514	0.7777	0.6733	0.6869	0.6122	0.5764	0.7422	0.5681	0.8454	0.7192	0.5522	0.8152	0.8227	0.7200	0.7734	0.7216	0.7863	0.6922	0.7594	0.5839	0.7182	0.7655	0.7632	0.7850	0.6707	0.8615	0.7148
