GENE	CDC_B11096	CDC_B11097	CDC_B11098	CDC_B11099	CDC_B11101	CDC_B11102	CDC_B11103	CDC_B11105	CDC_B11112	CDC_B11113	CDC_B11114	CDC_B11115	CDC_B11116	CDC_B11117	CDC_B11118	CDC_B11119	CDC_B11200	CDC_B11201	CDC_B11205	CDC_B11206	CDC_B11207	CDC_B11208	CDC_B11209	CDC_B11210	CDC_B11212	CDC_B11213	CDC_B11214	CDC_B11215	CDC_B11216	CDC_B11217	CDC_B11218	CDC_B11219	CDC_B11220	CDC_B11221	CDC_B11222	CDC_B11223	CDC_B11224	CDC_B11225	CDC_B11226	CDC_B11227	CDC_B11228	CDC_B11229	CDC_B11230	CDC_B11243	CDC_B11244	CDC_B11245	CDC_B11246	CDC_B11247
QG37_03112	7.17	48.66	27.40	21.81	43.81	48.23	51.16	41.47	44.89	33.07	40.11	38.45	42.24	41.07	37.40	49.59	49.92	42.28	52.18	45.01	39.91	40.52	49.00	40.22	39.12	41.67	43.50	45.54	28.67	6.85	19.43	53.29	99.37	41.48	40.42	33.23	34.50	42.21	33.94	42.29	42.10	56.10	35.61	50.36	42.20	40.57	37.00	49.18
QG37_03113	55.79	82.63	51.42	51.66	77.20	71.91	70.98	69.15	86.04	68.63	66.42	66.10	67.21	67.37	60.40	71.89	87.51	82.79	98.50	74.82	77.02	70.19	100.63	70.78	90.27	83.92	66.78	84.85	60.97	15.32	38.14	85.73	108.22	76.58	75.93	65.74	59.85	66.08	61.48	66.08	77.87	91.11	70.38	68.93	79.87	76.76	72.56	92.84
QG37_03114	98.39	94.92	62.48	67.59	83.71	92.61	88.76	93.26	105.29	77.91	80.20	73.55	83.52	92.01	88.08	96.69	120.55	123.68	108.50	95.07	96.16	95.14	111.86	90.97	103.71	117.83	77.82	103.50	81.08	22.00	59.18	96.55	107.85	93.77	89.89	71.10	85.32	93.50	83.28	93.97	119.42	100.16	82.54	77.25	89.11	86.04	79.21	116.77
QG37_03117	117.98	109.62	69.17	64.14	96.90	100.12	109.21	102.81	113.83	104.75	79.32	88.72	93.73	91.60	94.01	109.93	135.79	139.54	134.08	105.13	107.22	113.10	122.11	99.88	116.78	135.95	86.90	120.73	107.55	27.81	63.81	104.37	126.37	121.31	113.05	91.95	110.82	110.03	88.14	118.00	143.66	121.46	90.84	93.74	110.76	109.30	81.84	135.47
QG37_03118	113.01	133.70	76.76	77.49	126.40	103.71	119.54	108.42	129.34	112.28	113.88	136.41	98.33	97.76	118.56	120.91	151.30	168.93	153.93	104.38	116.45	118.69	133.16	107.78	137.84	133.11	105.79	139.02	108.84	35.56	76.88	121.79	124.02	114.01	104.10	79.00	104.75	103.13	86.36	149.08	164.68	147.85	95.84	88.53	107.70	100.28	97.90	141.74
QG37_03119	127.90	134.54	73.42	73.11	119.17	101.09	105.71	127.58	136.03	108.65	101.53	110.21	99.35	107.90	111.98	113.68	149.34	164.24	154.52	118.99	136.59	141.96	132.51	101.42	120.71	158.10	121.21	135.23	92.39	33.96	78.39	116.32	138.23	140.19	92.34	100.67	111.69	127.49	88.63	139.76	156.23	148.90	110.13	87.04	108.62	105.00	100.11	119.45
QG37_03120	133.08	127.80	69.78	79.22	122.10	110.99	111.30	121.06	128.89	116.98	93.89	100.16	104.10	105.59	114.14	123.13	147.88	159.15	144.15	120.05	125.50	133.28	130.53	116.44	134.33	154.32	105.44	138.56	113.14	29.98	79.07	119.65	143.50	128.37	106.09	99.33	113.31	118.81	98.65	126.61	152.20	124.40	97.19	100.33	123.21	122.54	104.02	151.82
QG37_03121	119.49	125.16	68.74	65.07	113.71	116.50	103.45	117.67	123.26	106.08	93.21	99.33	100.61	101.25	103.04	112.91	135.49	155.53	137.35	113.63	121.33	123.04	125.78	98.90	130.33	143.58	98.87	129.12	100.09	29.31	73.28	113.55	134.36	120.46	112.44	89.24	100.28	112.93	103.79	120.18	146.06	122.04	94.74	95.63	115.33	115.36	106.43	134.10
QG37_03122	109.18	132.49	69.95	77.15	95.10	110.00	101.98	109.38	118.08	108.46	85.22	89.89	92.92	86.25	106.26	118.04	134.27	150.47	139.74	111.38	102.16	115.65	116.18	106.75	118.27	130.48	99.73	129.18	110.06	28.76	65.32	111.33	122.98	118.83	108.76	81.76	105.61	114.54	100.78	110.67	132.69	138.82	95.89	93.30	115.98	109.68	99.60	144.72
QG37_03123	143.77	136.96	94.62	81.93	127.67	134.56	111.01	114.22	164.97	126.75	86.17	142.07	134.30	121.66	102.53	129.73	138.51	152.11	156.22	124.01	130.02	158.44	131.97	124.69	137.36	183.33	134.79	170.22	138.48	34.16	75.56	138.84	138.99	127.81	133.77	90.78	121.18	117.96	92.19	126.91	159.68	120.37	108.00	87.24	135.07	114.01	113.83	157.58
QG37_03124	101.38	114.45	61.65	64.66	97.66	89.79	108.46	105.01	110.54	85.52	78.55	79.93	87.66	96.75	99.40	113.44	116.74	138.84	116.58	89.83	113.13	113.57	114.11	94.51	100.08	117.42	97.79	111.05	79.27	20.17	58.08	117.17	118.55	100.56	104.67	79.01	94.96	106.32	80.06	108.47	125.51	108.77	83.51	80.50	99.92	90.80	90.71	140.11
QG37_03125	102.43	134.30	74.50	61.73	115.74	130.44	100.80	102.57	102.99	86.86	87.12	91.20	97.24	102.38	110.64	103.19	126.37	149.28	131.21	113.79	98.84	105.21	125.54	94.80	101.58	128.11	101.86	126.39	99.65	29.31	73.37	112.41	130.61	82.73	84.72	78.96	86.09	96.64	65.20	107.16	107.28	107.12	64.94	88.32	109.15	110.79	97.17	153.47
QG37_03126	116.11	136.97	72.88	71.47	100.82	118.19	106.97	123.46	129.15	88.98	89.11	91.68	90.23	107.55	98.65	108.73	133.55	131.06	131.74	94.67	110.02	109.64	118.82	98.56	108.25	124.87	93.00	113.70	108.41	26.00	58.14	108.60	132.02	95.95	87.54	63.83	91.29	92.65	65.66	95.83	101.98	98.59	65.78	71.31	85.20	93.19	93.57	125.67
QG37_03127	118.20	132.42	74.04	76.72	115.34	122.39	119.95	130.71	134.95	93.70	101.55	98.23	88.23	106.06	104.21	116.87	126.10	145.67	146.51	104.55	105.33	119.55	116.96	93.14	120.16	137.13	102.33	128.93	101.14	22.40	49.64	104.18	133.46	102.03	91.14	96.92	91.19	112.52	93.35	95.48	134.14	101.28	93.58	84.60	95.70	120.59	90.38	148.67
QG37_03128	130.45	118.83	61.81	73.22	104.30	110.03	122.87	105.40	135.70	101.10	90.89	93.82	93.62	106.88	108.09	116.41	126.92	137.54	118.02	113.87	112.72	104.53	124.15	103.20	122.42	138.59	88.88	128.75	108.13	30.76	71.58	128.48	141.38	120.38	116.32	97.09	106.10	115.87	89.85	121.00	141.67	124.11	98.51	90.04	104.07	113.35	108.90	130.29
QG37_03129	108.38	133.21	78.80	84.16	109.43	130.17	117.22	108.50	137.67	109.48	98.15	109.55	99.36	123.19	103.71	123.51	126.44	123.40	125.04	117.08	127.48	126.45	121.36	132.48	123.74	162.83	108.86	129.39	122.95	27.45	74.02	136.05	139.41	140.66	123.66	124.11	92.55	145.73	91.31	138.98	134.79	116.98	96.35	89.32	114.08	121.79	96.19	151.76
QG37_03130	106.21	132.10	76.77	80.49	114.87	108.68	112.77	107.88	110.23	110.12	88.97	103.75	104.47	104.73	102.36	109.75	146.21	145.62	134.97	112.65	122.41	119.50	131.17	105.21	125.40	144.40	112.62	130.04	114.49	23.99	78.48	120.11	139.31	130.55	127.08	97.97	110.64	109.68	102.53	125.11	133.79	130.61	92.88	89.25	107.64	123.33	101.28	139.61
QG37_03131	115.42	120.51	68.03	74.61	115.28	118.16	115.61	108.93	130.52	103.46	84.59	94.30	99.90	106.79	105.58	117.47	148.37	144.29	132.88	112.61	114.06	124.59	133.05	102.18	112.58	139.29	91.23	124.87	96.03	27.39	65.72	120.10	122.17	125.52	110.23	93.61	101.13	118.60	93.29	113.79	132.42	124.61	91.55	89.55	110.82	115.50	102.67	142.56
QG37_03132	109.29	111.48	55.89	60.75	95.51	102.09	90.39	108.56	104.82	86.74	69.83	77.29	78.07	102.71	87.94	119.76	128.59	144.78	120.88	102.05	106.15	106.85	109.19	94.93	109.55	128.92	88.95	112.70	90.22	27.03	73.69	96.64	108.41	107.38	95.79	75.41	95.96	110.47	83.59	112.53	130.22	107.22	88.30	81.47	98.05	102.39	88.50	114.58
QG37_03133	125.19	128.38	72.88	57.20	107.48	112.81	109.69	117.62	128.04	101.89	95.42	105.22	93.93	105.28	104.29	116.19	156.01	152.02	138.42	117.97	120.06	134.61	144.50	114.66	117.15	146.29	97.77	142.32	86.97	31.52	62.55	115.09	134.14	132.69	115.04	88.84	115.41	120.02	101.58	117.28	135.32	130.77	103.06	95.60	103.11	116.85	101.88	140.04
QG37_03134	111.31	112.53	57.84	60.54	104.84	107.05	98.13	104.71	127.85	93.52	90.04	85.00	90.06	96.00	94.48	103.93	119.45	159.83	107.34	88.61	105.93	113.70	132.68	105.87	114.62	126.13	77.66	101.77	88.37	27.42	62.26	115.12	116.45	103.71	93.36	81.10	103.47	104.65	87.67	105.16	117.16	109.11	91.95	81.84	109.71	111.34	93.28	141.52
QG37_03135	115.86	113.42	75.91	60.46	117.58	105.67	104.78	119.81	99.08	106.67	79.89	90.77	99.50	105.99	91.56	99.55	137.29	147.31	129.23	102.35	109.53	122.65	138.02	111.39	115.64	150.07	100.82	105.11	102.23	30.15	67.12	124.56	120.17	101.50	99.13	71.00	105.10	117.54	83.54	110.50	123.66	115.33	88.01	83.52	113.47	102.83	92.08	137.42
QG37_03136	105.83	107.57	59.94	64.54	94.62	93.72	87.96	110.80	104.36	85.66	83.16	73.92	94.88	84.99	88.91	96.52	131.81	137.40	134.65	97.36	121.97	104.72	107.45	92.70	112.81	145.76	98.02	106.37	97.24	25.59	66.95	108.66	106.83	112.14	109.24	84.65	100.38	113.13	88.25	108.62	121.27	123.97	84.03	80.61	91.12	116.31	83.53	134.14
QG37_03137	85.57	89.54	60.60	53.51	90.27	87.91	87.65	97.36	105.78	103.89	89.11	78.06	73.60	91.34	86.96	97.03	136.16	124.93	106.37	87.11	101.16	110.27	98.84	102.97	94.91	112.18	88.42	110.72	86.87	29.37	58.16	86.09	121.60	117.92	94.49	64.54	96.80	99.45	75.52	101.81	102.93	97.13	80.25	86.73	93.65	88.31	87.89	107.23
QG37_03138	133.40	144.00	67.39	73.01	107.83	113.24	120.20	116.46	149.42	111.78	80.78	124.93	107.40	111.93	121.35	105.35	136.99	151.63	132.89	123.52	121.97	124.26	148.12	102.05	142.93	161.35	121.18	154.53	109.97	33.50	88.91	142.78	143.81	142.20	109.05	96.42	112.13	128.46	99.91	140.35	134.79	131.53	117.77	99.61	131.81	130.50	109.35	148.94
QG37_03139	118.84	120.97	70.47	68.97	117.74	108.95	105.95	114.78	123.19	108.72	96.08	100.10	95.62	105.57	104.68	109.97	141.76	158.24	144.05	116.14	118.87	126.02	133.89	94.44	121.13	133.49	108.60	125.64	104.54	32.50	67.03	116.58	135.55	122.72	104.80	96.67	109.78	114.53	92.84	124.91	135.58	128.01	96.18	98.05	108.59	116.69	110.18	137.91
QG37_03140	123.60	133.72	78.19	78.10	113.19	122.25	104.27	104.76	119.18	102.02	93.42	91.76	96.75	109.96	95.66	122.02	148.58	154.18	124.53	106.59	129.52	113.71	130.99	107.55	113.89	142.05	96.82	119.92	103.75	28.41	66.14	121.60	142.06	111.59	109.44	95.43	97.47	113.82	98.88	115.90	138.00	134.14	88.73	85.46	122.79	119.47	91.90	146.29
QG37_03141	138.58	115.94	52.06	89.58	103.41	118.86	113.20	108.49	118.17	105.46	86.36	98.33	113.40	94.29	112.56	108.18	133.94	155.10	141.01	108.18	120.60	137.59	157.62	96.84	119.55	150.35	108.46	145.60	119.58	30.44	74.97	110.61	131.05	129.15	111.50	78.33	99.58	111.58	91.25	140.85	154.74	136.17	96.30	83.10	120.92	102.47	110.72	156.36
QG37_03142	140.00	125.84	68.94	67.57	101.36	108.36	109.87	104.74	114.79	109.36	82.18	88.84	89.04	98.64	95.51	109.35	134.45	148.31	125.24	109.36	101.79	119.40	132.92	110.45	118.81	138.56	90.88	127.10	96.81	31.66	66.13	132.95	116.16	111.22	106.07	79.17	98.77	104.65	75.26	106.45	127.87	125.94	99.31	81.23	108.11	108.53	97.59	141.80
QG37_03143	135.48	139.22	76.45	90.14	111.65	128.78	132.03	124.70	136.12	108.29	118.02	98.26	108.04	99.29	109.94	115.23	144.32	130.93	143.14	117.29	148.02	132.40	122.74	118.95	124.36	133.57	94.64	147.00	98.84	33.86	67.42	128.96	124.25	132.71	120.56	89.06	112.67	125.42	97.30	131.51	154.83	124.44	108.89	75.89	110.02	116.87	110.85	137.88
QG37_03144	140.74	145.60	87.87	78.98	115.14	122.48	108.39	111.03	107.87	97.08	88.50	78.20	96.88	109.88	97.99	108.48	130.63	149.67	143.45	110.41	123.39	120.16	136.59	102.21	111.14	121.08	80.65	115.84	97.93	24.30	69.50	99.33	143.48	99.92	99.99	95.24	101.09	96.67	93.64	125.27	148.67	125.22	100.05	94.10	98.66	104.04	94.67	132.35
QG37_03145	124.02	119.63	75.95	63.01	103.18	108.35	97.80	109.28	114.74	95.01	85.55	87.39	90.57	86.61	99.08	107.11	136.60	148.17	135.15	105.61	118.02	117.89	119.93	95.32	114.77	135.51	93.51	121.40	95.42	29.26	73.71	112.29	131.91	106.74	97.32	100.34	108.51	101.17	86.58	121.95	138.81	130.42	89.79	94.31	107.36	105.65	76.92	124.81
QG37_03146	113.53	125.13	61.49	75.10	115.65	113.40	107.69	117.94	134.46	107.15	97.11	91.02	100.31	95.03	97.60	118.25	146.49	145.51	130.44	99.23	107.72	116.59	121.19	97.50	127.31	135.57	96.33	121.49	100.74	25.72	72.80	115.51	131.25	119.77	102.66	94.87	105.54	110.05	92.60	113.03	136.95	112.46	92.98	84.91	100.11	103.42	92.86	138.06
QG37_03147	124.72	123.73	67.64	62.89	98.50	103.14	103.06	108.78	130.39	97.71	94.28	92.01	89.45	97.92	102.82	95.85	129.25	146.81	131.26	112.61	111.55	117.15	124.94	101.26	123.02	131.25	105.68	119.20	98.84	22.88	65.29	111.13	118.09	100.96	102.43	82.98	90.75	110.51	85.21	116.70	133.72	108.84	90.29	86.83	107.41	96.33	91.96	141.54
QG37_03148	107.86	109.83	45.33	47.58	85.02	93.14	73.08	81.39	86.30	86.31	67.57	79.07	69.03	75.17	66.40	87.74	91.04	106.64	103.40	80.86	96.33	106.57	92.61	72.02	102.26	109.59	83.99	94.78	66.74	27.06	52.17	93.28	77.50	120.78	109.65	99.87	121.10	128.17	98.76	134.84	156.32	133.54	93.61	63.20	72.38	70.71	76.55	84.77
QG37_03149	85.73	100.40	63.88	56.77	89.35	79.05	84.41	92.06	104.85	86.60	82.82	91.87	87.75	93.33	92.96	89.78	114.81	118.44	105.47	85.22	82.57	103.09	112.39	90.84	99.32	127.39	90.29	105.84	89.63	24.39	46.25	97.74	105.35	100.37	95.65	65.74	100.94	117.51	84.75	96.99	112.95	120.22	67.70	48.12	50.02	60.29	52.25	68.19
QG37_03150	119.75	118.82	72.09	67.90	97.80	106.63	93.63	112.26	115.42	114.23	87.97	83.78	90.67	94.17	92.38	117.03	113.41	135.44	101.86	99.76	103.83	101.16	109.14	85.29	101.08	131.24	96.08	104.70	90.20	25.84	61.01	106.60	121.54	109.58	96.76	97.73	103.06	108.90	79.30	113.66	114.60	98.21	84.20	76.05	84.79	76.04	89.32	107.61
QG37_03151	124.67	104.72	70.77	65.66	102.37	109.60	104.55	99.63	108.08	94.61	88.78	75.62	87.42	84.48	81.88	124.12	128.19	140.09	107.48	113.26	106.94	114.81	121.52	89.98	103.17	117.34	86.37	102.99	93.45	19.52	56.04	100.77	112.37	105.57	102.65	83.22	93.05	98.45	67.02	105.37	115.52	106.25	93.34	69.54	96.73	88.54	94.92	116.17
QG37_03152	134.25	125.03	71.36	60.22	114.91	108.68	118.01	113.75	118.76	117.84	97.76	88.91	104.89	99.52	91.10	106.98	137.26	162.98	121.17	98.55	110.69	109.55	128.65	97.04	109.75	145.66	99.40	128.73	81.74	28.39	73.23	105.94	116.36	117.60	94.55	85.45	100.51	116.96	79.83	104.01	153.03	123.65	88.84	81.97	110.66	100.23	94.63	129.97
QG37_03153	109.76	101.06	66.43	58.73	96.11	96.27	90.98	98.55	116.40	101.35	88.34	77.12	91.80	92.93	83.30	106.57	122.44	143.18	105.88	90.28	106.25	103.10	106.71	91.20	98.29	109.17	82.22	105.87	83.42	29.91	59.89	104.01	105.13	96.89	85.99	76.70	85.11	96.93	85.58	107.78	136.84	109.83	79.52	78.33	97.19	92.54	81.54	124.20
QG37_03154	79.11	112.82	73.51	82.83	91.95	95.07	86.17	98.51	108.90	98.94	100.95	85.32	87.09	82.86	83.84	120.11	146.17	130.43	114.08	106.17	117.14	95.43	109.57	76.70	111.12	115.04	106.36	115.44	90.45	16.79	76.33	105.76	101.23	89.81	96.37	97.09	101.73	94.46	75.37	107.12	126.53	105.15	72.96	89.89	110.00	98.41	83.64	134.67
QG37_03155	137.06	121.40	68.03	72.15	102.71	107.70	105.90	117.41	112.56	101.34	76.29	102.00	104.25	96.96	107.56	117.21	107.91	146.59	142.41	112.46	116.63	112.70	127.42	115.81	124.42	136.02	99.38	119.68	109.90	107.24	139.07	119.15	124.22	107.52	99.43	79.96	90.07	101.43	93.11	96.16	125.27	113.10	76.80	73.35	98.63	92.45	89.79	128.43
QG37_03156	135.27	134.85	83.05	79.51	125.77	125.45	121.11	126.24	127.54	120.80	96.72	110.92	119.80	106.75	107.64	121.57	145.92	150.50	150.82	125.25	130.45	124.64	139.58	115.14	134.81	158.67	105.40	133.94	117.82	28.74	80.75	135.57	148.04	121.66	118.08	96.69	114.96	123.96	98.01	131.96	155.72	131.91	98.48	92.85	122.85	116.11	103.00	151.76
QG37_03157	129.92	123.65	69.69	73.86	108.74	110.23	107.51	112.65	114.58	95.57	88.77	104.02	99.21	101.01	102.53	114.00	138.78	151.21	131.92	116.08	122.71	115.02	128.68	93.55	113.93	144.69	105.22	116.17	112.74	33.02	72.34	124.05	123.33	120.14	107.97	92.30	110.31	100.47	90.44	115.02	139.02	108.26	82.73	92.54	106.02	117.33	96.18	111.27
QG37_03158	128.61	117.80	69.23	75.26	123.29	111.22	111.34	115.06	128.02	123.86	87.84	96.30	103.02	98.13	111.92	112.70	141.91	143.19	119.73	118.84	127.60	126.11	124.95	101.51	109.94	135.72	91.19	127.60	101.30	28.40	66.02	114.64	130.05	107.51	112.67	92.18	108.24	104.78	92.14	120.87	126.42	107.78	95.37	86.16	112.17	88.78	90.55	129.70
QG37_03159	137.49	151.86	82.67	81.31	130.83	127.20	125.80	123.04	143.19	122.05	107.45	113.23	116.96	110.92	113.84	126.49	151.57	166.85	148.15	132.46	135.27	133.98	146.34	115.48	139.33	165.88	111.55	146.58	124.52	30.07	80.54	136.67	150.74	131.36	122.38	108.22	111.49	119.86	104.11	131.59	158.22	138.81	107.00	95.15	118.36	122.55	102.88	154.46
QG37_03160	117.84	120.17	69.99	73.57	113.61	116.72	112.91	128.49	113.80	117.93	86.49	111.01	122.68	110.67	113.60	104.62	128.54	164.20	113.75	120.42	128.99	126.71	142.30	91.98	101.58	143.66	104.07	121.86	112.78	31.07	80.30	121.75	127.02	130.50	119.01	84.54	108.83	127.16	106.53	136.62	124.46	121.40	111.72	101.08	118.52	138.92	110.72	140.45
QG37_03161	129.55	138.76	68.39	70.57	110.48	120.08	115.28	111.09	126.99	116.68	76.80	98.85	112.76	96.47	108.91	113.16	133.63	167.25	143.36	121.18	122.31	131.50	130.20	100.32	121.02	135.27	107.27	125.02	99.10	25.83	66.72	133.91	139.33	120.57	116.31	89.32	110.35	114.90	85.49	115.63	144.40	132.28	92.19	99.48	111.49	121.14	101.06	141.50
QG37_03162	131.42	123.48	72.08	67.05	100.80	113.67	114.83	110.56	129.29	105.12	89.43	86.61	92.85	103.44	100.52	112.59	133.87	140.13	128.96	115.96	113.00	119.98	117.55	99.80	116.31	140.13	95.85	117.57	91.71	32.76	69.07	104.93	122.12	114.65	101.82	86.87	101.66	101.54	83.79	118.59	136.38	132.72	95.61	78.24	108.20	106.72	99.66	146.09
QG37_03163	126.30	116.74	73.88	56.90	92.33	95.61	107.89	98.70	111.91	107.44	90.07	89.97	99.80	94.88	102.27	97.61	142.17	129.11	137.17	112.31	106.88	115.50	104.29	86.01	103.07	125.70	75.85	99.89	101.69	27.05	62.64	114.62	133.10	96.32	95.46	83.79	96.66	106.34	80.89	101.09	120.73	112.96	89.93	78.38	97.35	94.81	94.39	127.75
QG37_03164	120.14	141.02	71.61	85.40	116.49	106.77	121.87	109.65	109.25	105.38	91.57	99.10	110.82	94.11	110.29	107.56	150.83	154.76	153.70	115.50	115.83	123.30	120.38	104.49	127.45	151.76	97.78	119.10	89.02	31.63	81.33	137.13	160.09	112.05	97.72	89.32	103.35	114.56	80.87	117.12	135.34	129.35	97.51	96.65	110.26	108.07	99.50	134.97
QG37_03165	131.49	130.96	66.64	81.30	111.52	108.31	121.81	114.93	118.02	103.88	94.54	90.08	98.36	119.07	99.08	114.82	146.72	151.84	140.38	112.72	112.31	120.71	123.65	108.62	128.57	139.46	96.27	132.49	96.73	28.11	79.30	131.27	144.03	111.96	110.56	93.26	108.82	108.71	92.42	133.25	139.79	128.55	91.13	91.26	115.69	119.90	100.30	133.92
QG37_03166	116.15	119.00	70.81	73.70	113.41	105.67	122.24	112.70	140.85	109.69	89.21	101.44	91.19	99.33	103.57	123.36	130.87	156.30	132.44	133.43	126.23	131.20	137.29	110.63	141.77	150.87	100.10	144.76	107.16	34.43	62.10	140.24	124.79	136.53	99.76	99.52	108.31	108.21	88.47	146.18	170.27	113.99	94.37	99.30	121.62	113.67	103.16	151.59
QG37_03167	127.36	133.83	75.91	67.46	114.30	111.94	113.08	119.75	128.52	108.39	93.15	94.18	100.09	107.66	114.20	117.74	158.31	152.52	139.41	140.90	111.98	120.97	141.49	104.52	139.25	139.75	98.36	133.85	98.98	31.66	68.58	145.75	138.35	119.24	108.94	96.07	109.87	121.84	95.21	131.45	134.64	130.90	85.62	95.83	124.32	106.05	98.84	151.47
QG37_03168	124.48	112.52	74.94	63.16	101.62	105.67	105.66	104.61	101.24	112.33	83.87	73.68	91.06	103.87	109.21	102.11	132.73	126.02	128.94	98.62	94.85	110.26	132.05	84.10	105.01	122.66	91.34	119.62	92.40	23.02	76.94	106.29	123.66	111.58	105.88	80.71	88.21	106.49	82.25	111.31	144.31	110.41	87.28	83.54	91.06	90.67	95.80	112.26
QG37_03169	126.07	119.76	71.61	74.86	111.96	120.96	114.88	106.58	123.65	114.18	80.53	93.73	117.02	97.84	98.01	102.15	142.26	147.95	132.26	129.04	124.91	117.73	123.84	91.81	123.42	149.36	104.68	126.40	90.92	30.05	78.70	123.95	131.92	111.32	104.00	93.46	113.81	120.69	95.82	137.32	131.48	117.64	106.90	97.62	124.05	116.50	101.08	147.53
QG37_03170	113.74	130.12	57.74	68.20	114.60	108.17	114.61	110.43	132.12	101.36	80.06	95.96	99.37	92.48	85.38	94.79	143.08	142.31	122.29	125.06	107.55	112.19	134.95	92.67	111.38	134.95	90.12	116.92	102.51	29.95	63.95	108.23	110.65	99.05	96.09	75.32	82.81	103.09	81.17	123.56	130.59	118.62	93.77	96.88	117.80	102.35	94.01	140.01
QG37_03171	120.51	115.48	79.68	66.80	106.39	107.72	106.47	110.23	131.50	92.07	104.61	95.54	109.90	98.42	106.61	126.31	135.80	140.69	141.24	122.54	120.68	125.76	122.42	95.12	118.66	143.19	86.64	126.01	87.65	26.70	64.74	104.31	108.15	120.51	98.79	95.78	88.00	123.68	90.68	113.42	136.02	118.71	80.75	90.77	115.57	112.76	77.24	116.79
QG37_03172	117.45	117.67	81.14	79.74	112.70	114.33	99.92	103.08	129.14	93.16	80.80	78.32	80.13	89.96	88.23	98.08	137.06	144.07	142.82	121.46	134.77	111.90	114.59	87.43	115.92	143.52	96.60	118.22	98.70	26.79	57.13	121.87	104.77	123.67	107.77	79.59	88.05	97.34	88.73	130.36	120.21	120.34	85.11	79.49	108.10	117.16	91.51	123.25
QG37_03173	144.53	124.50	85.75	71.76	123.07	128.05	103.77	115.29	123.64	100.15	88.70	88.51	81.56	104.02	97.07	112.59	134.51	133.35	129.98	112.02	117.16	155.69	133.65	107.54	121.96	147.17	108.08	117.01	114.81	28.83	72.01	137.25	119.91	116.74	110.34	86.65	102.59	116.84	96.35	131.39	104.65	136.77	90.09	89.25	110.47	125.77	99.73	132.82
QG37_03174	131.97	122.79	81.19	69.38	108.55	111.04	114.55	108.90	126.19	112.88	91.26	88.30	99.86	106.47	103.66	110.67	145.67	153.77	139.41	126.94	122.68	127.86	125.46	106.34	119.41	129.30	95.07	122.00	109.50	26.51	64.71	111.87	128.02	103.53	104.63	84.40	102.43	103.41	84.46	113.48	146.49	135.45	83.14	82.12	105.16	106.95	92.81	123.97
QG37_03175	137.40	120.62	88.63	87.69	113.58	112.50	119.76	122.01	136.18	113.24	93.69	101.31	119.94	104.16	112.13	110.35	161.04	159.56	138.09	134.14	121.03	123.22	144.87	95.56	134.64	152.46	113.77	151.32	108.02	34.89	77.34	121.25	115.24	122.16	115.25	92.95	100.51	115.78	85.99	133.12	139.97	121.98	93.27	82.54	113.33	103.91	97.24	158.08
QG37_03176	132.73	129.86	70.03	56.55	105.11	109.67	115.52	125.30	159.14	98.84	88.12	102.33	109.94	127.75	92.74	94.23	140.97	157.52	138.65	116.04	127.10	123.86	134.77	95.33	119.05	142.74	92.09	104.18	101.99	20.07	71.07	103.69	129.11	105.96	91.97	77.54	78.95	112.27	82.86	107.26	140.80	111.99	89.69	97.47	112.68	107.04	111.85	145.40
QG37_03181	74.85	94.23	50.34	57.16	84.91	83.02	94.45	75.80	98.05	79.80	58.21	88.12	68.20	86.38	74.25	74.62	111.40	116.42	99.57	84.10	79.18	95.83	93.51	74.04	109.41	99.60	64.95	100.40	71.96	20.94	53.61	98.46	107.68	84.93	85.94	72.15	76.97	79.69	61.09	95.25	109.12	81.80	72.56	67.43	87.27	95.58	112.37	132.54
QG37_03182	127.13	110.78	76.57	73.01	95.33	100.54	103.42	107.81	106.41	107.05	80.57	103.33	87.22	113.54	89.77	90.48	113.28	150.00	112.92	108.09	108.50	115.59	122.05	88.99	124.33	139.21	104.93	109.98	103.25	23.75	64.51	111.38	96.89	68.75	59.09	43.96	55.69	64.37	47.00	64.97	72.63	66.74	52.67	69.93	102.68	104.79	85.95	124.35
QG37_03183	115.88	111.71	62.88	67.13	97.80	103.79	99.72	106.59	113.28	92.09	79.93	83.66	89.89	99.02	92.76	107.02	128.88	146.25	127.52	102.66	113.76	110.51	124.19	89.98	117.01	131.41	91.05	117.23	88.94	26.47	66.02	107.73	116.76	106.86	100.02	84.77	96.87	102.69	81.43	111.87	127.81	114.13	89.02	84.30	100.51	107.75	90.61	127.17
QG37_03184	112.56	99.38	53.33	69.48	79.81	91.37	104.02	100.39	91.22	73.21	62.93	60.10	81.37	90.63	105.15	86.35	120.88	119.41	120.74	85.14	104.95	102.43	108.11	86.53	101.78	111.21	91.24	99.29	81.64	22.37	50.10	93.18	91.94	92.70	80.52	78.47	101.46	113.50	66.26	99.61	121.79	115.00	74.99	65.81	76.64	87.17	79.00	114.67
QG37_03185	105.82	111.45	61.23	75.94	112.55	101.10	107.76	112.03	127.40	79.46	77.33	85.19	106.34	106.21	93.57	88.04	128.52	146.34	134.32	114.26	121.76	110.57	127.54	101.73	107.38	130.02	99.39	112.05	81.00	18.95	67.37	99.78	97.30	121.98	93.51	75.29	101.06	113.40	86.11	108.94	127.54	108.83	87.31	82.55	93.36	111.66	95.66	131.09
QG37_03186	124.84	134.03	66.45	61.84	102.65	113.81	108.52	109.80	123.05	112.21	79.38	82.89	97.48	103.33	102.65	105.16	123.28	147.85	120.15	111.66	113.24	108.95	116.59	98.79	120.67	139.43	90.02	109.92	107.91	21.68	63.60	106.36	136.48	119.42	128.66	94.47	103.81	114.14	95.48	113.98	131.42	111.22	88.69	83.32	109.99	94.17	91.32	143.63
QG37_03187	111.31	119.12	71.14	72.84	97.87	110.17	103.55	113.17	119.98	102.16	85.27	94.26	102.01	103.92	93.51	113.99	131.46	142.71	124.74	108.97	114.81	110.64	122.71	104.06	115.72	135.75	91.35	120.07	94.88	27.32	64.03	116.54	126.14	119.58	105.12	89.45	104.09	107.68	86.94	113.36	129.55	124.92	85.52	87.83	109.06	98.47	90.31	137.45
QG37_03188	117.89	80.19	39.70	39.61	68.61	63.41	60.30	72.99	72.47	69.34	61.06	65.20	56.23	55.73	59.23	75.86	76.25	81.46	84.06	67.37	52.58	65.84	67.05	59.43	66.14	72.16	48.37	83.42	50.59	24.86	38.88	68.50	76.51	72.48	56.88	44.75	61.65	68.80	48.01	79.05	76.24	74.46	46.17	32.99	63.55	54.61	54.83	67.91
QG37_03189	136.74	138.94	79.17	76.25	122.24	119.79	122.98	122.07	130.99	125.17	96.32	112.17	115.12	102.78	108.21	120.88	148.45	157.16	141.06	128.27	129.82	133.14	133.89	109.71	130.13	158.57	103.03	145.25	114.19	29.85	76.70	133.15	149.15	123.91	115.90	99.16	106.91	117.96	101.50	121.92	142.65	135.34	97.76	96.34	112.51	122.40	111.84	141.40
QG37_03191	121.10	108.17	64.25	72.76	105.84	106.85	112.59	103.96	111.69	90.04	75.89	83.23	93.85	100.36	100.12	117.11	132.30	147.42	120.20	118.44	119.36	109.60	125.78	88.50	125.42	143.07	101.77	113.86	91.08	27.21	62.19	110.02	117.79	105.34	105.69	85.53	98.34	104.44	80.12	111.68	133.02	112.73	81.13	89.45	100.61	117.33	93.26	126.04
QG37_03192	141.72	127.59	65.18	73.71	108.07	116.01	103.93	118.06	117.76	106.90	97.18	90.14	96.47	92.31	101.47	109.78	140.76	145.19	131.35	115.91	125.15	120.77	126.44	103.45	118.49	150.89	106.70	124.30	100.17	35.57	67.53	111.44	124.91	103.28	111.60	89.60	103.80	110.36	89.60	114.85	127.25	121.35	91.70	93.32	117.99	93.25	88.38	136.61
QG37_03193	113.45	118.92	61.76	74.98	105.78	102.37	102.63	118.79	134.92	94.47	93.60	81.41	101.80	101.79	90.94	101.74	124.09	122.09	129.57	105.12	97.54	115.82	117.38	100.88	111.11	125.99	89.18	113.15	95.78	27.84	64.83	103.38	115.50	102.85	102.63	88.41	99.77	110.46	94.06	116.17	121.48	104.39	84.00	91.32	95.63	101.26	86.37	137.15
QG37_03194	122.92	115.50	59.39	55.02	88.36	91.74	98.35	97.53	113.62	102.85	92.66	85.91	78.93	91.56	95.51	107.77	146.80	127.32	120.22	95.26	117.24	122.39	137.58	106.77	122.02	136.15	116.26	123.51	99.92	25.51	78.47	122.48	134.70	116.62	115.85	82.00	98.97	106.30	95.47	128.75	124.03	112.74	111.52	95.28	109.26	117.60	114.40	127.58
QG37_03195	116.81	106.95	67.07	60.96	99.44	101.35	97.99	115.47	121.16	93.06	73.23	84.40	87.88	94.22	86.25	97.36	140.87	135.42	120.20	109.95	109.43	119.88	127.08	102.93	119.40	150.62	104.49	115.83	106.30	24.31	73.95	109.31	128.03	106.35	104.40	80.96	104.68	100.45	82.50	121.88	125.63	109.06	92.31	88.57	119.59	115.72	107.51	135.72
QG37_03196	116.95	95.64	54.81	65.67	101.45	105.33	89.55	100.91	109.49	100.68	80.96	89.62	79.68	96.14	87.24	103.87	116.40	152.06	134.23	100.83	100.97	117.04	126.16	106.40	130.64	123.84	86.46	123.13	102.14	124.22	144.54	108.11	122.74	97.66	98.60	72.69	87.08	92.99	84.15	98.26	123.01	114.95	90.20	77.14	98.23	101.13	94.93	119.46
QG37_03197	111.03	114.47	62.51	70.77	102.77	95.54	98.04	108.66	131.05	78.82	85.04	86.43	95.44	108.17	85.58	100.95	123.95	139.60	136.67	96.35	104.93	103.89	124.34	90.56	123.65	135.52	90.66	109.60	95.99	70.73	94.04	123.24	143.22	104.69	83.74	70.22	94.83	99.25	83.90	101.10	129.05	118.18	72.44	74.60	111.87	98.18	93.94	153.32
QG37_03198	127.29	128.02	75.02	98.09	111.04	104.75	106.64	125.82	138.64	127.81	89.37	95.86	107.09	121.25	110.05	105.98	162.55	165.47	128.12	116.00	122.11	141.83	142.23	104.11	137.69	165.31	116.69	135.24	99.25	38.10	85.35	149.58	153.34	116.49	106.86	96.75	120.73	128.44	99.51	136.09	150.27	139.68	89.92	101.05	127.10	120.56	116.24	145.40
QG37_03199	84.59	115.30	67.57	69.12	93.93	90.77	72.76	77.74	103.18	89.68	85.26	81.19	104.90	93.99	106.58	96.01	154.41	139.06	107.04	103.55	114.33	136.80	118.53	81.52	135.95	132.29	109.75	109.23	104.56	29.97	72.96	136.10	112.12	105.36	99.35	85.46	103.50	110.86	78.38	118.52	134.02	111.22	99.60	75.99	97.83	112.88	85.47	151.84
QG37_03200	126.50	126.85	63.40	67.40	92.14	102.08	84.02	104.43	111.42	92.58	89.36	89.78	109.42	105.26	126.40	108.03	150.99	146.19	138.08	123.36	123.75	137.55	139.50	107.77	146.85	128.91	112.27	122.12	102.64	25.77	81.98	142.67	118.09	132.44	104.03	92.76	92.16	106.13	92.58	106.03	149.22	117.67	104.61	84.97	110.52	114.78	96.06	168.16
QG37_03201	109.01	103.96	63.92	71.33	92.60	98.33	95.87	95.86	122.74	93.66	85.03	86.28	96.19	98.33	103.02	113.33	124.37	139.22	123.12	103.83	112.97	119.18	121.12	104.00	107.25	123.54	90.64	114.18	92.30	28.85	72.28	106.24	117.55	106.00	100.16	85.03	94.58	94.81	83.74	111.97	135.61	110.78	83.88	92.79	105.38	103.92	94.35	125.55
QG37_03202	117.62	116.84	61.75	65.87	114.27	106.39	100.36	104.03	121.72	98.15	77.06	83.02	96.67	93.94	104.89	114.67	131.45	143.03	122.84	111.42	102.40	115.93	119.61	104.42	122.36	146.07	99.50	112.03	94.25	28.44	64.10	115.68	126.63	116.39	116.24	83.87	112.98	106.35	89.88	118.36	143.93	118.25	93.21	87.39	102.76	103.58	93.37	126.54
QG37_03203	110.07	123.34	73.09	68.33	95.24	109.25	108.54	104.84	117.28	105.94	79.51	101.24	99.07	110.61	93.08	109.17	122.79	154.27	121.93	110.89	111.90	124.15	130.97	106.43	120.94	141.60	97.75	134.44	99.95	33.89	70.57	126.19	138.91	111.51	109.56	92.23	105.45	109.17	84.72	122.34	140.51	117.16	95.97	85.21	105.21	107.24	98.72	134.35
QG37_03204	137.64	144.48	81.86	82.00	121.73	123.27	123.16	129.46	136.81	123.66	93.65	109.09	107.11	124.54	107.01	120.24	156.04	166.08	151.95	129.27	125.98	131.87	153.86	112.41	132.36	151.09	121.52	142.75	110.98	34.46	81.34	132.55	145.67	132.97	125.56	105.14	111.31	118.08	104.92	129.29	155.42	139.88	112.50	103.17	127.59	127.76	126.31	156.07
QG37_03205	145.20	147.57	83.19	82.51	124.75	109.47	109.74	112.95	116.70	107.13	94.54	98.12	102.65	115.35	94.85	117.94	155.74	157.84	145.63	132.32	113.50	126.32	133.17	104.80	133.81	152.74	106.47	133.33	95.08	27.60	76.72	115.64	151.64	119.06	115.07	88.11	103.55	109.90	88.74	138.12	164.01	129.93	88.07	93.86	127.53	120.66	110.44	147.16
QG37_03206	140.16	144.61	76.70	81.45	139.19	127.57	119.46	117.02	130.38	118.02	102.40	109.44	111.79	110.96	113.48	125.42	158.71	153.87	153.46	130.02	128.36	128.86	146.56	111.40	139.95	154.02	111.50	140.10	108.84	31.70	72.85	131.83	140.85	123.94	124.63	108.49	121.02	109.93	99.48	123.10	150.05	144.19	95.55	91.30	123.58	113.24	114.87	153.85
QG37_03207	139.14	142.29	78.56	73.78	127.22	116.50	111.56	115.22	137.01	117.80	91.42	102.71	107.50	102.63	105.98	115.71	145.10	161.14	146.61	122.95	129.44	127.17	132.00	110.87	133.66	153.70	107.77	150.73	117.85	28.10	76.11	120.42	151.40	128.72	121.45	94.49	126.28	119.73	95.44	126.57	152.27	141.59	100.79	90.49	129.42	123.26	101.40	146.88
QG37_03208	127.23	124.75	81.96	73.80	108.23	110.00	113.99	115.94	129.26	110.46	91.75	90.98	108.08	99.64	100.54	109.21	135.14	148.43	123.35	106.15	108.00	124.76	131.20	109.44	118.24	138.13	107.87	143.71	107.70	24.39	73.76	131.57	138.22	120.57	102.25	90.07	115.43	122.73	88.42	131.88	141.61	131.91	92.30	94.39	99.84	111.38	83.89	144.56
QG37_03209	96.28	119.12	70.87	65.51	96.87	109.87	116.17	85.75	130.79	84.41	101.73	77.42	92.48	104.53	101.39	86.96	114.68	128.56	102.26	105.68	111.95	88.87	113.47	95.16	107.02	128.86	84.76	110.80	86.22	27.29	68.75	112.20	135.96	106.21	87.45	81.46	83.50	128.33	92.81	100.12	128.49	103.23	90.85	82.92	106.06	98.93	84.72	112.14
QG37_03210	122.53	125.26	72.23	69.99	115.08	120.43	114.67	121.98	122.20	121.26	94.35	99.77	99.61	111.12	100.00	114.33	139.15	159.94	129.45	124.70	120.94	120.45	130.79	102.66	121.93	162.06	100.07	128.15	107.68	27.53	74.45	115.67	137.46	115.70	110.60	90.04	103.89	107.04	85.08	124.46	145.09	125.65	92.73	91.19	112.73	118.88	100.00	133.62
QG37_03213	123.00	125.88	75.51	74.48	121.11	116.95	120.32	103.59	123.74	101.41	90.40	88.04	85.24	117.95	93.15	106.40	144.40	137.30	131.75	110.22	102.98	106.00	121.85	99.13	106.95	138.78	92.10	113.35	100.25	34.91	63.02	114.04	141.71	119.42	96.43	86.20	108.34	106.30	92.32	131.04	132.44	121.56	76.67	84.78	97.24	103.03	84.43	125.92
QG37_03214	135.58	125.67	70.66	75.13	116.87	117.45	113.73	104.46	115.77	101.32	91.83	96.24	92.79	101.20	96.77	118.29	140.24	155.70	135.62	116.38	114.37	113.43	114.90	105.99	120.55	135.80	107.55	119.78	98.16	30.58	78.17	115.91	130.75	115.75	97.59	96.03	103.52	115.45	99.77	116.16	140.57	119.40	87.92	90.26	119.35	103.99	98.41	119.93
QG37_03215	103.13	118.47	64.49	72.80	86.10	112.04	109.91	103.74	100.31	86.91	71.20	70.02	75.92	83.51	88.31	91.03	128.34	139.49	116.39	99.67	105.20	112.88	119.20	95.33	111.66	111.77	79.78	88.53	84.33	15.95	54.73	90.17	105.71	93.91	91.39	66.50	99.58	104.35	88.22	89.43	124.42	107.46	87.77	77.80	96.49	108.09	100.73	117.88
QG37_03216	104.45	120.57	63.84	73.69	102.56	108.49	107.18	120.29	126.16	109.17	97.62	91.25	108.89	111.08	95.60	122.19	135.62	125.10	102.80	92.68	99.87	111.48	122.58	95.84	99.15	113.51	81.77	132.64	107.75	27.28	64.34	99.48	92.10	103.31	92.24	81.11	104.61	94.82	78.79	113.18	112.29	92.55	82.33	84.92	111.29	106.44	73.60	129.34
QG37_03217	104.88	103.62	59.96	73.11	97.79	111.28	86.84	97.04	113.15	104.38	79.35	92.84	70.93	87.28	76.48	84.08	122.92	128.90	136.78	94.59	99.99	106.24	111.24	115.17	106.53	122.50	79.03	104.44	96.67	26.90	85.44	115.45	126.02	93.70	93.84	84.73	98.04	90.45	83.79	97.12	131.03	122.81	85.53	86.89	108.10	120.07	79.35	123.78
QG37_03218	107.98	109.78	54.01	60.40	100.98	92.21	94.36	92.96	114.10	90.50	83.24	88.32	92.87	95.76	97.46	109.32	123.86	132.69	120.05	98.26	113.66	107.71	118.52	101.26	110.97	129.68	88.45	112.64	88.80	23.99	66.19	107.34	113.11	101.13	96.58	87.65	106.71	104.75	81.84	106.57	128.19	107.36	76.88	78.85	94.49	93.25	83.67	119.88
QG37_03219	142.44	133.70	70.67	78.47	119.00	110.30	124.32	125.29	135.98	116.67	97.04	102.47	102.73	114.91	102.96	118.62	145.09	156.00	140.28	126.09	121.86	139.34	128.03	110.86	136.89	156.30	101.23	144.87	110.80	32.24	73.79	137.18	149.52	126.13	111.52	101.45	112.26	121.99	90.15	129.21	132.53	131.31	97.12	93.42	122.99	112.00	99.18	148.36
QG37_03220	107.93	125.71	66.93	63.63	118.13	111.73	105.01	107.27	115.54	102.03	92.47	98.24	99.75	104.14	105.99	109.51	137.45	128.55	132.98	112.40	115.54	111.78	120.96	94.66	120.90	130.33	92.75	115.74	103.42	23.17	78.96	127.38	126.06	92.51	102.53	88.55	105.85	114.88	81.22	114.55	142.43	120.29	107.05	105.74	115.65	105.51	110.61	124.02
QG37_03221	122.58	112.58	66.74	60.19	104.66	102.57	109.60	110.18	107.64	102.83	85.41	86.44	90.85	103.69	96.48	102.44	128.01	131.89	125.78	110.25	96.94	99.63	122.48	89.67	102.38	122.65	90.08	119.10	96.15	28.32	65.38	112.75	118.48	95.13	96.71	77.65	89.93	106.29	80.76	106.01	134.04	116.48	85.00	84.58	103.18	103.55	95.16	126.86
QG37_03222	94.88	104.58	57.49	57.15	90.14	87.07	81.53	93.47	109.06	88.34	81.74	79.10	74.10	89.34	72.53	91.58	110.91	132.87	115.49	105.93	103.35	107.20	103.92	88.07	108.14	130.38	88.99	109.73	78.49	24.37	51.46	99.90	106.41	87.15	100.74	79.62	84.32	85.04	79.14	112.07	119.80	98.90	73.20	75.70	103.86	94.54	81.28	115.86
QG37_03223	134.68	116.46	71.84	79.79	114.79	108.87	124.16	106.22	139.69	103.97	88.67	91.12	87.84	101.05	95.62	110.87	155.92	157.39	137.69	115.86	119.77	114.65	127.84	107.50	122.00	135.52	108.52	137.68	112.51	33.70	68.09	126.05	128.52	113.04	102.89	89.87	105.73	111.51	90.62	127.70	147.05	121.34	98.40	96.05	103.46	111.37	92.25	151.06
QG37_03224	114.51	118.97	77.81	77.53	89.15	120.58	108.06	117.14	116.73	102.23	94.59	81.85	89.24	93.94	79.50	119.72	135.21	138.96	117.28	119.49	110.69	114.24	127.25	91.28	119.65	122.46	95.90	122.28	102.61	21.40	62.22	116.72	122.65	80.19	86.40	75.12	81.66	78.58	70.57	88.25	99.17	95.77	83.13	88.41	114.94	110.96	90.55	148.38
QG37_03225	129.26	105.54	70.60	71.51	115.84	127.88	105.63	126.06	123.11	112.03	87.38	88.53	93.45	106.51	105.22	118.99	142.83	134.47	146.79	112.31	113.29	117.61	121.86	100.95	106.94	146.97	99.37	126.74	92.90	18.40	64.71	124.25	130.09	102.14	92.76	75.44	81.46	95.02	76.47	106.56	100.77	126.42	82.27	89.82	113.68	103.92	99.79	140.44
QG37_03226	121.62	132.88	71.98	70.29	110.08	120.58	124.26	116.13	121.94	120.64	105.81	118.41	111.49	116.97	94.70	117.75	143.51	145.79	153.85	121.70	122.37	112.24	122.62	105.95	127.47	145.54	111.92	123.97	102.53	32.36	83.15	144.11	157.10	125.19	116.98	81.93	113.59	103.56	92.99	116.82	122.42	146.72	102.21	93.30	105.08	95.17	120.10	143.51
QG37_03227	117.41	124.11	64.15	66.19	128.10	104.72	122.48	124.24	121.04	134.14	88.89	119.55	103.64	104.77	108.07	111.07	157.68	177.72	160.97	140.19	130.45	124.80	134.37	114.15	138.05	165.13	94.62	131.05	127.18	29.16	78.41	132.67	141.44	130.79	100.88	81.04	126.58	124.58	88.13	136.58	178.03	125.87	126.43	89.13	122.28	110.38	96.52	153.37
QG37_03228	102.65	127.20	67.40	68.68	116.19	113.99	108.53	113.36	122.37	119.11	89.87	101.46	119.85	105.84	94.05	102.26	143.45	143.49	141.52	125.11	127.72	124.58	132.00	109.43	154.35	159.52	115.05	140.23	114.73	35.41	83.00	131.68	201.36	124.65	97.09	83.42	109.29	121.02	81.16	125.39	155.38	155.97	111.90	74.24	113.04	109.75	93.40	131.62
QG37_03229	111.37	111.08	58.64	66.61	97.35	107.07	105.00	90.24	110.22	92.52	75.47	79.61	77.20	91.27	82.73	96.16	124.65	132.24	116.48	97.49	110.29	107.19	115.92	86.50	106.15	115.07	88.40	110.81	80.23	28.95	66.28	102.97	118.36	94.11	106.90	76.29	84.71	96.69	78.29	103.11	118.15	111.91	72.83	84.73	97.77	97.31	88.20	128.35
QG37_03230	105.52	128.14	72.66	76.32	115.84	96.61	121.61	126.43	133.18	101.80	82.80	94.38	102.64	105.65	98.33	116.60	139.72	144.32	146.83	123.87	123.33	128.38	119.73	112.05	121.49	146.03	101.36	128.32	100.76	29.28	68.05	127.02	131.51	119.77	106.76	84.67	112.45	104.30	90.49	116.94	144.25	119.66	91.51	89.20	105.97	119.28	100.82	137.99
QG37_03231	102.19	96.91	56.81	53.21	93.27	99.62	92.20	84.65	94.63	84.54	74.95	75.94	78.44	96.73	88.00	103.52	111.37	131.65	106.20	86.96	98.99	100.46	113.11	92.66	104.47	110.05	80.11	97.57	82.00	21.75	63.87	97.17	100.31	98.58	84.67	79.83	81.27	98.29	78.33	99.94	117.30	96.70	79.35	75.00	94.00	94.83	82.79	124.13
QG37_03232	75.34	57.53	31.92	30.69	50.53	51.83	59.15	60.41	53.32	47.38	44.60	39.74	47.76	44.73	52.93	63.84	63.47	83.22	75.90	54.19	64.00	49.29	51.71	56.44	58.85	73.78	46.03	54.54	41.17	19.69	31.78	63.15	49.57	57.24	53.72	43.89	49.95	55.72	37.82	67.32	69.53	55.22	44.14	41.33	39.77	53.12	47.17	55.89
QG37_03233	106.14	95.96	52.80	55.94	92.37	68.36	87.17	87.14	111.87	83.14	73.62	61.25	63.73	71.95	83.33	79.75	92.88	127.23	124.87	93.88	84.23	73.77	83.26	109.99	107.65	107.76	72.07	88.14	67.59	28.25	57.76	100.33	100.68	78.33	86.34	63.30	85.97	82.35	59.11	90.11	104.93	87.86	65.05	80.16	69.68	90.60	71.47	111.28
QG37_03234	104.57	101.43	54.97	64.81	94.80	88.01	95.28	95.30	99.92	79.95	83.42	73.18	79.13	91.12	85.35	101.98	109.13	120.13	114.38	97.79	103.16	100.49	108.66	93.58	99.97	110.76	87.42	105.34	81.65	23.57	64.77	100.84	110.08	105.35	87.99	80.50	92.40	93.17	74.94	99.40	112.06	106.25	76.15	71.10	87.71	93.20	83.49	115.06
QG37_03235	134.21	113.78	62.22	59.85	113.07	125.04	125.81	133.44	126.68	108.49	94.50	108.06	111.56	115.40	92.43	104.01	121.82	154.53	137.33	117.22	134.91	139.16	131.46	131.13	119.64	135.10	111.66	141.09	120.10	31.47	70.66	120.39	125.57	116.57	123.50	104.63	105.93	126.74	107.78	138.64	143.01	123.61	104.34	95.18	105.61	117.74	99.37	148.87
QG37_03236	100.31	118.97	59.88	68.96	109.27	106.37	110.38	93.25	107.87	95.78	77.41	95.16	86.86	92.09	103.29	104.73	125.46	133.65	132.55	94.21	110.72	100.73	115.99	96.67	99.95	125.52	100.35	119.85	99.90	27.39	64.34	110.05	113.23	119.03	109.86	93.72	107.41	110.48	91.71	100.36	128.89	116.39	99.09	85.07	112.70	116.91	102.24	142.94
QG37_03237	120.29	134.85	75.91	76.26	109.04	103.17	105.57	109.10	131.53	111.78	95.46	97.52	89.11	98.47	95.93	122.40	135.05	160.12	134.20	115.90	109.33	117.06	119.77	102.44	122.77	148.62	105.05	120.98	102.98	29.51	73.43	112.99	128.52	112.39	110.40	86.41	94.16	108.29	90.13	123.41	141.26	119.88	98.51	88.35	117.28	101.31	103.02	134.98
QG37_03238	115.57	131.84	76.61	64.04	96.61	101.27	89.84	114.15	117.03	106.88	83.62	95.82	92.08	112.80	82.02	102.98	116.83	105.44	118.18	112.47	114.87	119.37	118.22	107.92	104.12	124.62	107.65	108.77	92.34	20.31	67.73	108.89	131.66	90.86	95.74	64.38	90.65	99.10	83.05	116.59	121.56	128.51	85.41	80.51	91.15	89.03	93.94	124.38
QG37_03239	107.20	94.79	55.57	50.62	85.88	80.14	75.63	69.87	103.12	79.96	66.94	76.63	79.11	76.29	72.89	74.53	112.66	91.54	98.39	89.21	82.47	81.85	91.87	76.13	92.06	103.05	79.32	89.25	89.31	32.13	51.18	90.56	109.27	82.37	76.77	62.89	93.75	88.38	63.32	98.57	100.60	95.20	88.66	77.14	109.42	97.05	103.20	136.66
QG37_03240	127.15	133.41	53.07	52.95	110.37	101.42	98.69	107.08	108.41	101.99	82.34	98.81	86.94	83.60	79.67	108.19	123.43	126.25	123.63	106.01	124.15	118.12	120.02	101.71	114.34	104.07	84.14	124.59	98.42	25.60	57.92	106.02	145.98	103.20	93.71	63.30	108.84	103.75	82.95	106.00	121.93	108.58	96.02	100.32	120.21	120.29	119.34	159.20
QG37_03241	128.33	112.86	56.96	59.63	101.76	104.18	100.68	109.20	117.82	95.91	93.61	100.59	98.25	98.95	93.18	110.76	124.89	140.10	135.69	110.05	141.21	109.13	134.82	100.74	111.87	119.26	97.48	124.60	87.36	28.28	77.12	102.59	136.20	109.34	102.33	71.40	101.13	99.35	85.31	116.06	120.22	105.88	100.13	94.15	107.55	102.15	98.49	149.89
QG37_03242	109.96	103.93	66.08	68.23	94.57	100.07	101.24	99.32	109.10	100.60	80.68	90.00	95.88	104.46	89.04	104.01	128.89	116.08	121.54	117.58	107.17	111.09	121.53	92.86	103.96	124.01	93.23	111.02	89.30	30.42	66.85	103.61	116.33	99.99	94.84	83.19	95.33	106.23	81.59	117.28	120.39	117.51	93.56	81.38	103.15	104.55	91.53	141.74
QG37_03243	132.88	125.69	71.16	69.08	116.99	109.30	101.77	105.70	125.50	110.17	88.93	91.68	101.29	102.34	99.14	108.20	134.63	150.00	137.82	109.85	114.60	116.91	126.49	104.88	116.34	139.99	95.59	119.84	103.60	28.68	70.31	123.62	129.24	116.52	111.32	90.46	97.10	111.15	92.98	119.51	135.75	127.61	98.54	89.05	114.29	113.75	100.37	143.10
QG37_03244	131.31	134.30	74.23	83.16	133.46	121.95	129.13	125.99	129.31	111.15	89.51	105.27	110.34	104.95	108.17	124.58	150.75	157.48	140.95	116.97	123.25	122.79	131.02	114.46	130.68	156.70	120.68	138.04	106.95	33.33	75.95	128.65	134.33	133.09	121.53	106.13	114.71	128.85	106.10	134.44	146.97	132.41	91.85	99.63	121.57	114.11	102.61	154.42
QG37_03245	124.26	129.21	80.03	67.16	121.96	118.74	112.80	121.67	130.73	113.85	101.92	109.41	98.08	104.65	102.20	124.70	149.12	155.72	135.39	116.05	117.43	121.89	140.22	113.22	132.27	150.80	106.34	135.82	103.92	30.38	77.30	120.96	139.34	121.38	110.42	100.38	108.93	117.68	95.45	124.72	150.55	126.44	106.69	95.16	122.90	122.92	102.48	150.53
QG37_03246	122.10	133.77	78.28	74.03	119.61	125.37	117.67	107.46	126.74	112.54	93.17	98.47	100.41	103.15	102.20	111.55	152.08	146.99	139.09	119.50	124.92	125.13	134.64	101.35	126.23	147.88	101.33	130.92	111.02	32.13	83.81	133.07	139.51	127.10	108.45	91.82	113.70	118.12	103.10	124.85	147.54	127.65	94.13	87.46	106.51	107.65	99.88	138.61
QG37_03247	125.92	139.31	68.42	74.68	112.08	96.52	99.40	96.59	118.96	105.00	86.27	96.11	88.64	100.17	91.75	113.30	147.23	152.87	128.65	118.62	111.58	120.13	137.00	100.33	113.82	141.13	94.65	131.27	105.42	25.73	73.62	123.45	126.62	109.26	108.43	82.41	111.09	112.92	77.41	119.73	136.94	115.11	97.27	88.45	114.15	106.10	94.24	132.43
QG37_03248	111.78	133.41	73.12	83.70	102.45	106.22	105.64	99.84	127.75	99.93	77.02	106.78	94.51	103.75	94.97	124.17	133.49	145.13	107.31	105.61	107.70	128.43	140.06	105.94	114.30	131.80	94.15	127.98	109.92	28.25	69.84	111.99	137.30	115.57	91.51	93.66	109.59	131.88	69.48	108.77	126.38	119.72	83.97	92.38	91.76	113.81	110.73	154.17
QG37_03249	135.01	115.54	69.89	75.09	108.87	115.29	119.50	107.18	138.05	104.85	89.17	96.36	101.69	99.59	93.29	106.07	132.01	139.06	117.54	99.39	118.19	115.14	131.39	100.05	109.42	154.73	104.41	126.85	104.80	27.81	64.43	113.27	134.71	93.94	109.84	102.83	106.96	112.91	93.70	109.23	145.40	127.63	91.05	95.96	104.84	101.78	109.35	150.29
QG37_03250	130.91	127.67	73.71	74.86	128.47	114.45	119.48	122.45	138.19	115.21	107.54	104.58	105.99	102.10	97.72	109.98	133.85	131.56	149.07	115.33	137.58	113.40	120.89	94.00	110.94	139.49	99.61	124.43	93.33	28.90	61.67	105.34	130.88	127.25	120.40	91.17	106.97	98.50	90.34	141.11	130.69	137.22	94.55	78.38	104.08	119.31	105.67	144.36
QG37_03251	125.22	122.53	74.84	74.96	111.87	109.80	119.51	116.94	134.18	100.14	81.57	95.36	97.09	108.59	98.49	106.89	138.02	144.14	136.19	119.24	125.72	124.96	140.70	102.84	119.45	136.70	95.18	127.92	104.93	27.45	72.35	111.09	126.99	119.17	109.91	81.15	103.90	114.55	89.35	131.62	137.36	126.18	92.61	88.35	115.97	107.77	96.67	137.84
QG37_03252	130.35	107.10	63.77	66.05	105.10	101.49	96.32	116.43	141.15	110.46	62.16	101.02	94.77	105.20	90.07	100.67	115.89	148.86	144.83	99.24	134.31	106.88	146.17	104.31	112.48	140.06	103.82	134.76	87.14	30.09	76.53	115.05	116.28	106.05	96.63	90.27	109.58	106.87	76.76	134.19	116.57	145.83	109.76	77.35	121.96	114.76	110.95	148.98
QG37_03253	110.06	100.55	73.02	46.75	109.42	93.21	98.78	99.27	101.98	98.92	82.87	109.30	85.78	100.01	89.35	101.22	134.67	134.60	125.06	103.53	115.86	116.56	139.54	89.05	130.36	141.70	99.21	122.97	79.70	33.23	73.17	124.84	125.69	98.48	96.82	89.66	95.26	89.91	72.49	117.98	112.57	101.98	94.02	67.04	84.70	111.07	103.53	139.84
QG37_03254	110.32	101.20	82.27	54.30	112.04	107.74	107.57	111.04	113.84	98.56	90.00	98.87	109.90	95.23	85.38	109.15	144.42	142.95	115.12	108.14	115.46	110.59	133.04	99.97	126.50	136.23	91.58	115.83	77.88	32.92	63.97	143.58	118.70	113.01	98.02	84.85	104.72	105.12	75.40	115.75	130.06	109.32	107.23	74.75	89.64	116.56	91.24	129.94
QG37_03255	118.78	121.19	66.30	69.76	95.93	106.56	93.99	99.43	123.44	90.07	89.96	85.80	102.18	101.04	103.60	104.44	131.68	149.75	138.13	107.75	110.23	112.74	120.35	113.98	114.48	131.77	88.22	118.95	101.67	28.99	64.51	122.53	119.46	111.63	104.15	84.20	96.99	112.03	81.70	116.20	133.75	113.00	91.54	79.96	107.19	118.74	92.12	137.02
QG37_03256	128.33	136.14	62.32	84.05	107.06	92.42	103.27	102.84	114.38	96.25	76.46	84.34	92.94	109.47	85.90	90.18	136.17	166.00	145.64	110.28	112.15	117.14	139.10	103.35	116.74	135.97	108.36	136.97	101.70	30.71	71.28	114.18	125.21	115.97	99.33	91.19	102.63	108.78	91.23	116.42	138.04	119.97	84.71	72.61	92.94	108.59	101.03	131.12
QG37_08415	130.97	133.65	70.54	75.82	105.53	110.88	124.16	86.68	107.49	105.20	96.36	90.22	89.95	99.04	99.59	111.41	128.26	175.00	137.07	110.12	106.30	123.38	133.88	86.49	131.69	142.55	105.30	133.14	103.05	29.57	65.15	129.32	109.85	117.16	109.85	96.82	83.22	128.54	109.09	129.95	125.55	132.05	118.99	73.07	86.26	101.96	101.46	107.26
QG37_03257	93.88	100.97	55.31	46.58	91.63	80.38	88.04	70.32	105.57	79.47	73.00	81.49	76.84	75.71	87.79	95.28	101.74	124.81	109.96	85.77	91.42	97.63	87.24	80.16	88.82	105.72	72.53	101.31	82.17	15.18	51.64	97.84	100.34	96.67	85.14	71.27	66.74	83.43	78.61	102.79	96.93	113.05	79.59	54.39	81.58	73.23	73.35	90.43
QG37_03258	113.74	125.99	65.33	80.41	106.96	122.81	109.37	116.20	121.92	105.22	89.31	97.33	99.99	122.28	114.37	121.39	148.36	169.59	153.13	118.05	122.59	111.92	149.59	109.01	125.20	155.04	99.47	126.37	100.09	31.59	83.91	133.85	133.33	116.78	121.49	96.38	117.47	111.08	95.16	125.96	152.07	136.53	103.15	92.54	117.00	122.24	100.84	139.35
QG37_03259	134.26	140.71	91.46	77.80	100.89	110.32	120.64	116.22	119.28	93.71	85.32	107.09	73.98	97.60	107.82	105.86	147.97	141.50	159.18	124.53	120.35	128.86	109.95	97.20	140.74	131.77	106.85	133.78	123.59	26.09	78.46	137.59	119.61	123.88	104.28	97.14	112.84	114.51	95.79	133.71	142.22	152.64	93.26	82.87	135.06	129.53	90.28	141.13
QG37_03260	105.65	122.70	64.14	66.49	113.56	100.75	105.12	103.45	118.30	102.26	92.28	89.56	101.06	96.73	104.78	122.20	137.09	154.14	128.55	106.62	125.41	117.77	133.82	101.22	110.64	133.65	87.23	106.51	91.82	29.00	64.16	118.86	129.73	116.56	105.18	97.20	101.17	112.20	90.79	119.41	137.29	126.58	90.91	89.67	110.69	108.56	92.92	133.28
QG37_03261	113.19	140.05	79.32	84.02	124.88	114.56	106.33	118.12	127.91	126.73	109.89	85.94	100.37	128.10	119.01	118.44	164.55	167.35	123.96	103.82	129.16	138.94	153.01	120.39	119.29	148.96	111.00	144.51	100.06	37.89	67.63	142.92	137.71	143.84	125.28	108.45	96.07	126.19	95.23	125.44	151.98	144.23	111.56	113.32	145.78	140.83	121.19	144.97
QG37_03262	93.84	91.27	46.65	62.51	92.53	92.47	85.81	80.70	101.73	91.06	77.53	74.39	75.90	83.94	88.07	97.78	115.04	128.69	112.42	85.76	96.99	94.38	104.60	84.27	97.48	110.42	75.86	98.29	75.35	24.57	58.72	95.24	102.73	92.88	77.08	71.90	87.58	90.46	71.72	96.73	111.09	100.36	82.97	73.04	86.76	92.16	81.17	113.73
QG37_03263	112.54	117.99	68.08	78.47	107.08	109.35	95.33	117.48	105.54	101.31	85.29	83.24	90.52	104.48	103.10	116.36	127.79	151.60	124.40	113.05	127.90	110.48	131.32	104.05	126.22	143.11	98.81	120.80	92.45	29.81	69.33	116.14	140.90	113.52	98.78	91.25	110.10	106.53	98.45	126.45	115.35	119.05	91.93	83.61	100.16	98.92	84.95	123.74
QG37_03264	108.94	111.38	67.44	75.53	103.99	108.81	88.94	101.01	117.82	81.97	80.60	92.15	85.34	90.77	93.54	95.20	117.82	145.52	126.17	105.86	111.07	113.95	112.95	107.26	125.80	115.09	93.77	107.25	88.72	22.20	61.53	116.74	123.43	99.34	110.48	90.42	104.20	113.51	91.55	110.79	103.23	120.87	77.47	82.19	92.35	105.98	96.86	138.36
QG37_03265	106.56	102.43	54.02	62.12	88.97	89.20	98.34	103.26	108.32	88.87	76.01	79.45	83.86	84.48	83.59	96.61	117.39	134.24	116.13	91.52	100.90	103.25	117.16	90.79	98.08	121.67	82.09	104.04	82.86	19.77	58.71	97.99	113.78	102.98	98.48	82.94	91.06	91.91	77.03	103.07	119.80	107.44	78.61	83.44	98.94	95.01	86.94	124.50
QG37_03266	91.40	113.61	68.18	69.41	113.06	93.09	101.13	96.42	108.42	100.56	73.09	78.94	89.41	94.13	82.14	109.76	113.24	139.15	103.75	96.39	110.83	100.05	119.02	94.89	101.85	124.04	78.88	103.27	109.10	21.07	73.53	106.29	101.29	96.53	90.68	87.09	88.41	112.04	67.72	104.34	113.37	116.37	88.98	39.04	64.85	48.67	68.78	61.22
QG37_03267	124.36	116.08	58.73	72.13	99.62	89.42	102.83	108.16	118.00	104.00	87.14	103.95	95.86	103.74	111.26	112.41	131.04	148.79	128.23	122.41	103.57	124.23	125.53	103.04	124.90	153.42	110.19	115.33	104.82	34.05	68.39	116.98	120.13	108.52	96.30	109.94	113.95	112.70	94.13	112.13	116.73	104.13	81.53	85.40	113.90	112.63	102.91	162.34
QG37_03268	115.06	111.08	64.26	71.58	93.88	98.33	102.52	98.14	114.48	99.84	86.08	82.34	87.22	101.82	102.71	106.85	131.22	124.15	114.00	87.38	96.80	106.08	116.10	87.93	108.57	128.85	86.84	110.52	97.57	22.63	67.98	110.53	131.25	113.41	108.59	95.42	87.66	106.18	90.17	111.21	126.14	117.69	86.14	78.83	99.88	98.97	95.58	135.75
QG37_03269	143.85	107.67	65.32	66.54	118.49	106.51	115.63	111.84	123.66	104.51	87.53	84.01	84.41	93.56	98.56	107.89	132.72	139.81	134.07	123.05	101.97	109.21	144.84	102.34	123.63	148.24	94.29	139.56	102.62	27.89	69.15	123.53	127.81	113.77	104.94	98.25	92.22	109.75	82.97	111.09	147.11	122.62	81.47	96.70	96.17	92.03	100.46	150.57
QG37_03270	132.64	141.13	68.35	88.47	119.58	138.58	129.80	125.84	149.96	119.47	88.42	96.27	127.23	123.72	110.88	110.79	149.88	136.13	176.27	133.37	126.13	125.67	127.49	136.32	139.64	165.74	106.48	150.20	91.57	33.42	83.81	121.00	142.75	123.24	117.65	101.92	100.39	101.12	96.35	122.75	150.87	139.97	109.35	107.84	124.31	116.47	114.71	155.51
QG37_03271	115.79	147.33	64.20	79.44	128.16	117.76	128.39	131.41	128.55	111.86	98.23	99.94	90.99	110.83	99.50	116.56	147.61	147.06	137.48	117.79	121.44	133.94	120.84	109.17	124.90	146.08	96.48	126.47	128.15	25.50	88.58	122.55	151.35	114.08	115.49	88.96	106.67	115.63	101.35	129.53	151.95	146.52	100.91	93.07	124.04	129.73	101.14	159.81
QG37_03272	147.26	125.13	68.03	64.08	94.38	96.05	109.58	108.86	116.45	102.66	88.77	96.27	88.99	79.07	98.43	93.75	115.58	117.54	116.31	124.76	108.89	120.64	155.17	97.60	129.32	123.61	98.60	120.87	125.57	34.19	53.61	122.21	135.93	106.58	100.84	75.71	105.24	127.85	82.62	135.30	134.50	110.95	88.43	79.68	109.95	103.69	90.27	157.75
QG37_03273	134.83	129.99	68.58	77.23	116.13	114.04	116.24	108.82	118.76	105.70	98.85	103.88	109.87	112.11	99.20	105.60	162.29	150.18	142.47	122.02	117.65	109.43	135.44	107.49	111.36	136.18	106.56	121.17	91.03	30.24	71.40	124.24	143.45	117.75	107.39	93.11	111.10	111.73	96.97	119.27	143.65	135.27	80.97	86.54	104.22	110.96	109.73	131.97
QG37_03274	148.03	153.40	84.49	70.82	114.24	120.09	114.57	106.11	127.49	113.91	104.67	116.60	120.37	130.63	118.41	104.18	194.26	154.33	150.43	110.03	128.89	115.51	134.97	111.87	143.71	171.59	115.69	152.58	113.62	34.71	84.98	136.06	138.35	115.32	125.55	97.69	118.35	102.97	83.55	124.51	161.45	148.77	89.17	93.15	127.52	119.00	100.41	154.85
QG37_03275	116.12	134.67	74.13	61.67	105.95	100.48	112.43	116.40	127.89	105.47	91.38	101.54	116.89	112.91	124.87	94.63	162.71	156.65	138.08	126.82	121.97	113.52	132.44	107.15	127.47	150.48	106.42	125.65	97.85	30.34	68.03	126.71	143.33	115.00	127.30	94.90	110.40	107.69	93.50	124.31	136.54	130.69	100.96	89.39	119.09	132.50	96.81	166.22
QG37_03276	106.17	124.73	58.21	66.29	111.71	110.93	113.36	110.97	120.12	94.38	95.78	81.07	90.81	90.92	89.83	106.25	140.94	139.35	140.43	100.16	95.08	106.49	120.03	102.25	105.45	145.31	97.50	119.95	98.64	28.77	65.09	110.52	129.65	111.08	99.82	88.71	85.97	105.33	81.94	116.61	120.97	127.28	94.06	91.60	118.82	112.06	98.43	128.53
QG37_03277	143.34	145.41	74.87	67.02	118.14	121.47	110.77	119.22	123.16	108.91	93.20	94.21	102.38	105.88	109.43	108.04	144.12	156.53	137.96	127.19	113.43	127.38	129.27	107.55	125.39	147.82	97.69	140.32	115.04	30.12	80.54	126.91	128.65	116.87	112.44	89.18	99.79	119.50	93.58	128.72	149.89	131.08	94.48	100.42	120.18	117.56	98.98	139.79
QG37_03278	145.88	147.93	69.16	72.06	110.91	116.08	107.91	126.04	137.01	122.52	103.13	98.56	110.17	103.29	104.08	123.38	155.79	158.97	147.04	137.42	124.37	135.43	148.60	124.92	137.37	152.38	106.70	150.36	109.11	30.36	79.30	136.66	146.18	120.98	113.24	97.29	107.02	120.86	102.25	136.17	158.34	135.93	115.13	98.74	124.56	109.33	97.53	157.30
QG37_03279	140.47	140.62	79.44	84.53	128.12	125.21	130.23	127.70	138.42	118.64	94.60	110.91	104.60	105.51	104.43	123.15	164.60	156.62	155.74	128.19	130.34	138.56	143.12	109.19	147.47	158.52	108.15	137.72	114.16	35.89	76.21	123.94	150.58	128.68	102.91	90.46	114.09	119.48	97.81	129.67	151.43	138.13	102.75	95.70	120.50	121.85	107.77	152.17
QG37_03280	144.28	154.44	79.27	81.92	141.70	126.93	124.23	136.04	152.49	132.83	112.25	106.38	115.98	112.27	118.14	119.59	159.62	170.46	151.25	131.41	132.98	134.86	146.61	120.12	134.69	162.01	122.25	153.82	118.63	33.46	73.36	138.80	160.34	139.29	119.94	107.51	120.68	132.74	101.45	137.48	158.50	144.61	108.16	98.95	124.65	122.60	94.24	154.57
QG37_03281	112.91	125.24	68.41	80.83	108.49	116.59	108.76	120.87	138.65	128.41	89.65	90.03	102.75	116.37	108.52	125.19	130.52	140.23	138.02	107.13	119.24	113.43	126.01	97.76	135.63	154.22	109.17	126.18	99.79	26.54	75.56	109.14	134.62	119.83	112.46	100.51	102.91	98.35	90.70	109.52	138.58	114.82	93.31	83.70	116.99	105.98	98.20	133.25
QG37_03282	111.15	118.48	58.95	61.99	97.99	109.12	110.42	107.05	129.25	92.41	78.92	91.45	85.06	88.42	96.83	95.85	120.93	118.38	121.11	95.58	100.09	100.68	113.44	87.81	113.28	122.91	81.80	109.91	93.48	25.47	62.39	101.87	120.03	113.70	103.21	79.54	103.42	97.12	81.83	112.17	117.41	118.00	88.62	82.55	96.04	100.62	93.64	138.15
QG37_03283	102.49	105.32	84.35	67.82	109.51	100.33	102.17	126.25	121.24	128.23	76.14	99.04	90.61	97.12	113.38	107.96	136.30	162.64	129.03	122.96	102.86	120.68	128.61	91.06	140.97	157.61	109.38	127.83	93.33	39.33	70.95	117.93	132.42	111.33	110.46	88.28	86.23	93.27	98.29	113.47	131.75	116.99	94.83	102.37	110.21	107.86	107.05	132.36
QG37_03284	110.84	117.16	66.32	70.74	107.55	100.52	109.72	106.84	118.86	102.55	85.26	89.71	90.04	98.38	101.98	106.25	127.12	133.56	124.58	109.43	108.86	118.92	121.33	100.03	119.55	136.94	94.37	120.29	99.69	30.58	68.04	121.50	125.58	110.67	105.99	91.31	102.69	110.47	86.28	119.65	135.20	117.58	85.95	83.60	111.82	112.31	94.13	130.71
QG37_03285	109.16	113.12	61.43	66.51	119.98	110.86	99.06	101.87	121.63	97.69	87.62	85.61	88.55	83.46	68.79	109.55	138.71	145.97	101.49	97.90	112.68	114.80	128.40	93.44	107.72	102.58	93.36	122.42	94.01	35.68	67.84	99.89	110.85	96.47	90.87	85.57	82.53	91.37	78.97	113.50	128.60	122.50	109.33	63.47	102.86	109.86	91.30	138.71
QG37_03286	104.15	107.75	56.83	52.05	85.50	90.30	98.97	102.77	100.43	63.69	69.25	75.82	72.77	68.17	80.79	87.89	130.23	109.34	125.81	88.91	109.78	102.47	107.65	77.94	101.10	108.30	87.06	107.08	84.27	27.98	60.00	83.58	117.40	90.65	81.51	81.77	86.66	87.17	72.35	90.03	111.55	82.63	84.53	80.73	102.71	92.57	80.65	112.19
QG37_03287	105.68	125.05	63.80	65.97	92.14	104.87	95.36	109.75	118.16	102.60	81.56	88.05	91.69	96.72	93.14	99.18	135.40	141.19	113.65	101.53	108.51	114.41	115.99	99.52	115.33	136.69	91.14	110.20	92.38	26.61	66.33	102.44	127.51	109.80	111.01	96.05	91.77	103.54	81.98	112.97	127.15	130.03	94.61	93.14	107.36	114.11	86.26	134.21
QG37_03288	127.08	133.89	77.28	77.82	121.68	115.02	116.73	123.55	142.88	112.73	94.77	104.62	119.43	112.63	114.56	116.49	149.46	154.88	158.18	112.30	116.27	119.76	147.02	98.82	123.51	135.25	106.38	133.39	108.73	31.02	83.54	116.34	130.22	125.83	111.98	102.50	99.17	125.99	98.52	144.33	143.75	137.63	98.54	102.15	111.48	118.60	85.07	133.23
QG37_03289	129.44	132.57	69.10	76.00	101.50	103.84	114.38	124.50	117.28	97.77	81.88	102.12	104.48	111.09	100.16	117.33	140.07	142.76	117.99	120.43	111.99	137.28	142.50	98.69	122.50	148.26	104.68	138.69	104.54	31.76	79.86	132.68	128.79	118.73	108.44	103.15	112.31	119.15	100.80	118.75	120.00	127.01	94.33	96.83	113.80	133.95	101.31	151.35
QG37_03290	119.17	116.41	70.19	67.06	99.57	97.17	106.67	117.09	122.07	114.67	90.86	94.58	111.45	92.01	104.22	98.35	140.79	152.46	124.36	115.54	113.30	132.06	130.76	94.28	119.12	148.04	107.31	134.03	105.24	23.38	66.37	146.59	127.87	117.63	96.17	94.24	108.69	113.19	95.60	108.65	140.25	106.61	96.30	90.96	109.50	106.50	89.80	138.19
QG37_03291	121.73	120.42	68.12	72.98	128.43	112.23	99.38	123.35	122.55	117.47	107.12	105.37	99.34	101.00	113.44	121.27	138.70	152.68	123.57	117.99	127.08	140.76	128.88	117.61	148.23	150.53	109.20	138.05	114.23	23.36	81.29	135.54	130.40	125.11	115.84	102.52	112.74	116.92	102.44	126.60	130.54	143.85	100.68	102.55	135.42	118.05	118.77	169.09
QG37_03292	119.43	162.12	73.26	88.03	131.16	126.16	125.54	116.68	135.42	91.96	115.25	108.71	122.65	93.94	93.19	117.48	147.02	163.75	143.06	130.22	131.08	138.78	131.93	109.21	157.34	154.77	111.92	151.08	99.44	26.22	98.77	127.42	143.02	132.98	119.48	86.54	115.08	133.29	95.90	115.69	117.63	134.85	101.85	88.58	121.39	128.11	106.51	156.57
QG37_03294	133.36	130.93	76.20	74.30	124.80	112.11	116.58	120.66	120.23	117.66	96.69	104.67	112.35	109.68	101.57	128.96	141.78	156.56	143.22	111.64	116.99	112.53	135.98	99.62	126.92	160.14	108.37	138.20	112.69	30.04	73.73	124.48	145.44	132.93	117.14	91.61	114.52	117.35	93.33	127.03	147.24	133.69	105.21	96.45	125.32	130.54	101.58	152.77
QG37_03295	156.98	143.65	91.50	96.22	140.30	143.60	133.39	145.28	155.22	125.83	103.74	125.27	126.36	137.28	114.98	142.23	163.82	176.18	145.94	141.21	122.75	131.92	151.70	119.72	135.81	156.94	120.36	149.69	137.80	37.21	77.80	139.72	156.53	147.27	132.97	97.69	133.25	139.81	113.67	137.85	160.53	150.72	133.20	107.57	136.08	119.75	114.48	188.35
QG37_03296	115.96	124.98	83.33	86.91	135.66	108.88	116.57	105.88	130.78	103.58	98.34	100.44	107.75	112.46	102.54	118.27	118.46	176.63	146.96	117.65	100.61	123.97	123.17	104.55	130.74	144.07	112.96	151.70	101.10	37.11	63.80	134.82	144.90	144.94	110.46	107.08	106.20	103.88	100.94	133.96	131.10	143.02	99.41	93.04	116.41	100.46	106.83	154.48
QG37_03297	127.88	137.57	83.32	77.82	124.32	127.79	119.34	120.98	140.43	129.37	100.47	107.82	115.68	109.54	113.77	122.61	158.82	158.16	146.81	119.67	133.81	129.33	143.36	119.82	134.81	154.78	111.02	139.21	115.80	33.53	79.13	126.40	142.26	134.96	112.74	101.81	118.62	117.86	95.94	135.36	145.15	142.82	100.41	97.58	125.89	122.61	113.27	158.51
QG37_03298	123.70	131.36	70.86	67.01	129.34	115.46	102.73	118.69	138.14	120.25	90.24	107.00	98.42	114.02	113.50	115.82	150.10	173.16	145.05	130.95	122.19	136.51	150.47	126.64	127.70	150.16	101.84	112.47	104.54	27.14	67.33	114.58	148.69	123.26	111.45	105.56	104.10	118.67	106.39	136.64	145.91	134.36	93.63	88.01	116.84	127.39	106.05	166.52
QG37_03299	133.27	135.16	80.70	70.14	132.71	129.84	115.35	126.90	143.80	125.30	109.86	105.36	117.56	110.69	115.39	124.16	145.28	156.82	143.87	128.27	137.05	135.63	145.48	107.46	141.14	157.17	113.55	148.72	123.13	40.75	81.11	129.61	146.01	138.88	115.86	112.73	128.67	111.60	98.86	134.64	146.54	122.58	96.11	94.98	125.35	122.00	94.45	144.71
QG37_03300	120.24	129.89	80.26	82.97	105.37	121.91	132.15	97.80	133.16	108.47	88.58	97.60	103.94	111.90	111.85	117.59	151.88	157.73	139.52	123.00	130.45	157.46	139.10	120.28	144.28	143.62	105.17	125.61	109.70	36.06	82.17	133.14	158.10	127.33	134.03	91.05	123.51	117.56	89.52	131.73	127.07	138.54	105.27	99.90	120.84	132.77	98.98	165.35
QG37_03301	127.20	129.81	72.78	86.55	122.36	101.19	111.61	119.48	123.87	110.27	93.54	106.26	101.00	110.74	101.77	118.88	141.64	155.56	146.66	125.80	124.12	126.33	128.19	109.02	132.91	155.60	105.09	124.40	119.66	33.10	76.07	130.12	141.81	116.13	122.15	96.18	107.60	120.92	85.89	111.92	142.29	137.63	98.41	77.89	115.68	116.61	106.73	136.78
QG37_03302	132.93	134.02	68.54	93.57	111.34	114.24	113.24	118.87	128.24	119.85	93.65	103.56	98.95	110.28	111.90	123.49	153.14	157.52	140.10	118.50	117.36	129.82	138.58	107.52	131.96	150.36	104.82	132.34	112.57	32.60	72.35	128.45	133.89	117.02	119.66	90.31	115.69	114.41	93.42	109.81	149.33	124.10	93.58	83.53	110.91	111.10	103.74	135.80
QG37_03303	103.49	115.03	69.07	73.77	97.70	101.42	103.76	108.06	104.31	100.47	78.74	89.83	95.11	93.34	103.95	95.52	113.96	138.27	124.70	110.79	98.28	101.09	130.07	91.07	102.44	128.79	92.57	109.19	93.52	34.75	69.38	109.27	111.41	104.83	88.98	79.51	103.62	109.29	85.32	109.23	133.32	117.01	87.20	91.86	105.42	114.03	93.91	115.52
QG37_03304	151.09	143.52	79.82	75.69	129.75	136.06	110.82	140.15	134.52	120.47	117.49	102.31	107.84	128.85	124.19	121.32	168.80	160.72	140.28	124.47	134.96	145.39	143.60	117.16	140.93	172.52	108.03	152.24	121.63	29.59	77.16	147.19	141.01	145.58	123.61	91.87	129.21	111.90	114.13	146.53	141.55	135.71	104.09	94.31	136.41	146.80	117.12	152.44
QG37_03305	128.39	128.97	71.37	71.73	102.25	101.90	107.06	111.37	119.96	105.51	93.22	98.34	101.04	98.94	104.08	112.45	129.90	137.45	127.37	112.09	111.31	125.13	132.61	110.08	120.26	135.81	100.68	124.05	105.16	25.54	72.70	121.54	130.02	111.71	97.89	82.65	104.89	111.29	83.95	113.47	133.79	124.10	96.53	91.58	107.71	111.91	103.71	134.70
QG37_03306	151.87	143.82	88.13	77.06	106.23	115.76	112.55	113.41	121.69	104.26	91.20	99.21	103.14	103.83	101.72	113.54	147.07	164.88	152.74	128.67	125.32	146.14	125.52	103.85	122.02	139.94	110.83	124.30	116.65	39.41	73.35	138.27	142.24	122.81	110.38	89.44	119.00	117.85	101.10	138.72	148.69	140.94	113.78	95.58	127.40	123.32	115.63	155.22
QG37_03307	134.23	133.17	75.03	71.83	115.73	116.10	109.02	118.76	135.15	112.83	88.61	100.09	104.17	114.34	107.78	105.93	139.43	164.37	133.22	116.03	125.20	126.68	126.82	104.74	122.02	143.22	106.38	129.57	110.12	30.88	73.78	125.13	142.48	116.64	111.45	88.05	107.63	116.67	93.66	122.52	140.92	128.31	94.96	87.35	109.93	111.42	101.50	145.44
QG37_03308	129.48	97.65	66.57	63.70	93.44	101.32	93.06	118.94	103.58	84.04	68.78	76.58	98.87	94.84	99.57	89.17	118.27	125.98	118.63	100.92	104.99	88.91	99.43	77.60	108.15	128.39	94.92	105.68	90.42	33.08	62.75	104.29	110.41	101.46	104.48	86.22	91.84	88.04	61.79	96.83	100.43	107.11	63.31	62.66	83.24	86.67	94.12	120.33
QG37_03309	126.93	136.08	78.28	68.36	113.67	118.62	104.21	123.07	124.13	110.25	82.42	95.96	96.80	108.55	95.14	118.14	144.42	169.74	145.46	124.29	126.60	121.37	126.59	98.89	126.02	160.65	104.67	129.05	108.44	28.61	76.67	133.57	135.59	134.66	112.99	100.46	106.79	105.77	87.78	131.67	152.43	123.10	106.54	91.67	116.29	111.56	102.20	145.10
QG37_03310	124.89	137.91	72.17	80.87	109.22	106.94	100.34	107.49	128.36	106.56	86.65	98.53	103.09	105.52	103.42	103.71	143.69	156.80	140.25	111.30	124.84	128.67	124.84	98.26	122.33	162.03	98.40	134.69	109.08	23.91	76.28	122.62	142.74	125.14	117.66	82.57	96.95	106.15	95.62	132.40	141.60	121.83	101.78	88.72	114.40	108.88	110.31	143.27
QG37_03311	130.28	146.55	80.30	78.40	132.69	116.48	133.10	123.19	138.73	125.57	98.13	106.68	123.27	130.21	108.44	118.24	152.90	160.62	157.30	120.90	126.38	135.92	143.92	109.68	139.80	150.65	117.00	140.78	120.95	34.52	72.43	136.53	150.08	126.61	119.99	93.30	118.62	128.67	105.78	147.33	147.04	138.63	105.88	92.32	134.02	125.35	116.08	177.12
QG37_03312	71.58	96.12	37.87	37.51	71.33	51.10	67.42	82.12	73.51	81.89	67.35	61.92	63.60	78.80	58.52	67.06	77.01	82.21	72.99	72.49	58.61	78.97	76.42	75.67	71.73	77.42	68.53	93.19	59.13	30.10	56.95	74.32	60.27	91.22	60.74	51.13	65.70	59.54	55.39	73.46	67.24	70.64	54.59	39.51	53.87	61.88	47.07	73.93
QG37_03313	126.52	128.98	72.53	72.86	108.57	112.63	109.98	106.37	119.76	118.89	91.74	112.20	102.30	104.79	101.18	112.23	142.28	151.84	127.58	119.35	114.17	125.81	132.83	109.52	125.98	145.73	98.68	137.12	110.53	29.06	78.21	118.28	135.27	114.47	107.29	95.43	113.35	123.86	88.44	118.56	141.76	124.06	94.68	84.07	106.25	106.19	98.86	132.13
QG37_03314	164.44	156.79	97.88	83.94	135.56	129.58	114.06	141.47	141.57	111.08	114.31	119.71	125.32	114.95	107.25	118.97	156.36	189.36	172.20	129.73	123.70	123.13	145.50	141.17	139.03	161.35	103.19	140.62	119.61	32.39	80.93	132.57	155.50	111.49	112.63	107.44	133.48	151.46	119.54	146.15	151.10	150.84	141.00	113.30	140.81	124.52	113.10	164.75
QG37_03315	126.49	139.95	85.15	74.48	120.29	124.18	112.40	120.99	154.29	113.94	103.74	108.47	99.06	102.24	107.49	123.14	147.44	149.90	164.02	107.36	123.23	113.59	127.71	122.74	153.21	147.43	102.13	135.29	138.99	26.60	80.04	149.79	147.11	125.52	118.59	92.09	116.28	125.51	108.40	119.85	147.83	124.02	112.10	110.04	121.37	128.87	110.95	155.92
QG37_03316	132.21	129.43	76.07	72.81	111.14	108.85	109.02	123.30	127.10	119.68	95.82	104.93	97.69	109.25	103.02	116.20	143.18	161.82	134.78	123.31	124.17	113.14	133.92	115.15	139.71	159.53	102.78	124.93	111.90	27.76	73.56	125.90	139.50	125.27	105.98	91.57	106.87	119.75	92.05	127.37	135.66	124.19	103.63	90.56	111.09	112.39	96.77	134.33
QG37_03317	137.53	138.14	79.22	75.55	115.33	126.64	111.98	118.27	127.24	116.70	93.92	106.77	101.24	119.98	103.26	124.52	153.41	156.51	136.93	135.14	116.76	134.61	134.60	114.29	136.29	157.03	99.55	122.63	110.95	32.96	71.53	129.74	141.71	134.91	113.22	92.96	98.89	118.35	94.71	128.18	144.88	136.33	99.60	99.81	127.24	122.35	96.49	141.79
QG37_08416	126.86	160.04	69.95	77.78	119.24	119.01	136.88	124.96	130.26	133.16	102.09	102.53	111.82	128.58	105.78	125.57	141.82	162.54	139.92	129.99	129.68	135.30	130.76	125.47	140.97	168.84	110.68	125.05	127.15	30.03	76.31	138.30	142.46	125.78	129.11	95.24	89.59	119.22	88.27	132.80	155.46	150.70	104.08	99.42	135.39	140.81	101.45	146.76
QG37_03319	141.48	172.40	77.55	83.96	131.19	134.58	120.46	134.33	142.12	115.53	97.88	110.89	105.76	131.89	100.16	116.79	165.20	167.13	138.32	130.88	107.83	135.39	146.66	113.92	134.52	148.10	102.91	138.05	126.83	39.82	70.91	136.64	151.82	140.18	118.55	97.80	96.80	121.11	78.51	115.71	145.26	131.61	88.12	93.17	121.32	110.17	107.70	145.74
QG37_03320	131.03	125.47	77.60	70.31	121.33	103.74	103.35	122.50	117.44	105.96	99.90	105.53	86.81	88.00	101.84	109.69	152.06	132.74	137.79	136.59	84.22	110.65	134.24	96.15	126.56	150.87	97.06	161.13	105.90	23.64	71.87	116.92	140.77	132.89	128.46	105.07	127.98	121.11	103.63	120.76	134.59	132.73	89.35	81.08	109.10	115.00	114.82	163.24
QG37_03321	121.77	141.46	76.71	72.24	115.83	114.40	121.10	119.25	132.61	113.73	103.17	100.13	104.92	101.94	101.70	117.72	139.79	151.60	133.53	128.10	112.42	116.96	128.84	108.10	116.63	150.80	87.03	142.76	111.60	23.78	70.36	128.54	139.47	115.91	110.63	97.61	108.10	118.60	90.52	122.10	151.67	121.43	88.64	96.08	112.89	131.67	106.23	147.52
QG37_03322	144.70	157.35	73.66	77.09	136.25	131.95	121.96	129.01	149.08	115.53	107.36	108.82	115.69	110.15	103.68	127.59	156.97	153.37	140.66	136.23	119.86	128.82	147.58	109.72	134.02	168.40	102.41	140.17	125.91	30.22	71.81	139.09	152.89	145.03	120.46	100.47	112.07	124.02	90.36	135.76	146.63	139.40	98.90	89.53	121.59	108.79	102.42	153.51
QG37_03323	146.09	138.45	75.10	87.77	135.50	135.18	124.52	120.43	144.86	141.47	105.89	117.56	113.65	118.39	106.32	104.86	165.76	162.64	158.47	125.75	125.63	133.72	142.77	97.67	154.99	160.25	99.30	171.58	145.71	33.67	84.30	146.31	169.91	132.26	121.87	90.11	123.50	138.82	86.78	140.16	148.89	153.27	83.80	82.57	100.40	110.60	89.38	139.49
QG37_03324	115.18	112.18	52.94	66.08	97.90	113.54	98.30	87.19	124.42	107.15	78.18	88.66	92.08	83.38	84.58	83.09	108.71	115.93	121.54	104.55	78.33	104.24	97.39	85.66	85.73	102.89	72.37	111.59	90.86	37.91	63.79	114.17	132.03	92.87	109.15	70.54	94.42	77.99	71.45	102.87	105.96	117.77	84.87	113.63	111.01	124.85	109.87	151.32
QG37_03325	132.65	125.62	70.51	77.29	127.57	122.28	125.88	126.88	131.54	112.92	101.84	110.17	117.50	106.40	110.07	116.77	155.26	163.89	145.87	120.55	123.78	127.70	127.39	95.55	122.74	142.74	100.24	141.74	111.69	31.25	69.84	123.69	146.49	124.26	127.55	100.22	112.32	116.42	99.44	126.33	157.72	126.88	93.95	95.98	127.51	116.11	104.62	140.73
QG37_03326	150.64	112.57	68.26	65.84	114.04	100.37	124.51	102.64	112.71	117.81	87.62	91.25	90.39	105.60	94.49	97.80	114.23	126.64	119.37	117.28	99.45	108.63	117.15	102.74	116.04	120.57	84.60	122.06	112.19	29.51	67.42	113.40	126.73	121.87	101.69	82.43	91.21	102.33	86.92	110.37	116.26	110.07	81.09	88.11	111.37	120.86	104.13	150.72
QG37_03327	208.00	150.68	78.75	82.49	135.13	151.48	143.21	134.67	151.84	154.37	129.16	117.27	120.21	115.48	111.85	111.11	173.17	167.04	154.82	140.34	148.15	143.80	142.29	115.18	152.92	157.54	116.36	174.05	110.40	36.03	95.27	154.45	168.49	147.31	130.01	113.40	126.21	124.28	110.73	142.10	151.03	151.69	96.45	108.77	134.16	133.58	93.76	146.01
QG37_03328	159.69	159.86	96.31	87.38	139.25	145.98	141.10	141.58	151.50	143.89	118.78	122.28	138.61	122.81	115.00	128.21	171.87	177.09	158.68	152.36	139.16	144.03	149.84	121.09	143.25	184.13	118.50	159.78	139.24	35.22	82.91	148.75	154.89	138.39	129.90	106.29	126.63	126.90	107.40	139.06	163.57	147.82	104.87	103.30	131.14	122.87	113.18	152.08
QG37_03329	159.90	163.85	91.49	86.46	130.62	129.51	130.54	138.99	170.58	139.99	119.77	125.31	120.48	123.40	116.20	136.45	167.11	170.76	157.47	147.12	136.89	138.52	151.50	114.11	131.02	179.07	108.99	160.29	120.82	32.52	86.56	139.66	157.21	118.03	131.64	103.58	105.90	119.78	103.16	121.29	147.58	133.07	108.64	94.96	138.26	128.72	107.22	161.62
QG37_03330	154.65	146.80	78.18	64.94	136.88	127.06	129.95	149.75	135.48	116.83	117.30	117.55	125.68	110.31	108.26	112.74	155.23	172.56	140.64	120.89	131.68	138.49	156.04	102.21	130.70	149.30	113.66	135.56	111.84	31.29	71.60	118.63	128.55	141.95	116.08	88.20	119.17	122.65	106.88	124.30	143.03	126.67	93.11	84.33	101.47	112.90	101.64	159.65
QG37_03331	151.08	150.51	78.43	91.94	125.28	130.87	124.34	121.36	147.80	123.34	109.42	107.76	119.45	103.64	100.75	110.78	136.47	169.45	113.42	142.40	129.08	119.97	140.69	101.12	145.88	135.35	113.39	137.31	106.16	29.89	76.30	143.53	144.63	123.47	123.47	95.29	120.15	122.69	97.22	120.82	163.02	131.72	82.80	98.10	114.19	101.18	102.42	147.10
QG37_03332	80.86	84.78	48.35	52.20	74.37	68.73	74.10	70.58	79.22	84.02	58.26	53.57	80.75	67.69	73.40	81.44	89.34	95.77	79.75	80.66	76.46	81.00	87.44	75.75	80.05	98.99	62.75	90.50	66.43	27.61	43.43	79.25	46.76	60.56	63.84	70.18	66.61	64.12	50.04	87.43	87.27	77.03	59.06	62.17	87.17	73.50	73.51	106.93
QG37_03333	145.22	142.74	87.73	82.45	121.12	129.06	139.06	116.42	129.40	120.40	106.74	113.97	113.13	116.21	111.21	103.34	157.30	158.76	139.50	129.04	135.93	127.26	127.64	116.39	127.33	159.08	104.73	148.66	135.98	36.17	73.03	127.58	144.67	127.25	103.36	91.58	104.60	105.56	91.71	122.83	158.33	134.54	88.35	90.91	118.63	106.37	96.07	153.45
QG37_03334	145.90	165.12	74.99	66.51	122.67	123.23	104.29	110.24	129.80	105.02	96.50	111.94	116.42	96.09	96.47	104.81	154.29	142.27	144.44	113.24	111.58	108.45	117.60	90.56	123.60	157.10	109.37	127.13	112.19	30.92	88.02	135.85	147.95	110.78	108.50	88.08	114.25	94.31	104.16	109.61	140.56	132.62	88.95	79.20	90.42	83.88	66.96	117.10
QG37_03335	152.11	157.50	90.28	80.93	124.71	136.65	126.60	129.64	138.57	131.43	105.94	109.45	121.06	110.39	110.10	126.70	153.22	168.56	145.60	136.59	129.58	143.42	148.88	114.52	141.66	175.49	107.48	151.96	123.94	31.54	82.09	141.11	149.50	141.82	126.41	110.85	123.15	125.95	102.08	131.61	163.78	143.56	107.12	100.52	112.35	114.98	101.51	150.76
QG37_03336	150.43	131.27	70.04	75.47	122.87	100.86	116.68	114.91	112.09	122.12	102.02	98.80	95.48	105.28	92.04	115.52	146.44	159.88	116.19	136.58	119.14	119.98	128.76	109.63	119.00	147.61	111.29	145.30	113.89	33.49	66.23	102.09	138.32	129.34	104.59	109.64	75.29	91.73	92.92	131.93	137.09	125.91	95.04	91.17	96.89	92.29	87.01	140.40
QG37_03337	165.83	136.14	84.47	70.70	123.91	108.71	101.00	101.07	125.33	114.59	97.66	97.29	96.56	119.34	85.78	127.75	145.21	154.85	134.60	125.94	112.63	121.34	111.85	115.31	136.87	165.84	112.35	144.48	120.50	31.42	71.75	125.59	141.76	117.95	97.78	105.24	100.01	92.57	94.58	112.25	132.43	137.73	102.06	88.15	108.92	98.48	94.83	142.23
QG37_03338	157.62	175.85	89.09	82.46	141.20	134.93	127.32	147.26	136.96	146.78	99.82	111.61	137.94	112.92	112.35	127.85	177.75	162.69	172.13	146.52	140.90	130.05	151.64	128.31	162.56	181.27	129.66	148.48	138.78	39.88	83.13	151.62	178.88	147.93	121.93	107.19	128.84	115.44	88.83	132.93	165.41	154.52	112.54	110.61	123.06	137.07	120.53	174.08
QG37_03339	161.90	162.69	83.40	78.21	133.78	137.66	131.57	124.87	151.43	135.06	111.57	121.36	122.87	122.37	109.32	123.28	159.45	162.87	147.25	145.67	136.03	135.18	135.97	128.45	143.76	182.51	120.31	165.11	133.03	32.10	81.04	136.25	158.76	133.74	116.14	105.65	121.12	132.44	97.81	125.30	154.15	137.10	105.79	96.35	132.27	119.57	104.53	148.25
QG37_03340	165.68	150.91	71.55	88.23	142.39	137.02	140.17	136.66	147.18	124.92	109.93	125.90	131.70	109.17	111.69	131.41	152.23	170.22	144.48	156.55	119.43	128.67	126.64	110.53	143.92	165.02	109.61	155.61	119.68	38.79	75.40	144.96	141.00	136.85	115.87	93.98	105.96	116.89	97.82	130.82	155.75	148.37	112.39	103.76	114.79	138.30	97.39	145.86
QG37_03341	138.30	147.02	102.54	87.80	143.16	146.83	136.57	132.55	155.00	149.23	107.61	119.21	127.18	133.75	119.74	138.08	173.54	195.82	175.92	150.94	131.10	127.06	149.01	129.45	144.98	175.86	134.95	136.95	123.66	37.09	80.89	155.89	149.01	152.37	143.74	112.77	124.91	143.78	103.78	147.16	165.31	140.44	106.83	83.23	143.67	116.77	121.65	140.80
QG37_03342	150.36	156.89	85.06	85.01	137.63	122.87	137.14	124.67	144.22	137.25	108.85	109.75	116.09	119.47	108.69	122.93	154.28	157.68	153.59	138.91	128.63	132.60	144.60	115.40	138.70	169.35	115.16	147.25	127.78	43.37	74.72	135.42	154.63	137.93	129.94	99.64	119.50	122.12	102.81	136.38	159.70	143.33	108.35	95.92	132.91	131.87	111.60	149.15
QG37_03343	149.39	134.32	69.14	72.37	120.58	124.14	116.75	103.86	112.49	115.57	87.70	98.38	112.02	104.77	73.05	98.06	118.74	142.49	115.83	96.83	101.02	103.89	122.20	95.94	111.33	120.65	96.38	115.02	91.35	33.25	67.15	104.05	120.04	115.76	99.56	93.76	117.65	105.37	88.29	128.68	128.31	132.35	89.71	78.65	118.98	121.00	110.89	134.90
QG37_03344	117.39	117.31	67.11	67.07	97.28	109.01	109.31	105.80	123.73	107.56	91.41	88.88	104.91	102.01	95.70	102.89	132.44	127.94	115.97	114.30	99.50	106.71	122.51	92.02	112.50	127.49	88.49	129.49	104.63	26.18	62.18	120.03	127.40	108.18	105.99	98.13	100.68	107.49	90.78	111.50	131.72	123.39	88.55	73.67	109.64	112.51	97.32	131.29
QG37_03345	154.62	145.77	84.35	77.90	138.36	139.22	129.13	123.37	137.44	140.53	95.72	117.05	117.75	120.87	114.48	124.67	143.86	155.93	154.13	134.74	136.58	142.41	132.35	105.18	144.59	157.14	121.31	153.26	127.74	37.38	79.48	129.69	145.42	123.13	118.77	92.91	116.45	125.90	92.12	117.86	157.81	152.30	107.19	93.54	114.26	126.21	113.62	149.74
QG37_03346	136.78	140.60	71.41	78.56	124.02	128.74	123.06	126.39	139.10	136.26	97.26	108.92	128.52	106.70	117.46	116.18	163.51	132.14	157.63	132.72	148.57	141.96	144.95	125.04	134.26	157.00	115.97	151.98	129.59	32.71	75.71	139.62	155.27	125.08	112.57	112.43	127.69	121.50	86.50	138.67	134.15	132.65	91.59	89.39	120.10	129.05	87.52	130.34
QG37_03347	141.31	136.78	79.85	85.10	130.62	121.23	130.15	140.15	133.92	128.95	96.02	107.90	116.29	100.24	102.93	119.69	149.06	156.82	144.64	145.22	126.72	130.67	150.31	108.11	139.27	165.76	113.91	147.45	122.21	37.33	76.08	137.78	150.80	128.50	116.02	97.37	115.71	113.17	98.95	132.98	159.12	138.05	103.86	100.88	130.59	119.30	88.61	147.47
QG37_03348	128.18	128.22	94.99	76.15	126.00	126.68	124.11	109.09	141.36	128.31	105.42	101.92	101.28	98.48	101.64	118.57	134.85	149.82	155.34	112.91	115.89	124.14	151.91	109.93	122.44	137.78	100.41	130.16	110.66	31.69	70.03	123.31	148.26	125.80	117.58	87.97	112.10	107.82	94.74	117.15	128.01	134.35	98.33	98.43	110.06	115.91	101.10	138.84
QG37_03349	145.75	183.61	90.85	103.14	153.19	144.81	142.09	143.55	188.61	154.57	124.46	146.55	138.37	139.89	120.60	133.37	188.48	199.23	195.62	174.28	140.73	149.70	149.36	146.44	164.58	187.89	147.93	165.19	140.46	52.32	108.89	166.49	225.99	158.69	147.35	112.10	140.25	170.37	123.99	156.87	141.73	166.87	112.76	136.71	183.15	178.45	167.53	219.05
QG37_03350	157.59	93.94	53.31	54.21	104.56	74.89	78.03	70.68	108.09	82.94	67.06	73.91	71.66	72.94	69.53	79.39	101.69	109.82	104.67	92.59	78.80	91.74	99.79	73.37	96.78	96.70	79.32	100.08	83.21	19.85	45.61	92.92	112.08	90.17	87.20	60.66	92.22	93.36	72.68	109.80	89.03	86.90	64.11	70.39	89.63	85.44	70.64	112.72
QG37_03351	142.36	150.44	89.26	82.00	134.24	131.96	118.45	129.18	140.75	132.16	106.79	121.29	122.59	120.61	115.77	119.00	146.96	158.99	156.12	138.10	122.63	138.16	154.06	115.83	146.88	175.47	116.01	161.79	128.85	37.74	77.72	145.70	153.19	141.42	126.86	104.93	122.65	122.09	99.90	131.55	152.16	147.94	113.38	100.77	133.68	124.91	115.10	163.08
QG37_03352	162.47	140.81	77.48	91.17	131.19	112.28	133.20	120.24	155.26	135.74	92.35	118.96	132.35	135.18	104.12	110.37	145.28	153.44	137.96	109.81	126.47	131.22	138.73	125.44	142.71	188.65	126.34	158.01	127.63	37.18	81.45	143.22	143.93	134.38	119.36	93.03	149.36	108.97	99.77	96.11	159.42	150.18	113.47	90.95	127.81	119.06	116.51	181.93
QG37_03353	131.15	129.08	69.13	72.74	121.15	114.16	113.29	124.74	128.34	122.62	94.93	101.81	107.06	99.86	99.89	115.81	136.43	155.51	133.95	114.53	128.32	127.32	136.50	112.77	125.50	160.71	108.23	140.02	127.98	27.66	70.07	132.27	133.21	130.89	100.08	96.59	103.57	120.03	97.53	127.78	145.21	130.87	98.03	100.51	114.60	117.00	104.90	142.85
QG37_03354	125.04	125.97	79.83	60.45	111.41	122.34	107.59	110.07	137.51	114.97	90.41	96.92	99.72	107.64	109.01	107.90	143.54	160.41	134.23	115.58	124.56	116.33	138.10	110.22	119.88	146.40	108.18	123.63	122.27	36.59	85.45	147.46	141.76	114.65	92.44	82.07	113.55	107.89	94.64	113.80	131.34	125.41	81.66	92.89	126.82	114.20	97.95	150.63
QG37_03355	149.21	153.94	87.91	80.72	129.42	132.60	114.42	133.50	136.99	130.64	109.78	116.43	124.89	120.68	115.16	126.50	152.29	174.43	148.12	130.97	130.22	143.47	145.26	115.94	133.21	168.65	114.46	166.54	124.88	32.55	81.84	136.63	142.19	121.39	115.77	101.23	118.69	116.68	96.67	133.55	162.68	141.70	109.19	96.44	131.37	114.93	116.73	143.33
QG37_03356	141.57	125.55	66.81	68.89	103.70	102.03	98.93	101.31	106.82	114.92	92.05	90.91	105.65	87.39	88.64	111.45	119.25	140.52	106.03	120.22	120.90	111.81	110.36	88.23	115.50	114.73	102.34	118.15	104.54	34.54	59.77	122.99	145.25	122.24	109.09	89.05	99.38	110.75	82.02	100.25	125.04	122.95	78.66	80.95	103.27	79.30	102.61	133.64
QG37_03357	119.22	138.26	74.35	70.12	116.92	117.29	116.69	119.05	126.69	114.85	103.23	103.01	119.41	101.75	102.02	115.35	148.54	160.30	131.63	105.32	104.88	123.90	136.78	113.55	134.17	159.38	96.91	131.66	118.74	32.87	79.59	122.86	132.73	127.26	115.74	99.07	113.81	113.27	93.09	111.30	128.23	132.50	100.27	99.33	116.68	115.57	115.82	157.37
QG37_03358	164.28	141.02	80.96	75.91	121.55	134.04	116.80	112.97	142.27	127.67	111.38	102.40	110.04	103.90	116.63	125.78	172.18	164.51	136.48	149.77	137.27	134.92	133.98	115.61	148.83	157.48	103.12	150.67	126.55	39.10	77.56	144.91	136.04	128.72	99.95	85.55	110.89	137.09	90.03	124.10	154.26	149.71	92.62	90.52	118.42	125.28	96.36	157.38
QG37_03359	165.89	137.32	101.19	85.05	127.70	133.46	137.94	140.63	137.17	145.08	116.06	102.06	126.73	132.50	121.27	146.02	174.54	170.81	149.79	158.19	161.66	145.58	141.54	121.08	184.37	161.43	126.48	160.36	121.49	37.92	72.36	139.46	159.53	129.48	96.83	90.58	113.25	131.04	113.09	110.66	146.56	154.53	102.04	106.48	124.81	111.44	108.69	176.22
QG37_03360	138.13	140.44	80.22	73.17	121.66	122.60	122.50	119.70	137.00	113.46	114.04	106.36	112.18	111.77	113.05	118.40	147.18	163.70	138.43	125.73	119.35	130.15	131.21	112.34	122.58	157.67	106.97	140.71	122.91	30.30	75.31	139.85	148.18	117.96	107.88	99.42	103.84	116.23	98.24	118.03	141.00	128.54	85.24	85.16	107.33	103.58	95.30	148.33
QG37_03361	145.53	141.91	81.40	79.11	137.65	124.13	120.50	123.80	134.36	139.32	100.23	115.59	127.61	121.95	100.25	100.14	143.71	165.60	137.06	144.26	115.24	125.72	137.08	105.27	136.23	162.45	108.79	129.23	129.03	32.63	75.69	147.27	139.71	124.25	130.95	109.82	109.17	134.26	91.28	125.89	133.61	127.12	110.18	93.59	142.55	102.47	121.29	143.67
QG37_03362	112.10	121.36	71.34	66.91	103.38	113.48	102.79	102.88	123.07	105.92	92.70	106.61	105.71	98.88	94.67	88.46	121.07	140.01	118.08	125.96	103.34	105.27	113.88	103.91	103.07	134.30	93.89	106.78	118.43	27.72	63.83	105.93	117.08	114.93	90.91	86.78	89.96	106.80	83.86	106.32	130.14	89.68	73.09	100.04	131.14	120.16	113.36	147.67
QG37_03363	48.56	77.26	41.08	58.40	80.24	86.65	70.13	69.86	92.00	78.86	61.41	84.87	73.45	65.54	65.00	67.04	77.89	98.10	87.25	93.22	72.11	77.49	85.36	66.03	77.39	98.05	82.87	87.55	85.14	23.89	56.11	75.75	88.00	82.48	67.96	66.87	68.48	70.96	58.98	77.10	99.68	83.26	51.22	83.24	128.22	101.94	95.27	135.32
QG37_03364	99.52	133.37	78.22	66.06	96.67	92.25	98.05	99.91	115.75	114.31	87.34	90.31	104.25	96.06	88.75	76.19	118.32	120.57	95.24	111.34	93.36	87.43	114.15	86.36	124.04	121.07	86.93	136.52	102.30	30.19	60.42	114.65	97.87	105.54	87.95	78.34	83.93	98.89	75.50	98.70	128.01	113.84	75.11	56.05	94.83	83.81	84.71	126.14
QG37_03365	151.00	141.37	90.17	86.89	136.27	128.98	124.18	123.03	133.12	139.87	97.85	107.27	124.05	124.19	98.05	107.84	153.15	167.26	137.23	131.35	109.84	115.91	134.46	104.80	129.74	154.64	113.31	159.49	132.31	32.70	75.73	123.53	134.20	117.64	103.20	93.32	103.02	117.09	93.40	129.77	155.82	127.21	95.52	83.90	118.07	117.68	98.43	137.65
QG37_03366	166.41	157.77	84.27	96.61	129.49	138.03	123.97	131.38	138.59	122.33	116.06	114.25	121.58	118.57	116.27	128.36	158.41	172.30	151.81	141.72	130.99	140.50	138.23	120.42	140.78	176.89	118.23	140.37	133.27	28.64	76.74	140.72	148.93	124.53	133.39	98.58	113.96	116.29	107.85	123.97	150.85	132.33	100.73	95.76	121.55	127.00	101.26	144.33
QG37_03367	162.05	156.88	96.29	87.25	135.30	132.81	132.65	140.20	144.84	123.75	122.38	99.00	120.40	116.18	93.21	119.29	163.13	159.82	142.20	141.00	139.78	132.44	144.83	124.50	128.34	177.73	112.76	155.49	114.55	26.98	89.41	132.37	159.53	138.23	117.83	92.83	110.76	122.55	101.02	124.36	182.63	149.77	112.88	85.00	120.03	117.07	95.46	177.44
QG37_03368	145.99	156.49	91.31	97.33	155.81	133.34	134.25	152.51	137.29	127.51	119.09	140.28	140.62	132.36	111.08	143.05	182.11	171.86	132.37	161.31	136.40	144.38	152.75	116.50	149.75	171.37	118.40	172.17	135.17	32.39	69.41	141.36	176.61	134.83	121.66	92.38	118.11	115.64	97.58	132.63	156.18	154.29	107.69	86.20	122.10	106.98	102.71	168.35
QG37_03369	164.27	148.89	88.99	78.12	143.61	128.37	121.33	137.76	142.77	147.71	109.75	133.19	126.38	112.95	110.70	127.75	165.20	172.03	156.52	147.93	133.37	142.15	147.13	113.05	146.50	183.92	113.19	173.37	145.32	35.21	83.56	136.26	154.32	136.00	130.21	108.35	111.38	126.73	104.04	130.83	160.58	136.79	106.22	99.69	126.65	124.27	118.17	160.48
QG37_03370	114.79	114.19	56.21	62.36	88.57	90.23	92.33	87.75	103.94	91.19	69.06	81.07	84.90	75.15	62.98	70.15	106.30	107.05	103.13	85.30	97.10	93.17	86.92	72.57	98.94	102.64	85.86	98.24	84.13	29.81	70.99	102.23	102.80	101.85	95.37	68.94	75.87	76.15	58.00	84.30	105.40	97.71	55.49	71.82	79.55	69.79	86.73	110.60
QG37_03371	156.47	157.22	89.15	88.30	140.22	134.92	135.30	135.98	150.15	137.22	112.20	120.63	128.75	119.89	107.50	115.60	149.46	161.02	152.83	137.56	131.79	135.94	138.62	112.08	139.36	172.57	111.44	152.32	115.28	33.53	74.41	132.84	153.92	140.65	117.37	104.57	117.16	125.15	94.94	129.17	152.25	135.43	102.89	95.67	120.28	124.59	114.05	163.21
QG37_03372	156.08	147.58	81.83	79.13	149.98	121.43	144.28	138.28	163.18	146.01	96.55	133.02	123.90	135.71	116.83	116.03	170.60	153.00	135.94	159.83	113.67	122.79	154.32	113.92	123.23	205.12	116.05	153.92	135.29	35.44	66.13	148.25	131.73	117.35	110.71	110.31	120.83	133.54	105.51	135.62	161.66	147.64	96.78	105.03	131.61	115.46	108.39	152.65
QG37_03373	127.85	146.25	79.11	77.61	129.62	133.71	114.60	120.55	145.88	138.29	103.84	118.56	134.84	118.87	108.04	114.74	134.65	154.13	137.46	116.92	114.61	126.88	123.62	92.65	118.76	151.26	107.19	131.30	117.48	36.72	74.21	137.10	145.51	114.07	120.05	92.92	111.73	121.11	99.10	108.47	141.71	138.09	115.62	74.02	96.85	76.85	90.46	110.96
QG37_03374	168.06	168.68	86.56	76.46	147.00	126.25	148.78	137.98	141.87	159.85	126.29	122.92	138.89	124.10	88.79	137.74	161.56	171.01	158.96	149.81	139.50	153.92	148.58	118.21	137.57	189.33	127.30	159.53	126.49	34.70	76.38	149.83	177.71	143.11	117.43	103.07	118.68	132.65	98.15	128.09	163.13	149.73	111.49	103.54	122.53	110.53	112.06	160.39
QG37_03375	154.63	155.63	88.77	82.77	139.53	139.80	136.77	144.81	144.02	138.51	120.58	117.34	129.85	121.74	113.02	127.67	167.27	175.70	156.49	148.42	129.96	139.58	145.77	114.42	143.90	181.12	123.48	158.34	130.14	33.57	83.11	147.85	160.25	138.07	122.41	102.79	120.95	124.26	103.69	135.91	168.89	151.37	108.65	106.74	129.92	127.33	110.79	157.70
QG37_03376	158.72	152.92	89.42	80.22	133.92	128.13	133.05	125.12	140.29	130.71	108.89	102.61	117.23	108.58	110.75	122.99	154.00	166.82	148.97	141.18	134.14	130.68	148.92	113.03	134.65	169.55	106.00	153.72	127.65	25.68	78.50	147.86	153.62	131.81	116.75	96.36	116.73	126.00	98.31	126.56	161.03	135.46	100.45	96.00	122.60	123.51	114.01	129.39
QG37_03377	136.98	144.20	81.22	83.63	122.09	122.78	132.93	130.40	138.20	132.98	94.47	109.51	121.01	110.18	111.57	117.72	159.45	171.43	141.50	121.24	121.68	130.04	148.02	104.65	134.22	164.41	106.12	146.34	108.85	27.38	76.66	139.99	142.32	125.96	115.53	100.10	120.44	115.58	91.31	131.99	153.15	127.68	99.51	103.95	117.46	120.50	106.71	134.45
QG37_03378	148.66	142.46	85.87	84.82	126.55	124.93	135.70	123.87	143.56	130.69	109.84	119.99	117.91	104.38	110.26	118.77	157.93	156.99	162.57	138.13	128.30	138.01	140.89	131.00	148.10	166.83	118.60	164.15	127.22	38.12	83.41	128.70	153.68	113.68	116.24	96.91	112.25	121.03	99.34	133.84	150.73	150.01	100.29	94.42	116.55	111.79	97.69	150.43
QG37_03379	134.77	128.61	85.85	71.63	113.75	115.79	112.07	115.60	122.52	112.71	88.77	94.56	102.40	105.66	98.31	111.98	135.88	138.90	132.89	113.93	115.05	124.34	129.20	94.81	123.21	147.08	90.21	133.99	109.36	26.66	73.80	117.56	131.96	118.92	113.53	94.80	104.44	102.76	91.15	114.26	133.83	111.84	93.75	83.16	102.97	115.45	89.55	133.21
QG37_03380	130.17	133.15	69.36	71.47	121.63	122.97	120.35	131.17	149.49	145.38	99.86	95.31	111.35	112.62	107.51	108.85	127.21	143.13	141.35	126.60	142.31	126.85	135.57	106.67	110.19	157.15	129.89	144.04	115.09	31.93	78.38	129.16	151.41	139.73	101.75	83.28	115.74	88.64	96.44	117.96	138.11	120.65	88.49	74.78	115.85	97.55	78.37	143.83
QG37_03381	129.77	130.36	66.05	67.33	122.33	108.68	118.34	111.09	128.29	112.57	97.17	97.85	103.34	107.45	110.70	118.05	148.89	156.52	137.45	119.55	121.17	118.21	119.35	101.59	125.07	153.63	102.38	137.37	122.53	28.04	74.83	129.57	130.97	122.31	107.37	90.84	114.37	115.26	95.72	113.68	145.98	127.52	96.20	89.94	112.05	120.57	105.97	146.58
QG37_03382	139.00	124.96	70.53	62.46	119.85	117.80	109.56	113.24	115.92	123.82	97.96	92.25	108.99	105.46	108.76	111.31	130.93	143.07	124.72	106.12	113.35	130.95	138.31	92.67	117.66	162.14	100.88	145.39	108.75	80.11	116.42	130.24	127.44	106.33	103.50	105.32	91.20	103.05	85.71	113.27	156.01	126.24	101.92	89.04	114.83	114.99	103.56	138.37
QG37_03383	117.20	154.47	73.00	72.31	110.43	127.44	106.89	130.21	138.73	121.72	107.07	101.05	100.03	110.48	106.33	117.34	145.46	139.97	158.80	134.34	130.68	122.79	138.43	101.36	118.93	161.81	96.67	140.18	95.63	29.86	67.68	140.89	137.13	127.21	113.92	90.35	115.53	115.59	83.35	124.45	152.39	144.92	83.54	69.38	95.89	82.47	88.21	118.01
