GENE	CDC_B11096	CDC_B11097	CDC_B11098	CDC_B11099	CDC_B11101	CDC_B11102	CDC_B11103	CDC_B11105	CDC_B11112	CDC_B11113	CDC_B11114	CDC_B11115	CDC_B11116	CDC_B11117	CDC_B11118	CDC_B11119	CDC_B11200	CDC_B11201	CDC_B11205	CDC_B11206	CDC_B11207	CDC_B11208	CDC_B11209	CDC_B11210	CDC_B11212	CDC_B11213	CDC_B11214	CDC_B11215	CDC_B11216	CDC_B11217	CDC_B11218	CDC_B11219	CDC_B11220	CDC_B11221	CDC_B11222	CDC_B11223	CDC_B11224	CDC_B11225	CDC_B11226	CDC_B11227	CDC_B11228	CDC_B11229	CDC_B11230	CDC_B11243	CDC_B11244	CDC_B11245	CDC_B11246	CDC_B11247
QG37_02186	97.78	109.23	61.33	73.67	77.97	106.44	96.78	97.86	119.72	98.06	70.06	73.89	94.49	92.70	85.12	100.49	116.35	130.42	119.68	97.58	100.36	99.62	111.12	89.53	104.09	131.34	103.47	109.78	83.82	22.34	61.84	94.06	114.37	92.04	84.90	89.38	93.23	90.57	78.67	90.67	125.02	106.34	73.43	81.06	99.37	110.32	84.60	128.94
QG37_02187	123.34	116.54	67.73	86.59	114.04	106.66	116.59	108.46	120.51	116.31	91.51	92.49	106.63	106.01	108.48	117.59	158.05	146.28	132.24	119.01	114.97	116.98	126.45	96.74	119.38	139.34	95.65	127.59	123.14	30.72	69.02	127.23	135.81	126.80	105.15	91.69	106.02	112.81	101.80	123.78	137.08	122.05	95.59	96.06	119.68	109.90	100.46	131.96
QG37_02188	144.27	121.88	74.83	74.09	112.16	117.24	100.93	115.81	125.90	117.31	98.95	93.30	107.52	112.28	95.12	120.52	142.39	157.47	135.91	120.35	111.34	113.85	134.64	100.43	119.01	138.18	96.24	139.40	107.96	30.12	69.78	127.34	144.12	118.37	111.11	82.40	103.22	107.11	90.87	126.22	129.79	132.60	88.32	90.13	103.03	109.55	95.39	139.34
QG37_02189	154.58	146.54	84.25	79.83	137.99	138.07	132.35	131.98	144.49	135.43	106.18	118.54	116.28	117.98	108.17	110.30	165.15	171.61	155.73	143.71	133.37	129.97	147.60	109.18	135.13	169.99	114.64	154.62	133.31	32.81	83.60	149.21	158.91	139.28	116.07	102.48	115.84	120.26	104.49	140.82	163.49	152.21	108.02	95.74	129.26	128.94	115.63	143.91
QG37_02190	163.05	136.86	80.06	74.73	121.53	124.60	118.06	141.59	117.40	126.08	101.21	107.77	99.50	122.50	96.05	125.53	147.80	153.98	106.17	131.73	108.80	131.21	147.83	104.67	114.75	158.26	102.27	133.93	124.86	37.26	82.67	133.85	141.09	134.03	116.52	108.66	104.20	120.87	89.46	118.83	146.34	128.43	103.07	90.12	128.74	108.68	98.70	132.00
QG37_02191	147.77	141.87	70.66	75.35	114.81	112.04	128.58	132.56	124.34	113.96	93.30	100.37	109.34	110.36	98.41	113.22	144.56	151.62	126.88	136.25	115.53	123.29	123.23	98.54	122.71	174.05	108.08	140.45	120.16	26.88	75.60	117.43	143.03	114.84	116.65	108.76	102.98	115.16	88.51	126.52	157.49	141.23	96.76	94.19	124.84	124.07	100.33	140.31
QG37_02192	152.17	130.54	76.24	70.88	116.65	121.44	113.36	133.50	122.30	117.95	95.96	98.57	118.63	108.50	104.30	120.54	148.92	159.46	129.87	151.26	108.87	121.72	135.25	103.52	120.66	153.56	104.54	150.98	110.15	35.82	75.63	123.65	135.41	130.38	111.98	97.69	90.11	114.63	89.53	128.29	129.97	142.28	94.84	88.65	109.39	115.24	109.63	140.89
QG37_02193	129.37	128.70	70.89	74.07	114.33	121.48	117.17	118.68	120.25	111.41	105.63	102.45	105.91	105.28	100.76	113.17	140.73	147.67	134.93	116.53	115.80	117.23	125.72	96.38	120.92	140.58	109.89	137.83	104.58	28.72	70.86	123.77	131.85	117.44	96.58	87.83	102.79	114.84	95.72	121.30	131.13	127.29	81.28	90.65	101.20	111.98	99.62	135.10
QG37_02194	128.99	123.97	75.99	75.73	113.62	111.29	115.43	107.04	118.92	123.06	82.20	113.70	106.64	105.97	94.97	120.43	147.03	134.00	135.62	100.11	112.94	115.33	125.10	110.36	119.35	148.32	88.56	125.41	112.35	30.19	74.42	130.71	158.13	130.55	123.21	94.50	107.32	117.97	105.13	120.42	133.11	123.34	103.23	92.66	119.45	112.56	108.42	138.42
QG37_02195	129.53	117.10	70.37	76.74	98.47	118.77	131.32	112.48	112.03	119.35	99.36	88.87	107.10	88.79	100.41	107.17	144.32	157.98	145.53	125.16	115.95	90.28	134.75	100.34	107.97	146.74	86.71	138.94	97.43	32.47	69.74	121.61	153.73	104.07	114.63	70.81	76.13	117.89	91.24	121.08	142.61	126.28	89.32	88.32	133.10	122.82	111.16	117.00
QG37_02196	132.98	134.22	91.76	80.26	121.55	126.92	123.62	122.67	132.47	124.65	102.58	96.90	112.80	106.11	105.40	114.19	145.92	152.25	141.01	134.19	107.40	112.20	143.43	99.07	115.93	171.20	109.49	137.64	115.44	41.73	70.47	120.30	140.62	125.12	111.54	91.72	109.39	118.21	92.91	120.04	143.78	124.30	89.18	92.17	104.49	125.29	96.76	129.43
QG37_02197	143.58	141.14	81.79	82.12	127.86	115.46	134.67	131.21	132.84	129.66	102.37	106.69	120.26	106.87	118.87	115.55	148.21	159.05	153.57	133.83	124.44	132.45	134.78	118.17	135.10	167.87	108.69	143.17	133.32	34.69	70.99	149.72	140.86	127.38	117.85	102.62	111.06	115.76	109.25	128.67	140.71	133.24	107.36	91.36	120.95	116.54	102.93	145.35
QG37_02198	150.52	132.53	102.56	83.50	104.09	131.92	145.34	134.40	130.32	128.81	84.50	113.93	121.34	118.43	107.29	129.02	134.10	146.36	127.88	129.54	130.48	129.04	146.97	120.82	140.12	143.48	99.48	132.67	113.04	34.41	85.04	137.68	135.34	131.00	134.97	83.94	123.81	103.31	97.71	122.58	148.82	143.86	122.68	85.66	116.40	149.26	99.81	146.37
QG37_02199	137.45	135.69	84.64	77.40	117.32	123.15	109.38	126.58	126.23	119.59	102.99	105.45	107.58	105.94	99.20	124.38	136.86	148.10	138.30	127.61	123.89	121.70	137.64	101.40	135.33	148.23	101.04	135.87	116.95	28.56	71.21	124.41	145.15	126.50	108.54	90.91	106.69	111.15	94.64	130.53	149.67	128.01	92.66	96.83	115.71	115.25	101.03	142.55
QG37_02200	120.01	117.94	62.57	70.88	104.87	99.38	114.06	124.18	114.34	91.40	77.13	94.25	88.42	104.33	86.04	102.61	124.21	132.04	108.51	121.74	106.04	107.77	111.85	84.00	119.71	121.06	97.90	116.47	100.03	27.68	56.14	113.95	124.80	85.86	89.20	71.34	91.57	82.77	73.21	102.10	120.37	113.24	83.16	81.45	94.51	89.24	96.06	120.91
QG37_02201	92.30	77.86	53.63	39.81	71.06	80.24	82.76	72.68	68.20	74.77	53.64	64.61	62.65	72.90	58.10	62.56	86.40	93.50	86.65	74.73	60.39	74.04	72.53	60.10	73.27	84.31	53.31	82.67	72.29	16.20	42.53	72.27	108.15	76.12	69.29	45.45	71.06	50.08	44.64	75.68	82.10	78.37	50.94	54.92	80.45	66.93	61.97	73.62
QG37_02202	94.56	100.99	63.40	57.61	100.87	89.39	93.76	73.32	100.06	87.80	70.75	81.29	95.32	89.39	78.74	90.26	121.49	109.10	113.79	86.51	89.05	96.18	77.37	85.03	85.41	97.63	81.80	115.99	72.64	23.64	56.32	102.24	109.89	90.02	69.95	57.30	73.44	90.24	57.52	103.95	93.17	61.20	62.11	64.41	99.68	77.71	74.74	96.47
QG37_02203	128.19	122.35	80.29	72.88	111.39	118.07	106.53	117.96	113.96	108.89	90.23	88.69	99.08	98.60	100.33	115.18	136.78	149.75	128.31	115.25	113.27	118.62	125.10	99.91	112.44	141.88	89.27	125.61	96.21	25.89	64.84	115.69	126.67	109.83	105.41	87.87	98.94	113.08	88.60	106.36	119.91	112.60	91.58	84.22	108.77	101.56	97.97	129.88
QG37_02204	141.76	143.97	79.32	75.66	117.72	129.59	125.81	127.12	145.75	124.76	99.60	104.74	119.48	112.06	117.15	124.26	146.96	166.15	148.05	140.77	127.69	127.87	141.71	105.53	137.36	164.70	109.70	148.72	125.68	32.19	86.19	124.88	139.92	116.80	113.47	96.49	102.76	110.73	100.14	134.24	151.18	140.81	97.60	95.60	125.04	114.73	108.43	149.74
QG37_02205	123.80	104.92	75.55	60.70	100.86	113.15	130.85	121.35	116.84	106.23	79.10	92.36	89.33	86.56	76.80	102.55	115.42	146.67	112.55	92.03	105.72	106.15	108.66	94.53	110.17	129.97	88.03	133.35	105.94	31.92	73.48	124.47	133.57	113.63	103.71	92.27	95.70	96.20	77.03	99.98	118.40	94.36	76.51	79.00	96.96	110.63	76.88	110.42
QG37_02206	150.31	145.91	89.40	85.94	141.42	131.80	137.83	138.66	146.51	140.21	112.01	120.37	120.29	118.63	113.15	127.60	163.87	173.13	151.58	137.49	128.64	141.54	151.49	120.55	133.65	164.66	114.68	160.23	123.75	34.82	76.67	132.34	160.71	126.12	127.47	102.65	125.03	130.64	103.44	141.48	153.05	142.79	110.22	101.12	126.55	117.68	114.04	152.49
QG37_02207	143.06	146.68	76.29	74.04	133.34	121.74	116.47	135.92	136.97	118.43	101.20	102.52	117.23	113.92	105.57	128.99	154.49	160.83	137.90	119.81	123.08	132.82	143.43	105.80	130.86	163.01	120.47	154.99	117.02	28.84	72.26	115.86	156.64	131.81	110.67	106.19	108.08	115.46	98.66	123.77	153.62	142.18	90.70	94.24	121.97	117.62	100.15	154.12
QG37_02208	176.31	162.16	89.17	99.89	146.40	153.50	168.18	162.41	166.15	148.75	116.77	126.79	146.18	145.36	134.28	146.05	187.22	204.49	168.63	180.08	136.64	161.32	169.73	132.52	156.02	200.18	158.70	172.34	134.43	43.57	91.58	143.80	161.99	136.14	132.83	111.98	139.74	148.93	117.13	154.70	165.44	131.40	114.13	119.33	148.76	144.44	101.03	140.38
QG37_02209	153.93	156.69	92.12	94.97	141.88	137.78	139.97	134.86	148.13	139.64	107.16	121.96	131.01	122.08	109.45	120.64	157.40	174.36	144.38	141.31	135.74	140.54	154.42	115.47	143.82	168.69	114.01	164.03	143.41	36.57	85.54	147.15	165.99	135.14	129.29	103.57	124.88	123.69	110.69	141.45	158.99	141.80	113.32	97.75	141.90	127.42	113.23	145.96
QG37_02210	133.54	138.57	88.21	69.55	118.55	127.10	127.92	119.60	137.63	120.60	103.24	105.00	112.97	113.80	105.02	124.54	152.15	152.52	144.61	130.26	122.99	125.05	131.48	108.63	135.16	158.70	101.96	130.13	114.50	30.33	74.32	128.95	133.80	137.18	112.17	92.70	112.77	111.53	101.66	121.23	143.93	131.17	104.74	90.02	106.33	113.61	96.42	136.45
QG37_02211	116.75	138.59	84.54	61.77	110.53	133.86	114.08	133.88	135.99	110.68	91.15	93.07	108.15	110.88	100.55	127.22	169.41	152.83	135.43	128.47	117.05	125.61	127.72	117.20	125.17	148.54	98.54	145.47	111.63	30.56	73.93	117.48	127.73	136.49	114.65	113.84	106.26	115.22	94.11	129.85	122.51	130.10	95.32	104.83	126.83	107.97	96.98	136.95
QG37_02212	147.37	137.25	90.23	73.07	114.25	137.77	124.97	128.12	139.85	107.29	105.43	115.53	119.64	112.71	104.77	127.28	158.23	161.70	139.27	132.10	123.92	131.86	143.91	115.34	134.72	153.25	110.33	132.44	119.32	31.07	76.33	125.36	150.68	134.01	111.88	94.73	109.84	127.21	104.09	134.82	139.22	142.50	108.33	103.23	131.53	124.12	111.31	151.82
QG37_02213	127.15	126.58	80.06	67.37	123.81	104.25	117.78	134.98	129.00	114.94	92.22	123.72	94.06	114.03	88.36	111.23	149.84	161.51	141.61	132.64	108.90	129.94	157.04	110.22	140.17	169.22	103.99	159.14	100.43	30.04	72.03	113.74	141.12	149.40	110.16	105.89	116.67	116.48	100.67	116.22	145.79	145.81	102.59	94.45	118.73	106.68	108.76	162.52
QG37_02214	130.07	130.50	86.18	71.14	127.25	115.05	123.20	110.98	124.32	101.95	100.49	107.63	114.93	112.76	94.29	129.35	142.51	140.43	135.70	100.56	114.60	119.60	145.49	105.90	111.20	152.21	89.76	129.45	105.60	47.69	98.31	129.04	138.56	115.26	105.94	98.49	107.65	110.14	99.87	125.88	128.11	133.23	89.34	85.84	113.83	108.79	92.72	134.86
QG37_02215	135.17	138.24	63.04	63.74	110.16	110.01	107.33	116.15	113.32	108.85	94.40	86.01	100.28	90.49	104.09	103.03	137.99	139.44	127.05	118.21	105.64	117.05	141.54	102.48	109.77	142.20	104.61	117.75	109.53	23.24	73.38	105.21	139.76	98.08	96.72	79.23	98.32	113.18	88.43	123.48	131.64	122.64	86.79	97.11	118.23	131.76	101.08	137.66
QG37_02216	146.25	142.08	94.13	95.87	134.89	125.53	115.39	139.19	155.61	117.76	92.88	120.19	111.38	104.70	116.02	146.89	159.07	170.54	154.82	125.09	124.86	125.96	152.77	119.36	149.34	174.80	112.39	133.73	103.25	37.17	87.82	152.64	159.91	141.11	139.33	129.79	106.49	135.32	114.26	138.90	159.50	152.11	109.96	95.90	111.38	141.35	99.74	146.81
QG37_02217	158.92	125.89	72.62	74.63	119.30	101.57	138.33	109.23	133.60	128.87	112.76	103.26	103.83	110.50	105.51	132.95	165.18	149.21	143.02	122.11	121.89	135.12	130.76	124.44	135.01	151.95	123.39	135.57	109.33	39.63	78.50	146.25	140.07	130.37	131.65	105.00	112.89	119.11	91.94	117.99	149.27	150.39	105.52	88.41	105.91	141.79	98.52	155.22
QG37_02218	115.91	98.06	59.41	68.84	92.68	100.47	94.33	105.72	105.35	95.02	77.23	72.97	91.55	108.46	86.77	106.06	114.98	130.40	115.06	111.15	111.46	105.79	111.37	98.79	104.01	122.37	90.62	110.90	91.43	32.16	69.00	103.58	108.93	103.17	92.62	76.28	83.90	93.20	80.61	103.69	125.75	103.96	88.60	92.92	97.85	98.73	89.11	111.27
QG37_02219	103.89	112.62	61.69	72.21	96.67	100.87	103.23	108.50	109.12	98.21	78.94	91.94	87.80	90.59	85.08	103.99	115.72	121.31	111.44	104.47	105.36	104.96	121.32	86.78	105.26	121.63	90.11	111.52	95.31	22.67	61.14	109.73	119.95	107.40	92.84	80.34	94.79	102.66	88.43	114.98	119.54	115.69	85.95	73.48	93.49	87.60	81.01	119.84
QG37_02220	91.22	107.30	49.60	56.05	88.91	115.78	125.22	99.18	90.82	76.21	72.00	81.22	83.09	90.68	93.63	98.30	108.49	110.84	129.49	94.45	96.28	102.88	99.60	71.60	106.95	111.72	86.25	100.56	76.09	20.29	63.61	102.38	99.52	98.95	83.19	69.34	88.92	83.35	75.91	107.22	122.59	107.57	74.26	54.64	89.33	77.42	78.82	92.28
QG37_02221	128.84	131.82	73.15	72.76	112.50	110.00	100.21	112.96	106.31	107.52	92.05	93.29	93.53	94.12	89.58	101.67	141.02	148.99	128.65	110.88	114.83	120.91	140.07	104.11	123.15	132.70	92.10	129.68	93.13	27.04	68.91	108.58	129.44	103.51	100.94	85.73	93.64	122.04	88.81	117.32	134.85	112.39	98.85	85.31	116.14	109.79	89.58	129.49
QG37_02222	138.86	137.81	77.09	82.91	116.79	114.69	117.08	117.26	131.55	123.10	88.47	107.80	108.96	95.88	106.80	116.49	143.34	158.49	133.53	120.47	114.82	133.06	145.21	98.57	133.65	168.36	106.18	144.58	113.43	35.49	73.83	132.82	134.99	116.92	120.82	101.15	114.99	114.79	87.62	126.89	150.21	137.39	103.77	93.29	112.61	119.41	107.69	127.82
QG37_02223	160.06	141.54	79.03	69.37	130.11	108.11	114.35	119.52	134.00	124.23	91.49	112.03	108.28	106.96	117.23	121.79	146.94	158.28	141.77	127.57	134.77	140.44	140.37	118.86	129.39	148.69	114.05	124.65	115.17	29.81	63.23	146.18	152.45	124.29	118.92	103.19	116.69	123.97	104.30	126.37	179.93	133.35	115.52	99.87	122.22	123.42	128.68	151.56
QG37_02224	150.36	152.43	71.21	80.17	126.09	128.27	126.04	138.63	141.82	132.47	105.14	108.92	128.70	112.63	109.60	127.79	154.26	167.78	143.58	123.16	140.08	148.59	147.76	123.25	137.48	163.10	110.11	144.13	123.98	33.77	89.55	140.11	154.99	138.06	127.17	115.04	127.79	141.39	115.60	126.70	146.56	143.40	96.03	107.15	117.94	126.05	115.06	169.94
QG37_02225	129.18	138.01	87.15	77.14	142.85	137.40	129.97	121.34	148.18	132.05	101.57	94.20	114.72	109.01	102.98	116.95	141.28	169.24	167.59	137.21	154.40	121.93	140.16	134.61	121.21	126.79	115.72	144.20	128.38	28.27	83.08	160.39	142.50	148.15	138.47	86.13	117.62	104.74	113.05	130.60	139.85	147.27	98.57	97.61	123.05	115.18	125.13	154.92
QG37_02226	149.29	144.56	71.37	63.13	130.75	120.51	138.23	130.25	148.82	134.51	107.97	105.07	102.49	122.18	118.70	129.48	166.50	150.72	152.00	138.69	137.61	147.59	139.05	100.15	136.55	152.89	115.80	170.99	116.21	34.89	74.15	132.15	154.50	127.11	116.67	91.23	108.90	115.10	94.84	129.49	154.93	135.53	103.14	122.73	122.31	119.42	98.62	145.26
QG37_02227	144.72	149.30	88.50	73.27	132.80	128.99	128.12	123.04	136.74	135.76	108.73	116.35	112.89	117.66	104.31	124.39	154.55	163.23	141.68	142.12	131.86	139.09	139.40	113.17	139.98	154.99	111.36	148.62	111.41	32.80	78.13	140.52	149.23	136.92	121.36	104.07	113.91	115.76	106.67	126.69	154.44	136.51	101.82	103.09	129.68	137.07	111.05	132.01
QG37_02228	154.18	155.27	78.96	88.88	136.46	142.09	135.24	136.30	148.82	126.79	106.86	119.39	117.17	118.01	108.78	129.38	169.12	164.19	170.16	143.31	148.32	132.38	150.86	117.73	134.44	162.48	123.08	155.79	129.98	38.77	73.34	135.60	176.69	136.25	125.69	99.07	122.09	123.86	102.04	124.81	162.55	128.77	105.74	109.30	126.94	127.46	110.86	161.94
QG37_02229	150.52	158.08	84.89	84.62	112.58	135.03	127.98	143.25	162.01	131.27	115.30	131.38	138.63	119.61	138.44	116.86	163.37	157.12	139.10	134.50	136.44	143.24	168.67	118.34	135.02	161.46	113.79	171.01	137.83	38.04	78.35	157.90	187.45	149.07	120.86	109.83	131.10	121.62	97.28	138.48	173.38	130.72	104.65	92.83	117.43	133.18	114.56	170.51
QG37_02230	153.75	146.01	84.61	81.80	123.60	132.03	127.30	135.23	137.34	134.19	106.35	105.48	116.41	117.69	110.88	129.45	162.09	146.15	152.18	134.59	119.98	118.18	141.42	112.48	130.82	158.07	115.37	160.02	124.94	27.49	81.39	132.35	145.34	124.00	126.47	101.27	124.48	122.70	87.66	125.80	161.37	142.53	104.69	89.02	95.52	117.95	102.84	146.22
QG37_02231	143.53	158.30	83.08	71.16	135.30	141.35	134.43	141.48	139.06	154.53	111.86	127.86	126.88	119.74	119.62	128.60	158.78	159.16	151.80	144.23	126.04	141.55	149.32	118.50	141.07	173.95	114.83	153.47	122.81	34.81	74.36	150.67	147.79	139.31	140.30	105.87	124.36	126.22	95.07	128.61	158.13	143.05	81.95	95.85	118.10	104.62	114.61	149.87
QG37_02232	164.48	156.66	95.76	76.49	128.92	125.06	141.83	155.72	142.76	132.69	116.90	105.42	152.15	137.45	118.68	131.89	172.30	167.84	165.99	166.95	124.46	144.66	160.75	115.12	142.12	174.92	124.75	182.78	138.69	36.29	82.14	145.06	154.21	141.85	128.78	103.23	130.38	131.65	101.42	130.50	139.88	139.64	99.85	98.18	121.61	135.54	96.84	149.67
QG37_02233	115.92	120.30	67.21	57.43	120.46	99.56	136.30	102.74	126.86	106.83	96.13	99.37	87.78	89.51	84.93	93.68	128.10	132.76	122.13	89.11	119.83	114.01	107.28	117.12	108.27	134.42	92.79	153.69	93.66	39.31	74.11	113.08	106.22	105.10	79.59	75.36	95.93	85.22	65.81	98.42	105.47	108.68	81.15	49.36	58.67	49.04	52.28	80.31
QG37_02234	147.41	142.15	86.62	78.34	142.10	121.02	127.40	134.40	141.31	128.66	107.84	112.93	120.74	112.53	105.28	130.71	167.12	149.18	155.21	139.81	135.92	128.61	139.31	105.27	134.06	175.78	110.96	139.84	121.99	37.93	74.00	133.12	149.73	127.93	123.33	99.09	122.16	125.25	106.35	129.34	148.32	147.02	101.62	90.68	113.52	115.29	101.20	144.41
QG37_02235	136.32	136.37	82.67	81.44	103.50	115.77	126.94	124.03	122.06	118.21	99.54	90.33	114.24	105.89	107.20	100.45	152.04	147.65	131.97	127.14	118.54	129.05	129.84	101.55	125.89	132.83	91.72	135.15	110.29	27.91	71.56	124.13	133.97	114.57	126.55	112.97	98.14	120.60	85.41	130.46	135.36	111.93	99.24	93.44	117.25	123.25	100.94	134.04
QG37_02236	132.29	143.70	90.27	83.70	120.91	130.57	124.45	124.26	136.56	131.90	105.34	110.20	118.16	114.39	110.74	118.33	143.71	161.61	145.73	144.85	137.92	141.61	147.59	117.66	137.63	161.46	112.11	141.42	116.98	28.67	79.86	135.43	140.87	124.36	125.96	109.26	117.39	121.47	99.64	127.98	157.96	141.14	107.90	100.34	118.76	124.71	123.29	142.64
QG37_02237	134.85	145.79	83.77	72.22	127.75	113.50	119.06	122.27	131.38	127.57	105.76	113.26	113.84	112.25	107.00	121.12	153.11	156.31	146.31	130.24	118.86	129.18	141.52	116.08	131.77	165.62	104.46	146.39	119.43	29.61	75.71	135.76	151.76	121.39	114.05	95.41	107.85	111.36	94.41	126.71	154.18	130.51	99.40	88.41	119.36	114.65	108.16	152.27
QG37_02238	143.43	145.26	83.65	94.68	136.81	126.50	135.76	133.84	145.09	130.59	111.62	111.18	119.21	131.93	105.33	116.41	157.81	166.21	146.37	143.69	135.57	139.64	137.78	112.29	140.90	167.24	111.68	157.47	126.65	32.11	77.48	131.31	141.73	129.91	115.76	100.47	113.47	113.02	108.24	134.02	162.73	157.52	101.15	98.17	127.27	125.28	115.07	146.51
QG37_02239	126.53	123.90	84.85	82.07	137.04	131.68	128.80	122.51	142.90	121.38	113.87	91.47	107.15	128.04	111.97	125.27	138.77	164.30	136.43	151.71	134.26	123.56	143.53	104.56	134.13	171.01	108.46	151.11	110.85	33.85	71.46	131.55	147.50	134.92	126.39	102.61	97.74	129.85	98.43	142.18	138.82	144.75	99.13	105.15	124.10	149.87	106.98	147.37
QG37_02240	127.64	149.57	99.36	84.16	138.12	138.49	153.10	133.69	145.78	147.85	106.04	111.07	117.09	145.89	102.73	142.20	151.60	171.43	148.32	145.05	135.93	133.47	164.75	134.93	151.22	157.16	106.99	164.92	134.45	37.80	86.79	159.90	154.58	125.84	105.30	105.44	118.50	118.10	81.35	117.37	157.44	120.05	113.33	100.66	103.57	122.59	121.29	138.63
QG37_02241	150.24	131.92	90.37	81.41	129.99	136.22	135.01	128.12	146.32	131.02	105.85	116.20	110.67	118.23	109.20	134.21	152.93	175.80	144.07	124.97	127.65	122.42	137.40	110.58	138.50	157.72	101.98	164.78	125.19	30.91	85.41	138.75	138.09	131.98	117.14	109.83	109.29	116.57	95.96	133.12	145.68	131.42	101.54	102.13	116.74	123.34	106.20	151.45
QG37_02242	142.17	146.96	84.92	84.04	122.12	132.74	121.29	123.99	143.37	126.44	108.94	116.03	108.00	109.63	112.16	132.90	157.66	173.63	153.07	135.55	130.84	138.19	150.26	122.97	136.01	154.25	108.10	154.82	114.79	32.20	81.14	138.04	147.83	132.65	124.44	104.51	112.33	114.21	111.70	144.42	156.77	133.30	95.31	108.44	123.01	127.64	115.04	152.49
QG37_02243	131.40	131.77	77.36	68.89	121.69	119.54	120.02	119.80	127.29	122.23	105.88	106.52	105.31	109.77	108.72	116.36	150.20	149.67	132.35	126.42	123.18	119.09	129.45	113.32	122.72	160.07	100.21	143.21	116.34	28.15	77.15	124.66	135.75	125.39	110.39	96.51	115.71	117.02	88.69	123.69	149.44	128.80	89.24	92.59	117.29	112.59	105.12	136.13
QG37_02244	137.44	117.06	64.92	65.06	103.55	116.83	114.04	111.47	110.63	107.78	89.03	85.98	100.87	95.12	88.26	106.35	136.27	150.95	120.84	103.58	108.43	108.38	123.64	102.12	105.45	139.77	90.05	128.19	105.31	27.06	59.86	123.61	108.95	103.90	112.31	89.30	95.32	108.73	81.72	107.79	132.43	114.32	86.77	84.08	104.38	100.63	93.91	125.19
QG37_02245	129.24	143.09	77.99	78.38	121.64	131.74	122.14	122.82	132.86	111.86	88.48	105.05	126.42	93.69	86.34	117.67	150.51	143.38	126.55	131.79	124.28	134.11	122.40	100.78	148.59	142.60	117.58	141.45	111.64	30.53	65.32	143.88	137.09	126.72	101.10	106.26	103.22	127.06	93.41	110.88	149.65	126.26	88.97	82.63	132.50	82.52	104.98	144.68
QG37_02246	143.47	144.05	85.74	88.80	134.79	129.34	114.37	122.81	137.34	121.18	100.42	106.51	116.02	117.35	114.16	125.99	151.47	170.97	154.50	135.37	131.36	132.63	138.06	117.19	134.50	155.47	113.70	143.82	133.75	34.77	71.36	134.82	150.89	131.15	109.66	115.46	108.86	117.65	96.69	127.16	151.93	123.63	105.17	86.69	118.69	116.22	121.29	146.31
QG37_02247	136.59	138.84	82.64	68.06	137.53	115.52	117.36	118.54	130.58	117.61	103.13	124.36	107.90	103.22	112.23	124.05	151.46	169.82	140.30	117.52	116.91	126.29	128.25	111.57	142.11	158.43	110.42	144.39	105.66	36.03	81.13	134.95	146.65	116.72	104.19	85.08	113.90	110.82	94.70	127.87	142.28	141.56	104.56	95.13	119.65	131.99	121.36	160.48
QG37_02248	123.55	138.22	55.31	54.34	112.68	119.76	115.17	106.29	103.60	104.89	75.71	89.19	91.74	77.92	96.85	83.48	109.22	127.70	138.96	119.57	103.23	108.91	118.02	97.14	102.17	123.99	84.60	121.89	87.99	26.90	72.86	112.58	108.52	99.21	95.85	68.89	97.91	99.96	95.32	111.04	134.62	129.20	91.52	94.55	109.96	126.91	108.07	140.30
QG37_02249	134.42	134.28	75.76	73.79	110.70	117.68	120.86	117.82	122.44	123.07	88.00	90.20	99.77	103.76	110.87	104.79	137.42	140.75	143.95	119.78	121.23	124.19	133.49	101.66	120.39	142.90	102.17	131.49	91.58	35.85	70.76	120.66	119.12	117.81	102.82	88.59	108.93	111.54	88.98	119.89	137.17	126.46	98.71	97.11	121.05	110.41	87.97	140.55
QG37_02250	130.66	135.46	73.37	74.19	119.01	121.35	116.99	120.58	130.01	114.38	96.96	106.72	106.49	110.29	102.79	117.64	147.78	157.43	140.48	126.99	118.27	118.87	128.94	103.38	128.02	150.87	102.95	136.23	104.43	31.48	75.38	133.91	135.52	123.05	110.12	89.80	106.76	117.68	98.27	129.55	130.83	124.85	94.79	94.44	113.41	113.55	101.21	154.71
QG37_02251	122.65	117.89	69.89	63.00	96.65	97.66	100.44	99.71	119.20	87.79	80.73	89.70	101.20	95.69	101.61	100.62	126.29	152.07	113.30	113.47	106.05	112.38	121.53	91.39	106.37	134.01	91.53	103.83	92.74	27.71	62.92	104.09	126.26	97.20	89.55	87.23	90.19	105.40	88.38	99.35	134.22	111.20	85.65	78.91	106.46	110.85	88.83	121.41
QG37_02252	123.04	131.40	74.05	82.33	128.75	114.73	126.22	114.37	130.77	124.94	89.66	105.33	103.61	105.05	97.06	109.78	144.28	147.85	141.68	123.74	129.39	125.85	140.98	110.56	138.74	147.00	109.48	131.60	122.70	32.96	75.90	122.87	140.39	112.84	116.10	90.41	105.31	110.13	88.13	121.75	135.21	139.01	101.17	98.90	128.84	113.35	102.08	141.65
QG37_02253	139.76	118.56	67.66	77.24	116.33	124.33	109.21	110.32	104.25	112.11	84.68	92.91	111.18	99.11	96.71	107.26	141.20	155.79	131.26	106.54	119.65	118.23	133.28	102.22	133.94	131.44	96.82	120.85	98.28	31.31	73.73	119.04	128.19	118.82	106.06	84.45	113.67	95.57	94.55	108.76	141.44	125.43	92.02	91.77	113.08	113.12	100.01	140.17
QG37_02254	135.52	133.38	79.94	75.95	130.32	114.69	119.65	124.31	127.19	123.60	100.81	107.56	112.79	107.76	110.07	116.47	145.65	159.59	149.59	125.94	125.54	131.21	142.08	105.94	133.88	154.97	107.16	145.16	106.35	33.00	73.46	138.36	137.72	130.56	117.85	93.82	108.38	114.14	98.06	130.45	152.37	139.10	108.20	100.02	118.29	114.82	106.35	148.86
QG37_02255	109.27	111.75	78.29	68.12	104.25	117.89	118.89	109.63	125.61	97.40	80.71	97.36	102.29	111.44	90.95	111.27	139.44	142.60	128.27	104.74	114.93	113.86	123.70	118.83	118.93	149.86	92.39	134.44	105.58	24.90	72.30	123.12	118.37	113.53	91.54	83.39	90.59	97.74	87.59	112.81	124.50	118.84	84.61	85.16	106.39	107.91	82.69	148.39
QG37_02256	115.34	129.63	71.13	72.97	109.93	104.65	110.09	106.75	126.27	94.59	78.80	87.40	90.97	101.90	102.12	106.08	132.98	137.69	135.75	102.18	117.41	113.19	135.32	106.44	111.34	136.56	102.21	136.78	97.83	30.74	70.65	124.74	129.51	117.04	108.69	85.97	99.31	105.20	86.75	109.29	137.47	124.41	90.84	84.79	113.00	115.06	105.84	148.02
QG37_02257	106.22	126.70	70.67	77.94	116.44	97.63	111.21	90.93	103.95	96.18	75.18	93.29	106.49	91.13	107.62	94.48	115.88	133.45	120.19	110.63	107.62	124.00	143.61	105.13	127.64	143.83	111.74	123.44	105.69	28.13	86.91	113.14	127.85	102.10	108.40	85.78	104.99	102.45	69.38	118.84	139.23	125.11	83.58	82.75	84.16	103.93	100.40	139.74
QG37_02258	128.23	125.00	72.23	73.88	104.83	96.30	113.76	101.47	104.41	89.52	91.70	96.37	97.83	89.87	111.68	112.17	140.70	144.17	156.37	106.15	105.42	118.66	136.26	95.00	130.26	148.05	106.14	121.29	95.17	28.56	72.16	116.84	127.46	108.81	107.04	89.86	106.02	106.78	74.77	124.45	153.58	127.60	88.52	91.60	80.10	104.71	98.03	148.05
QG37_02259	111.11	106.59	69.03	61.22	101.81	101.88	103.31	98.44	111.75	97.48	80.45	85.54	72.20	89.39	95.85	96.87	117.60	129.29	105.55	100.15	98.76	111.05	113.35	107.28	101.67	120.77	94.61	105.25	79.04	26.40	54.70	97.16	121.62	101.61	99.52	87.33	103.89	98.69	83.38	97.66	125.88	109.17	76.13	80.81	100.83	89.99	88.71	113.31
QG37_02260	109.58	119.25	64.00	72.53	106.18	108.26	99.93	118.44	130.76	121.27	93.68	101.12	98.39	105.99	97.02	106.55	142.95	152.32	135.13	124.73	115.55	103.48	134.42	106.05	128.09	159.01	102.60	127.97	111.22	27.30	71.32	132.16	124.99	106.37	122.59	90.60	110.65	124.39	94.54	113.83	145.34	145.40	88.21	95.48	113.95	125.50	112.06	149.94
QG37_02261	128.00	122.83	72.41	67.86	113.58	103.12	114.96	107.66	115.92	112.83	93.02	94.85	115.48	95.35	109.82	98.77	143.42	152.52	145.15	108.27	117.55	116.83	132.32	98.12	110.38	144.98	94.97	127.44	104.53	31.86	77.58	121.97	130.80	127.41	105.05	91.90	116.28	103.05	95.92	109.86	138.54	128.01	94.63	81.64	102.41	122.27	97.90	142.00
QG37_02262	121.75	128.14	77.88	61.61	119.45	112.47	121.28	96.63	123.77	114.62	94.14	88.78	94.43	99.47	104.69	109.40	141.46	161.24	142.31	111.01	104.85	127.13	138.54	113.47	123.52	136.43	110.80	120.18	109.63	29.74	73.42	117.96	127.71	109.15	100.89	95.66	98.40	103.56	94.10	105.49	135.12	142.31	96.70	86.35	122.91	112.80	94.47	121.78
QG37_02263	136.90	127.78	64.17	63.22	119.77	124.10	122.78	96.20	108.24	117.33	102.42	104.42	87.32	92.67	115.63	102.62	131.50	168.36	146.45	111.61	101.53	129.54	132.34	93.78	129.12	139.19	102.19	140.25	116.60	31.24	78.06	112.60	122.15	99.19	113.40	91.35	107.45	107.46	89.79	117.43	140.74	132.95	105.17	89.79	118.82	120.86	86.47	138.99
QG37_02264	119.18	121.32	67.58	68.86	106.61	118.41	104.53	112.24	119.49	105.06	86.94	89.91	94.78	96.26	100.86	113.16	127.46	148.91	129.83	102.58	97.92	112.17	116.44	91.47	120.90	144.18	108.45	128.02	96.96	29.94	57.63	109.86	121.45	110.72	98.36	96.66	99.25	107.68	87.46	125.88	131.16	111.74	88.86	78.88	102.25	108.10	89.66	129.31
QG37_02265	139.13	142.42	76.57	86.00	125.96	128.02	121.15	122.97	132.60	124.98	99.70	103.63	114.20	113.40	100.00	118.16	155.68	159.53	158.94	124.80	130.55	143.51	145.16	108.80	129.30	156.08	103.67	141.78	111.48	28.98	72.24	128.88	156.74	130.71	120.11	104.07	110.97	115.86	88.77	144.02	140.75	131.96	96.12	97.32	129.21	124.33	117.46	149.07
QG37_02266	105.10	118.26	77.90	75.78	115.69	123.88	102.67	108.14	125.14	107.84	87.39	96.26	105.32	92.95	97.49	101.15	135.43	130.09	123.10	109.53	111.87	135.91	128.55	99.45	111.53	122.51	96.25	119.97	95.33	30.89	68.55	111.25	120.30	133.90	104.24	91.31	85.58	88.28	87.46	119.65	128.07	116.28	84.16	81.94	108.04	103.76	95.30	135.90
QG37_02267	140.57	143.38	75.50	82.29	113.30	122.20	106.27	121.14	119.51	121.69	97.18	110.71	113.45	116.16	92.56	119.32	157.01	158.04	148.17	114.25	112.74	132.13	123.06	110.91	120.71	137.04	96.80	128.36	97.27	32.62	68.95	130.75	127.83	104.90	106.86	88.12	107.53	125.22	82.24	128.55	123.34	112.73	100.77	83.48	120.93	115.96	110.55	133.82
QG37_02268	124.38	149.35	66.61	79.97	96.85	113.67	94.44	111.32	118.71	115.52	88.90	97.16	118.18	94.04	80.23	116.51	148.67	152.61	135.82	112.39	108.80	123.42	140.49	95.17	135.51	143.29	94.34	161.32	98.08	24.42	67.99	141.29	137.72	109.61	105.50	95.73	109.77	143.03	90.82	140.51	139.85	106.82	106.33	78.35	109.38	107.11	99.21	143.12
QG37_02269	148.22	148.79	84.64	79.51	133.10	133.23	131.85	136.86	136.96	126.01	107.15	109.54	120.97	114.06	110.77	126.40	160.19	169.61	148.79	139.01	134.42	135.84	140.51	117.92	140.54	169.21	110.65	150.44	124.54	32.62	79.67	143.91	148.43	134.27	124.27	104.73	119.39	119.09	100.47	131.78	156.44	136.52	102.94	99.19	127.01	124.81	110.96	152.56
QG37_02270	151.01	145.49	69.59	70.74	120.95	108.43	132.25	120.12	138.49	121.17	108.10	86.42	117.27	99.91	105.10	119.18	154.51	149.52	140.19	111.46	117.19	114.71	138.00	108.07	126.42	141.37	95.31	139.67	117.28	39.35	65.94	125.27	124.95	135.13	109.08	88.81	102.90	105.39	93.75	115.35	153.81	124.08	89.49	73.57	125.78	115.19	102.33	146.87
QG37_02271	111.19	95.59	76.56	72.91	103.15	107.21	126.74	121.05	118.92	113.96	65.48	98.54	111.57	118.57	101.05	118.28	162.04	151.70	137.12	141.42	119.86	114.60	145.50	102.87	114.08	127.90	93.97	113.47	91.05	25.29	61.98	97.82	119.39	124.52	96.79	90.75	102.05	129.49	87.13	102.56	122.28	116.00	95.21	85.82	110.37	102.48	103.50	135.35
QG37_02272	139.78	125.99	72.62	76.02	120.23	111.08	113.25	123.78	129.89	116.47	100.86	105.60	101.53	100.69	107.15	114.89	152.38	156.77	128.81	123.70	121.61	120.44	130.05	109.20	129.35	151.78	98.13	126.62	108.35	29.61	72.67	130.74	131.71	117.39	116.52	93.27	113.39	112.79	98.41	119.78	150.29	123.47	102.14	94.61	114.48	121.47	100.59	140.60
QG37_02273	117.94	129.95	68.62	68.16	112.86	111.69	112.96	107.02	124.21	113.14	98.82	108.83	103.96	100.24	102.03	113.55	143.80	143.88	151.37	111.05	123.48	129.57	138.43	101.76	114.00	162.83	96.34	127.58	106.19	25.19	72.27	121.99	135.90	115.41	112.67	98.87	116.47	113.13	98.01	111.13	127.09	119.44	92.79	84.84	117.39	109.11	99.59	146.08
QG37_02274	128.63	127.72	72.07	79.06	103.35	102.69	111.04	127.77	146.79	139.14	96.47	107.45	111.46	108.81	109.87	113.63	130.18	163.34	168.17	118.23	130.89	122.60	143.69	108.44	131.91	131.88	102.81	124.76	115.06	30.45	76.71	118.77	144.73	132.31	106.81	99.98	106.49	137.82	99.41	130.84	144.31	124.11	95.87	102.30	132.31	113.76	117.78	165.88
QG37_02275	114.65	128.60	66.96	72.44	118.49	111.54	111.25	118.48	126.45	117.08	89.50	99.26	106.53	91.06	91.29	100.97	139.44	144.03	144.92	126.90	128.65	114.85	133.52	102.12	133.11	146.93	109.84	124.91	96.36	29.20	65.79	109.16	138.06	102.57	99.61	87.42	101.77	113.64	80.28	124.99	162.57	139.77	99.61	70.02	103.97	97.16	85.78	140.69
QG37_02276	125.57	127.58	67.11	69.32	101.18	117.77	103.55	98.56	120.58	116.55	86.14	92.42	110.17	84.12	104.56	100.33	132.73	149.94	137.67	114.73	125.44	121.17	130.09	104.09	121.63	134.21	96.08	121.98	107.78	23.62	67.79	120.04	121.54	111.95	111.97	94.66	99.41	110.00	93.11	129.91	133.00	112.72	92.37	79.71	101.50	103.47	100.34	128.80
QG37_02277	140.11	142.77	73.01	67.68	100.12	127.73	109.30	111.50	125.69	114.52	121.27	115.08	107.17	110.09	100.84	124.77	150.06	170.84	154.41	136.56	136.69	114.59	133.89	102.91	154.68	140.24	99.83	128.49	100.69	25.48	84.76	141.79	141.95	121.66	115.41	92.19	89.85	120.55	88.97	148.78	149.32	133.65	93.41	90.87	101.82	130.54	115.24	149.22
QG37_02278	138.28	144.45	87.32	77.57	128.47	123.06	114.33	118.15	150.07	126.96	95.81	107.19	107.64	109.04	110.84	117.41	135.77	173.77	139.61	124.20	121.61	131.87	157.62	111.82	152.53	157.44	112.19	131.47	115.50	30.96	84.07	133.36	138.22	129.96	115.30	101.31	111.11	118.40	104.16	121.05	139.64	128.98	109.00	106.59	118.28	136.26	104.05	161.11
QG37_02279	128.12	123.11	72.54	76.77	109.97	113.30	111.93	120.99	126.54	116.32	85.60	99.95	112.23	106.99	96.12	106.06	118.77	160.04	139.94	121.34	118.55	110.59	131.03	92.63	119.60	149.40	110.55	129.85	106.56	35.44	71.77	130.65	141.56	126.76	105.64	96.34	97.28	116.57	90.13	128.71	140.10	129.81	93.36	99.62	124.36	111.93	99.69	141.29
QG37_08403	64.27	104.64	40.67	49.75	87.42	78.04	77.60	81.75	91.04	100.85	55.70	54.70	64.60	69.64	63.68	72.14	85.75	99.26	90.29	84.77	88.37	76.26	83.79	75.88	95.48	109.32	66.27	86.67	91.29	19.67	48.60	96.11	82.26	94.10	73.26	67.45	62.26	64.97	63.64	78.77	104.99	89.27	89.08	89.82	118.37	89.14	98.01	122.68
QG37_02280	137.97	130.34	78.19	78.15	121.46	119.04	113.38	113.50	133.44	114.34	89.95	104.75	107.00	106.14	105.37	118.30	148.60	153.85	142.08	118.90	125.22	125.71	128.54	113.00	130.41	158.46	107.69	138.16	110.21	29.71	75.39	131.96	138.55	125.64	120.36	93.33	114.49	119.81	102.95	127.56	150.28	132.06	97.75	99.80	127.18	123.64	114.14	152.54
QG37_02281	117.05	139.21	68.76	73.01	109.96	107.27	109.72	106.96	130.76	101.97	89.73	99.42	92.87	90.67	88.51	111.41	142.70	150.17	133.23	121.69	114.06	115.37	120.84	103.82	121.92	142.06	104.15	118.27	110.71	28.37	65.47	124.69	138.90	112.46	109.14	97.76	96.86	108.67	84.20	126.83	124.32	134.41	94.14	89.52	109.91	111.03	98.24	138.16
QG37_02282	136.44	139.30	81.28	67.20	115.79	97.76	112.42	117.74	151.96	110.46	80.59	80.94	106.53	105.90	97.74	123.84	130.25	144.66	163.21	126.12	131.95	125.43	143.29	104.90	127.32	159.12	95.38	142.46	120.94	34.55	63.12	143.69	124.51	107.99	107.17	92.39	108.03	112.61	95.05	139.31	140.98	154.26	89.38	46.14	59.87	57.68	52.51	75.81
QG37_02283	119.41	116.12	72.43	59.41	99.43	108.33	108.07	106.94	132.74	114.02	88.33	86.77	92.35	105.23	97.08	104.75	119.92	145.50	125.04	105.94	108.63	114.42	119.15	96.74	116.64	137.77	91.19	124.91	91.85	28.23	67.86	112.55	123.43	105.88	106.03	78.36	94.30	102.73	86.54	117.62	135.87	121.91	73.96	81.28	117.65	106.67	93.93	134.76
QG37_02284	110.89	155.38	53.91	78.32	110.32	122.03	111.58	136.24	136.13	118.34	83.01	89.40	100.25	104.78	102.43	119.57	131.47	155.61	159.53	107.16	130.97	132.36	121.75	109.92	114.72	167.02	101.68	132.41	110.61	29.23	76.66	129.17	140.71	125.65	124.68	85.28	84.61	91.45	95.36	123.95	140.40	133.92	106.26	87.67	95.09	120.49	98.07	155.63
QG37_02285	132.96	130.80	74.27	75.37	111.82	113.75	118.72	122.94	130.68	115.88	96.11	107.48	103.90	110.58	103.52	114.39	144.41	161.98	143.40	118.05	124.55	125.73	137.20	109.67	124.78	156.60	105.41	140.77	117.58	30.87	76.94	132.77	139.77	127.07	120.21	95.17	110.42	113.99	93.28	127.15	143.74	134.89	98.62	93.46	118.25	113.13	98.88	148.40
QG37_02286	119.59	114.73	64.70	73.55	102.89	106.03	101.44	107.06	121.24	97.76	87.58	93.59	96.58	95.45	90.40	105.39	127.47	136.01	117.04	104.55	109.02	109.48	126.53	93.55	116.38	138.64	90.01	112.25	95.02	28.21	69.38	105.80	119.86	111.70	107.74	90.20	103.69	110.54	89.90	119.87	121.85	125.66	89.55	84.80	88.84	103.51	97.70	133.61
QG37_02287	131.52	121.30	74.05	74.55	114.42	111.11	111.99	106.43	123.21	112.47	92.42	104.41	107.75	107.09	95.31	103.22	139.91	168.13	146.76	124.96	127.34	129.23	137.19	101.16	139.53	156.88	106.29	141.84	102.14	29.65	71.40	123.10	137.76	109.78	110.06	94.76	92.96	107.97	97.43	127.54	142.75	130.68	98.43	83.19	119.09	113.24	96.72	143.78
QG37_02288	116.34	136.19	65.06	74.29	123.36	124.83	108.78	127.15	132.08	105.28	90.90	94.18	104.57	108.29	99.00	105.86	148.59	141.48	142.59	120.39	123.50	116.72	123.84	113.68	116.27	164.86	98.29	127.53	114.83	30.54	76.83	139.82	137.39	124.33	111.23	87.40	102.90	106.74	78.64	132.23	145.29	131.52	85.79	85.86	108.23	101.23	101.14	135.87
QG37_02289	136.27	141.25	81.90	73.51	130.94	132.93	129.20	129.86	146.05	122.66	101.91	107.20	110.13	112.66	111.73	128.14	151.25	155.33	148.86	122.68	127.32	139.55	155.55	116.66	134.95	166.12	112.60	150.03	117.86	31.96	80.32	139.60	143.20	128.78	121.41	103.68	116.28	119.49	104.74	139.97	152.15	131.80	102.46	93.46	119.06	118.14	111.66	156.84
QG37_02290	132.69	136.64	75.38	77.30	119.15	123.08	114.40	112.40	126.36	105.90	96.61	96.63	103.71	106.68	102.76	117.60	143.17	146.87	143.38	124.30	122.00	114.46	134.69	107.75	125.56	141.62	99.54	135.61	105.51	33.88	77.60	123.06	137.22	119.62	111.41	93.75	104.36	119.94	90.75	125.29	147.65	132.46	96.86	91.98	116.52	123.28	102.39	146.51
QG37_02291	117.23	106.75	62.33	57.45	100.62	102.39	93.63	107.81	114.30	103.64	75.38	81.64	85.61	87.69	80.83	99.02	98.86	134.78	128.31	99.97	93.41	103.65	111.45	79.31	93.78	123.92	89.49	95.32	76.71	27.96	59.12	108.44	91.28	109.53	93.11	79.06	92.87	84.11	78.20	120.58	123.38	97.94	69.07	92.39	104.50	95.50	78.70	103.71
QG37_02292	109.80	113.30	82.17	67.83	121.21	127.08	109.70	116.16	125.72	111.65	102.09	100.97	97.90	103.66	89.61	120.73	136.76	167.73	137.34	132.80	90.06	104.26	127.22	106.95	118.24	152.43	98.66	122.12	107.45	30.05	58.68	115.58	124.53	117.44	131.79	87.05	104.72	109.00	99.36	112.14	160.34	125.16	93.54	110.08	110.71	110.45	102.35	144.75
QG37_02293	133.14	121.24	73.34	73.49	103.31	110.70	111.40	115.07	121.78	107.67	82.92	88.47	95.82	106.42	101.46	113.26	142.88	143.86	123.34	122.39	104.59	102.07	122.27	94.57	116.24	138.79	100.89	132.12	96.54	59.87	90.87	120.10	129.29	110.67	110.80	89.53	96.76	106.90	91.98	114.57	148.61	128.39	88.45	88.58	113.65	108.08	91.38	131.86
QG37_02294	119.92	104.36	61.44	64.95	113.07	111.03	112.78	100.02	103.01	109.18	93.52	94.40	93.29	114.87	80.62	105.83	125.97	132.01	140.26	111.99	116.28	117.07	118.33	95.25	122.69	136.64	95.15	112.39	100.55	30.46	76.37	124.23	115.89	109.55	115.21	80.95	91.37	101.96	63.06	102.04	129.51	111.64	76.09	81.62	106.44	91.59	100.42	141.09
QG37_02295	127.84	134.76	70.01	75.93	120.38	113.93	112.10	115.43	131.29	102.01	91.70	93.59	98.03	105.30	96.52	107.00	139.15	140.66	138.59	118.55	123.11	108.71	123.18	94.77	126.65	145.23	101.88	126.20	100.02	28.20	76.33	109.34	120.52	100.82	100.55	84.67	91.64	104.58	83.46	119.32	147.46	121.12	89.78	92.97	110.21	105.84	104.62	135.59
QG37_02296	132.16	126.12	72.57	73.92	117.38	116.44	111.50	111.61	117.34	99.98	99.56	99.44	92.90	104.52	100.58	123.33	141.94	155.69	133.62	119.39	118.10	116.35	128.77	103.74	124.06	152.70	98.72	138.10	101.55	25.23	70.01	117.69	134.29	123.76	104.62	93.13	101.11	106.61	96.32	123.97	151.67	137.56	93.19	96.62	109.91	112.62	105.02	132.40
QG37_02297	126.78	117.30	70.81	72.58	106.10	115.79	100.66	114.65	111.80	95.37	80.45	84.18	86.13	101.63	92.46	103.02	124.83	145.71	144.57	114.91	107.10	109.74	130.91	94.71	117.69	144.90	93.71	125.93	107.55	26.35	64.92	122.45	126.81	111.21	105.86	91.85	91.73	100.52	95.69	115.27	134.29	122.21	87.03	94.24	101.41	103.67	95.86	122.07
QG37_02298	135.95	122.45	87.22	70.81	109.16	121.21	117.33	112.67	112.65	109.45	98.66	105.10	99.16	109.92	99.99	114.97	149.84	143.67	140.02	136.06	130.18	130.31	144.32	125.13	129.30	158.22	107.80	137.52	120.97	25.63	77.93	133.78	143.94	127.69	104.59	92.60	115.59	118.02	105.53	135.79	133.99	125.82	98.99	95.50	117.53	119.92	105.35	154.06
QG37_02301	126.92	150.26	76.71	77.74	121.46	122.95	121.35	128.28	140.50	131.65	92.92	106.92	105.08	111.49	96.34	105.67	156.86	154.55	147.55	119.95	122.21	128.09	141.42	107.35	128.72	142.21	98.12	139.77	118.40	30.25	72.52	122.27	161.15	130.55	118.68	92.15	109.57	103.51	95.13	124.14	130.51	128.88	111.20	83.24	112.03	108.60	104.84	145.19
QG37_02302	118.92	131.18	71.61	72.76	108.26	117.18	122.75	123.01	117.21	110.91	84.29	97.33	97.91	114.56	96.18	124.89	145.00	173.91	143.47	117.75	126.67	123.08	137.27	114.61	127.92	146.55	107.14	131.55	112.84	33.00	79.35	126.48	141.06	125.88	107.60	83.47	112.39	129.13	95.51	126.35	135.94	138.48	101.46	88.37	111.30	113.56	103.62	145.68
QG37_02303	116.87	103.52	63.03	72.87	93.89	89.67	94.26	85.50	105.77	101.43	90.41	87.73	73.55	89.91	84.74	100.50	132.12	125.51	121.86	100.90	117.29	111.22	115.96	84.21	99.38	120.23	79.45	112.63	82.87	25.28	64.91	114.13	118.20	110.78	93.70	84.57	87.69	105.23	69.02	115.36	127.10	120.57	73.76	62.17	81.66	82.34	91.05	115.90
QG37_02304	77.43	80.69	59.95	73.18	87.04	73.73	80.52	92.29	87.34	90.70	73.13	88.02	72.50	87.08	65.64	103.31	130.66	135.72	121.86	91.55	84.96	103.19	106.61	77.83	96.93	108.86	72.29	87.95	81.51	18.54	64.51	106.01	112.29	99.70	109.49	68.15	83.84	94.99	70.80	100.35	114.70	97.71	81.49	80.23	90.59	89.87	88.07	113.70
QG37_02305	110.87	110.42	64.89	68.01	96.94	95.52	105.14	106.71	116.78	117.18	80.11	86.65	96.12	100.34	94.72	112.29	126.63	133.23	119.19	108.02	109.33	112.58	116.35	96.28	123.23	122.83	92.29	117.82	97.37	24.14	69.77	114.03	129.01	111.88	104.21	85.05	96.77	109.07	85.62	106.98	132.43	112.46	86.01	90.12	114.21	94.66	97.39	133.90
QG37_02306	117.23	107.15	62.31	64.41	99.55	102.84	103.10	108.29	121.73	94.17	83.44	88.36	88.22	107.47	89.25	109.82	126.33	138.67	117.67	106.54	104.83	103.66	111.49	95.75	113.82	132.66	86.79	114.94	94.23	27.54	65.31	109.41	121.61	103.88	87.84	79.07	90.56	103.10	77.84	104.92	128.06	120.94	85.59	83.95	95.84	95.96	93.89	122.94
QG37_02307	130.99	109.21	55.84	73.85	100.65	110.28	109.61	108.40	108.17	114.36	103.37	99.18	83.38	96.41	84.75	107.90	116.76	127.71	136.01	116.10	102.94	108.08	118.04	95.37	117.25	119.40	86.24	122.02	106.32	30.03	71.02	101.56	121.54	106.78	82.17	72.29	94.90	95.06	76.65	120.66	113.35	112.22	81.63	80.61	82.17	116.32	86.55	121.46
QG37_02308	140.14	139.83	82.08	82.63	123.65	119.86	113.77	120.21	143.36	128.70	101.14	109.77	113.89	120.37	111.21	121.41	148.96	174.83	139.75	132.46	129.46	135.86	137.55	107.91	138.32	159.16	105.63	150.31	118.01	30.46	76.28	131.36	153.32	124.31	125.63	97.29	115.60	124.90	101.21	138.31	158.19	138.61	104.09	102.57	127.78	123.15	112.33	148.83
QG37_02309	130.81	135.40	86.41	79.09	118.94	119.97	122.63	121.46	142.13	125.58	92.62	111.83	112.70	112.84	111.61	133.58	147.27	165.38	140.03	122.90	122.00	122.63	136.06	107.96	131.71	147.85	104.07	132.15	105.91	32.69	75.74	128.61	142.61	127.04	120.93	94.42	121.08	126.87	101.62	133.89	152.97	135.54	100.14	93.94	125.22	117.77	107.35	156.99
QG37_02310	142.42	149.93	75.74	77.79	121.57	113.73	128.15	121.07	135.29	117.04	97.55	91.72	111.91	115.09	99.63	120.40	152.52	165.47	129.99	122.85	114.47	127.03	131.45	110.55	127.77	153.61	115.24	127.62	111.54	27.53	85.87	129.54	139.74	134.41	108.12	85.16	100.69	122.24	101.80	126.69	147.82	125.62	97.88	107.11	112.63	111.53	107.27	149.58
QG37_02311	117.09	136.26	71.37	67.37	103.39	108.91	105.61	101.39	120.83	98.19	93.07	98.64	102.04	104.57	102.44	108.15	146.55	155.13	132.18	116.79	118.79	109.92	122.64	107.84	126.58	146.36	106.10	128.19	98.09	28.95	75.08	111.45	135.16	114.94	112.18	99.49	102.82	106.76	92.99	110.63	135.66	121.64	91.59	95.40	106.81	106.99	95.60	132.93
QG37_02312	138.75	128.76	72.01	84.19	110.44	123.77	114.32	125.62	133.02	102.06	99.51	100.02	108.51	99.52	104.54	126.56	150.94	145.79	142.00	124.39	126.88	120.46	130.11	103.60	124.06	138.82	106.85	121.40	101.59	30.75	71.42	123.36	136.87	121.02	129.73	93.17	111.82	117.24	96.63	115.87	146.86	131.92	89.00	92.30	116.61	120.81	95.61	150.64
QG37_02313	139.02	138.92	74.77	82.03	111.71	116.82	122.15	123.96	132.13	122.78	98.36	109.50	100.27	114.52	116.47	131.09	132.08	169.25	167.64	134.61	127.26	136.14	144.58	117.26	124.19	169.74	105.78	133.08	119.47	35.14	83.11	122.54	140.26	113.14	120.96	88.60	120.91	127.55	96.84	124.24	156.13	142.74	96.01	95.02	127.70	123.54	111.88	141.10
QG37_02314	97.52	110.43	56.45	53.85	94.88	99.78	97.51	90.46	130.13	106.87	82.68	78.32	91.42	93.02	100.18	93.19	115.92	115.38	116.02	98.28	90.67	100.95	96.63	86.63	110.00	120.72	84.48	122.92	95.52	27.45	65.15	107.73	114.39	114.75	97.83	84.83	89.27	99.54	71.77	86.33	103.05	96.49	70.29	76.27	94.28	98.88	83.30	118.62
QG37_02315	132.64	151.87	74.55	72.43	115.16	128.40	135.31	114.98	155.27	148.47	94.44	113.75	120.54	119.21	109.44	120.23	173.73	135.23	150.00	132.91	127.00	132.83	142.53	119.86	134.50	167.63	106.27	155.38	128.97	35.42	88.39	143.97	144.03	129.16	122.47	106.79	110.06	129.93	106.18	136.44	130.18	129.68	103.44	108.39	125.94	139.69	109.95	165.36
QG37_02316	129.69	124.97	75.33	75.17	107.19	117.61	117.30	118.61	121.60	110.95	98.70	94.77	91.70	107.70	105.28	111.66	143.20	147.82	124.74	112.36	120.13	114.34	135.79	102.28	112.05	144.29	95.69	124.00	97.27	29.27	60.66	123.09	133.42	125.00	97.22	93.12	109.02	110.03	81.42	124.44	147.32	109.60	91.44	92.52	110.14	112.49	101.64	138.96
QG37_02317	111.26	136.62	82.66	74.34	104.71	116.78	120.90	128.77	122.83	101.37	89.23	87.93	105.50	113.05	104.37	134.04	135.12	146.51	123.39	126.29	123.23	111.20	136.11	88.62	99.86	154.38	104.13	123.82	73.72	25.43	77.16	108.95	131.92	106.53	114.46	83.74	122.22	110.97	84.17	113.21	148.62	104.98	75.67	97.91	98.91	93.01	110.47	143.89
QG37_02318	101.30	98.15	61.64	54.33	73.46	92.95	75.66	95.84	91.57	87.80	77.97	68.77	83.67	90.47	71.98	94.57	128.04	96.51	109.85	95.28	94.94	88.97	83.20	73.47	88.37	95.91	73.40	106.09	89.29	21.24	50.19	86.11	98.21	97.13	92.25	80.82	78.80	99.88	65.56	103.03	112.88	99.54	80.97	78.85	95.66	94.86	69.61	104.72
QG37_02319	111.26	120.31	65.90	68.58	110.68	114.18	101.06	115.62	121.54	101.84	86.00	93.74	90.96	99.89	104.27	107.45	128.32	140.22	126.04	124.96	105.13	111.41	136.62	96.44	125.38	147.41	102.74	125.60	113.95	29.84	73.67	119.66	135.16	124.06	109.42	92.65	102.28	100.65	91.67	113.86	138.83	127.18	96.75	82.74	106.58	117.69	99.30	136.41
QG37_02320	126.94	131.37	85.98	81.68	121.51	107.90	102.59	112.30	132.00	117.46	89.54	90.41	110.60	104.93	97.50	99.87	123.79	116.21	137.17	121.21	109.13	127.04	150.02	107.88	123.64	153.74	92.42	126.09	90.51	28.55	81.92	123.87	143.98	112.90	122.22	101.85	99.85	110.57	97.88	114.86	148.64	126.55	93.15	77.22	114.60	122.86	107.34	140.85
QG37_02321	130.33	136.00	76.84	73.27	122.17	107.35	121.60	120.27	118.75	114.13	96.17	96.76	112.42	101.71	106.21	113.22	151.63	159.95	146.86	124.18	123.73	125.02	135.89	116.05	123.64	144.73	108.82	136.78	110.28	27.30	68.90	124.96	152.38	117.30	116.98	94.09	102.60	109.26	84.71	123.17	138.39	128.22	89.45	90.19	118.62	129.55	105.27	163.88
QG37_02322	124.89	135.85	62.69	74.75	115.65	115.64	127.08	122.54	125.58	118.63	90.24	97.74	109.65	111.52	104.96	113.42	137.39	149.88	138.96	125.86	118.95	100.64	135.16	99.63	130.59	153.49	103.63	118.01	111.88	33.78	69.59	140.38	153.29	116.86	106.74	75.34	99.26	117.10	93.93	122.87	149.41	137.96	90.36	89.58	115.35	107.83	96.42	143.01
QG37_02323	143.19	154.49	84.70	69.22	136.66	144.35	119.13	126.06	144.77	132.42	110.08	113.30	137.98	107.63	107.82	112.27	126.39	160.80	167.56	126.15	135.53	120.54	151.83	104.69	124.62	167.14	100.18	121.38	124.49	29.38	84.05	137.30	138.81	136.76	125.84	99.34	112.27	122.47	107.41	135.65	169.85	150.22	113.07	104.52	144.95	128.44	121.27	147.16
QG37_02324	133.04	129.43	71.40	71.21	119.65	115.44	112.66	111.25	123.98	110.50	92.33	103.24	102.71	112.57	104.56	109.23	126.74	146.80	145.48	120.47	119.56	116.42	128.99	104.27	124.67	146.63	99.13	128.06	102.46	30.91	72.77	118.02	128.32	113.08	106.41	90.54	102.79	111.73	89.29	122.58	137.42	127.18	93.25	96.58	109.34	116.25	103.29	146.56
QG37_02325	106.00	115.66	62.35	74.56	107.16	107.58	106.11	117.04	130.93	95.27	84.75	97.96	90.69	102.64	99.25	120.89	126.95	164.21	131.51	116.61	108.63	125.53	129.31	118.28	129.61	143.37	93.96	126.38	118.67	24.29	77.49	111.79	126.20	125.63	113.37	89.27	106.48	115.10	88.07	120.84	139.85	120.36	97.53	84.12	100.33	118.11	98.96	152.42
QG37_02326	101.52	91.67	53.36	59.45	81.88	90.52	92.85	87.62	95.34	80.44	70.90	69.22	83.26	93.31	86.41	88.80	110.42	124.84	95.41	93.52	89.68	99.69	106.93	88.54	90.58	111.69	74.76	102.04	68.72	20.77	56.14	98.18	96.86	88.78	84.14	76.07	75.27	93.04	72.81	97.38	106.89	98.08	71.68	63.62	83.61	86.28	78.90	101.12
QG37_02327	76.07	91.26	40.03	52.48	73.77	78.32	96.14	74.27	107.37	79.09	75.95	67.93	69.36	73.31	81.21	69.59	97.66	90.62	107.68	85.98	80.54	102.19	85.79	77.32	86.50	107.06	68.86	88.27	67.15	30.92	44.15	80.57	91.61	81.99	78.46	70.29	82.78	84.05	66.68	102.50	104.80	96.90	77.63	92.07	111.23	98.91	80.62	140.91
QG37_02328	103.41	118.70	69.37	66.91	100.18	109.48	96.17	107.04	102.88	101.99	72.16	85.35	91.91	102.11	101.12	95.16	135.22	116.98	118.78	93.66	110.69	99.55	91.88	97.38	102.09	132.16	81.14	120.02	88.51	26.45	69.35	120.15	127.03	106.02	110.57	82.62	108.40	114.22	81.15	121.80	130.97	105.45	96.30	84.14	107.72	107.64	100.01	118.77
QG37_02329	126.04	130.35	71.21	68.22	113.41	113.05	113.20	112.69	132.69	109.99	89.13	106.26	99.29	101.04	109.35	113.15	140.29	162.69	153.63	120.30	125.06	115.05	135.58	112.59	123.89	153.65	105.56	139.33	108.99	31.70	75.98	136.55	129.30	120.87	118.24	91.45	110.79	113.95	93.15	126.37	150.62	134.25	102.18	100.35	111.12	118.10	102.24	151.86
QG37_02330	115.12	117.63	64.57	74.16	105.23	103.92	97.17	104.19	139.42	95.24	83.24	86.55	87.63	98.71	91.93	94.33	131.22	143.50	115.58	96.63	103.62	104.37	119.11	93.33	119.91	125.83	93.39	132.13	96.23	23.38	66.24	116.04	131.55	108.52	107.66	82.74	104.81	101.70	73.61	111.71	118.86	108.65	83.32	66.74	89.18	97.12	85.66	117.72
QG37_02331	94.87	77.27	50.50	52.89	83.52	79.28	89.99	80.86	72.05	68.84	59.01	49.43	56.00	82.67	80.55	84.85	99.94	126.75	80.74	93.07	95.67	111.95	95.62	69.52	89.08	106.97	63.21	102.25	88.58	25.20	44.18	78.28	84.42	99.87	107.13	76.67	86.53	100.74	64.30	94.48	105.52	97.85	72.52	20.02	24.92	37.68	17.07	35.18
QG37_02332	118.74	119.02	50.06	54.73	81.62	73.51	88.57	76.07	85.53	73.69	58.69	58.58	62.29	68.30	93.11	97.54	92.78	118.57	96.33	82.05	88.16	89.06	94.68	87.38	87.23	118.71	74.95	102.24	62.72	33.15	62.75	96.75	107.79	87.24	105.67	83.57	86.05	100.74	68.77	88.29	104.53	87.65	76.72	54.34	73.16	69.52	62.63	102.52
QG37_02333	100.20	107.09	60.69	66.88	90.80	100.16	101.25	96.16	92.43	92.64	80.16	73.77	79.82	90.68	78.82	104.95	112.77	135.36	105.56	93.21	99.86	105.94	116.02	93.10	115.67	124.13	94.53	108.75	88.56	21.94	62.97	103.17	106.27	105.81	80.88	78.14	85.47	98.75	79.42	114.47	142.09	102.60	81.84	76.26	91.49	106.89	97.46	115.45
QG37_02334	135.51	133.17	76.15	75.62	123.78	115.58	117.14	116.30	137.63	119.58	98.04	105.89	109.55	116.93	109.60	120.29	148.98	163.59	146.87	122.22	122.53	123.70	135.59	108.25	127.59	147.10	113.95	125.64	108.01	30.56	79.38	120.89	139.70	114.48	112.64	97.01	125.23	134.97	96.93	126.96	151.11	118.55	94.42	92.92	118.10	121.38	113.74	156.11
QG37_02335	117.63	117.43	64.20	62.48	102.26	99.85	107.00	117.30	105.91	96.04	99.48	84.77	94.13	114.64	100.58	112.89	134.01	147.58	129.04	105.54	107.79	115.38	125.71	102.40	109.11	124.38	99.14	118.06	96.01	29.64	60.91	113.27	118.26	109.58	107.44	93.57	98.79	118.51	86.40	121.91	139.12	106.83	99.24	91.07	110.26	107.54	101.79	119.04
QG37_02336	134.10	132.67	73.76	79.40	122.62	115.06	113.88	113.64	131.32	112.01	96.75	92.80	94.51	115.90	104.61	120.30	146.51	159.17	137.12	125.42	137.94	121.98	138.83	115.79	134.06	156.68	106.47	135.11	105.10	28.67	78.57	133.51	148.39	126.01	113.08	99.49	128.72	125.28	99.65	136.88	159.51	134.02	99.07	90.69	126.57	112.98	109.36	144.53
QG37_02337	128.22	130.44	69.08	80.89	117.53	119.47	113.52	119.24	123.56	115.66	95.95	100.72	95.89	105.45	107.55	118.45	154.99	166.07	132.92	115.34	110.50	119.21	133.46	111.23	123.42	137.75	99.05	126.30	107.40	34.03	72.04	122.80	134.32	120.59	111.51	93.37	107.22	115.81	97.91	114.98	148.59	124.89	87.43	94.61	118.17	125.05	96.22	142.32
QG37_02338	105.36	105.23	59.20	53.00	88.52	90.74	86.32	99.74	117.00	86.91	90.99	89.76	97.76	100.50	72.27	96.90	109.34	111.83	114.72	93.10	109.93	112.46	112.58	98.87	105.44	130.88	82.19	86.01	78.20	35.85	81.58	120.64	124.59	78.61	82.88	71.46	87.48	94.92	86.57	93.29	127.72	102.48	82.27	77.81	98.06	96.69	87.35	133.81
QG37_02339	124.38	110.87	64.32	68.99	88.72	112.26	108.80	109.55	122.78	117.12	79.41	93.11	95.91	106.16	88.07	103.44	110.41	161.55	143.81	106.23	91.33	100.06	123.03	106.67	122.31	135.13	102.80	105.57	108.41	30.04	68.79	101.97	106.43	122.26	96.34	82.08	107.62	104.41	85.82	100.37	140.29	114.70	83.04	93.36	92.76	101.92	96.31	118.51
QG37_02340	130.75	127.44	74.74	61.24	112.29	115.53	116.54	117.25	126.26	110.57	77.95	92.23	93.27	103.97	104.09	113.67	134.68	149.07	129.75	120.73	118.28	118.01	130.79	94.49	126.31	148.76	105.36	122.06	110.12	24.32	60.86	119.02	121.91	110.31	119.05	89.82	109.00	118.37	91.91	118.07	142.17	118.57	103.26	90.05	114.78	99.52	91.71	134.24
QG37_02341	128.17	139.27	71.77	78.62	116.61	125.90	120.45	114.25	136.23	121.66	96.06	97.69	109.09	112.09	106.07	114.92	151.77	155.51	137.09	131.46	125.54	125.28	138.34	109.23	129.65	155.81	103.21	139.14	113.00	31.94	77.12	129.29	139.79	121.05	115.61	101.53	108.83	124.05	107.46	126.47	140.72	139.40	102.39	98.88	120.22	122.63	109.14	152.01
QG37_02342	135.49	141.42	77.82	76.84	122.79	124.85	114.07	121.40	150.58	115.44	97.14	104.82	108.75	114.19	95.24	117.38	132.20	151.34	131.13	132.38	123.86	117.21	138.08	97.24	121.49	145.82	103.36	132.12	110.86	29.47	80.79	129.59	134.63	129.07	106.76	100.75	105.18	116.26	101.03	125.30	127.97	130.63	92.87	99.40	129.87	118.55	90.76	137.13
QG37_02343	117.35	137.88	73.93	69.57	107.58	104.77	122.82	117.25	127.60	110.66	94.35	98.73	116.20	106.66	99.16	119.37	130.73	144.04	133.69	121.37	120.24	111.80	130.47	109.60	119.05	136.58	110.13	139.33	120.02	30.86	72.03	133.76	138.00	108.61	114.26	94.15	111.04	111.89	88.41	110.30	133.00	122.82	88.43	87.88	102.87	108.45	110.88	143.62
QG37_02344	147.82	173.10	89.20	73.74	136.60	129.68	152.75	110.80	147.90	126.05	97.19	111.46	117.18	108.01	111.68	115.08	160.16	148.10	146.30	149.89	122.03	132.64	137.56	115.72	140.10	152.25	125.29	136.18	112.43	31.31	71.43	118.91	153.39	135.14	114.37	81.39	102.82	123.64	95.78	126.15	140.06	156.53	98.59	100.63	130.78	127.61	130.08	134.09
QG37_02345	155.01	142.07	87.77	78.96	140.54	134.97	142.77	122.73	155.40	121.89	101.00	103.61	118.04	111.17	107.58	134.32	159.92	168.37	154.26	146.66	124.20	129.78	146.07	108.86	137.86	165.40	116.84	139.50	120.48	32.77	76.95	132.32	154.41	138.02	120.45	102.07	108.83	122.32	108.85	131.79	164.15	144.05	97.66	100.68	126.81	122.88	107.99	150.52
QG37_02346	126.21	126.28	77.37	73.69	104.27	115.75	110.16	121.34	118.26	110.60	89.05	92.55	96.82	103.75	97.78	119.88	142.33	142.67	137.23	115.13	126.86	124.01	128.84	104.60	124.37	136.06	96.82	127.97	100.89	44.41	79.80	120.93	125.92	122.53	117.00	97.39	110.17	120.09	99.82	110.65	134.50	119.79	95.56	85.97	107.84	104.15	89.71	127.88
QG37_02347	113.72	104.60	46.93	49.88	80.20	83.37	89.24	93.52	96.54	85.03	70.65	81.12	85.13	60.67	69.86	79.45	114.07	109.27	101.90	92.04	84.46	87.86	108.69	80.20	87.14	93.39	69.05	94.86	73.11	24.40	44.92	98.40	125.43	95.56	77.81	62.01	85.23	97.07	70.90	109.80	102.76	100.01	68.95	76.24	96.90	96.32	78.29	128.93
QG37_02348	111.11	104.15	70.50	75.59	99.78	104.43	108.31	110.90	116.90	101.86	86.61	101.24	101.56	88.56	98.61	113.66	130.15	141.67	110.71	124.86	114.03	112.09	139.87	89.98	109.43	130.27	97.90	124.37	105.26	29.47	65.44	104.74	123.98	104.64	102.45	80.40	95.46	109.73	90.84	121.71	141.49	115.33	87.27	83.54	105.21	106.42	88.67	128.54
QG37_02349	114.88	101.69	71.01	86.27	101.96	96.39	112.48	101.95	121.77	121.12	106.71	85.93	101.77	98.60	97.41	110.50	131.07	125.25	116.53	125.47	126.30	120.37	118.78	112.04	117.15	140.79	99.94	138.67	105.61	20.40	74.13	111.41	126.15	113.66	112.67	97.92	119.56	104.00	85.71	127.90	135.66	114.83	92.03	97.11	119.12	107.20	98.59	145.42
QG37_02350	130.32	134.41	77.61	60.59	120.93	107.81	128.54	116.16	114.68	120.01	93.63	104.38	103.46	109.08	97.93	106.38	144.96	163.16	139.54	121.37	101.39	126.55	136.95	105.27	117.96	148.94	99.76	110.50	95.78	38.04	68.16	112.92	118.67	129.53	103.69	92.05	110.30	117.03	99.64	140.32	134.25	120.87	102.85	93.25	116.87	117.89	99.01	139.42
QG37_02351	124.11	126.19	70.28	66.62	113.91	109.57	111.66	115.58	118.09	108.34	88.34	98.29	92.09	100.43	103.07	113.88	147.28	136.47	131.40	128.19	110.83	121.67	122.85	97.62	126.53	152.05	101.14	129.08	101.39	28.32	74.73	120.88	131.86	109.34	109.56	96.54	107.35	111.66	90.98	124.55	125.86	120.60	106.22	86.71	113.70	118.35	102.48	152.71
QG37_02352	134.09	134.52	78.04	77.55	123.00	105.18	120.97	127.63	124.09	104.91	92.53	99.40	102.04	108.25	103.60	121.82	141.05	146.15	131.83	127.74	132.82	126.59	138.49	106.02	124.23	142.98	107.58	136.97	111.28	29.38	80.86	134.56	144.95	128.69	108.05	98.99	115.16	125.35	98.85	140.54	135.37	135.23	89.70	93.68	118.24	121.59	103.87	133.46
QG37_02353	116.88	121.79	69.71	73.48	108.64	113.35	112.09	108.08	117.12	111.48	89.86	91.65	94.81	103.14	99.49	108.68	138.00	147.27	125.80	107.50	122.64	117.42	133.76	99.07	116.50	134.21	95.11	125.17	100.53	64.40	101.86	115.52	124.55	125.66	107.43	84.13	96.61	111.13	98.55	119.86	140.84	121.34	90.81	93.32	105.99	104.36	104.85	136.84
