GENE	CDC_B11096	CDC_B11097	CDC_B11098	CDC_B11099	CDC_B11101	CDC_B11102	CDC_B11103	CDC_B11105	CDC_B11112	CDC_B11113	CDC_B11114	CDC_B11115	CDC_B11116	CDC_B11117	CDC_B11118	CDC_B11119	CDC_B11200	CDC_B11201	CDC_B11205	CDC_B11206	CDC_B11207	CDC_B11208	CDC_B11209	CDC_B11210	CDC_B11212	CDC_B11213	CDC_B11214	CDC_B11215	CDC_B11216	CDC_B11217	CDC_B11218	CDC_B11219	CDC_B11220	CDC_B11221	CDC_B11222	CDC_B11223	CDC_B11224	CDC_B11225	CDC_B11226	CDC_B11227	CDC_B11228	CDC_B11229	CDC_B11230	CDC_B11243	CDC_B11244	CDC_B11245	CDC_B11246	CDC_B11247
QG37_04907	51.08	69.22	38.31	49.40	64.98	70.97	54.71	69.26	70.99	62.03	40.08	47.94	52.53	58.30	57.41	61.92	78.93	104.25	90.26	61.91	65.31	76.71	89.45	79.39	69.25	67.55	59.83	68.11	49.24	16.56	51.10	68.66	80.70	77.44	65.96	60.76	67.78	63.96	61.82	78.87	84.53	69.96	57.68	50.62	74.17	63.08	58.74	96.24
QG37_04908	101.56	109.61	53.32	60.72	76.10	89.56	88.17	97.53	102.13	82.13	79.21	75.47	86.40	87.93	88.16	99.53	118.75	122.43	125.03	89.28	94.20	109.45	106.38	88.23	97.83	106.96	78.25	96.47	81.05	24.02	57.87	98.46	125.31	100.20	103.15	75.57	82.37	93.60	74.12	93.79	106.52	87.03	73.54	82.60	94.41	96.00	99.12	144.35
QG37_04909	92.96	94.81	52.44	62.14	85.99	95.65	86.11	90.18	103.02	94.97	84.15	72.44	85.69	94.15	86.83	109.80	105.95	127.08	126.63	83.86	102.60	115.01	110.56	97.91	107.64	144.94	81.79	102.30	76.57	26.71	70.51	108.36	125.47	109.36	86.45	77.23	88.69	98.91	75.46	109.69	125.00	110.59	81.31	83.70	98.58	107.84	90.21	134.33
QG37_04910	88.47	102.91	57.43	62.88	81.50	81.33	93.73	99.07	106.13	80.98	64.50	81.85	85.02	84.64	80.83	88.42	119.05	132.15	113.45	88.90	96.22	102.65	99.20	95.34	87.38	106.66	77.40	103.51	73.05	30.45	64.81	93.20	109.19	94.05	94.78	72.96	74.47	84.24	80.26	95.07	127.71	103.95	77.10	83.71	81.82	91.64	87.66	123.65
QG37_04911	105.95	104.07	64.66	59.40	81.43	74.62	88.30	102.73	100.76	83.30	74.89	73.86	84.27	80.44	89.03	110.06	130.06	116.99	117.22	88.17	104.48	96.98	114.95	88.50	112.92	122.06	81.63	107.37	81.43	21.78	58.26	110.13	104.99	97.00	91.52	70.21	85.22	102.55	77.97	105.04	124.05	105.59	81.12	78.53	99.78	93.57	81.77	135.19
QG37_04912	118.92	109.64	58.32	67.91	103.86	87.17	101.03	99.09	97.74	80.44	72.59	76.10	76.29	94.31	85.63	101.43	121.20	132.59	135.27	96.31	106.01	101.14	107.26	105.41	109.72	115.48	86.78	117.37	79.62	21.89	55.83	97.14	107.74	89.79	95.10	78.26	88.97	92.53	77.92	110.49	120.40	112.89	87.09	76.78	107.21	101.83	103.54	121.26
QG37_04913	107.41	103.45	51.18	66.35	84.48	83.82	95.44	98.55	109.53	84.71	58.75	83.76	88.01	90.20	90.30	103.89	114.89	128.94	121.96	114.08	110.08	102.08	110.32	111.89	96.64	133.10	89.04	123.11	85.49	34.84	84.25	99.59	134.50	112.62	97.27	73.91	106.34	118.21	74.46	119.69	110.95	99.54	102.56	81.20	82.89	87.00	99.33	130.60
QG37_04914	116.28	118.97	65.74	72.90	95.24	95.56	105.96	102.32	102.82	94.54	77.63	90.57	88.13	110.48	102.94	104.95	139.78	140.50	122.51	107.27	103.57	113.55	109.54	93.64	128.16	136.18	84.18	117.12	80.79	28.82	75.02	114.42	115.95	110.49	97.32	82.80	89.88	98.34	86.15	97.68	129.09	115.37	92.86	83.76	111.14	94.62	104.05	125.44
QG37_04915	121.14	110.64	62.47	61.09	106.64	96.80	87.60	91.77	109.72	101.34	81.82	85.95	88.43	86.18	106.52	112.57	133.97	147.96	125.92	108.03	112.32	110.31	131.70	92.56	115.29	122.17	96.17	109.69	77.71	27.11	60.69	106.29	125.66	98.53	103.05	83.97	107.03	99.71	85.54	115.78	131.65	104.46	87.90	88.31	108.32	119.34	92.93	145.10
QG37_04916	111.39	114.38	79.19	71.06	117.70	110.82	100.32	118.55	133.28	120.04	96.46	105.53	100.83	104.12	95.84	109.85	150.86	158.65	153.37	126.04	119.56	138.35	159.01	120.82	148.22	141.16	98.67	135.75	114.85	30.56	75.68	121.88	135.55	106.43	116.06	94.46	113.48	133.73	86.86	126.85	147.41	148.56	101.33	97.37	123.39	122.49	115.25	140.58
QG37_04917	116.25	125.14	76.94	73.46	117.90	113.36	113.00	104.30	122.67	114.03	86.78	101.41	106.28	110.42	110.47	113.12	149.42	155.78	145.33	105.49	117.63	115.00	133.29	118.21	122.47	131.45	95.80	118.66	107.33	29.23	73.59	119.68	129.79	124.61	107.73	101.64	107.01	116.56	92.11	128.00	139.08	132.24	95.70	79.57	118.81	107.42	107.92	139.97
QG37_04918	123.69	122.56	77.69	76.03	114.47	106.42	114.23	123.72	114.99	108.02	93.16	93.66	96.51	110.90	108.53	118.98	138.09	156.02	139.37	132.21	132.88	122.52	141.11	118.66	132.23	143.13	97.28	116.80	100.44	32.73	71.80	129.73	139.19	120.92	117.15	104.58	110.13	118.95	91.55	115.30	135.21	125.45	111.38	92.42	117.72	116.08	101.41	145.73
QG37_04919	94.72	102.11	66.28	69.68	88.24	106.05	96.34	101.39	117.67	86.68	73.17	77.22	71.03	84.19	97.59	96.63	117.14	140.59	108.30	117.64	100.91	113.18	111.18	95.39	108.19	103.44	88.75	96.68	86.04	22.42	66.22	96.96	126.17	94.90	90.07	78.91	98.60	106.13	80.61	101.26	118.90	112.61	87.55	81.21	114.15	112.88	92.29	134.26
QG37_04920	119.24	121.24	65.59	80.83	111.79	107.40	112.77	103.98	121.28	104.72	84.38	95.11	93.42	112.96	95.80	119.01	131.92	149.94	129.48	104.81	108.63	114.18	127.17	99.30	125.65	133.77	104.40	118.48	101.52	29.68	65.61	122.79	127.29	112.30	106.08	90.97	89.90	113.01	88.13	120.76	137.25	121.16	100.94	89.22	119.73	111.55	94.72	141.55
QG37_04921	112.58	132.47	67.65	60.02	111.29	109.21	116.65	127.21	117.63	107.81	96.32	97.96	105.24	109.00	110.81	116.77	129.42	145.15	146.00	119.30	131.18	119.89	116.36	102.34	138.22	133.41	88.56	115.51	118.47	27.68	77.29	110.78	117.27	107.95	92.56	73.01	102.79	105.61	83.67	124.43	140.22	135.47	90.53	93.41	111.94	95.15	93.46	125.53
QG37_04922	121.51	120.02	71.33	67.52	112.07	110.86	111.54	114.69	129.18	104.60	81.93	92.20	88.68	99.60	100.57	98.11	133.04	137.39	127.91	108.13	107.77	118.36	128.93	98.58	120.85	142.21	93.52	120.78	107.44	30.79	73.71	115.13	123.70	96.61	100.59	88.36	103.12	109.71	84.82	124.49	130.40	119.34	94.78	89.43	109.85	106.20	95.83	130.35
QG37_04923	119.88	118.74	68.93	65.62	111.89	117.24	112.33	105.41	118.70	91.95	96.29	79.68	85.45	98.14	103.88	105.14	134.63	134.61	126.69	96.17	125.88	122.13	126.92	99.92	117.68	138.31	110.41	122.22	94.82	25.32	67.51	125.12	130.62	120.84	106.40	88.59	101.37	118.98	92.70	112.02	128.03	114.17	96.19	97.72	111.49	119.35	94.31	130.27
QG37_04924	117.30	121.23	72.72	76.24	108.20	113.71	109.04	112.67	117.39	98.37	84.59	84.90	94.80	105.26	90.30	100.49	129.97	142.54	122.48	104.86	115.66	106.74	135.28	91.00	113.36	148.18	98.73	121.81	105.75	25.63	66.85	115.02	113.13	108.70	98.49	87.95	95.91	105.87	85.34	105.33	119.29	96.44	81.21	80.73	105.37	109.58	98.39	143.68
QG37_04925	131.63	132.17	63.64	61.31	123.56	96.42	97.57	105.16	117.21	116.49	82.42	103.40	95.50	80.50	102.45	108.24	124.23	138.42	128.45	124.08	122.76	115.65	118.90	92.88	108.86	141.34	87.10	117.58	89.45	29.60	72.83	105.53	133.01	123.11	106.41	93.44	97.18	117.46	86.85	116.61	152.66	123.43	91.09	44.02	56.87	59.16	46.39	76.19
QG37_04926	92.58	90.29	35.09	52.02	87.38	70.20	80.92	61.51	73.91	60.54	47.95	62.65	71.53	56.91	52.58	65.23	85.27	85.78	84.29	81.85	69.19	80.58	99.61	72.31	81.44	92.70	47.61	83.34	76.96	20.19	54.73	92.60	82.56	59.96	59.12	50.56	58.08	66.01	50.26	72.83	64.58	65.19	42.84	51.37	66.96	63.25	54.17	73.44
QG37_04927	143.62	143.00	70.31	72.69	129.25	113.44	114.59	114.54	119.21	113.96	80.95	98.51	99.86	110.44	105.82	102.58	138.31	144.45	135.94	139.74	121.16	113.73	159.79	116.65	132.58	135.01	96.61	145.86	122.10	28.22	76.08	129.61	128.20	108.93	100.86	85.84	99.09	106.26	92.62	124.73	132.78	123.71	85.71	90.14	115.25	110.59	90.92	138.72
QG37_04928	136.29	132.16	72.38	75.67	114.65	114.60	121.04	125.45	127.43	113.47	95.90	103.79	102.98	112.83	112.97	126.79	146.37	146.59	135.37	125.10	117.32	124.19	133.48	108.13	121.22	138.82	102.81	132.28	104.08	27.11	77.62	129.47	149.18	113.30	114.43	105.89	109.06	115.35	94.49	130.43	146.71	137.22	97.48	90.50	120.34	114.52	101.67	148.20
QG37_04929	123.92	130.83	80.93	71.88	118.06	107.73	122.45	115.11	125.47	108.62	94.39	99.46	95.21	108.46	106.19	129.53	122.57	147.00	132.54	108.46	112.61	107.41	124.57	98.70	127.97	148.26	103.93	127.84	102.90	27.90	67.13	124.00	125.00	115.43	93.80	84.15	94.87	112.64	84.94	128.12	137.96	121.94	108.95	86.79	117.16	102.79	85.48	132.72
QG37_04930	124.01	117.88	73.60	75.07	102.22	114.68	106.30	112.53	124.02	108.48	89.75	89.15	102.58	102.15	95.05	114.08	141.29	148.14	130.46	122.48	115.88	123.57	115.18	105.65	114.32	148.82	101.08	127.48	99.32	33.19	76.86	120.00	128.67	117.12	106.59	94.74	97.08	112.74	94.80	132.74	138.20	124.34	88.67	80.30	102.04	100.83	91.85	125.19
QG37_04931	117.96	117.03	71.15	64.18	115.00	116.39	115.00	118.01	130.30	108.73	91.75	90.19	98.72	95.18	93.44	105.72	131.90	142.06	136.82	116.94	121.32	127.13	112.16	98.50	118.49	138.73	92.99	121.63	106.43	31.94	68.35	115.76	132.43	113.25	110.82	93.35	107.68	103.13	101.97	121.23	141.96	127.10	84.39	91.75	118.87	126.43	90.17	138.55
QG37_04932	65.22	73.76	35.45	44.34	64.57	65.87	68.01	68.87	77.46	63.78	53.14	49.10	65.70	52.40	62.12	64.55	81.03	78.17	73.71	50.17	58.56	67.72	54.94	60.95	64.56	74.47	50.70	72.06	51.61	14.22	41.71	70.43	66.03	56.25	54.40	54.00	63.32	58.71	52.83	70.26	80.05	82.38	49.50	54.94	72.90	65.04	54.96	80.82
QG37_04933	125.74	127.62	72.19	71.56	110.05	120.83	113.91	121.79	125.93	113.71	95.40	99.71	104.27	109.73	110.98	121.96	144.64	147.37	133.77	125.24	122.19	121.71	133.29	99.58	124.31	148.92	104.95	143.11	107.20	32.38	69.91	123.88	134.79	118.31	108.84	95.04	112.86	114.17	91.52	116.23	137.32	123.26	90.89	90.54	116.61	106.35	102.55	141.33
QG37_04934	125.30	149.77	70.95	77.66	109.01	103.99	113.19	117.96	123.30	97.54	78.38	105.33	97.64	107.94	97.48	125.30	143.75	140.48	130.88	111.10	108.33	118.69	109.52	104.16	130.57	140.54	105.55	135.48	105.09	30.13	71.20	112.66	157.34	126.01	119.69	84.12	97.59	124.85	80.39	121.33	144.75	107.01	94.78	81.40	115.24	101.99	114.33	132.96
QG37_04935	118.26	127.55	84.32	69.80	93.76	117.85	114.74	115.51	125.53	98.32	78.99	96.19	88.38	97.45	94.59	104.87	133.60	154.86	142.32	110.11	102.37	103.31	124.74	97.08	105.29	126.38	99.91	140.76	97.05	29.47	63.54	111.51	135.72	104.70	98.13	76.94	89.87	101.56	77.78	121.67	154.48	128.69	84.49	84.41	102.00	114.70	108.25	113.28
QG37_04936	113.29	125.49	67.14	80.14	101.62	100.93	109.28	118.51	136.09	126.73	109.08	105.04	101.78	112.06	97.52	130.23	130.37	159.97	127.45	114.45	108.46	115.40	138.94	107.48	127.48	140.71	94.12	130.90	107.29	30.25	60.06	118.40	130.00	125.18	109.99	98.75	100.34	111.40	81.64	112.72	141.44	116.54	96.45	83.43	116.80	107.99	105.82	151.82
QG37_04937	113.58	113.62	65.91	72.08	100.54	115.86	104.32	124.83	122.69	101.69	99.52	81.87	87.71	95.79	95.46	100.62	127.92	150.48	142.26	106.29	114.20	109.08	109.58	87.34	107.41	140.86	86.52	103.17	94.65	25.29	63.31	97.25	129.21	108.33	99.92	89.97	99.11	101.36	87.67	130.80	144.36	117.21	96.89	88.28	106.79	104.80	93.23	133.47
QG37_04938	108.22	79.33	48.57	64.93	109.28	119.18	100.09	128.41	130.31	103.05	87.09	83.67	75.28	87.45	97.05	112.16	135.16	148.13	133.52	92.78	93.56	100.78	117.25	61.70	103.91	145.70	81.78	107.23	99.11	17.15	68.96	84.00	122.31	107.02	90.23	89.17	99.53	91.66	78.73	110.21	147.88	123.81	93.89	79.23	109.57	91.12	94.55	124.87
QG37_04939	116.06	117.10	62.97	63.68	101.22	110.92	103.53	100.32	115.64	99.19	86.04	88.54	90.72	106.08	86.64	110.19	139.27	132.22	134.62	104.47	99.89	118.99	125.66	102.95	113.38	119.62	101.68	108.54	92.04	31.17	59.71	109.13	134.01	124.07	106.19	93.07	99.25	98.09	83.20	116.93	131.54	120.71	91.28	83.43	111.66	122.15	94.14	137.12
QG37_04940	115.11	121.35	77.19	77.50	111.26	96.89	107.44	108.87	132.09	103.89	82.95	94.93	92.80	99.97	101.04	122.48	133.09	148.32	133.15	109.60	117.24	128.12	135.94	115.47	130.63	141.70	94.31	120.33	98.52	31.51	68.56	131.44	140.26	119.28	110.52	101.90	107.74	112.34	94.17	135.15	136.51	131.89	98.18	90.34	125.10	116.67	105.82	141.45
QG37_04941	129.04	117.28	59.23	67.98	102.16	103.80	100.70	110.09	120.77	102.03	79.32	94.16	91.91	92.14	96.54	107.50	132.48	154.10	128.76	108.12	116.87	106.02	134.50	116.29	119.42	146.91	105.85	125.26	104.72	30.23	69.56	109.71	130.47	116.07	108.55	86.34	103.12	106.09	96.76	124.78	142.99	127.89	100.18	81.36	107.87	113.07	98.51	129.73
QG37_04946	202.94	254.40	118.70	131.16	191.22	212.64	191.22	205.22	115.33	222.26	176.73	150.41	160.10	177.98	175.78	177.86	241.04	285.78	261.28	187.53	229.12	236.66	263.06	179.59	238.38	280.15	198.03	224.81	188.31	70.88	134.35	209.33	295.74	151.03	151.74	103.94	138.04	151.55	129.93	174.62	185.99	168.05	146.32	196.16	250.88	248.58	217.90	341.94
QG37_04947	147.91	153.58	79.04	83.22	137.79	116.37	136.57	124.44	124.79	123.79	94.17	102.72	123.46	124.17	109.88	136.95	160.86	170.26	146.09	135.84	153.44	146.23	146.13	137.04	142.54	171.22	132.40	158.56	124.91	37.12	88.74	128.26	143.40	133.50	127.90	92.72	130.15	117.98	84.81	151.75	174.24	143.72	109.04	81.74	100.63	102.29	99.29	132.28
QG37_04948	136.36	141.51	81.27	79.73	130.80	140.86	126.77	127.57	128.75	130.46	100.29	102.42	121.04	130.83	110.81	121.86	153.87	171.66	149.20	130.07	129.62	143.45	155.81	125.84	152.38	176.71	114.89	151.24	130.65	28.96	93.28	139.42	155.95	126.66	115.20	101.15	117.89	133.48	90.65	143.33	170.62	155.85	91.43	87.67	116.45	117.73	101.38	159.48
QG37_04949	133.11	138.80	77.51	73.99	122.69	125.15	120.69	115.55	125.84	111.73	99.21	106.35	106.68	112.23	103.25	114.41	147.53	159.75	140.25	124.33	121.68	122.39	138.58	110.53	128.71	146.86	102.50	136.27	113.74	31.70	74.80	135.93	145.30	119.94	119.80	104.73	108.69	115.27	96.83	121.78	137.86	131.66	100.60	92.42	121.22	118.62	102.02	148.97
QG37_04950	147.73	147.26	92.74	69.70	127.95	118.26	125.39	119.08	137.09	128.26	98.16	106.65	115.01	120.91	104.14	119.15	171.25	159.72	153.76	121.59	125.76	122.72	140.05	129.27	129.83	152.50	117.08	145.71	122.35	32.42	82.46	135.31	148.90	118.26	120.86	94.68	115.58	109.97	96.53	141.22	154.65	136.56	111.42	91.48	124.91	125.23	119.91	149.73
QG37_04951	152.79	173.48	79.12	93.92	126.32	134.59	124.92	126.21	174.05	157.97	123.00	136.27	115.90	137.69	122.03	126.30	179.09	195.22	143.69	133.51	143.71	128.42	133.28	131.69	141.78	169.17	104.17	159.10	145.38	27.23	78.86	148.41	154.41	130.38	114.44	107.41	105.05	134.75	106.86	124.96	156.39	143.09	102.56	3.64	4.56	6.28	2.82	3.13
QG37_04952	145.85	146.15	85.54	81.38	124.96	126.33	119.96	129.83	134.74	115.71	98.45	103.40	128.44	105.14	111.09	117.95	143.72	153.29	149.85	126.91	125.10	124.48	127.41	110.58	120.88	162.41	101.63	154.29	108.15	34.37	74.74	133.02	148.35	130.93	102.78	91.69	108.52	115.70	92.00	133.71	159.22	141.48	109.16	98.61	116.70	115.55	105.68	143.50
QG37_04953	161.86	156.56	86.64	82.63	135.85	135.15	142.35	140.06	146.13	138.56	111.16	118.57	132.69	112.54	111.81	129.87	161.01	168.31	151.68	140.73	137.87	141.68	142.88	115.56	139.35	175.71	110.43	151.36	131.16	34.66	82.02	141.89	152.16	136.14	115.51	105.93	118.78	118.78	103.76	134.63	157.73	140.90	99.71	99.35	122.12	118.70	104.83	148.55
QG37_04954	162.24	154.37	90.52	80.82	140.07	139.03	139.33	134.06	141.38	136.96	106.34	116.62	137.70	112.57	132.43	114.69	154.34	177.37	140.35	129.07	135.10	136.22	126.89	99.34	127.10	160.58	116.56	158.83	132.30	30.96	82.69	145.18	151.02	134.63	124.15	101.37	130.36	101.16	102.76	127.75	161.40	142.82	98.57	92.82	130.45	142.26	102.40	160.19
QG37_04955	184.81	189.41	85.90	79.83	159.46	152.90	136.07	136.79	169.78	138.17	125.81	108.40	133.54	111.80	134.01	139.51	174.52	189.91	160.40	151.05	138.17	159.42	142.36	123.64	140.10	188.86	130.89	155.88	148.52	29.24	87.94	177.35	187.89	139.38	132.60	111.87	145.26	141.51	102.93	147.99	181.98	168.36	115.07	111.00	151.61	148.90	120.84	175.89
QG37_04956	175.92	189.91	81.44	80.93	170.77	155.30	133.45	137.44	171.00	161.56	138.75	106.27	141.48	131.74	120.74	150.10	186.99	199.41	161.35	149.19	150.58	164.79	144.09	117.09	147.18	201.41	144.65	186.50	139.52	32.88	83.93	165.27	192.24	152.99	124.34	115.90	131.62	157.22	94.88	160.88	169.27	170.03	106.95	100.85	142.19	150.03	117.25	167.67
QG37_04957	180.98	163.36	95.81	76.46	135.74	146.51	144.51	145.91	139.53	142.87	109.14	118.20	133.25	122.47	109.07	127.09	172.84	177.51	133.69	154.58	150.68	139.34	150.02	120.53	155.48	188.82	116.70	160.25	134.32	35.14	80.26	131.11	171.16	132.79	135.21	117.19	122.89	128.06	101.37	142.05	166.64	154.16	97.28	107.20	134.63	127.59	108.04	155.67
QG37_04958	177.32	157.11	100.61	79.36	144.26	140.55	132.92	127.47	144.54	135.86	108.37	124.27	134.85	120.70	116.51	117.36	174.26	190.76	155.27	155.50	131.87	141.63	160.40	114.73	140.77	184.02	115.51	158.20	136.13	31.17	81.08	152.14	165.67	136.31	119.83	107.59	118.39	126.08	116.15	126.33	163.24	149.72	103.58	97.84	114.61	122.66	120.52	145.14
QG37_04959	163.74	146.98	87.38	78.50	141.77	142.19	125.74	136.39	138.15	131.97	114.31	117.97	118.96	119.67	108.17	124.71	180.04	157.47	146.99	138.70	139.15	140.29	164.20	117.58	140.82	178.87	116.41	141.78	131.76	25.85	76.82	133.17	158.44	122.08	114.89	105.71	105.90	122.32	95.70	126.50	157.23	125.63	105.27	94.11	131.46	114.36	109.25	152.40
QG37_04960	170.17	139.81	99.82	91.32	146.71	144.88	123.14	115.77	140.31	138.83	125.65	108.66	119.78	118.64	109.97	135.12	160.06	181.59	136.79	129.84	138.30	128.66	139.90	123.97	129.66	184.27	111.57	164.01	137.68	27.27	79.21	149.97	165.68	136.39	142.18	103.09	125.44	131.37	101.70	139.29	167.93	138.63	99.86	90.79	131.03	131.43	110.06	144.57
QG37_04961	183.59	161.89	90.78	89.17	150.78	130.94	125.45	136.55	146.04	145.45	113.54	117.31	126.68	115.75	108.91	122.24	160.01	169.15	149.96	140.83	132.11	141.11	141.50	124.41	133.12	181.31	108.07	177.49	149.38	35.59	87.07	143.06	165.95	127.85	128.30	118.62	119.43	119.79	94.96	137.21	153.91	141.15	99.14	103.81	133.06	126.90	110.45	153.49
QG37_04962	105.49	83.25	37.62	40.34	56.15	69.25	50.31	63.21	65.88	67.22	53.76	64.73	64.88	64.03	52.26	54.77	92.38	78.01	86.20	69.03	56.95	70.06	76.97	52.80	60.52	65.69	44.98	68.99	59.00	22.21	45.53	76.91	52.77	54.23	54.88	55.26	57.06	39.08	46.71	46.68	53.31	61.07	43.93	45.16	62.52	67.27	53.39	86.77
QG37_04963	35.26	71.46	45.40	39.21	63.44	71.71	63.06	57.29	56.10	58.05	46.50	60.71	67.91	52.12	63.49	58.13	80.32	76.64	85.82	73.87	66.56	63.19	68.51	58.59	67.27	79.23	39.15	74.74	69.85	9.74	38.46	86.27	75.94	57.99	63.51	66.12	53.53	49.41	50.12	73.46	61.19	67.51	42.86	59.42	65.46	61.13	56.36	77.77
QG37_04964	159.77	154.75	94.24	87.03	132.31	143.03	134.71	134.60	133.74	150.91	110.63	125.07	130.77	125.12	112.64	122.19	160.78	176.03	148.74	149.95	131.26	140.59	146.84	117.98	150.59	171.91	108.16	162.89	135.00	39.92	86.86	151.94	161.40	133.49	119.75	107.23	125.08	125.77	100.25	143.40	164.47	146.73	108.51	93.69	130.78	128.77	122.69	155.23
QG37_04966	121.17	109.00	63.13	68.33	95.41	102.98	68.21	92.52	98.46	105.67	60.73	93.73	99.98	87.86	92.38	78.31	95.26	105.41	101.57	98.55	79.57	88.35	91.46	91.88	124.72	100.28	79.43	116.94	87.82	35.21	40.67	102.91	138.31	98.99	77.60	64.05	85.17	71.15	73.55	115.56	110.16	115.78	72.32	42.96	63.70	60.75	42.74	76.75
QG37_04967	127.38	142.10	68.59	54.25	130.97	118.18	117.13	95.46	123.01	125.13	126.18	105.55	95.89	95.64	107.08	107.23	152.94	136.71	132.43	125.82	121.89	111.57	119.81	119.97	141.65	169.06	110.50	139.56	115.77	39.85	76.70	141.71	184.91	116.42	107.39	84.17	118.63	105.75	89.70	125.04	144.05	119.58	81.27	94.37	115.92	101.65	100.99	136.31
QG37_04968	146.85	143.98	78.55	76.48	130.19	131.48	118.27	115.93	125.25	122.66	114.51	101.57	124.95	104.07	95.89	112.98	152.02	151.62	137.75	133.57	105.05	121.07	144.94	115.48	132.90	153.70	104.71	148.47	114.07	31.64	63.89	138.87	147.33	124.30	117.14	85.64	115.81	109.18	86.85	128.75	137.12	117.01	103.42	95.57	124.08	116.26	100.48	140.04
QG37_04969	163.33	165.17	70.44	92.89	123.25	145.29	132.33	127.92	134.83	136.85	117.20	99.01	122.66	116.35	90.56	125.12	138.67	171.94	152.07	153.99	120.86	128.71	130.13	116.63	125.78	167.89	91.07	146.64	120.35	36.63	65.10	128.02	142.98	137.00	131.60	93.22	112.33	119.73	103.46	149.27	158.10	127.64	96.55	95.22	129.20	119.18	93.44	121.46
QG37_04970	146.48	147.59	88.99	89.46	143.37	138.32	141.17	135.24	150.03	142.10	115.11	133.74	130.70	122.61	114.00	141.72	155.77	167.08	164.70	159.72	150.92	148.26	142.54	124.29	130.57	167.76	111.57	167.78	128.14	37.59	74.22	149.94	159.99	136.08	124.90	115.58	124.83	118.90	96.63	128.01	163.36	138.57	105.14	97.81	129.24	133.55	96.97	151.14
QG37_04971	159.39	148.58	92.38	88.55	137.77	138.63	141.75	146.19	153.50	139.78	117.01	122.74	126.29	124.39	115.34	129.84	160.53	169.00	153.18	144.46	138.90	143.77	149.96	132.02	135.71	181.57	117.24	156.04	131.15	33.62	79.86	142.17	160.63	136.88	132.97	111.40	132.56	124.03	103.56	136.04	154.92	143.58	102.27	92.88	121.42	129.77	115.76	157.69
QG37_04972	155.49	149.83	89.53	85.54	133.95	141.13	133.91	124.56	146.75	132.62	113.99	110.69	118.79	111.13	109.47	121.35	169.12	164.00	151.74	141.64	135.15	130.38	148.21	112.29	145.36	172.99	111.90	161.62	132.15	39.43	90.65	144.80	162.76	141.44	111.00	107.30	121.71	125.98	105.92	134.61	157.47	135.68	99.98	102.48	131.88	131.20	107.04	162.80
QG37_04973	150.79	151.25	80.34	84.64	132.14	134.12	132.45	126.61	132.48	133.68	118.64	104.18	122.40	109.35	108.33	125.15	155.34	165.10	145.34	129.66	134.91	132.65	142.31	115.50	143.15	161.44	115.41	146.65	123.97	34.52	79.46	136.49	144.22	125.01	116.26	105.34	111.85	118.50	106.11	135.48	159.89	141.96	93.68	98.97	120.10	117.62	103.38	145.39
QG37_04974	146.75	140.63	91.59	72.85	123.74	135.46	119.89	131.80	127.41	125.03	98.79	98.33	125.20	111.36	97.33	108.82	149.84	144.55	139.93	135.06	113.66	121.22	145.11	111.89	129.79	146.16	101.39	145.87	109.94	36.32	73.35	134.02	142.30	140.68	110.11	107.86	103.81	112.34	93.87	118.31	153.40	139.50	89.12	103.05	108.84	112.29	109.72	126.74
QG37_04975	143.94	146.31	82.11	75.14	124.49	130.16	126.49	127.26	129.82	128.17	103.65	111.84	122.56	102.07	110.39	122.87	151.88	158.98	151.52	135.61	126.99	126.23	138.30	112.87	138.42	161.24	110.06	158.12	114.09	35.33	77.21	134.88	151.01	128.02	117.78	102.48	114.18	120.82	102.48	126.55	142.57	138.06	99.56	100.18	125.91	120.74	104.78	141.80
QG37_04976	140.14	156.63	91.41	75.10	130.13	124.42	139.17	140.00	140.35	133.74	118.92	105.74	122.38	106.44	107.44	130.07	165.60	161.20	164.00	120.61	123.64	151.98	158.53	91.96	138.93	163.56	113.61	149.87	126.92	24.49	85.68	143.66	169.22	128.64	124.46	111.79	125.42	99.60	85.33	131.28	149.72	143.43	96.75	92.87	133.15	121.10	106.63	133.56
QG37_04977	146.70	144.19	92.85	76.05	137.65	128.97	136.98	139.58	154.74	145.12	113.28	124.81	126.97	129.30	99.10	136.76	163.97	172.94	158.90	148.96	122.73	143.88	137.64	107.36	131.93	159.56	119.19	156.27	119.73	30.69	71.15	136.06	149.54	126.55	119.84	101.86	126.88	124.15	97.43	137.25	151.98	159.19	105.61	99.75	130.64	119.28	111.10	154.21
QG37_04978	154.89	169.95	79.78	95.80	136.45	141.66	144.78	117.40	142.71	144.14	117.40	116.35	138.92	132.03	107.50	135.52	162.89	178.30	173.20	139.62	140.43	146.45	151.15	124.93	147.98	175.59	124.20	165.76	132.64	31.15	80.60	139.24	167.39	140.57	136.33	111.91	127.83	134.09	120.46	139.17	167.23	154.29	98.47	98.00	143.47	122.56	120.82	155.96
QG37_04979	152.11	152.91	85.23	78.54	128.51	125.43	130.23	124.90	135.72	138.83	103.00	116.09	121.66	106.70	110.72	122.70	163.06	162.38	143.99	137.01	127.96	136.68	132.28	117.79	139.45	173.40	107.14	150.71	124.32	27.82	72.64	142.76	158.05	134.43	115.19	98.02	117.38	122.04	105.70	142.43	154.32	144.27	97.82	92.83	123.10	123.95	111.85	150.90
QG37_04980	142.49	131.38	83.12	69.42	120.82	122.84	120.91	134.22	136.31	116.06	108.87	103.63	105.39	98.24	101.95	120.32	139.87	130.90	122.49	116.95	120.03	109.76	114.48	89.34	121.07	154.10	100.06	136.61	112.31	30.22	81.87	118.27	144.74	121.73	102.69	95.17	102.95	105.99	91.99	129.70	131.90	124.32	87.26	99.19	109.82	107.86	99.27	142.97
QG37_04981	149.67	135.07	92.95	72.22	113.37	129.81	109.16	108.60	118.81	119.78	88.07	94.26	96.48	93.35	102.05	104.48	125.85	120.33	126.09	106.80	96.50	115.68	115.96	99.28	105.30	157.32	91.91	125.88	104.16	29.74	72.92	107.46	120.93	102.20	113.45	84.43	96.90	104.57	85.88	106.85	123.33	119.37	87.12	90.19	105.43	103.24	106.66	136.72
QG37_04982	146.13	138.44	99.29	73.71	134.00	126.68	116.76	122.41	136.18	139.73	106.35	115.28	135.60	116.00	103.56	118.61	160.61	179.02	156.41	143.14	124.64	145.70	136.19	111.46	146.99	184.12	107.30	162.86	133.15	35.87	88.06	130.18	162.85	133.89	117.56	107.46	110.95	143.75	103.44	122.36	168.91	140.19	98.32	83.99	125.56	129.82	118.99	145.90
QG37_04983	156.88	186.48	100.96	82.07	135.34	136.53	143.10	166.63	168.38	164.39	136.63	140.49	156.52	144.72	122.20	133.59	159.50	183.64	160.23	142.00	125.11	137.94	137.65	113.88	114.98	165.21	99.04	153.32	126.39	42.12	83.89	139.49	186.19	149.51	127.83	102.71	131.83	126.99	100.90	151.17	158.54	159.32	95.10	89.72	138.17	123.20	107.99	172.11
QG37_04984	167.17	193.09	96.49	74.45	139.76	133.27	122.19	127.72	163.18	159.46	121.77	116.25	145.33	117.95	114.81	124.27	150.83	174.96	156.35	144.27	128.70	142.68	131.12	108.02	145.40	177.99	131.59	164.25	132.03	32.84	84.26	154.94	176.49	142.22	124.72	110.28	122.74	122.12	94.41	152.18	152.27	158.04	108.32	96.64	137.43	123.58	115.84	169.88
QG37_04985	60.62	77.87	52.67	36.47	75.04	74.93	59.59	69.29	93.19	78.70	56.10	55.68	72.49	70.31	58.70	66.35	94.84	70.60	89.14	75.80	67.21	73.48	62.08	60.71	81.70	77.17	55.00	78.53	67.94	26.06	36.90	80.68	74.35	80.18	69.98	70.33	72.23	72.31	61.70	74.07	80.63	78.15	56.86	71.31	105.02	84.78	92.29	129.53
QG37_04986	169.62	138.94	82.45	92.08	129.98	108.60	118.58	143.32	131.59	126.69	106.93	109.47	90.98	107.18	124.99	119.62	157.99	158.26	142.09	143.86	105.92	127.32	138.93	104.10	127.31	192.68	116.38	172.55	118.62	27.20	72.40	139.79	143.52	133.21	131.70	109.76	126.77	124.09	94.97	131.98	148.87	138.82	111.96	87.62	136.39	105.94	99.86	146.72
QG37_04987	147.70	145.38	84.05	78.36	132.73	128.93	122.64	127.19	134.13	125.81	100.15	117.49	117.22	109.07	109.39	118.71	157.71	159.19	152.48	129.19	125.44	132.21	133.91	112.33	135.48	164.10	109.19	145.69	124.00	30.18	78.79	133.25	147.38	129.50	121.70	100.67	121.78	121.10	99.24	134.15	157.94	137.90	99.07	91.26	113.27	119.56	111.59	154.80
QG37_04988	145.09	143.87	74.79	83.76	129.63	126.49	130.13	125.55	148.89	126.11	100.82	107.94	116.25	116.31	105.56	109.81	146.57	157.60	164.67	123.60	132.63	129.44	136.68	111.30	124.37	158.22	112.45	144.60	120.81	28.75	84.00	130.72	151.42	124.20	127.75	94.99	112.48	118.45	84.85	132.88	149.51	131.79	104.62	92.75	121.21	125.65	103.16	142.98
QG37_04989	127.67	127.99	71.95	73.66	97.94	110.45	127.24	120.34	119.55	118.85	92.89	93.72	104.81	99.52	100.24	115.89	133.29	146.34	133.99	109.01	122.97	119.57	126.74	102.07	107.88	133.34	104.34	126.93	100.85	28.82	78.16	111.10	136.87	99.15	109.10	91.61	92.21	106.00	78.87	122.82	118.62	112.87	99.87	91.09	104.53	108.30	91.47	138.57
QG37_04990	124.38	127.70	71.38	75.81	115.74	120.32	100.19	123.94	128.42	103.47	85.54	99.41	101.23	106.75	96.58	117.29	143.80	155.00	129.84	124.87	120.64	133.14	126.35	112.71	126.25	142.20	85.89	129.09	96.36	31.79	71.67	127.16	125.66	112.84	105.84	91.12	107.16	105.11	100.68	112.02	138.53	120.77	94.79	90.54	122.71	114.90	103.81	142.47
QG37_04991	138.55	143.41	90.12	72.91	135.77	123.74	130.14	168.86	132.93	142.51	110.20	119.83	122.49	132.89	117.89	123.43	150.87	170.37	159.95	127.09	118.71	168.17	141.78	114.60	137.98	177.19	113.42	133.80	126.53	42.39	76.16	135.17	175.80	133.21	117.14	95.41	135.53	101.07	86.84	133.31	148.63	155.67	121.20	93.53	110.11	107.68	116.02	147.17
QG37_08451	153.51	148.47	80.55	70.97	132.07	125.11	133.52	136.40	138.42	127.63	126.56	115.58	117.82	142.11	120.82	128.36	160.52	168.55	137.23	123.32	126.12	120.48	145.78	99.93	150.04	159.45	127.81	155.30	123.59	40.15	85.27	124.70	136.92	122.73	127.12	85.63	118.27	112.89	93.53	149.74	159.04	135.52	118.86	100.67	125.77	126.84	108.44	134.51
QG37_04992	114.25	118.08	64.75	73.48	111.15	105.99	109.28	115.49	114.52	104.85	87.35	90.36	108.36	100.42	90.93	117.19	136.79	140.25	143.24	106.66	120.84	119.48	121.01	93.98	119.52	138.91	102.30	130.05	91.25	25.75	63.03	106.58	126.49	116.92	104.09	91.60	103.27	107.98	91.43	124.43	145.74	114.39	89.93	93.39	111.75	113.33	104.80	128.08
QG37_04993	130.59	128.66	76.09	70.19	111.56	120.55	124.19	108.42	132.08	104.72	91.43	103.76	99.79	117.32	102.61	110.47	147.88	152.24	134.88	117.04	120.13	116.78	135.92	107.03	115.11	152.93	104.39	139.54	110.73	33.47	80.08	116.18	141.22	111.26	110.09	96.56	113.14	119.33	102.56	123.62	137.37	122.15	92.82	89.42	122.29	113.22	100.01	152.07
QG37_04994	124.54	129.52	56.68	76.35	120.56	98.06	117.00	114.73	120.11	106.11	90.23	92.92	104.87	103.75	92.55	113.45	138.16	148.80	143.16	115.49	117.90	125.46	134.01	105.21	111.33	158.89	102.74	135.65	99.28	28.32	65.87	129.35	136.09	120.52	111.78	95.05	105.09	103.62	88.18	128.45	142.84	130.12	94.21	102.20	103.85	110.98	100.00	128.79
QG37_04995	107.47	96.76	59.62	66.99	109.01	88.61	98.12	96.25	102.12	73.65	67.93	76.07	98.45	83.56	85.30	117.02	103.38	117.06	117.88	80.20	96.21	108.71	126.13	77.16	101.11	134.60	78.88	121.27	77.78	19.48	54.86	112.56	122.04	111.78	113.74	73.42	85.79	97.51	60.31	100.84	123.19	92.03	74.20	73.35	99.95	106.62	87.26	109.88
QG37_04996	114.16	118.82	63.60	68.31	107.70	106.83	106.31	106.02	118.17	93.08	79.57	94.10	86.18	109.50	91.49	109.24	133.37	131.46	134.07	112.19	117.27	113.54	143.70	98.53	119.94	132.70	102.18	116.69	98.26	28.45	68.73	117.71	125.23	114.53	101.67	88.17	103.55	100.21	87.19	116.37	137.89	121.93	95.53	92.13	109.02	104.16	93.39	136.72
QG37_04997	107.17	118.39	71.56	66.80	96.54	118.09	113.60	106.57	127.72	112.08	77.02	107.95	108.48	98.41	112.37	106.32	160.38	141.61	138.14	120.54	118.83	137.54	130.93	93.64	119.24	145.39	99.44	140.24	99.64	30.38	91.81	112.54	122.95	115.17	101.54	89.41	97.49	113.03	90.63	120.79	137.38	121.64	96.99	93.23	116.19	104.46	105.42	148.13
QG37_04998	128.35	129.94	73.93	69.36	108.71	107.46	110.23	117.90	122.93	109.32	86.53	95.05	93.13	105.14	102.73	114.78	140.88	157.52	135.13	108.81	125.23	119.79	135.63	106.39	130.11	145.07	105.71	115.79	101.74	28.30	73.77	121.71	129.15	120.59	112.13	86.86	102.43	108.48	88.38	121.78	141.48	129.95	102.11	87.14	115.46	111.53	100.50	150.02
QG37_04999	128.52	120.18	64.60	87.76	121.21	111.61	114.69	119.41	128.20	126.76	92.91	101.12	110.39	102.63	114.05	133.37	143.38	155.51	120.70	133.67	115.09	125.91	137.82	99.68	131.65	149.91	110.08	116.64	93.97	31.05	65.60	149.78	145.58	137.75	124.75	101.06	98.64	138.98	90.32	132.66	145.29	128.93	105.29	101.33	127.01	113.16	99.20	160.56
QG37_05000	117.35	105.29	59.83	64.75	98.83	96.77	99.15	101.05	109.62	95.07	66.42	93.57	83.47	90.72	101.24	114.60	119.73	145.78	121.94	103.78	106.93	120.25	119.48	106.22	120.81	137.33	87.94	113.52	95.43	22.34	73.25	105.87	136.96	107.11	107.91	90.03	100.64	119.25	85.63	122.17	129.58	116.50	97.73	88.72	115.67	108.29	105.47	148.75
QG37_05001	95.04	110.12	63.26	65.42	91.73	88.31	99.68	98.71	108.85	92.82	81.38	80.06	87.55	91.84	88.05	120.87	123.57	132.07	116.90	106.68	98.88	110.08	115.40	93.11	105.57	131.84	90.94	107.42	84.47	26.16	58.61	108.51	124.02	104.66	91.61	88.95	95.99	110.23	81.56	110.61	126.67	118.22	83.64	81.36	103.16	96.04	102.77	137.17
QG37_05002	110.13	103.00	64.10	55.73	95.80	89.90	104.72	100.15	115.40	97.37	77.66	85.37	83.37	97.89	104.52	108.11	121.62	124.31	120.21	94.84	103.70	93.21	118.43	93.59	110.24	131.51	82.35	111.28	81.62	26.18	64.92	103.66	109.58	101.68	116.93	72.61	101.60	98.09	78.39	101.30	113.48	119.95	85.84	83.23	90.02	109.01	89.28	129.64
QG37_05003	102.67	94.83	58.65	74.01	90.28	89.31	71.47	83.50	116.37	81.84	78.28	79.86	76.83	102.54	89.12	89.10	113.47	129.75	100.90	94.78	113.46	103.64	96.50	69.16	110.76	119.11	82.85	109.16	93.91	26.04	51.52	100.64	106.91	98.23	75.73	88.32	82.50	81.94	78.27	78.41	121.33	107.38	73.23	73.93	72.47	89.25	101.44	111.02
QG37_05004	118.96	116.75	69.05	60.60	104.62	96.57	103.34	97.61	130.24	104.91	77.02	90.12	95.66	103.30	111.78	97.00	138.67	139.65	130.87	112.78	114.88	116.32	123.82	112.00	102.47	135.56	100.38	123.82	96.01	33.86	68.66	110.89	135.82	117.76	112.31	81.84	100.08	109.38	104.22	117.16	123.50	133.32	86.07	82.04	115.01	100.40	100.60	134.30
QG37_05005	141.37	123.52	81.88	72.41	109.71	110.96	121.21	111.86	126.47	123.67	96.17	104.67	92.94	96.96	112.58	106.24	133.27	173.31	132.27	118.72	110.18	120.75	130.21	104.19	113.56	152.85	102.36	134.36	106.48	28.58	75.91	114.40	128.32	107.33	116.04	90.94	109.66	126.00	90.18	131.95	133.07	157.11	96.71	87.53	96.46	120.23	110.93	143.59
QG37_08452	122.80	124.43	86.49	75.20	120.39	117.73	119.49	132.59	128.17	107.60	77.66	93.89	103.01	100.46	114.66	110.79	138.61	160.72	126.71	119.20	115.91	128.74	142.39	101.72	133.91	158.98	113.74	121.12	109.73	30.33	74.11	109.32	140.34	124.09	118.70	85.56	120.88	142.16	91.59	119.94	129.93	136.10	97.17	79.55	107.83	118.18	99.66	147.57
QG37_05006	95.95	109.77	82.62	80.54	99.16	97.34	107.53	93.08	118.74	95.52	83.86	85.35	109.90	114.10	89.41	104.18	109.78	129.89	139.94	117.52	120.15	115.97	139.33	108.16	109.55	112.33	94.39	132.01	85.50	30.16	74.33	131.14	103.85	117.42	119.58	94.29	112.13	137.79	95.44	110.41	112.47	112.13	93.79	87.69	113.43	108.14	108.06	122.79
QG37_05007	126.35	139.55	65.27	77.18	103.13	122.14	126.68	86.74	117.26	102.70	89.99	92.29	118.39	111.75	100.79	138.18	126.37	156.29	133.61	114.87	133.38	115.35	136.17	104.73	94.25	121.02	94.02	123.67	104.63	26.57	67.99	131.53	133.07	116.61	118.67	91.57	105.15	109.55	98.42	133.90	140.90	111.40	93.21	98.21	129.25	122.81	115.67	120.24
QG37_05008	121.48	115.20	67.84	62.79	95.03	102.94	101.11	97.60	113.26	98.48	78.36	83.89	92.95	94.74	99.70	108.76	120.45	141.90	128.99	97.39	106.02	105.23	116.18	102.45	103.27	136.12	92.05	108.02	90.75	26.62	63.48	113.74	115.67	105.40	97.26	88.04	95.91	102.64	82.50	108.90	137.75	111.05	90.68	92.27	104.12	117.09	103.97	128.33
QG37_05009	112.50	118.52	63.46	67.49	106.96	107.29	94.36	122.38	116.73	97.66	84.43	85.62	87.42	92.68	103.91	115.76	132.55	133.14	128.27	101.62	94.11	112.19	123.32	103.55	118.52	138.72	100.15	118.49	85.76	22.20	67.58	119.16	113.26	108.13	109.10	87.56	91.91	106.75	78.47	122.10	129.74	121.03	77.93	81.78	106.19	110.28	88.71	129.99
QG37_05010	121.96	138.40	71.17	77.49	118.96	123.08	97.49	138.02	133.32	110.06	104.37	111.05	101.50	92.61	84.76	113.44	145.48	157.08	157.60	129.96	132.53	138.05	134.17	120.44	130.80	161.35	125.03	141.03	113.86	30.20	73.18	147.88	157.83	132.04	105.00	99.61	125.61	137.21	98.28	133.53	168.36	148.30	128.84	95.14	107.50	130.15	103.91	160.80
QG37_05011	145.96	143.99	82.71	74.93	106.90	100.54	109.01	132.93	131.80	129.45	85.82	110.02	109.97	110.20	102.35	112.17	156.23	157.88	146.38	135.06	134.44	131.57	131.43	94.97	116.21	129.49	108.96	131.68	113.90	32.20	100.88	127.62	160.40	119.86	119.61	93.93	116.68	111.83	88.73	135.58	161.36	137.87	118.21	100.39	127.68	108.00	90.35	118.87
QG37_05012	125.71	148.63	74.37	63.23	110.15	125.36	108.81	110.47	107.19	129.79	81.41	117.34	98.87	92.11	98.51	125.96	173.15	149.89	141.81	131.26	159.81	142.26	146.97	94.73	148.39	142.44	113.16	153.79	121.20	30.31	90.55	148.54	116.32	144.66	108.42	85.63	108.08	150.59	95.87	137.46	140.91	144.29	100.91	91.43	113.09	101.02	96.32	121.99
QG37_05013	133.72	134.88	72.62	68.30	121.12	115.90	114.24	118.06	125.49	127.26	92.64	99.22	113.26	112.11	102.53	109.72	146.64	155.90	159.61	120.79	132.06	132.11	140.13	123.70	126.64	140.82	111.33	154.35	115.42	30.53	84.18	140.37	121.42	115.65	111.31	90.44	103.30	116.99	94.62	121.65	135.68	117.17	100.44	83.50	106.99	107.33	95.11	129.68
QG37_05014	52.97	61.60	32.67	41.41	57.86	53.24	59.03	68.87	62.81	50.09	54.46	43.01	47.18	62.01	69.20	74.61	68.51	90.10	72.42	62.96	61.10	64.77	70.59	52.97	73.34	57.08	51.62	56.17	50.90	15.93	36.78	71.42	81.59	42.69	40.10	30.64	49.90	55.08	33.43	65.29	58.19	57.03	47.02	70.82	71.12	84.81	75.56	106.43
QG37_05015	67.39	61.94	34.05	35.64	63.24	44.35	44.07	46.41	55.89	41.44	36.15	34.24	39.99	54.76	45.04	58.07	70.77	68.05	64.13	58.33	46.01	52.35	77.96	46.16	51.61	60.54	56.96	42.13	40.14	11.36	26.64	56.15	85.61	37.00	40.29	26.81	50.31	37.61	29.73	45.99	55.42	43.08	39.99	48.22	64.62	60.40	74.79	74.79
QG37_05016	83.28	86.06	52.52	58.52	82.07	84.33	76.90	88.41	89.34	64.96	71.21	87.37	61.61	76.94	81.85	90.56	100.40	119.79	104.75	74.54	88.69	88.82	105.03	83.16	68.75	102.49	70.67	77.97	84.54	20.04	55.35	81.36	104.42	76.61	83.43	66.27	72.65	63.58	69.59	96.52	94.10	80.68	54.91	79.79	84.85	97.70	84.78	107.26
QG37_05017	92.74	82.72	55.67	54.50	80.64	82.99	83.34	82.43	84.25	74.18	61.83	65.87	70.19	78.55	74.35	76.99	104.90	112.31	96.78	75.07	77.32	87.80	86.52	69.75	80.55	99.62	79.29	94.15	82.48	15.67	48.18	82.00	101.91	76.14	82.94	67.03	61.66	80.31	66.60	84.93	102.16	77.43	62.60	66.81	75.76	83.01	75.70	109.30
QG37_05018	125.02	142.17	71.00	63.32	106.10	100.00	113.18	119.19	118.73	112.35	94.52	96.13	110.56	110.27	112.28	118.82	128.77	135.63	135.12	122.36	117.74	133.05	147.26	110.51	140.70	143.00	102.02	134.71	105.69	29.14	73.37	117.27	107.96	77.70	52.10	52.28	47.64	56.69	48.04	61.14	73.69	75.67	57.88	69.19	82.11	90.80	86.70	118.33
QG37_05019	133.31	154.24	68.33	72.82	128.17	109.95	124.00	131.38	138.06	124.06	102.45	109.87	119.61	118.60	120.44	127.05	145.07	157.48	140.67	135.50	136.57	143.59	157.32	134.82	143.70	143.74	113.50	144.69	108.13	29.50	75.38	118.48	116.78	111.24	91.19	77.38	90.24	97.88	76.42	95.00	122.12	95.59	83.04	100.21	141.13	123.44	119.74	164.99
QG37_05020	137.08	136.76	80.06	74.40	126.49	117.18	116.67	122.90	134.07	127.20	94.63	101.72	107.46	111.40	106.18	126.31	152.95	164.72	148.81	114.76	125.62	130.22	134.72	118.61	133.84	161.40	110.98	131.81	105.74	33.76	76.85	129.17	136.03	130.91	118.02	94.83	117.51	120.98	94.32	128.74	145.54	133.70	99.50	94.74	115.87	120.34	103.45	149.80
QG37_05021	87.35	106.44	62.62	55.87	80.00	83.40	90.65	91.53	92.53	88.26	70.22	77.85	93.26	83.48	84.61	92.45	111.27	133.28	101.41	98.33	102.07	110.33	111.76	103.21	96.97	107.66	83.99	91.16	80.56	21.95	57.03	104.78	104.82	95.47	96.81	80.75	84.19	95.58	74.87	102.95	120.28	83.77	76.02	78.15	66.17	91.60	82.61	112.75
QG37_08453	129.86	127.27	79.44	80.55	108.30	107.17	99.75	105.10	105.54	96.73	79.08	98.97	80.42	97.11	101.75	91.46	127.44	143.87	116.90	102.23	116.76	111.80	125.46	113.52	106.89	119.62	101.42	119.86	103.10	39.87	49.77	134.51	108.20	113.44	125.25	71.52	85.13	97.79	73.20	112.55	138.92	115.75	75.01	88.03	125.69	99.06	105.68	151.10
QG37_05022	135.23	118.44	66.30	66.98	109.29	110.22	91.91	108.78	136.78	100.23	93.58	95.43	89.20	97.28	103.52	109.00	123.82	156.71	165.84	110.64	123.01	134.26	131.26	113.68	108.72	146.70	113.86	114.58	96.25	34.90	80.25	120.18	122.26	121.80	110.41	94.92	107.76	116.02	89.22	139.98	131.04	120.60	95.18	74.49	130.92	121.64	106.78	146.07
QG37_05023	118.87	119.63	63.61	65.35	95.61	116.01	117.25	99.34	117.71	107.78	86.34	95.61	114.00	98.32	91.12	125.87	132.60	144.45	147.17	125.87	126.34	123.83	123.38	112.06	116.86	122.70	109.47	96.33	76.91	27.87	79.43	130.90	124.91	111.95	110.08	92.99	89.20	105.00	81.55	123.68	119.52	139.61	93.62	89.11	117.88	98.95	106.60	140.00
QG37_05024	114.63	117.37	65.65	71.34	98.21	100.87	108.82	110.37	117.88	111.23	89.80	97.42	109.39	97.23	97.09	113.35	126.11	125.26	119.56	120.33	112.41	114.82	121.31	101.35	120.55	140.74	89.88	114.50	97.11	25.55	66.45	125.59	128.29	112.18	109.02	92.54	92.61	124.93	93.58	116.01	131.22	117.35	81.21	76.24	117.00	111.69	96.79	128.49
QG37_05025	118.94	111.91	72.62	68.88	108.40	107.18	115.07	108.11	110.30	102.05	73.67	87.74	96.07	104.91	95.33	96.13	133.46	143.02	139.08	115.02	112.41	107.44	133.48	95.12	119.81	139.26	96.02	123.18	94.25	29.62	82.86	120.22	117.58	114.14	110.44	84.98	100.51	106.17	90.28	115.15	122.03	121.34	94.41	79.93	116.76	101.55	92.74	134.73
QG37_05026	129.40	117.47	65.70	72.02	98.28	110.64	116.75	113.98	116.47	101.52	86.14	93.93	100.61	106.22	101.94	114.84	125.99	137.33	116.83	100.03	114.11	107.15	113.19	92.73	114.50	130.12	89.72	111.52	100.90	25.05	62.99	109.93	119.39	115.91	101.81	90.90	100.82	101.81	78.28	107.34	130.33	105.40	86.39	68.01	89.08	94.83	81.22	111.37
QG37_05027	126.71	142.46	76.10	82.31	106.51	115.92	114.10	113.01	116.46	110.54	87.75	91.97	102.96	109.36	103.85	118.14	138.75	156.21	133.81	121.63	122.11	126.97	134.98	95.60	124.36	139.87	94.92	133.56	96.89	21.06	66.35	114.69	116.02	101.78	108.11	84.28	101.15	108.36	77.06	123.76	122.56	128.58	91.56	90.72	113.87	105.48	96.43	148.77
QG37_05028	180.79	142.68	88.02	93.04	145.35	120.91	132.54	118.48	134.05	141.44	106.59	118.15	124.91	95.10	137.84	144.06	181.75	176.36	187.89	147.15	123.20	133.90	169.79	125.69	156.45	183.79	110.04	174.99	129.63	41.58	96.84	135.50	137.43	148.70	123.32	101.49	144.84	143.21	96.65	140.78	159.45	157.53	109.78	90.68	148.11	128.23	106.22	153.62
QG37_05029	152.06	156.78	82.68	81.69	118.13	126.97	127.79	126.99	179.58	132.34	97.44	123.57	148.93	119.79	108.06	117.67	168.53	166.95	162.83	138.03	134.46	144.35	159.04	132.16	164.74	188.51	119.28	156.91	136.92	40.67	80.14	161.67	175.29	136.59	105.06	102.99	126.23	135.15	116.01	150.35	152.85	147.05	115.23	86.26	142.83	118.42	110.61	142.50
QG37_05030	139.28	133.77	84.59	81.40	118.03	112.99	135.59	129.27	146.58	110.80	101.34	111.12	114.88	127.66	100.75	115.92	149.24	162.88	145.88	114.07	131.15	128.01	137.39	110.66	133.78	150.12	98.27	130.00	116.78	28.74	69.35	130.39	148.07	121.75	108.10	105.81	108.68	125.42	100.06	129.85	150.97	132.25	105.42	89.92	119.56	119.49	102.08	143.14
QG37_05031	127.11	126.49	74.02	69.27	117.24	105.48	103.70	114.08	116.56	102.64	85.33	85.46	95.03	96.42	94.89	112.55	129.66	146.92	115.32	104.74	112.65	111.93	128.21	105.79	117.77	142.20	96.56	110.44	96.87	24.00	63.44	103.76	135.60	110.43	106.66	91.96	97.35	111.21	101.87	125.21	143.37	123.40	101.32	85.10	106.97	101.18	99.91	134.54
QG37_05032	46.86	95.68	42.96	39.30	56.81	70.83	67.98	59.59	67.57	53.11	58.87	58.40	53.31	59.37	65.58	68.84	81.86	98.81	78.04	69.73	80.74	69.81	90.60	69.17	63.88	66.98	72.45	77.46	64.61	16.32	39.00	63.41	122.07	77.46	69.69	64.59	72.75	75.26	70.03	57.43	85.76	83.46	68.30	46.33	63.04	62.13	63.37	84.90
QG37_05033	73.41	85.94	49.29	54.02	71.93	97.81	84.48	73.49	91.50	73.38	65.13	58.97	62.08	82.07	79.68	76.08	108.16	117.63	95.74	79.72	89.61	87.17	103.14	68.42	87.72	112.81	62.88	77.42	70.75	19.62	65.04	92.95	101.53	90.81	74.51	66.82	84.42	98.82	64.29	95.30	98.71	78.47	73.34	62.66	77.62	77.90	65.07	103.44
QG37_05034	115.34	92.05	64.86	63.30	96.08	82.52	103.66	91.31	110.74	84.91	74.30	77.85	61.11	85.63	92.84	92.34	130.86	131.37	105.83	92.31	91.32	89.61	118.34	110.19	99.63	123.67	84.87	112.01	70.61	23.61	58.77	92.08	104.28	105.32	92.97	91.33	97.45	94.87	69.79	93.85	111.74	94.28	73.11	83.85	103.85	93.96	95.30	137.66
QG37_05035	98.22	100.22	53.54	68.30	90.02	86.57	95.68	103.74	111.41	72.70	73.38	83.84	69.51	90.40	85.27	94.47	104.91	125.54	108.69	86.59	95.49	94.99	117.24	85.49	100.28	114.02	82.78	95.60	76.74	19.88	55.73	96.84	98.99	107.97	95.17	82.71	80.24	89.24	73.73	98.94	114.94	111.56	77.71	73.33	81.45	99.79	93.07	127.70
QG37_05036	97.74	96.07	53.73	69.42	94.14	95.93	92.36	111.66	101.61	90.52	73.44	77.81	79.80	88.87	96.32	100.38	114.59	128.10	106.38	98.65	100.54	99.37	127.11	87.94	105.61	116.74	80.96	91.14	82.85	25.80	63.17	87.45	111.23	91.64	95.10	73.30	79.40	92.15	70.15	93.97	112.92	106.58	88.80	82.91	96.98	101.72	96.46	129.10
QG37_05037	105.58	86.91	48.75	62.97	93.65	91.11	78.92	86.90	96.19	91.73	73.83	82.69	85.65	85.81	80.56	88.36	114.36	121.90	109.87	93.07	116.10	90.28	122.32	90.22	96.99	121.82	71.82	96.13	80.58	31.00	61.18	84.30	107.98	93.74	83.22	68.31	83.96	92.50	80.13	102.69	94.26	86.39	57.27	75.24	97.32	108.72	93.23	125.62
QG37_05038	109.50	99.27	60.94	71.89	85.50	93.81	83.33	95.94	104.15	79.07	72.26	80.38	81.52	96.36	91.70	111.95	127.16	148.14	129.77	100.54	106.33	105.88	121.03	100.61	100.87	124.78	83.19	102.03	79.35	27.09	59.59	97.52	101.24	98.74	102.01	76.52	88.02	102.95	73.50	101.77	121.27	99.86	84.02	89.80	98.84	103.65	91.87	130.53
QG37_05039	103.62	111.42	54.81	65.15	72.07	96.03	83.69	103.34	88.48	90.41	70.02	71.88	86.92	92.36	91.22	106.72	118.73	146.00	108.72	100.99	94.81	97.29	139.30	91.26	108.70	140.44	82.29	114.80	81.55	27.92	53.68	101.17	110.62	92.05	95.12	85.68	77.69	111.10	67.92	87.97	109.79	111.23	75.42	78.48	82.59	117.19	93.86	124.63
QG37_05040	89.30	99.10	49.49	53.77	65.22	86.14	76.50	84.20	89.63	80.19	77.30	60.38	73.58	82.48	82.66	92.81	102.85	160.50	102.03	74.94	88.38	79.47	107.68	93.06	106.28	95.38	58.62	88.02	77.36	19.22	45.66	98.80	111.51	82.65	86.11	68.11	70.52	88.05	71.72	86.15	107.31	104.22	81.41	64.13	73.17	76.97	64.13	110.29
QG37_05041	87.89	74.80	45.89	45.04	67.06	73.72	73.53	89.31	81.57	68.56	71.84	54.64	70.45	82.55	77.83	80.61	94.74	116.49	89.45	65.10	77.90	83.89	101.16	88.45	99.17	84.06	55.89	73.03	67.76	18.40	55.25	77.60	100.73	81.26	76.95	68.66	74.87	92.59	74.36	73.01	109.93	107.73	72.67	83.28	71.71	95.89	72.03	109.01
QG37_05042	17.11	18.04	8.97	11.91	19.71	20.53	17.74	22.46	23.11	20.47	15.95	16.30	18.72	16.92	9.94	24.58	23.61	33.65	19.28	19.63	24.65	24.68	29.55	13.42	22.62	16.61	22.60	15.49	17.83	5.45	11.07	16.28	24.70	22.75	21.53	18.47	17.47	21.09	14.83	25.46	23.94	24.75	19.34	17.67	17.16	21.88	12.45	20.29
QG37_08454	84.83	102.00	34.90	43.71	87.22	70.00	73.82	88.62	99.32	76.08	71.82	74.12	63.29	70.12	61.67	101.97	113.92	100.92	107.88	84.14	82.93	89.65	91.93	77.67	84.65	106.39	68.71	100.42	77.15	17.46	59.67	96.61	104.06	77.83	78.62	64.71	69.36	95.94	74.26	88.08	89.72	106.47	80.17	63.08	98.32	99.03	93.28	102.90
QG37_05044	116.84	119.06	50.37	52.92	97.36	94.94	91.12	107.10	107.28	92.80	73.94	82.19	73.90	77.70	85.64	107.63	133.21	113.63	129.61	111.63	97.84	106.55	100.36	93.92	105.82	136.05	89.76	114.56	88.14	24.37	74.48	120.41	115.70	91.67	95.68	68.56	82.49	91.60	87.48	108.61	121.27	114.74	90.09	66.76	110.89	106.00	96.30	139.72
QG37_05045	88.71	107.56	65.09	68.35	95.84	91.22	95.12	99.45	102.90	101.86	82.05	74.74	83.35	89.54	85.29	112.84	133.45	127.45	119.73	93.81	94.05	95.99	107.62	96.66	106.87	124.45	99.88	114.67	90.83	26.10	68.41	102.67	107.82	100.93	100.25	87.31	93.91	96.03	77.36	113.41	131.30	106.85	74.56	87.71	96.15	112.49	97.10	119.84
QG37_05046	122.17	105.81	75.66	53.91	101.40	101.81	97.06	115.90	114.48	85.85	66.16	87.03	76.86	113.25	108.49	118.41	115.38	135.01	125.03	96.65	111.00	128.59	126.91	106.60	122.79	136.16	84.83	112.58	91.83	20.53	72.28	102.24	112.26	102.90	107.92	93.03	112.98	80.56	82.22	105.58	123.17	127.76	101.79	88.69	107.79	116.94	96.03	148.88
QG37_05047	67.98	53.02	25.95	35.67	43.53	49.26	57.21	56.88	50.74	46.06	36.12	43.97	41.18	46.88	49.30	47.09	60.90	71.98	49.13	49.83	50.76	64.24	45.82	59.64	48.23	47.73	53.00	40.48	38.59	12.02	31.40	42.92	52.16	58.56	54.75	41.76	66.18	61.58	53.36	53.66	39.94	48.08	40.82	43.78	57.21	48.83	60.09	76.02
QG37_05048	96.55	102.98	43.78	54.66	84.53	77.68	86.54	90.88	93.10	68.52	68.63	77.49	67.54	90.44	84.01	91.85	103.59	123.87	109.41	75.35	88.79	93.86	99.91	89.64	92.94	99.49	84.13	86.90	81.45	24.06	55.44	93.42	108.19	94.41	86.02	67.61	75.63	90.98	67.37	93.86	111.75	97.36	74.60	70.01	82.41	89.30	80.48	118.25
QG37_05049	120.14	110.87	65.65	77.85	106.61	99.65	108.53	108.62	120.25	105.28	80.32	92.89	106.76	94.53	117.16	126.07	139.72	138.31	149.05	113.49	117.84	110.96	114.18	127.97	115.96	128.29	106.34	122.39	89.00	33.65	68.68	118.99	152.59	118.56	93.75	79.83	102.48	131.26	94.97	118.56	114.71	115.40	87.08	85.51	114.93	118.49	114.65	152.69
QG37_05050	106.29	115.12	63.20	72.02	99.28	102.98	95.74	108.08	117.65	97.92	85.36	87.16	90.17	104.14	97.22	114.52	121.03	154.65	129.06	110.73	115.47	116.12	135.91	103.48	107.96	141.29	91.09	101.49	103.38	23.86	69.57	111.03	122.01	110.71	98.27	90.77	105.41	100.51	87.02	115.98	134.30	112.24	86.85	87.00	105.31	112.01	105.48	134.27
QG37_05051	113.93	123.29	79.47	77.52	103.26	106.64	102.29	120.76	100.51	104.58	82.12	92.96	82.54	115.14	97.08	105.26	130.76	134.99	109.35	96.82	102.48	109.68	133.29	105.39	109.27	115.67	85.87	101.13	83.59	26.92	64.69	88.84	122.36	112.02	110.96	94.12	102.26	103.45	81.98	104.77	129.76	132.73	96.90	92.04	99.27	100.63	101.43	127.29
QG37_05052	139.44	116.08	71.64	62.10	114.76	108.89	106.71	115.89	128.19	121.06	82.65	102.90	99.09	96.26	94.15	115.20	127.79	151.83	139.34	107.77	103.57	126.38	148.84	115.89	130.15	131.70	102.07	125.92	85.08	27.35	77.50	117.59	137.61	128.29	122.47	100.94	107.63	118.72	98.26	131.26	157.56	159.40	103.16	93.25	118.90	111.35	106.95	157.53
QG37_05053	119.28	69.97	26.65	31.89	60.90	67.20	66.45	61.10	74.03	70.75	45.76	58.06	66.81	59.54	48.39	48.44	72.10	87.10	82.62	68.67	60.48	68.29	79.65	62.24	75.02	70.33	65.07	69.84	55.48	21.93	44.41	69.31	69.67	97.92	74.22	57.21	93.30	95.64	68.78	125.31	92.33	113.69	73.59	49.96	50.32	49.36	60.08	85.58
