GENE	CDC_B11096	CDC_B11097	CDC_B11098	CDC_B11099	CDC_B11101	CDC_B11102	CDC_B11103	CDC_B11105	CDC_B11112	CDC_B11113	CDC_B11114	CDC_B11115	CDC_B11116	CDC_B11117	CDC_B11118	CDC_B11119	CDC_B11200	CDC_B11201	CDC_B11205	CDC_B11206	CDC_B11207	CDC_B11208	CDC_B11209	CDC_B11210	CDC_B11212	CDC_B11213	CDC_B11214	CDC_B11215	CDC_B11216	CDC_B11217	CDC_B11218	CDC_B11219	CDC_B11220	CDC_B11221	CDC_B11222	CDC_B11223	CDC_B11224	CDC_B11225	CDC_B11226	CDC_B11227	CDC_B11228	CDC_B11229	CDC_B11230	CDC_B11243	CDC_B11244	CDC_B11245	CDC_B11246	CDC_B11247
QG37_00016	0.2544	0.2720	0.2540	0.1649	0.2289	0.2704	0.3125	0.3531	0.2511	0.2908	0.2435	0.3118	0.2806	0.3315	0.3209	0.3195	0.2162	0.2743	0.2707	0.2592	0.1967	0.2573	0.2288	0.2910	0.2792	0.1778	0.2412	0.2257	0.2408	0.3377	0.2531	0.2487	0.2165	0.3287	0.2398	0.3163	0.2035	0.2400	0.2848	0.3088	0.3131	0.2711	0.2407	0.2412	0.1757	0.2516	0.2218	0.2237
QG37_00017	0.6226	0.4514	0.5585	0.6568	0.4995	0.6152	0.4846	0.6777	0.6004	0.5327	0.6288	0.6115	0.5465	0.4839	0.5985	0.6573	0.5332	0.6014	0.4815	0.5101	0.7567	0.4668	0.6083	0.6813	0.5083	0.4286	0.5244	0.5205	0.5533	0.3619	0.5593	0.4727	0.5901	0.5870	0.5271	0.5019	0.5994	0.6592	0.5072	0.5285	0.4769	0.6173	0.5985	0.5733	0.5297	0.4615	0.5623	0.4532
QG37_00018	0.5976	0.6736	0.8321	0.8138	0.6587	0.7561	0.6787	0.6943	0.7641	0.7455	0.7826	0.6719	0.5734	0.7490	0.7406	0.7431	0.6779	0.7028	0.7298	0.6615	0.7817	0.6274	0.7217	0.6957	0.7027	0.5572	0.6285	0.7235	0.6232	0.8105	0.6288	0.6092	0.6565	0.6778	0.7523	0.6996	0.6564	0.6681	0.6543	0.7177	0.6752	0.7362	0.7125	0.6982	0.6875	0.7171	0.7606	0.6470
QG37_00019	0.7332	0.8018	1.0933	0.8419	1.0331	0.8517	1.0327	0.8922	1.0095	0.8849	0.8814	0.8712	0.7293	0.9860	1.0450	0.8382	0.8580	0.7559	1.0837	0.9102	0.8272	0.9369	1.0318	0.8443	0.7653	0.7086	0.8486	0.8526	0.8531	0.9406	0.7744	0.9633	0.8295	0.8954	0.9801	0.7798	0.8393	0.8896	0.9448	0.9766	0.8126	0.9676	0.7949	0.9253	0.9260	0.7693	0.7192	0.8966
QG37_00020	0.7485	0.8016	0.6278	0.7550	0.6999	0.5867	0.7938	0.8117	0.6487	0.7939	0.6880	0.8871	0.7777	0.7945	0.6925	0.6854	0.6679	0.8327	0.7238	0.7140	0.6753	0.7636	0.7108	0.8509	0.8076	0.5749	0.8043	0.7942	0.6454	0.6775	0.5430	0.8489	0.8270	0.7137	0.8422	0.7566	0.7680	0.7671	0.8317	0.7850	0.7776	0.8790	0.7898	0.8243	0.6903	0.8279	0.8651	0.8576
QG37_00021	0.7648	0.7571	0.8212	0.6167	0.7610	0.9176	0.8320	0.7479	0.6177	0.8226	0.8062	0.7949	0.7179	0.8291	0.7281	0.9007	0.6647	0.5900	0.7070	0.7689	0.9157	0.8135	0.7344	0.7850	0.7733	0.7108	0.7419	0.8106	0.6815	0.9718	0.8694	0.6990	0.4524	0.5366	0.5255	0.4875	0.5790	0.5756	0.5803	0.5834	0.5935	0.5460	0.6437	0.7188	0.7946	0.6212	0.6320	0.7163
QG37_00022	0.8638	0.8706	1.0227	0.8069	0.8422	0.9088	0.9591	0.9186	1.0418	0.8923	0.9289	1.1327	1.0241	0.8906	1.0676	1.1202	0.8534	0.8637	1.0706	0.8286	0.9908	1.0735	1.0185	0.9350	1.0457	0.9198	1.0226	0.9883	0.9454	1.1288	0.9407	0.9377	0.9970	1.0365	0.9479	0.8286	0.8869	0.9719	0.7353	0.8631	0.8209	0.8374	0.8152	0.8411	0.8846	0.8492	0.8878	0.8822
QG37_00023	0.9019	0.9275	0.9740	0.9119	0.9824	0.9208	0.9879	0.9693	1.0390	0.8711	0.8789	1.1646	1.0668	0.8675	1.1808	1.0176	1.0603	0.9027	1.1240	0.8120	0.8768	1.0890	1.0478	0.9105	0.9859	0.7919	1.0731	1.0558	0.9349	1.0264	0.8528	1.0343	1.0466	1.1111	0.9581	0.9407	0.9563	1.0289	0.8522	0.7846	0.9839	0.8908	0.9426	0.8100	0.9173	0.8508	0.7456	0.8287
QG37_00024	0.7483	0.9508	0.9688	1.0372	0.9677	0.9230	0.7343	0.9441	0.9118	0.8757	0.8396	0.9096	0.8525	0.8090	0.8979	1.0668	0.9219	0.9715	0.9268	0.9950	1.2201	1.0298	0.9346	0.9808	0.9000	0.8047	0.8495	0.9516	0.8556	0.8515	0.9239	0.7069	1.0374	1.1454	0.9120	1.0538	0.9024	0.9626	0.8599	0.9553	0.8809	0.9305	0.8636	0.9689	0.9298	1.0282	0.8963	1.0544
QG37_00025	0.8716	1.0174	0.9881	0.8518	0.9144	0.9882	0.8666	0.9027	0.9970	0.8775	1.0245	1.0441	0.9105	0.7807	1.0058	0.9142	0.9837	0.9807	0.8371	0.9272	1.0097	0.9667	0.9756	0.8257	0.9828	0.9222	0.8647	0.9699	0.9339	0.8084	0.9263	0.8677	0.9735	1.0181	0.9783	0.8174	0.9175	1.0261	0.9579	0.8356	0.8907	0.9138	0.8420	0.9539	1.0146	1.0066	0.9109	1.1624
QG37_00026	0.8450	0.7688	0.7423	0.6127	0.7772	0.8254	0.8932	0.8073	0.7928	0.6870	0.8249	0.7495	0.7999	0.6337	0.7849	0.7374	0.7756	0.8105	0.7962	0.7895	0.8560	0.6390	0.8009	0.6746	0.7093	0.7788	0.7331	0.7655	0.6803	0.7854	0.7828	0.7550	0.7641	0.7761	0.7202	0.8227	0.6792	0.7814	0.7935	0.7182	0.7081	0.7164	0.6082	1.0098	0.9774	0.8332	0.8825	1.0342
QG37_00027	0.8418	0.8759	0.9554	0.9669	0.9603	0.9383	1.0639	1.1316	0.9815	0.8907	0.9495	0.8230	0.9765	1.0677	0.9895	1.0870	0.9671	0.9448	0.8647	0.9112	0.8847	1.0104	0.9858	1.0333	1.0002	0.8363	0.9011	0.9390	0.7974	0.7523	0.8284	0.9504	0.9274	0.8716	1.0718	1.0298	1.0059	1.0125	1.0040	0.8830	1.0477	0.9538	0.8815	0.9497	1.0366	1.0308	0.9966	0.9527
QG37_00028	0.8642	0.8039	0.6846	0.7024	0.7573	0.8784	0.8041	0.8381	0.8192	0.6426	0.7094	0.6796	0.7677	0.8021	0.7483	0.8962	0.8303	0.8663	0.7610	0.7776	0.7502	0.8232	0.7276	0.7858	0.7987	0.7813	0.8607	0.7845	0.6646	0.8842	0.7849	0.7229	0.8451	0.8222	0.8726	0.9260	0.8451	0.7735	0.7171	0.8182	0.8891	0.7659	0.9528	0.9297	0.7892	0.7442	0.8263	0.8066
QG37_00029	1.0532	0.9431	0.9755	1.0068	1.0040	0.9600	1.0037	1.0448	1.0380	0.9648	1.0539	1.0844	1.0521	1.0268	0.9190	0.9872	1.0483	1.0143	0.9860	1.0399	1.0309	1.0389	1.0274	1.0598	0.9965	0.9675	1.0070	0.9598	1.0643	0.8184	0.9819	0.9990	0.9587	1.0819	1.0537	1.0707	1.0496	1.0646	0.9352	0.9601	1.0724	0.9618	1.0009	1.0441	0.9859	1.0083	1.0918	1.0132
QG37_00030	1.0060	0.9201	0.8133	1.0000	0.9004	0.9108	0.9089	0.9755	0.9624	0.9095	1.0183	0.8207	1.0387	0.8941	0.8598	0.8144	0.9603	0.9465	0.8937	1.0336	1.0296	0.9626	0.9393	0.8930	0.9466	0.8734	0.9930	0.9691	0.8405	0.9121	0.7565	0.9658	1.0314	0.9007	0.9091	0.9662	0.9198	0.9244	0.9163	0.8614	1.0874	0.8996	0.8876	1.0296	1.0719	0.9833	1.0493	1.0245
QG37_00031	0.6959	0.6751	0.8604	1.0628	0.8214	0.7901	0.7762	0.7462	0.9047	0.8730	0.9623	0.8359	0.9240	0.9224	0.8000	1.0228	0.9051	0.8463	0.8564	0.9115	0.8247	0.7417	0.8966	0.8233	0.8096	0.7622	0.9078	0.7298	0.7876	0.9279	0.9754	0.7972	0.6634	0.8372	1.0256	0.8751	1.0560	0.7598	0.8453	0.8423	0.8800	0.7566	0.6796	0.9534	0.9107	0.7658	0.9380	0.9135
QG37_00032	0.7709	0.8491	0.7628	0.9562	0.8267	0.8316	0.7690	0.8328	0.7607	0.7807	0.8822	0.7949	0.7886	0.9043	0.9668	0.7580	0.8781	0.8700	0.8816	0.7131	0.8820	0.8201	0.9337	0.6766	0.7631	0.7512	0.7181	0.7685	0.8735	0.5635	0.9030	0.6833	0.8106	0.9122	0.7571	0.7908	0.9759	0.9141	0.7426	0.8230	0.8099	0.7395	0.8989	0.9871	0.9185	0.7809	0.8282	0.8862
QG37_00033	0.8554	0.9083	0.8378	0.9478	0.8332	0.8721	0.7766	0.8663	0.8427	0.8970	0.8718	0.8171	0.7940	0.7827	0.8382	0.8765	0.8942	0.9152	0.8430	0.7967	0.8980	0.8500	0.9235	0.8716	0.8602	0.8252	0.8153	0.8770	0.8159	0.7539	0.7563	0.7996	1.2468	0.8326	0.8756	0.8120	0.7508	0.9366	0.8007	0.9262	0.8896	0.8609	0.8491	0.8011	0.8729	0.8587	0.8558	0.8468
QG37_00034	0.9084	1.0784	0.8509	0.9029	0.9560	0.7764	0.8476	0.8554	0.8813	0.9354	0.8363	0.8494	0.7898	0.8901	0.9161	0.8471	0.8475	0.9027	1.0128	0.9380	0.9591	0.8431	0.9585	0.9680	1.0332	0.8139	0.8655	0.9172	0.8423	0.7038	0.7812	0.8569	1.7724	0.8006	0.9428	0.8248	0.8519	0.9452	0.9934	0.9023	0.8036	0.9462	1.0137	0.6862	0.7014	0.8616	0.7505	0.7319
QG37_00035	0.8320	0.8266	0.8132	0.7990	0.8817	0.7997	0.8202	0.8000	0.8512	0.8368	0.8655	0.8207	0.7702	0.9020	0.7088	0.7842	0.7941	0.8090	0.8445	0.8078	0.8402	0.7795	0.8225	0.7828	0.7783	0.6815	0.7248	0.7098	0.7623	0.7132	0.6984	0.7465	1.5309	0.8287	0.8923	0.7710	0.8480	0.8642	0.8298	0.8723	0.8446	0.8426	0.8028	0.8668	0.7356	0.8177	0.8042	0.7796
QG37_00036	0.8858	0.7683	0.9457	0.7536	0.7558	0.8260	0.8925	0.9645	0.7927	1.0293	0.9085	0.7701	0.9091	0.9757	0.9974	0.7542	0.7584	0.9471	0.8526	0.8437	0.8827	0.8598	0.8068	0.7385	0.9956	0.8512	0.7863	0.8152	0.8034	0.8433	0.8572	0.8117	1.6667	0.6755	0.8276	0.7385	0.9228	0.8492	0.7901	0.8703	1.0134	0.6715	0.7185	0.9536	0.8649	0.9023	0.9069	0.9001
QG37_00037	0.8412	0.7617	1.1015	0.8731	0.9127	0.9662	0.9724	1.0402	0.8991	1.0365	1.0238	0.8385	0.8356	1.0042	0.9544	0.9234	0.8843	0.9245	0.7318	0.9321	0.9604	0.8914	0.9171	0.9742	1.1064	0.9665	0.7429	0.8303	0.8114	0.7854	0.6314	0.9447	1.4981	0.8143	0.9081	0.9403	1.0678	0.9350	0.9592	0.8514	0.7962	0.7728	0.8830	0.8635	0.7691	0.9543	0.9326	0.8815
QG37_00038	1.1962	1.2674	1.3294	1.2450	1.1227	1.2698	1.1567	1.1492	1.1395	1.3107	0.9235	1.3094	1.1506	1.1869	1.0822	0.9904	1.1098	1.1032	0.9543	0.9788	1.1007	1.1408	1.0501	1.0634	1.0894	1.0840	1.1036	0.8946	1.1491	0.9467	1.2132	1.1632	1.9837	1.0737	1.2723	1.0525	1.1768	1.0461	1.2052	1.1954	1.1369	1.2299	1.0659	1.0262	1.1497	0.8592	1.1343	1.1948
QG37_00039	1.0191	1.1215	0.8547	0.9513	0.9998	1.0809	1.0402	1.0727	0.9527	0.9791	0.9339	1.0826	0.9852	1.0871	1.0604	0.8754	0.8545	0.9277	1.0803	0.9713	0.8855	1.0880	0.9836	0.9686	0.9572	1.0501	0.9890	0.9671	0.9858	0.9560	1.0163	1.0278	0.9865	0.9797	1.1296	0.9632	0.8456	1.0681	1.0413	1.0002	0.9554	1.0853	0.9003	1.0872	1.2067	1.0839	1.1453	1.2437
QG37_00040	0.5189	0.8220	0.7164	0.7035	0.7737	0.7744	0.7635	0.7291	0.6261	0.7839	0.6903	0.9389	0.7745	0.6308	0.7796	0.6257	0.7075	0.6944	0.7792	0.7970	0.6234	0.6789	0.7132	0.6755	0.7476	0.7406	0.7361	0.6233	0.6321	0.6326	0.6760	0.8550	0.8930	0.8119	0.9428	0.7933	0.6866	0.8902	0.8079	0.7641	0.7933	0.9734	0.7103	0.9769	1.0063	0.9154	1.0316	1.0133
QG37_00041	0.9395	0.9140	0.8646	0.9402	1.0188	0.9944	1.0530	1.0247	0.9628	0.9198	0.9778	0.9438	1.0127	0.9579	0.9588	1.0044	0.9974	0.9513	1.0459	0.9356	0.9680	0.9585	1.0318	0.9501	0.9820	0.9722	0.9809	1.0037	0.9108	0.9060	0.9494	0.8926	0.9675	1.0155	0.9085	1.0740	0.9639	1.0121	1.1293	0.9363	0.9958	0.9850	0.9662	1.0132	0.9732	0.9191	0.9960	1.0285
QG37_00042	1.0085	1.0480	1.0509	0.8907	1.0815	1.1908	1.0900	1.1536	1.1040	1.0100	1.0789	1.1739	0.9424	1.0692	0.9314	1.0918	0.9717	1.0285	1.0496	1.0964	0.9698	1.0800	1.0268	1.0276	0.9563	1.0399	1.3003	1.1450	1.0500	0.8039	1.1531	1.0008	0.9760	0.9982	1.0231	1.0147	1.1491	1.1367	1.1567	1.0147	0.8854	1.0483	0.8870	0.8374	0.9704	0.9600	0.9059	1.0816
QG37_00043	0.9547	0.7499	0.9282	1.0100	0.9734	0.9148	0.8874	1.0517	0.9825	1.0391	0.9618	0.9709	1.0156	1.0565	1.0709	0.9695	0.9630	0.9168	1.0470	0.9398	1.0652	1.0704	0.9723	0.9779	0.9434	0.9390	0.9974	0.9344	0.8513	0.8739	1.0218	0.9120	0.8990	0.9459	1.0380	0.9396	0.9782	1.0728	0.9088	1.0102	1.0339	0.9763	0.9020	0.9828	1.0146	1.0600	0.9063	1.0705
QG37_00044	1.0790	0.9540	0.9985	0.8318	1.0086	0.8852	0.9640	1.0483	0.8969	1.0726	1.0896	1.0438	0.9199	1.1331	0.7809	0.9325	0.9171	0.8945	0.9490	0.9183	1.0135	1.1099	0.9685	0.8985	0.9110	1.0177	0.8916	0.8438	0.9366	0.9909	1.0430	0.8888	0.9286	0.9433	1.0134	0.9486	0.9994	1.0180	1.0062	0.9849	0.9859	1.0252	0.8658	0.9967	0.9063	0.8277	1.0670	0.9770
QG37_00045	0.9171	0.8847	0.8934	0.9687	0.9388	1.0399	0.9208	0.8784	0.8868	0.9212	0.9411	0.9381	0.9129	0.9313	0.9095	1.0439	0.8472	0.8296	0.8842	0.8990	0.9595	0.9212	0.9889	0.8951	0.8266	0.8917	0.8305	0.8482	0.9510	0.9730	0.9142	0.7754	1.0352	0.9121	0.9608	0.9796	1.0020	0.9539	0.9327	0.8435	0.9134	0.9345	0.9533	0.9487	0.9218	0.9227	0.9227	0.8568
QG37_00046	0.9087	0.7311	0.6985	0.9928	0.8128	0.7850	0.7696	0.7974	0.7701	0.6939	0.7996	0.8187	0.8122	0.8211	0.7949	0.8971	0.7284	0.8059	0.7775	0.7603	0.7653	0.8517	0.7664	0.8288	0.8303	0.7733	0.8187	0.6928	0.7088	0.7930	0.7529	0.7843	0.7792	0.8734	0.8373	0.8849	0.9101	0.8166	0.8340	0.9070	0.8168	0.8603	0.8638	0.8320	0.8786	0.8109	0.9155	0.8399
QG37_00047	1.1196	0.9015	0.8367	0.7927	1.0246	0.9323	0.9420	0.9696	1.0065	0.8981	1.0877	0.9660	0.9229	1.1105	0.8880	0.9717	0.8581	1.0065	0.9559	0.8096	0.8744	1.0202	0.9687	0.8736	1.0606	0.8662	0.9545	1.0280	0.8492	0.7948	0.8289	0.8576	0.8059	1.0051	1.0361	1.0298	1.0267	0.9277	0.9802	1.0049	1.0294	1.0352	0.9906	0.8671	1.0032	1.0321	1.0011	1.0827
QG37_00048	0.6941	0.7863	0.7861	0.7431	0.7002	0.8013	0.7217	0.8316	0.8770	0.6646	0.9159	0.8153	0.8511	0.9446	0.9338	1.0142	0.8262	0.8230	0.8093	0.8517	0.7977	0.8814	0.7342	0.8235	0.8845	0.7826	0.8033	0.7958	0.8203	0.7536	0.8604	0.7392	0.7898	0.9048	0.9112	0.8440	0.9005	0.9990	0.8068	0.6860	0.8487	0.8650	0.7945	0.9608	0.9285	0.9368	0.9534	0.8179
QG37_00049	0.9907	0.9430	0.8951	0.9752	0.8267	0.9079	0.9510	0.9200	0.9491	0.8615	0.8411	0.7499	0.8790	0.9567	0.9169	0.9782	0.8973	0.8561	0.9574	0.9333	1.0237	0.9446	0.9473	0.9270	0.9408	0.8693	0.8403	0.8384	0.7802	0.7954	0.8789	0.8193	0.9408	0.8946	0.8659	0.8263	0.9132	0.8898	0.8006	0.9224	0.8986	1.0110	0.9670	0.9307	0.9666	0.8617	1.0031	0.9717
QG37_00050	0.9907	0.8944	0.9463	0.8592	0.8682	0.9040	0.8920	0.8504	0.8566	0.9192	0.8802	0.9378	0.9559	0.8278	0.8942	0.9276	0.9472	0.9030	0.9574	0.9940	0.8972	0.9939	0.9630	0.8764	0.9801	0.8751	1.0143	0.8977	0.9320	0.9554	0.9136	0.8996	0.9999	0.8816	0.9540	1.0257	1.0593	0.9985	0.9151	0.9749	0.9522	0.9661	0.9534	1.0706	1.0176	0.9643	0.9594	0.9971
QG37_00051	1.0525	0.9186	0.6914	0.7447	0.9012	0.8353	0.7675	0.8540	0.9886	0.9388	1.0061	0.9895	0.8288	1.0248	0.9813	0.8808	1.0395	1.0579	0.9690	0.8856	0.9356	0.9690	0.8589	0.8667	1.1625	1.0577	1.1316	0.9355	1.0582	0.9661	0.9074	1.0582	0.9335	0.8438	0.8404	0.7641	1.0408	1.0445	0.8767	0.9183	0.9408	0.9869	1.0032	0.9985	1.0621	0.9621	1.0116	1.0907
QG37_00052	0.8922	0.8738	0.7816	0.8329	0.9117	0.8824	0.9258	0.9899	0.9866	0.8955	0.9319	0.8782	0.8978	0.8850	0.9927	0.9794	0.9233	0.9065	0.8956	0.9362	0.9509	0.9607	1.0003	0.9128	0.9700	0.8621	0.8549	1.0270	0.8351	1.0082	0.9257	0.9226	0.9832	0.9056	0.8462	0.8973	0.9306	1.0244	0.8949	0.9718	0.9741	0.9142	0.9601	1.1189	1.0112	0.8778	0.9765	1.0090
QG37_00053	0.7991	0.9367	0.7965	0.8848	0.8052	0.9646	0.9775	0.8362	0.9429	0.9052	0.8866	0.8840	0.9087	0.8559	0.8932	0.8014	0.8762	0.8196	0.8981	0.9553	0.9894	0.9558	0.9600	0.7942	0.7524	0.7813	0.8529	0.7934	0.8403	0.7769	0.8159	0.8429	0.8111	0.8312	0.9540	0.8765	0.7959	0.8848	0.8822	0.9430	0.8799	0.8692	0.9231	0.9343	0.8722	0.9401	0.7980	0.9438
QG37_00054	0.9757	1.1584	1.2073	0.8364	1.0304	0.9708	1.0145	0.6654	0.9853	0.8897	0.8442	0.9780	0.9257	0.9239	1.1072	1.0171	1.0308	0.9478	0.9607	0.9282	0.9241	1.1201	0.8715	0.9857	0.8379	0.9480	0.8379	0.8604	0.8100	0.9761	0.8338	0.7480	0.8699	1.1008	1.1181	0.8768	0.9362	0.9754	0.9830	0.8603	0.9924	0.9564	0.9368	0.8091	0.9960	0.8863	0.9032	0.8604
QG37_00055	0.9199	0.7918	0.7740	0.8834	0.9255	0.8830	0.9040	0.7771	0.9362	0.8040	0.8540	0.8245	0.9241	0.8789	0.8639	0.9201	0.8759	0.8094	0.9248	0.8338	0.9400	0.9103	0.9451	0.9324	0.9947	0.8903	0.8339	0.7709	0.8620	1.9470	1.2377	0.9803	0.9548	0.9446	1.0490	1.0531	0.9027	0.9245	0.8659	0.9937	0.8987	0.9252	0.8547	0.9284	0.9470	0.8856	1.0077	0.8565
QG37_00056	0.9466	0.9403	0.9278	0.7369	0.8450	0.9287	0.9557	0.9475	0.9513	0.8837	0.8920	0.8823	0.9027	0.9429	0.9762	0.9380	0.9207	0.9878	0.9071	0.9046	0.9381	0.9180	0.9315	0.8801	0.8868	0.9283	0.9012	0.9371	0.7553	0.8457	0.8932	0.9710	0.9555	0.8553	0.9145	0.9653	0.8829	0.9858	0.9699	0.9462	1.0010	0.9410	0.9119	0.9409	0.9981	0.9950	0.9895	0.9276
QG37_00057	0.9950	0.6971	0.4812	0.7838	0.7931	0.7067	0.6110	0.6967	0.7309	0.6996	0.7407	0.8764	0.7506	0.8037	0.6838	0.6943	0.8139	0.6727	0.7134	0.9432	0.7244	0.7454	0.8318	0.7736	0.8392	0.7054	0.7544	0.7833	0.6044	0.7333	0.7168	0.7238	0.6209	0.7927	0.8081	0.7541	0.9543	0.7655	0.7794	0.9926	0.8071	0.7997	0.8403	0.7727	0.8023	0.8265	0.6234	0.6500
QG37_00058	0.5812	0.7592	0.6008	0.7778	0.7845	0.6924	0.8558	0.7404	0.7336	0.8185	0.6916	0.6778	0.7380	0.7180	0.7013	0.6566	0.7033	0.7572	0.7449	0.8624	0.6355	0.8171	0.6700	0.8808	0.7372	0.8226	0.7827	0.7679	0.6202	0.7772	0.6021	0.8033	0.8070	0.9479	0.6895	0.7162	0.8252	0.6491	0.7950	0.8686	0.7283	0.6843	0.7886	0.6092	0.6935	0.6887	0.8185	0.5410
QG37_00059	0.8735	0.9141	0.7260	0.7486	0.8863	0.8611	0.7038	0.7220	0.8146	1.0648	0.7602	0.6901	0.7607	0.8580	0.9173	0.7590	0.9088	0.8253	0.8503	0.6865	0.8453	0.9495	0.7459	0.8046	0.9276	0.9466	0.8399	0.8820	0.7411	0.6660	0.7664	0.8728	0.9512	0.8425	0.7376	0.7223	0.8547	0.8273	0.8862	0.8407	0.7417	0.7995	0.8237	0.4496	0.4802	0.5570	0.5566	0.4578
QG37_00060	0.9747	0.9944	0.8264	0.8680	0.7698	0.8789	0.7982	0.7871	0.7155	1.1043	0.8100	0.7076	0.7965	0.8331	0.8938	0.7776	0.9521	0.8146	0.8310	0.7144	0.9499	0.9192	0.8003	0.9169	0.8820	0.8798	0.8685	0.8330	0.8306	0.7769	0.7039	0.7972	0.9274	0.9239	0.7318	0.7691	0.8818	1.0066	0.7346	0.7285	0.8084	0.8469	0.7527	0.4853	0.6330	0.6349	0.7456	0.6057
QG37_00061	0.8745	0.8328	0.9967	1.0023	0.7411	0.8128	0.7371	0.7988	0.7572	0.7477	0.7408	0.7614	0.7615	0.6934	0.8736	0.9584	0.7487	0.8306	0.6914	0.7884	0.7529	0.7831	0.7588	0.8342	0.7219	0.7193	0.8152	0.7595	0.7212	0.7651	0.8581	0.8882	0.8916	0.7719	0.9524	0.7713	0.7207	0.9402	0.8601	0.8133	0.7349	0.8761	0.8208	0.9976	0.7967	0.8660	0.8675	0.8774
QG37_00062	1.1249	1.0750	0.9488	1.0911	1.0476	1.0047	0.9872	1.0372	1.2091	0.9937	1.0360	1.0562	0.9612	0.9752	0.9580	0.9802	0.8958	1.0093	1.1856	0.9253	1.1670	0.9782	1.0721	1.1085	0.9782	1.0929	1.2122	0.9625	1.0891	1.1822	1.1347	0.9373	1.1019	0.9853	1.0617	0.9065	0.9833	1.3417	0.9340	1.0812	1.1171	1.2306	0.9937	1.0668	0.9505	1.2143	0.9641	0.9840
QG37_00063	0.9994	0.8923	0.8780	0.8568	0.9903	1.1274	0.9838	0.8971	0.9426	0.9370	0.8779	0.8933	0.9462	0.9317	1.0172	1.0185	0.8843	0.8743	0.8535	0.9872	0.9015	1.0242	1.0086	0.9331	0.9379	0.9315	0.9967	0.9867	0.8972	0.8888	0.9451	0.7967	0.8870	0.9876	0.9911	0.8181	1.0892	0.9260	0.9591	0.9321	0.9974	0.8767	0.8909	0.9275	0.9420	0.8659	0.8580	0.9272
QG37_00064	1.0314	0.9008	0.7564	0.8286	0.7352	0.9459	0.9066	0.8689	0.8408	0.8081	0.9643	0.8974	0.9492	1.0137	0.8831	0.9147	0.9558	0.8875	0.8381	0.9288	0.9326	0.9348	0.9843	1.0417	1.0144	0.8443	0.7920	0.9646	0.9341	0.6263	0.9096	0.9847	0.9006	0.9512	0.8762	0.9764	0.9515	1.0260	1.0111	0.8949	0.8848	0.9918	0.9531	0.9646	1.0000	0.8466	1.1075	0.9513
QG37_00065	0.5949	0.6975	0.4990	0.5516	0.6511	0.6105	0.6898	0.7291	0.7196	0.7294	0.6195	0.6167	0.6871	0.6347	0.6333	0.5983	0.7180	0.6635	0.6824	0.6384	0.7422	0.6429	0.5722	0.6176	0.6385	0.5273	0.7229	0.6272	0.6138	0.6072	0.5785	0.6970	0.6683	0.5329	0.6235	0.4393	0.5217	0.5162	0.5511	0.6479	0.5769	0.6906	0.6170	0.9327	0.7803	0.7794	0.8217	0.9043
QG37_00066	0.9641	0.8962	0.9170	0.9816	0.8921	0.8891	0.9361	0.9013	0.8916	0.8118	0.9111	0.9128	0.8452	0.9602	0.8745	0.9435	0.8560	0.9523	0.8761	0.8732	0.9039	0.9108	0.8630	0.8962	0.8875	0.9195	0.9367	0.8068	0.8708	0.8008	0.9280	0.8502	0.9289	0.8810	0.9312	0.9016	0.9532	0.8915	0.9633	0.8762	0.9108	0.9047	0.8907	0.9712	0.9388	0.9694	0.9255	0.8802
QG37_00067	1.0097	0.9845	0.9273	0.9597	0.9231	0.8878	0.8787	0.9453	0.8970	0.9749	1.0088	0.9519	0.9096	0.8973	0.8803	0.9674	0.8838	0.8615	0.9621	0.8963	0.9265	0.9248	0.8326	1.0305	0.9131	0.8548	0.9515	0.9480	0.8934	0.8369	0.9352	0.9323	1.0553	0.9647	0.9958	0.8841	1.0069	0.9037	0.9463	0.9326	1.0048	0.9142	0.9978	1.0233	1.0031	1.0415	1.0101	0.9689
QG37_00068	0.8478	0.7986	0.8532	0.8715	0.8234	0.7966	0.7570	0.8329	0.8280	0.7872	0.7604	0.7985	0.8006	0.7935	0.8845	0.7419	0.8160	0.7841	0.7964	0.8332	0.8547	0.7474	0.7645	0.8675	0.7680	0.7210	0.7144	0.7248	0.6680	1.0015	0.9124	0.8148	0.7831	0.8478	0.8405	0.8251	0.7844	0.8522	0.8441	0.8211	0.8223	0.7318	0.8211	0.9407	0.9443	0.8103	0.8474	0.7722
QG37_00069	0.8275	0.7707	0.7685	0.9384	0.7927	0.8547	0.8501	0.9173	0.8448	0.8152	0.7631	0.7535	0.8276	0.8562	0.8479	0.8590	0.9054	0.7808	0.8812	0.8528	0.9073	0.8808	0.8195	0.9114	0.8232	0.8903	0.9111	0.8299	0.7846	0.7796	0.9628	0.7792	0.9245	0.8265	0.9023	0.9498	0.8090	0.8324	0.8067	0.8700	0.8557	0.8086	0.8522	0.8926	0.8540	0.9129	0.8995	0.8780
QG37_00070	1.0638	1.0546	1.0795	1.1088	1.0145	1.0665	1.0185	1.0853	1.0328	1.0425	1.0068	1.0046	1.0348	0.9921	1.0240	1.0733	1.0149	1.0469	1.0218	1.0039	1.1251	1.0713	1.0499	1.0154	1.0442	1.0347	0.9685	1.0102	1.0112	0.9069	1.0051	0.9765	0.9779	1.0337	0.9939	1.0923	1.0282	1.1062	1.1617	0.9720	1.0781	0.9961	0.9984	1.0008	1.0595	1.0742	0.9994	1.0782
QG37_00071	0.9468	0.9526	0.7596	0.9036	0.8638	0.9644	0.9602	0.9306	0.9965	1.0263	0.9648	0.8942	0.9490	0.9528	0.9295	0.9506	0.9393	0.9529	0.8611	0.9413	0.9993	0.9019	0.8792	0.9347	0.8629	0.9357	0.9272	0.9551	0.8499	0.7818	0.8213	0.9170	0.8840	1.0040	0.8861	0.9628	0.8464	0.8317	0.8481	0.9107	0.9944	0.9370	0.8288	0.9496	0.9546	0.9800	0.8893	0.9738
QG37_00072	0.7792	0.9262	0.8072	0.9519	0.8657	0.9553	0.8807	0.9208	0.9379	0.9190	0.7866	0.9177	0.9688	1.0097	0.8832	0.8811	0.8215	0.7983	0.9903	0.9752	0.9133	0.9441	0.7587	0.8826	0.8156	0.8881	0.7796	0.8615	0.9652	0.7845	0.7767	0.8580	0.8337	0.8757	0.9666	0.8610	0.9346	0.8105	0.7290	0.8244	0.8234	0.8641	0.7986	0.8339	0.9182	0.8170	0.7543	0.8492
QG37_00073	0.9487	0.9232	0.8918	0.8459	0.8353	0.8367	0.8391	0.8727	0.7762	0.8333	0.7994	0.7814	0.8526	0.8465	0.9155	0.8917	0.8784	0.8225	0.8320	0.7836	0.8943	0.8048	0.8524	0.7990	0.8268	0.8648	0.8027	0.7883	0.7531	0.7014	0.8317	0.7755	0.8378	0.8539	0.8032	0.8449	0.8637	0.8948	0.8512	0.8030	0.8456	0.7953	0.7883	0.7853	0.8532	0.8349	0.8024	0.7970
QG37_00074	1.0714	1.0315	1.0493	1.0296	1.0219	1.0451	1.0405	1.0444	1.0660	1.0580	1.0522	1.0251	1.0505	1.0719	1.0411	1.0381	1.0711	1.0734	1.0849	0.9981	1.0715	1.0405	1.0913	1.0367	1.0901	1.0764	1.0540	1.0654	1.0472	1.0039	1.0364	1.0667	1.0344	1.1110	1.0855	1.0120	1.0337	1.0143	1.0834	1.0489	1.1014	1.0523	1.0839	1.0693	1.1253	1.1431	1.1584	1.0640
QG37_00075	0.9145	0.8427	0.8929	0.9667	0.9148	0.9736	0.9078	0.9870	1.0277	0.8752	0.8042	0.8462	0.9736	0.9560	0.8157	0.9724	0.8608	0.8626	0.8291	0.9349	0.8670	0.9298	0.8381	0.7967	0.8334	0.9486	0.9582	0.9194	0.7787	0.6981	0.9362	0.7667	0.8191	0.7176	0.7710	0.9451	0.9494	0.8926	1.0022	0.8645	0.9679	0.8331	0.8664	0.8764	0.8876	0.9879	0.8458	0.7869
QG37_00076	0.9519	0.9617	0.9484	0.9312	0.9836	1.0404	0.9020	1.0010	0.9525	0.9379	0.9299	0.9205	0.9845	1.0319	0.9684	1.0144	0.9191	0.9526	0.9034	0.9531	0.9719	1.0029	0.9390	0.9174	0.9625	0.9614	0.9331	0.9459	0.8146	0.8639	0.9076	0.9178	0.9105	0.9327	1.0001	0.9838	0.9588	0.9943	0.9409	0.9659	0.9770	0.8992	1.0211	1.0517	1.0007	1.0503	1.0126	0.9644
QG37_00077	0.8922	0.8537	0.7738	1.0922	0.7473	0.8786	0.8812	0.7675	0.7728	0.7515	0.8536	0.7207	0.8786	0.8961	0.8892	0.9689	0.8357	0.7846	0.6764	0.8323	0.9252	0.7482	0.8377	0.8426	0.9700	0.8351	0.7697	0.8125	0.6288	0.5411	0.8159	0.7312	0.7761	0.8551	0.8942	0.8431	0.9994	0.8752	0.8933	0.9397	0.9601	0.8383	0.8483	0.9955	0.9586	0.9047	0.7026	0.8573
QG37_00078	0.8078	0.9330	0.9893	0.7416	0.8825	0.9786	0.9005	0.8095	0.8591	0.9206	1.0230	0.8833	0.9044	0.8316	0.8302	0.9735	0.8180	0.9163	0.8423	0.8035	0.8432	0.8589	0.8523	0.7677	0.8386	0.8169	0.9763	0.8778	0.8035	0.8254	0.9248	0.8945	0.8405	0.9055	0.8957	0.8631	0.9647	0.9956	0.8705	0.9859	0.8388	0.7587	0.8876	0.9542	0.8936	0.9780	0.9780	1.0055
QG37_00079	0.9580	0.8954	1.0525	0.9991	0.9338	0.9541	0.9534	0.8905	0.9245	0.8957	0.8873	0.8804	0.8993	0.9300	1.0074	0.9119	0.8960	0.9749	0.9286	0.9416	1.0650	0.9531	0.9451	0.9560	1.0021	0.9911	1.0356	0.7959	1.0121	0.8484	0.8969	0.8206	0.9412	0.9170	1.0953	1.0246	0.8665	1.0361	0.9821	1.0287	0.9632	0.8673	0.9371	0.9919	0.9941	1.0159	1.0478	0.9663
QG37_00080	0.9647	1.0312	0.8411	0.9759	0.8788	1.0009	0.9654	0.8922	1.0153	0.9040	0.9203	1.0078	1.0475	1.0522	1.0527	0.9050	0.9822	0.9703	0.9969	0.8735	0.9913	1.0660	0.9943	0.9994	0.9391	0.9853	1.0609	0.8869	0.7819	0.9900	0.9222	0.8648	0.8789	1.0415	1.0973	1.0033	0.9856	1.0008	1.1503	1.0993	1.0639	1.0160	0.9723	0.9509	0.9605	1.1344	0.9617	1.0062
QG37_00081	0.9706	0.9527	0.8768	0.8488	0.9325	1.0156	1.0529	0.9642	1.0241	0.9285	0.9226	0.9040	1.0190	1.0061	0.8717	1.0322	0.9686	0.8539	0.9648	0.8850	0.9095	0.9276	0.9382	0.9558	0.8189	0.8534	0.9284	0.8493	0.8097	0.6599	0.7868	0.8386	0.9638	0.8975	0.9098	0.9421	0.9102	0.9396	0.9396	0.9095	0.8894	0.9307	0.9723	1.0265	0.9242	0.9968	0.9187	0.9985
QG37_00082	0.8949	0.9296	0.9434	0.6761	0.8616	0.8343	0.9429	0.8392	0.9010	0.9574	0.8252	0.8553	0.7759	0.7959	0.9548	0.8200	0.7692	0.6998	0.7929	0.7462	0.7965	0.8359	0.7811	0.7690	0.8712	0.6789	0.9830	0.7552	0.7850	0.9251	0.8243	0.7937	0.8357	0.7508	0.7670	0.9759	0.7995	0.9291	1.0336	0.9720	0.7906	0.8599	0.9015	0.7344	0.8327	0.8418	0.8844	0.6922
QG37_00083	0.9409	0.9277	1.0877	0.7503	0.8992	0.8411	0.9120	0.9391	0.8243	0.8281	0.7843	0.8418	0.7105	0.7326	0.9118	0.8524	0.7464	0.8696	0.7524	0.8287	0.6993	0.8120	0.8804	0.9090	0.9834	0.8285	1.0865	0.6988	0.8272	0.5750	0.8814	0.8659	0.8526	0.9745	0.9892	1.1201	0.9501	1.0107	0.9447	0.9545	0.8136	0.9634	0.9844	0.7094	0.7616	0.9747	0.8412	0.8667
QG37_00084	0.8551	0.8807	0.9692	0.8543	0.8621	0.8683	0.8814	0.8955	0.8470	0.7826	0.7791	0.9539	0.6639	0.7534	0.8636	0.8886	0.7288	0.7983	0.7520	0.7311	0.6145	0.6764	0.7687	0.7179	0.9885	0.8961	1.0067	0.7749	0.8583	0.8751	0.8553	0.7690	0.8419	0.9962	0.8518	0.9723	1.0790	0.7782	0.9447	0.9647	0.7197	0.7989	0.9113	0.6437	0.6572	0.8194	0.8706	0.9871
QG37_00085	0.7589	0.7956	0.8116	0.8100	0.9073	0.7141	0.7245	0.9298	0.8168	0.8056	0.8349	0.7566	0.6708	0.8234	0.8091	0.9430	0.7683	0.7823	0.7987	0.8151	0.7778	0.6504	0.6514	0.6725	0.8440	0.8560	0.9106	0.8215	0.7513	0.6287	0.9416	0.7431	0.7928	0.7171	0.8510	0.7769	0.8723	0.8036	0.8913	0.8103	0.8261	0.8257	0.7936	0.7073	0.6087	0.7639	0.8509	0.8205
QG37_00086	0.7162	0.6999	0.5241	0.5640	0.7175	0.6431	0.7224	0.7241	0.6308	0.6410	0.7494	0.4687	0.6410	0.6830	0.6491	0.7008	0.7233	0.7839	0.7075	0.6756	0.7815	0.6930	0.7442	0.7142	0.6749	0.6983	0.7093	0.7003	0.5814	0.6760	0.6572	0.6431	0.5503	0.6564	0.6738	0.6911	0.6856	0.7368	0.6745	0.6406	0.7337	0.7177	0.5954	0.6358	0.5972	0.6364	0.7161	0.5872
QG37_00087	0.6617	0.8213	0.8255	0.7562	0.8464	0.8966	0.8078	0.7278	0.7171	0.6841	0.8581	0.8079	0.7944	0.8511	0.8867	0.8870	0.8210	0.7567	0.7244	0.8512	0.9631	0.8661	0.8268	0.8636	0.8659	0.7300	0.8000	0.8144	0.8776	0.8351	0.8117	0.9037	0.8154	0.8235	0.9132	0.8905	0.7503	0.8900	0.8297	0.8285	0.9638	0.7900	0.9407	0.8487	0.8149	0.8432	0.8326	0.8313
QG37_00088	0.8635	0.8223	0.7705	0.8672	0.9249	0.8490	0.9201	0.8730	0.8916	0.8057	0.7701	0.8623	0.7931	0.8864	0.8594	0.8878	0.8158	0.8994	0.9040	0.8420	0.9015	0.7619	0.8773	0.8614	0.8314	0.8062	0.8554	0.8029	0.6933	0.7808	0.8502	0.8475	0.8727	0.8415	0.8171	0.8479	0.8566	0.8842	0.8515	0.8302	0.9665	0.8735	0.8401	0.9681	0.9071	0.9264	0.8578	0.9520
QG37_00089	0.8876	0.8527	0.7394	0.8344	0.7692	0.7551	0.8454	0.8068	0.8243	0.6509	0.7740	0.7559	0.8786	0.9446	0.7841	0.9854	0.9291	0.8379	0.8093	0.9216	0.9541	1.0000	1.0124	0.9257	0.8605	0.9089	0.8162	0.7777	0.7336	0.6457	0.8816	0.9120	0.9556	0.8634	0.8256	0.7721	0.8336	0.8591	0.9965	1.0088	0.8550	1.0156	1.0477	0.9620	0.8202	0.8354	0.8384	0.9903
QG37_00090	0.8547	0.8926	0.8237	0.9205	0.7652	0.8801	0.8000	0.8133	0.8512	0.8060	0.8486	0.7605	0.7396	0.9987	0.7869	0.8397	0.8347	0.8632	0.8838	0.8242	0.9422	0.9427	0.8651	0.8991	0.8760	0.8349	0.7890	0.7476	0.7031	0.7630	0.8541	0.8510	0.8710	0.8519	0.8051	0.8403	0.8366	0.8242	0.9646	0.8902	0.8982	0.9237	0.8794	1.1040	0.8784	0.9246	0.9310	0.8957
QG37_08388	1.2212	1.1172	1.0344	1.1142	1.0700	1.1032	0.9624	1.2286	1.2767	1.1550	1.1634	1.1043	1.1765	1.1922	1.1066	1.0627	1.0411	1.0958	0.9935	1.0712	0.9644	1.2065	1.2230	1.2095	1.3182	1.0492	1.1567	1.1020	0.9453	1.0727	1.3089	0.9708	1.2410	1.0986	0.9426	1.1681	0.9016	0.8892	1.2510	1.3064	1.1132	1.0290	1.0796	1.0776	1.0621	1.0931	1.1250	1.2608
QG37_00091	0.9294	1.0375	0.8946	0.9225	0.8672	0.8384	0.8236	0.8663	0.8159	0.7824	0.7240	0.7840	0.7851	0.8300	1.0667	0.8245	0.9380	1.0054	0.8207	0.8251	0.9420	0.7950	0.9307	0.8480	0.9170	0.8415	0.7962	0.9024	0.9859	0.9791	0.8957	0.8060	0.9041	0.7903	0.9397	0.8820	0.8689	0.8772	0.9158	1.0194	1.0206	1.1516	1.0215	0.8581	0.9324	0.9636	1.0022	0.9145
QG37_00092	0.8918	0.9470	0.8686	0.9048	0.8771	0.8114	0.7998	0.7043	0.9448	0.8672	0.8871	0.6952	0.8630	0.8530	0.9118	0.8913	0.8024	0.9846	0.8958	0.8620	0.9334	0.8598	0.9444	0.9030	0.8602	0.7891	0.8001	0.7511	0.6569	0.7248	0.8356	0.9373	0.8125	1.0726	0.8306	0.8931	0.8668	0.8364	0.8583	1.0784	0.8703	0.9699	1.0269	0.8785	0.8708	0.9178	0.8583	0.8738
QG37_00093	0.6985	0.7198	0.8991	0.7911	0.7929	0.7645	0.7532	0.7866	0.7621	0.6989	0.7480	0.7260	0.7436	0.8251	0.8263	0.9369	0.7588	0.8040	0.7196	0.8050	0.8235	0.7122	0.7842	0.7447	0.7659	0.8224	0.7664	0.7875	0.7303	0.7978	0.7205	0.7596	0.7157	0.7981	0.9377	0.9689	0.8168	0.8284	0.8356	0.7949	0.7981	0.8042	0.8291	0.9366	0.8295	0.9395	0.9392	0.7751
QG37_00094	0.8580	0.8031	0.9147	0.7196	0.7297	0.7669	0.7906	0.7835	0.8858	0.8106	0.8881	0.7376	0.7836	0.9814	0.8254	0.9241	0.8028	0.8437	0.8596	0.8689	0.8153	0.9139	0.8564	0.8304	0.7844	0.8375	0.8621	0.8102	0.7683	0.5420	0.8355	0.7259	0.8210	0.8024	0.8452	0.8997	0.8048	0.8230	0.9376	0.7828	0.8946	0.9850	0.8637	0.8032	0.8816	0.7659	0.8438	0.8785
QG37_00095	0.8070	0.8396	0.8089	0.8111	0.8389	0.8131	0.7840	0.8233	0.8136	0.7903	0.7264	0.8213	0.6407	0.8483	0.8534	0.8782	0.8471	0.8328	0.7692	0.7847	0.8274	0.8812	0.8389	0.7637	0.8914	0.7183	0.8234	0.7845	0.7610	0.6832	0.8726	0.8642	0.8001	0.8394	0.8566	0.8202	0.8633	0.9074	0.9076	0.8683	0.8416	0.8272	0.8521	0.9172	0.8647	0.9086	0.9871	0.8669
QG37_00096	0.8347	0.7996	0.8602	0.7396	0.8884	0.8611	0.8391	0.8617	0.8703	0.8252	0.7390	0.7713	0.8715	1.0199	0.8290	0.9090	0.7627	0.8739	0.8240	0.8413	0.9275	0.9062	0.9478	0.9353	0.8811	0.9317	0.8171	0.8771	0.8066	0.8730	1.0023	0.8046	0.8547	0.8520	0.9062	0.8766	0.8116	0.8802	0.7780	0.9114	0.9079	0.9023	0.8456	1.1178	0.8922	0.7529	0.8484	0.8862
QG37_00097	0.8535	0.8270	0.7978	0.7710	0.9875	0.9329	0.8084	0.8848	0.8871	0.6874	0.8757	0.8674	0.7770	0.9209	0.9476	0.9163	0.8265	0.8964	0.8724	0.8690	0.8719	0.8368	0.9416	0.9480	0.8520	0.8556	0.8437	0.6757	0.7294	0.7236	0.9145	0.7723	0.7969	0.9353	0.9124	0.8643	0.8955	0.9669	0.8361	0.9071	0.8887	0.9473	0.8747	0.8879	0.8139	0.8558	0.8481	0.8969
QG37_00098	0.9617	0.9022	0.9186	0.9456	0.9779	0.9200	1.0066	0.9256	0.9665	0.9331	0.9554	0.9560	0.9530	1.0095	0.8992	1.0488	1.0091	0.9867	0.9460	0.9422	0.9996	0.8944	0.9379	0.9683	0.9582	0.9234	0.8771	0.9270	0.8854	0.8151	0.8973	0.8210	0.9459	0.9369	1.0666	1.0076	1.0213	0.9858	1.0555	1.0307	1.0025	0.9702	0.9299	1.0525	1.0087	0.9908	1.0191	1.0739
QG37_00099	0.7586	0.7870	0.7572	0.8397	0.8372	0.8049	0.8655	0.8269	0.9409	0.7477	0.9993	0.9166	0.8474	0.9708	0.9011	0.8828	0.9020	0.8326	0.9627	0.8460	0.8897	0.8424	0.8960	0.8304	0.7756	0.8825	0.8621	0.8019	0.8054	0.7035	0.7270	0.7445	0.8487	0.9509	0.8146	0.8637	0.7320	0.7656	0.9236	0.8821	0.9844	0.9638	0.7928	1.1008	0.8519	0.8537	0.7777	0.9816
QG37_00100	0.8609	0.9514	1.0493	0.9007	0.8855	0.9581	0.9839	0.9862	0.8944	1.0106	0.8009	0.8866	0.8321	1.0014	0.8707	0.9044	1.0563	0.7477	0.9714	0.9208	0.9433	0.9661	0.9864	0.9077	1.0775	1.0135	0.9371	0.8626	0.9807	0.7924	0.8877	1.0167	0.8625	0.9555	0.9579	0.8872	0.9683	0.9831	1.0649	1.1087	0.9317	0.9515	0.8693	0.9525	1.0183	0.9338	0.8810	0.9524
QG37_00101	0.9722	0.9657	0.9000	0.9478	0.9944	0.9414	1.0077	1.0584	1.0190	0.9617	0.8774	0.9122	0.9650	1.0244	0.9878	0.9173	0.9902	0.9170	1.0362	1.0205	0.9332	0.9361	0.9964	1.0132	0.9344	0.8595	0.9345	0.8862	0.8674	0.8997	0.9992	0.9225	0.9828	0.9367	0.9607	0.9417	0.9961	0.9101	1.0653	1.0694	1.1430	0.9855	1.0719	0.9873	1.0686	1.0832	1.0022	1.0052
QG37_00102	1.1301	1.2363	1.1747	0.9307	1.1481	1.0853	1.0926	1.0132	1.0442	1.0596	0.9681	1.0281	1.0434	1.0831	1.1719	0.8642	1.0385	1.0327	1.0122	1.0258	1.3618	1.0964	1.1292	1.1648	0.9498	1.1158	1.1751	1.0057	0.9268	0.9370	1.0540	1.1367	1.1225	0.9478	0.8857	0.8751	1.0115	0.9185	1.0001	0.9912	0.9102	1.1402	0.9818	1.1824	0.8606	1.0698	1.1363	1.0632
QG37_00103	1.0642	1.0131	1.0225	0.9238	0.9537	0.9760	1.0911	1.0286	0.9958	1.0922	0.9581	0.9055	0.9884	0.9114	0.9844	0.9438	0.9130	0.9099	1.0197	0.8758	1.1151	0.7930	1.1141	0.9764	0.9892	1.0713	0.9799	0.8777	0.8954	1.0488	1.0360	1.0174	1.1777	1.0960	0.9536	0.9618	0.9556	1.1076	0.7391	0.9710	1.0024	1.1040	1.0687	1.0552	1.1637	1.0211	0.9652	1.1816
QG37_00104	0.8896	0.8473	0.8473	0.8408	0.8053	0.7713	0.8428	0.8602	0.9094	0.8377	0.8476	0.8764	0.7975	0.8275	0.8418	0.8792	0.8580	0.8810	0.8401	0.8506	0.8649	0.8644	0.8554	0.8398	0.8007	0.8483	0.8036	0.7827	0.7998	0.7836	0.8047	0.8266	0.8502	0.8670	0.8717	0.9081	0.8224	0.8745	0.9088	0.8321	0.9184	0.8016	0.8792	0.8965	0.8962	0.9184	0.8224	0.9188
QG37_00105	0.9165	0.9214	0.9621	0.9569	0.8854	0.9178	0.9004	0.8685	0.9861	0.8684	0.9175	0.9314	0.9120	0.9156	0.8833	0.9487	0.8721	0.9443	0.9786	0.9193	0.9055	0.9336	1.0365	0.9156	0.9348	0.9252	0.9157	0.8060	0.8401	0.7860	0.8713	0.8620	0.8968	0.9491	0.9811	0.8823	0.8053	1.0033	0.9478	1.0077	0.9691	0.9254	0.9310	1.0561	0.8487	0.9398	0.8985	0.9036
QG37_00106	0.9578	0.8502	0.9792	0.9080	0.7248	0.9366	1.0103	0.6298	0.7832	0.7445	0.9400	0.7010	0.8920	0.8040	0.9383	0.8860	0.7817	0.9552	0.8414	0.9525	0.9472	0.8275	0.8261	0.8254	0.8958	1.0160	0.7991	0.8815	0.6834	0.9488	0.9361	0.8760	0.8779	1.0339	0.9522	0.8325	1.0339	0.8651	1.1630	0.9296	0.9091	0.8857	1.0179	0.9227	0.9104	0.9734	0.7599	0.9375
QG37_00107	0.9892	0.9726	0.9585	0.9669	0.9325	1.0069	1.0079	0.8866	0.9422	0.9584	1.0834	0.8988	0.9285	0.9807	0.8784	0.9131	0.9903	0.9565	0.8962	1.0154	0.9113	0.9427	0.9412	0.9331	0.9211	0.9069	0.9397	0.9336	0.9104	0.7908	0.9677	0.9049	0.9880	0.9399	0.9777	0.9423	0.9654	0.9765	0.9910	0.9206	0.9753	0.9618	0.9190	0.9631	0.9830	0.9974	0.9608	0.9489
QG37_00108	1.0834	1.0315	0.9996	0.8643	0.9504	1.0744	1.0128	1.0504	0.8833	0.9967	0.9456	0.8874	1.0007	1.0568	0.8474	0.9347	0.9902	0.8876	1.0509	0.9223	0.9554	0.9401	0.9176	0.8901	0.9149	0.8804	0.8970	0.9181	0.8902	1.1143	0.9558	0.8534	0.9303	0.9390	1.0277	0.9190	0.9211	0.9444	0.9699	0.9173	0.9777	1.0201	0.9976	1.0899	1.0290	1.0777	1.0078	1.0216
QG37_00109	1.1596	1.0203	1.0260	1.0284	1.0480	1.0520	1.0662	1.0532	1.0011	1.0557	1.0467	1.0134	1.0382	1.0215	1.0232	0.9847	1.0090	1.0050	1.0394	1.0653	1.0469	1.0047	1.0131	0.9559	1.0329	1.0332	1.0104	0.9723	1.0983	1.0246	0.9550	0.9966	1.0372	1.0548	1.0267	1.0231	1.0512	1.0220	1.0180	1.0255	1.0641	1.0156	1.0261	1.0217	1.0262	1.0734	1.0817	0.9738
QG37_00110	0.9831	0.9508	1.0259	1.0033	0.8866	0.9541	1.1659	0.9722	1.1560	1.0649	0.9222	1.0512	1.0193	1.0007	0.9461	1.0212	1.0424	0.9825	0.9482	1.0192	0.9956	0.9481	0.9836	0.8429	0.9882	0.8319	0.9910	1.1293	1.0022	0.4238	0.7817	0.9887	0.8800	1.0436	1.0879	0.9639	0.9763	0.9020	0.9831	0.8332	1.1494	1.1080	0.8368	0.8726	1.0135	0.8913	0.9631	0.7999
QG37_00111	0.9810	0.9430	1.2354	1.0549	1.1236	0.9683	0.9830	0.9529	1.0092	0.9702	1.1787	1.1073	0.8336	0.9829	0.9691	0.9789	0.9045	1.0790	0.8915	0.9798	1.0993	0.9739	0.8447	0.7924	1.0463	0.9597	0.9209	1.0098	1.0610	1.0030	0.8009	0.8643	1.0097	0.9432	0.9616	0.9411	0.8910	1.0672	1.1908	0.9165	0.9574	0.8473	0.9142	1.0797	0.9233	0.9422	1.1117	0.9485
QG37_00112	0.9873	0.9440	1.0867	0.9255	0.9620	1.0245	1.0265	1.0098	0.9268	1.0647	1.1289	0.8935	0.9631	0.8475	0.9278	0.7552	1.0882	0.9805	0.8795	1.0122	1.0917	1.0911	0.8374	1.0947	1.1237	1.0739	0.6836	0.9881	0.9767	1.0446	0.9134	0.9189	0.9160	0.9366	1.0257	0.9554	0.8603	0.9133	1.0346	0.8290	1.0294	1.0199	0.9758	0.9103	0.9128	0.9359	0.9724	0.8140
QG37_00113	0.9732	0.9023	0.8555	1.0534	0.9245	1.0027	0.9851	1.0151	1.0735	0.9819	1.1248	0.9347	0.9580	0.9872	1.0282	1.0615	0.9782	1.0854	0.9875	1.0258	0.9411	1.0846	1.0621	0.9077	0.9035	0.8756	0.9062	1.0266	1.0514	0.8603	1.0399	0.7917	0.9680	1.0519	1.0131	0.9374	1.0269	1.0629	0.9640	0.9686	0.9940	1.0247	1.0715	1.0182	1.0134	0.9891	0.9848	1.0271
QG37_00114	1.0867	0.9955	1.0813	0.8215	1.1186	0.9851	0.9376	1.0954	1.2776	1.0886	1.1133	0.9926	0.9543	0.8348	0.9845	1.0340	0.8411	1.0097	1.0076	1.0802	0.7527	1.1268	1.0014	1.0098	1.0190	1.0626	1.1508	0.9467	1.0604	0.8209	1.0716	0.9397	1.0165	0.9907	0.9400	0.8381	1.1283	0.7555	1.1243	0.8218	0.8525	0.8512	0.7318	0.8679	0.9073	0.7822	1.1085	0.9664
QG37_00115	0.8565	0.8378	0.8826	0.7629	0.8348	0.7894	0.8746	0.8842	0.8269	0.8477	0.8886	0.7928	0.8960	0.8406	0.8143	0.8474	0.8610	0.8367	0.8374	0.8841	0.8900	0.9086	0.8537	0.8855	0.7942	0.7976	0.8770	0.7643	0.8674	0.7954	0.8039	0.8114	0.9065	0.8419	0.8664	0.8438	0.8654	0.8050	0.8984	0.8360	0.8776	0.8240	0.8350	0.8681	0.9422	0.8490	0.8265	0.8958
QG37_00116	1.1003	1.0431	0.9972	1.1003	0.8750	1.0777	1.0267	1.0194	1.1050	1.0745	1.3478	1.0217	1.0184	0.9942	0.9538	1.0746	1.1087	1.0531	0.9692	0.9527	1.1807	1.0460	0.8782	1.0231	1.0881	0.9325	0.8762	0.8124	1.0244	0.9557	1.0782	1.0973	1.2191	1.1815	0.9689	1.0433	1.1930	0.9099	0.9601	1.0984	1.1418	1.0570	1.0864	0.8794	0.9524	0.8740	0.9871	1.0708
QG37_00117	1.0407	1.0870	1.0253	0.9680	1.0589	1.0055	1.0121	1.0791	1.0136	1.1179	1.0501	1.0821	0.9821	1.0890	1.0127	1.0526	1.0518	1.1021	1.0707	0.9364	1.1614	1.0690	0.9669	1.0934	1.1699	0.9493	1.0171	0.9624	0.9679	0.8521	1.1099	1.0145	1.1317	1.0262	0.9887	1.0011	1.0421	0.9814	1.0516	1.0619	1.0286	1.0849	0.9433	1.0130	1.1465	1.0820	0.9902	1.0895
QG37_00118	0.9711	1.1905	1.0406	1.0470	1.1308	1.0501	1.0681	1.0541	1.1435	1.0822	1.0270	1.0176	1.0156	1.0586	1.0642	1.1113	1.0520	1.1441	1.0645	1.1212	1.0873	0.9977	1.1043	1.1046	1.1398	1.2022	1.1258	1.1311	1.1154	0.7493	1.1318	0.9657	1.1736	0.9480	1.1342	0.9485	1.1104	1.0335	1.2151	1.0387	1.0555	1.0388	1.1750	1.0262	1.1276	1.2403	0.9600	1.1418
QG37_00119	1.0483	1.0014	0.9159	0.9817	0.9357	0.8698	0.9333	1.0124	1.0139	1.0204	1.0125	1.1161	1.0903	0.9280	0.9082	0.9867	0.9531	1.0286	1.0002	0.9264	0.9771	0.9420	0.9628	1.0032	0.8730	0.8398	0.8357	0.9464	0.9308	0.7311	0.9164	0.9045	0.9803	1.0159	1.0106	1.0131	0.9901	1.1252	1.0271	0.9476	1.0689	0.9674	1.0269	1.0048	0.9425	0.9572	0.9182	1.0360
QG37_00120	1.0217	1.1051	0.9359	0.9820	1.2099	1.1761	1.0350	1.0882	1.1596	0.9374	1.1772	0.9767	1.0463	1.0949	0.9808	0.9710	0.9993	1.0965	0.9622	1.1866	1.0054	1.1704	0.9612	0.9198	1.0194	0.9451	1.1103	1.0104	1.1315	1.0361	1.0742	1.0217	1.1396	1.2816	1.1006	1.0307	1.2113	1.1557	0.8297	1.1275	1.1226	1.0814	0.9568	0.9495	1.1693	1.0521	1.0694	1.1685
QG37_00121	1.3816	1.1537	0.9676	1.1965	1.2745	1.0683	1.0922	1.1456	1.2429	1.1971	1.1287	1.1759	1.0522	1.0246	1.1099	1.0909	1.0278	1.1781	0.9827	1.1222	1.1354	1.1264	1.1877	0.8490	1.0191	1.2122	1.0784	1.0763	1.2521	0.9166	1.2113	1.0575	1.0603	1.1007	1.0847	1.0094	1.0690	0.9546	1.0265	0.9844	1.0894	1.0910	0.9651	0.9607	1.3000	1.3196	1.3411	1.2735
QG37_00122	0.8776	0.9630	0.8338	0.8270	0.8440	0.9117	0.9942	0.8197	0.9248	0.8872	0.9362	0.8538	0.9482	1.0209	0.9344	0.9221	0.8923	0.8805	0.9510	0.9653	0.8622	0.9140	0.9001	0.9692	0.8954	0.8180	0.8327	0.9502	0.7968	0.9764	0.8913	0.9571	0.8358	0.6882	0.9118	0.7533	0.8176	0.8963	0.7616	0.7403	0.8148	0.7631	0.8167	1.0051	0.9168	1.0026	0.9537	0.8580
QG37_00123	0.8903	0.8159	0.9348	0.8761	0.8002	0.8731	0.8417	0.8383	0.7535	0.7427	0.8711	0.8196	0.8709	0.8147	0.8063	0.8549	0.7977	0.7832	0.8517	0.8447	0.8257	0.7711	0.8323	0.8199	0.8640	0.8597	0.8268	0.8072	0.8408	0.7439	0.8137	0.7852	0.7890	0.8020	0.9156	0.8361	0.8530	0.8390	0.8078	0.7837	0.7561	0.7627	0.8512	0.8763	0.8424	0.8602	0.9109	0.8123
QG37_00124	1.0749	0.9115	1.1395	0.9746	1.0030	0.9406	1.1150	0.8220	1.1194	1.0161	0.9678	1.0492	1.2338	1.1008	1.0163	1.1369	1.0695	1.0137	1.0545	1.0592	1.0366	0.9020	0.9946	1.0583	1.0961	0.9583	0.9489	1.0418	1.0104	0.9251	0.9825	1.0150	0.8574	0.9360	1.0761	0.8465	1.0021	0.8806	0.9968	0.8074	0.9586	0.8685	0.8706	0.7839	0.9465	0.8591	0.8679	0.9222
QG37_00125	1.1826	0.9952	0.9880	1.1157	0.9226	0.8449	1.0594	0.8487	0.9915	0.8915	0.8538	0.8773	0.9040	0.9905	0.9219	1.0098	0.9971	1.0468	0.9819	0.8718	0.9771	0.9901	0.9905	0.9619	0.8452	0.8267	0.8375	0.9186	1.1406	0.5614	0.9102	0.8597	0.9102	0.9788	1.0171	0.8508	0.9056	0.8239	1.0763	0.7268	0.9411	0.9569	0.7807	0.7754	0.8956	0.8374	0.8871	0.9787
QG37_00126	0.8937	0.9298	0.9516	1.0020	0.9010	0.7900	1.0294	0.7398	0.8407	0.7640	0.8323	0.7669	0.8416	0.8943	0.8979	0.8693	0.9242	0.8311	0.8110	0.9151	0.9033	0.9223	0.8209	0.7575	0.7974	0.7938	0.8661	0.8203	0.8880	0.7675	0.7983	0.8090	0.8007	0.9452	0.8665	0.9502	0.8516	0.9803	0.8864	0.8456	0.8843	0.8666	0.7911	0.8400	0.8695	0.7338	0.7488	0.8580
QG37_00127	0.8837	0.8373	0.8769	0.9937	0.9141	0.7897	0.8283	0.9617	0.9316	0.8805	0.7838	0.6820	0.8013	0.9508	0.9526	0.8205	0.8021	0.8720	0.8874	0.8779	1.0017	0.9611	0.8819	0.9442	0.8747	0.9058	0.8343	0.8705	0.9259	0.8012	0.9110	0.7806	0.8591	0.9726	0.9496	0.8504	0.8189	0.8674	0.9315	0.8826	0.9087	0.9325	0.9060	0.9800	0.8654	0.7712	0.9167	0.8489
QG37_00128	0.8415	0.8031	0.8642	0.7693	0.8401	0.7693	0.7502	0.8078	0.7719	0.8794	0.8672	0.7682	0.8122	0.8133	0.8434	0.7417	0.8061	0.7947	0.8448	0.7946	0.8765	0.7556	0.7885	0.7755	0.8343	0.7349	0.8166	0.7500	0.7552	0.6963	0.7194	0.7663	0.8269	0.7500	0.8940	0.8477	0.8318	0.7485	0.7317	0.8517	0.8292	0.8566	0.7770	0.9756	0.8485	0.9488	0.8893	0.8571
QG37_00129	0.9057	0.8236	0.8723	0.9551	0.8855	0.8359	0.8776	0.8580	0.8915	0.9417	0.7926	0.7930	0.8791	0.8324	0.7253	0.8586	0.8348	0.8124	0.8871	0.8983	0.9189	0.8205	0.8579	0.9179	0.9414	0.8694	0.9112	0.8180	0.7977	0.7639	0.8257	0.7682	0.8808	0.8400	0.8443	0.8720	0.9327	0.7808	0.8998	0.8368	0.8926	0.8022	0.9048	0.9158	0.8789	0.9157	0.7814	0.7331
QG37_00130	0.8739	0.8580	0.8383	0.8312	0.8086	0.7946	0.8196	0.8926	0.8019	0.8827	0.7673	0.7563	0.7769	0.9166	0.8692	0.8858	0.8597	0.8640	0.8479	0.7972	0.8920	0.8416	0.9068	0.7823	0.8354	0.8248	0.8042	0.8007	0.8142	0.7587	0.7977	0.7424	0.8512	0.8268	0.8377	0.8581	0.9225	0.8845	0.8332	0.8048	0.8331	0.8855	0.8822	0.9685	0.9587	0.9288	0.8757	0.8900
QG37_00132	0.8883	0.8577	0.9225	0.7933	0.8520	0.9339	0.8583	0.7624	0.8098	0.6862	0.8105	0.9108	0.8171	0.9403	0.8475	0.7379	0.8379	0.8740	0.8256	0.7689	1.1220	0.8961	0.9411	1.0208	0.8372	0.7969	1.0259	0.8407	0.7268	1.0667	0.8838	0.7904	0.9978	0.9241	0.7792	1.0698	0.7861	0.8444	0.8636	0.9615	0.8296	1.1441	1.0550	0.8119	0.9311	0.9349	0.8329	1.1035
QG37_00133	0.9203	0.8667	0.9408	0.8916	0.8833	0.9840	0.9174	0.9549	0.8193	0.7774	0.9847	0.9141	0.8059	0.9161	1.0099	0.9957	0.9415	0.8814	0.8505	0.9211	0.8945	0.9493	0.9551	0.8746	0.9863	0.8936	0.9340	0.7980	0.8752	0.8587	0.8816	0.8724	0.8649	1.0150	1.0159	0.8925	0.9554	0.9441	0.9731	0.9736	0.9686	0.8570	0.8580	0.9081	0.8795	0.9646	0.8956	0.9860
QG37_00134	0.8302	0.9251	1.0401	1.0012	1.1805	0.9539	0.8678	0.9897	0.8823	1.0105	0.8053	0.9422	0.8257	0.9258	0.8789	0.9275	0.8468	0.8769	1.0037	0.9844	0.8961	0.9023	0.8334	0.9500	0.9534	0.8846	0.8559	0.9685	0.9037	0.6256	0.8442	0.8066	0.9084	0.9021	0.9392	0.9429	0.9133	0.9513	0.8872	0.9273	1.0986	0.9182	1.0993	0.9666	0.8890	0.9083	0.8148	0.9709
QG37_00135	0.9986	0.9378	0.8740	0.9802	0.9655	0.9853	1.0051	0.9539	0.9610	0.9990	0.9546	0.8890	0.8982	0.9964	0.9396	0.9710	0.9085	1.0029	0.9431	0.9194	1.0021	0.9138	0.9107	0.9313	0.9561	0.9020	0.9300	0.9236	0.9093	0.9736	0.9503	0.9050	0.9255	1.0051	0.9293	0.9737	0.9464	0.9819	0.9894	0.9424	0.9458	0.9245	0.9246	0.9159	0.9641	0.9662	0.9810	0.9759
QG37_00136	0.8623	0.8624	0.9461	0.7993	1.0024	1.0390	1.0065	0.8633	0.9456	0.9877	1.0135	0.8579	0.7725	0.9392	0.8574	0.9814	1.0157	0.9447	0.8735	0.9643	0.9441	0.9114	1.0058	0.9395	0.8303	0.7963	0.8733	0.9068	0.7354	0.7739	0.8360	0.8997	0.9226	0.9322	0.9886	0.9550	0.9578	0.9132	0.8735	0.9075	0.9377	0.9040	0.8375	1.0509	0.9000	1.1055	0.9038	0.9178
QG37_00137	0.9983	0.7443	0.9587	0.8258	0.9338	0.9378	0.8715	0.8541	0.9700	0.9235	0.7989	0.7873	0.7990	0.9613	0.9827	0.9124	0.8927	0.8744	0.8030	0.8713	1.0602	0.8722	0.8223	0.7917	0.9010	0.7729	0.8910	0.8473	0.7497	0.6735	0.7544	0.8321	0.8870	0.8304	0.8737	0.7930	0.9108	0.8171	0.8268	0.8404	0.9973	0.9411	0.8151	1.0437	0.9715	0.9987	0.9083	0.8575
QG37_00138	0.9070	1.1082	0.6755	1.0470	1.0602	0.9339	1.0781	0.9918	1.1038	0.8023	0.8429	0.8545	0.9339	0.9848	0.7465	1.0693	0.8103	0.8758	0.9557	0.8576	1.0733	0.9340	0.8327	0.9757	0.8840	1.0107	0.8332	0.9319	0.9177	0.9873	0.7142	0.9890	0.8025	0.8857	0.9335	0.7957	0.8365	0.8241	0.8778	0.9427	0.8237	0.9773	0.9750	0.9780	0.9752	1.1194	1.1887	0.9598
QG37_00139	0.8775	0.7481	0.9499	0.8290	0.7546	0.8513	0.9068	0.8468	0.7872	0.8372	0.8573	0.6867	0.8060	0.9053	0.7780	0.8509	0.7851	0.8211	0.8007	0.7735	0.9319	0.8180	0.8303	0.7717	0.7799	0.8217	0.7870	0.8406	0.7333	0.7602	0.9033	0.7955	0.8495	0.7689	0.7553	0.8301	0.7787	0.8065	0.8828	0.8108	0.7499	0.8630	0.7333	1.0239	0.8593	0.8339	0.8480	0.8366
QG37_00140	0.8706	0.7637	0.7473	0.6596	0.8373	0.8384	0.8771	0.7757	0.7888	0.7485	0.8182	0.6569	0.8273	0.8811	0.7870	0.9111	0.8870	0.8586	0.8908	0.8882	0.8213	0.8344	0.8001	0.8525	0.9087	0.7857	0.8389	0.7538	0.7169	0.9166	0.8460	0.7560	0.7435	0.8525	0.8539	0.8989	0.7009	0.7973	0.9109	0.8120	0.8631	0.7083	0.7706	0.8618	0.8137	0.9251	0.8494	0.8192
QG37_00141	0.9714	0.8214	0.7713	0.8487	0.9276	0.8961	0.9504	0.7598	0.8157	0.9520	0.9160	0.9150	0.9856	1.0264	0.8959	1.0606	0.8101	0.7880	0.9041	0.8085	0.9297	0.9743	0.9447	0.8081	0.9856	0.8733	0.7852	0.7759	0.8291	0.9961	0.8446	0.7392	0.8163	0.9303	0.9935	0.7966	0.8863	0.8794	1.0811	0.9114	1.0398	0.9393	0.8959	1.1902	0.9476	0.9439	0.8542	0.8904
QG37_00142	0.9825	0.9365	0.9014	1.0074	0.9279	0.9761	0.9337	0.9796	0.9706	0.9286	0.9048	0.8858	0.9920	0.8898	0.9067	1.0000	0.9064	0.9089	0.9015	0.8682	1.0235	0.8788	0.9629	0.8522	0.8782	0.8938	0.8592	0.8673	0.8315	0.7566	0.9102	0.7876	0.8626	0.9360	0.9861	0.9621	0.8773	0.9699	0.8859	0.8502	1.0320	0.8842	0.9003	0.9315	0.9131	0.9342	0.9191	0.8658
QG37_00143	1.2042	1.0368	1.2331	0.9066	1.1493	1.1355	1.1623	1.2189	1.0306	1.0059	1.0080	1.1118	1.0474	1.0257	0.8956	0.8860	1.2853	1.0122	1.2013	0.9324	1.0376	1.0705	1.0479	0.9372	1.0172	1.0932	0.9071	1.1025	1.0185	0.8551	1.2574	0.9853	0.8886	0.9374	0.9640	0.9603	0.9954	0.9134	0.9725	1.1959	1.0755	1.0348	1.1006	0.7061	0.7999	0.6792	0.7279	0.7330
QG37_00144	0.9767	0.9800	1.0141	0.9885	0.9419	1.0185	0.9286	1.0768	0.9888	0.9605	0.9530	0.9759	1.0425	0.9818	1.0522	1.0517	1.0144	0.9943	0.9765	1.0678	1.1124	0.9732	0.9790	0.9855	0.9877	0.9838	0.8721	0.9797	0.9892	0.8181	0.8696	0.9029	0.9368	1.0176	0.9670	0.9585	1.0028	0.9222	0.9118	0.9463	1.0594	0.8730	0.8590	1.0858	0.8935	1.1200	0.9200	1.0082
QG37_00145	1.0890	0.9500	0.9305	0.9119	0.8914	0.9721	0.9796	1.0870	0.9593	1.0186	1.0265	0.9938	0.9213	0.9236	0.8985	1.0292	1.0246	0.9399	0.9106	1.0122	0.9644	0.9301	0.9600	0.9547	0.9250	0.9342	0.9594	1.0059	0.9216	0.9133	0.8595	0.9445	0.8800	1.0159	0.9942	0.9041	0.9578	0.9361	0.9629	0.9563	0.9952	0.9577	0.9670	1.0242	0.9383	0.9750	0.8431	0.9511
QG37_00146	0.9220	1.0355	0.7263	0.7374	0.7516	0.7725	0.7784	0.6535	0.9313	0.8955	0.7410	0.8716	0.8243	0.7598	0.6495	0.6480	0.8536	0.7543	0.8537	0.7390	0.8532	0.8410	0.7721	0.8120	0.7799	0.8680	0.7506	0.8247	0.9294	0.7611	0.8557	0.7841	0.8737	0.9992	0.8920	1.0574	1.1021	1.2651	0.9924	1.1085	1.1601	1.0822	0.9241	0.7440	0.7350	0.6053	0.6819	0.7155
QG37_00147	0.8950	0.8101	0.7420	0.8723	0.7500	0.8082	0.8090	0.8906	0.8632	0.8836	0.8134	0.8200	0.8573	0.9731	0.7389	0.9108	0.7477	0.7676	0.8544	0.7859	0.9081	0.8035	0.7717	0.9435	0.8075	0.8924	0.7523	0.8610	0.7336	0.6644	0.7545	0.7768	0.7050	0.8274	0.7987	0.7427	0.8538	0.7434	0.8263	0.7154	0.7131	0.6867	0.8650	0.7814	0.7189	0.8374	0.7978	0.7719
QG37_00148	0.8517	0.8074	0.8674	0.7264	0.8468	0.8636	0.8756	0.8560	0.8960	0.7567	0.8595	0.7461	0.8321	0.8762	0.8288	0.8402	0.7931	0.7732	0.7611	0.8008	0.7883	0.7987	0.8304	0.8088	0.7909	0.7650	0.8510	0.7524	0.7083	0.8745	0.7665	0.7468	0.8184	0.8205	0.7464	0.8320	0.8443	0.8873	0.7713	0.8000	0.7777	0.8450	0.6876	0.9278	0.8731	0.8186	0.8540	0.8054
QG37_00149	0.7755	0.7952	0.6848	0.5434	0.7659	0.9556	0.8112	0.8885	0.9353	0.7499	0.7581	0.7207	0.8780	0.8613	0.9219	0.7763	0.7397	0.8781	0.7710	0.8430	0.8026	0.8940	0.8098	0.8925	0.7354	0.7903	0.7431	0.7121	0.7303	0.7263	0.7299	0.7639	0.4593	0.7256	0.8133	0.7930	0.5972	0.8013	0.6915	0.7932	0.7061	0.7999	0.7217	0.3320	0.3974	0.3414	0.3563	0.3747
QG37_00150	0.7469	0.7278	0.7193	0.5657	0.7456	0.7536	0.9841	0.8101	0.8525	0.7422	0.7195	0.8053	0.9671	0.9156	0.9444	0.8655	0.8432	0.8910	0.8281	0.9080	0.8226	0.7520	0.8005	0.9049	0.7228	0.9398	0.7690	0.8578	0.8188	0.7751	0.7855	0.7021	0.6382	0.7779	0.7261	0.8277	0.6634	0.7105	0.6742	0.7818	0.7872	0.6689	0.7666	0.3138	0.3841	0.3614	0.3540	0.2868
QG37_00151	0.9717	0.8251	0.7904	0.7746	0.6747	0.7453	0.7512	0.8377	0.8739	0.7866	0.8115	0.7288	0.7351	0.8834	0.8298	0.7724	0.8833	0.8062	0.8218	0.8340	0.9210	0.7942	0.8298	0.8069	0.8484	0.6847	0.7930	0.8493	0.6274	0.6902	0.9061	0.7704	0.8311	0.7653	0.8049	0.8603	0.7341	0.5610	0.7895	0.8883	0.7726	0.7456	0.7571	0.6234	0.5382	0.7511	0.6713	0.7580
QG37_00152	0.7236	0.6920	0.7010	0.7820	0.7390	0.6576	0.7337	0.7764	0.7315	0.6667	0.7410	0.6635	0.6944	0.7764	0.7151	0.8044	0.7143	0.7598	0.7441	0.7292	0.8224	0.6614	0.7485	0.7424	0.7654	0.7006	0.7311	0.6300	0.6009	0.6393	0.6459	0.6361	0.5962	0.7288	0.8322	0.8113	0.7063	0.8146	0.7037	0.7442	0.8640	0.7227	0.7501	0.8517	0.7848	0.8204	0.7554	0.7204
QG37_00153	0.9563	0.9344	0.7402	0.8647	0.7902	1.0110	0.8293	0.8572	0.8098	0.8436	0.7314	0.5971	0.8955	0.9040	0.9237	0.9298	0.9133	0.7529	0.8146	0.8252	0.8474	0.7449	0.8434	0.8139	0.7681	0.7845	0.8722	0.8083	0.9431	0.8196	0.7803	0.7650	0.8570	0.8583	0.7800	0.8494	0.8871	0.9884	0.9494	0.9198	0.9560	0.8780	0.8868	0.7797	0.9110	1.0889	0.9769	0.9270
QG37_00154	0.9900	0.8855	0.7055	0.6303	0.7579	0.9094	0.8953	0.6818	0.9134	0.7791	0.8405	0.7646	0.8705	0.9377	0.9037	0.9840	0.8929	0.7911	0.8436	0.8976	1.0216	0.8272	0.7609	0.6886	0.7823	0.8281	1.0288	0.8354	0.8390	0.9072	0.7952	0.7962	0.7834	0.9875	0.7113	0.9167	0.9328	0.9258	0.8131	1.0218	0.9237	0.9189	0.9525	0.8747	0.9771	0.9180	0.8601	0.9688
QG37_00155	0.5959	0.6255	0.4753	0.6822	0.5837	0.6409	0.6860	0.5905	0.5009	0.6187	0.6175	0.6133	0.6543	0.8190	0.6637	0.7271	0.6839	0.6027	0.4864	0.5900	0.5805	0.6472	0.7857	0.5902	0.5955	0.5861	0.6452	0.5209	0.4732	0.6769	0.5017	0.5645	0.6490	0.6712	0.6778	0.7640	0.6690	0.7061	0.7179	0.7085	0.7244	0.6729	0.7441	0.6918	0.7090	0.6971	0.8415	0.7183
QG37_00158	0.7828	0.7860	0.8298	0.7559	0.7381	0.8204	0.8126	0.8329	0.7808	0.7025	0.8237	0.7360	0.7845	0.8097	0.9523	0.8684	0.7857	0.8849	0.7088	0.7139	0.8559	0.8317	0.8643	0.8441	0.7697	0.8459	0.8151	0.7676	0.7734	0.6554	0.7405	0.7593	0.8174	0.8683	0.8566	0.8377	0.8082	0.8521	0.7839	0.8560	0.8636	0.8512	0.8760	0.9225	0.8022	0.8771	0.8154	0.7919
QG37_00159	0.8988	0.9105	0.9164	0.8749	0.8762	0.8416	0.8703	0.7886	0.9700	0.8403	0.7656	0.8848	0.8119	0.8994	0.8214	0.9794	0.8491	0.9683	0.9544	0.9006	0.9282	0.8093	0.8846	0.8690	0.8324	0.8463	0.8952	0.7812	0.7850	0.6984	0.8709	0.8146	0.8972	0.8363	0.9154	0.8178	0.9138	1.0579	0.9100	0.8537	0.9115	0.9240	0.7990	0.9738	0.8391	0.8339	0.8956	0.8918
QG37_00160	0.9031	1.1418	1.1592	0.9950	0.9911	1.0449	1.1207	0.9607	1.0548	0.9466	1.0570	1.0203	0.9951	1.0090	1.0238	1.0776	0.9395	1.0044	1.0310	0.8891	1.2513	0.8391	1.1794	1.1888	1.0613	1.0321	1.0277	0.9482	1.0863	0.9300	0.9516	1.0811	0.9829	0.9833	1.0241	0.8939	0.9822	0.8828	0.9898	1.0875	0.9411	1.0755	1.1716	1.0002	1.0398	1.0138	0.9923	1.1189
QG37_00161	1.0022	0.8669	0.9340	0.9828	1.2377	1.0158	1.0029	1.0940	0.9728	1.0985	0.9531	1.0865	0.9362	0.9632	1.0448	1.0038	1.1319	0.8960	1.2244	0.9943	0.9629	1.0321	1.1624	1.0977	1.0232	0.9750	0.9439	0.9669	1.1701	0.7090	1.1214	1.0414	0.8168	1.0069	1.0724	0.9061	1.0038	1.0005	0.9122	1.0878	0.8094	1.1483	1.0763	0.9370	0.9299	0.9689	0.7602	0.9268
QG37_00162	1.1569	0.8776	0.8183	0.9489	0.9343	0.9255	1.0041	1.0072	0.9496	0.8599	0.9291	0.8604	0.9101	0.9445	1.0095	0.9549	0.8737	1.0584	0.9678	1.0386	0.9877	1.0656	1.0595	1.0743	1.0222	0.9981	0.8671	0.9270	0.8939	1.3428	1.1286	0.8490	0.8229	0.9277	1.0528	0.9394	0.8565	0.9754	1.0066	0.8259	1.0509	1.0286	0.9735	1.1100	0.8650	0.9477	0.9002	0.9973
QG37_00163	1.0391	0.9818	0.9737	1.0792	0.9910	0.9402	0.9690	1.0617	1.0208	0.9582	1.0007	1.0749	0.9475	1.1062	0.9960	1.1471	0.8675	0.9203	1.0042	0.9927	0.9580	1.0014	1.0114	1.0701	1.1025	0.9750	0.9088	1.0445	0.8951	1.0276	0.9323	1.0453	0.9313	1.0208	1.0476	0.9424	1.0259	1.0931	1.0213	1.0032	1.0184	1.1282	0.9610	0.9969	1.1396	1.0856	1.0441	1.1181
QG37_00166	0.7104	0.8986	0.7141	0.7406	0.8145	0.6982	0.8399	0.8185	0.8132	0.8129	0.8614	0.8239	0.9189	0.9321	0.7838	0.8160	0.8279	0.9087	0.9289	0.8347	0.8225	0.7649	0.8355	0.8760	0.8060	0.7705	0.8039	0.8029	0.7799	0.8675	0.6791	0.8454	0.8461	0.7718	0.8245	0.7792	0.7249	1.0328	0.8115	0.8368	0.8582	0.9964	0.9302	0.7862	0.8977	0.7298	0.9171	0.8694
QG37_00167	0.7170	0.8534	0.7648	0.7834	0.8643	0.6401	0.7279	0.8668	0.8310	0.7360	0.8725	0.8209	0.9656	0.7623	1.0001	0.8702	0.7872	0.8805	0.8788	0.8840	0.8507	0.8429	0.9726	0.6970	0.9367	0.8060	0.8689	0.8358	0.7645	0.8748	0.6485	0.7730	0.7180	0.6884	0.8484	0.8581	0.7353	0.8686	0.7382	0.8462	0.7961	0.7654	0.8684	0.7137	0.9414	0.7934	0.7319	0.8848
QG37_00168	0.8521	0.7652	0.8265	0.7909	0.7947	0.8522	0.8380	1.0442	0.8964	0.9694	0.9290	0.8520	0.9067	0.7933	1.0280	0.8535	1.0194	0.8640	0.7151	0.9489	0.8876	0.7786	0.8169	0.7226	0.8192	0.8269	0.7334	0.7956	0.7100	0.8960	0.8222	0.7353	0.8553	0.8852	0.8730	0.8691	0.8223	0.7626	0.9207	1.0047	0.9267	0.8797	0.8648	0.8804	0.8516	0.8941	0.6971	0.9736
QG37_08389	1.0695	0.8222	0.8669	0.7386	0.8227	0.9296	0.9775	0.9839	0.9661	0.8689	0.9823	0.9889	0.8246	0.7647	1.0740	0.8626	1.0488	0.8734	0.8372	0.9344	1.0180	0.8409	0.7351	0.8150	0.8091	0.8745	0.8176	0.7027	0.7130	0.8712	0.7409	0.8457	0.8419	0.8517	0.8429	1.0430	0.9134	0.9837	0.9263	0.9147	0.7753	0.8484	0.9474	0.8558	0.8407	0.9247	0.8924	0.8564
QG37_00169	0.8258	0.6656	0.7625	0.5833	0.6920	0.6915	0.6929	0.7027	0.7222	0.7144	0.7709	0.7257	0.6942	0.6869	0.7194	0.7468	0.7884	0.6720	0.6803	0.7410	0.7402	0.7667	0.6745	0.6935	0.6134	0.5654	0.8050	0.6501	0.6146	0.6214	0.6816	0.7096	0.5757	0.7347	0.7714	0.6929	0.6956	0.5915	0.7988	0.8339	0.7851	0.6396	0.6440	0.8768	0.6857	0.8173	0.7045	0.7235
QG37_00170	0.6373	0.5358	0.6222	0.6703	0.6962	0.5476	0.6624	0.6566	0.5465	0.5980	0.7082	0.5835	0.5931	0.5631	0.6475	0.6774	0.6444	0.5945	0.6971	0.5920	0.5675	0.5396	0.5885	0.5269	0.5320	0.6154	0.6455	0.5914	0.5815	0.5465	0.5940	0.5880	0.6352	0.5919	0.7303	0.7359	0.6207	0.7373	0.6564	0.6205	0.6729	0.5577	0.5039	0.5964	0.6107	0.6385	0.6134	0.5600
QG37_00171	0.5425	0.6537	0.5483	0.5396	0.5616	0.4609	0.5566	0.4744	0.5103	0.5844	0.5347	0.4619	0.4791	0.5516	0.4946	0.5811	0.5223	0.5302	0.5232	0.4413	0.5579	0.4739	0.4691	0.4888	0.4443	0.4949	0.3869	0.5026	0.4841	0.5253	0.4748	0.3744	0.4309	0.5168	0.5822	0.6119	0.5280	0.6473	0.5486	0.5182	0.5470	0.4341	0.4360	0.4864	0.4602	0.4826	0.4250	0.4890
QG37_00172	1.1380	1.1471	1.0372	0.8844	0.9676	0.9278	0.8870	1.0381	0.8818	1.0954	0.9712	0.9020	1.0396	1.1247	0.9161	0.9696	1.0206	0.9975	0.9984	1.1137	0.9779	0.8489	1.1903	0.9701	1.0290	1.1712	1.0020	0.9494	1.2091	0.9670	0.8580	1.0774	0.9847	1.1501	1.0127	1.1824	1.1427	1.0186	0.9993	0.9154	1.0458	1.0328	0.8984	0.9702	0.9446	0.9670	1.1624	0.9966
QG37_00173	1.1135	1.1985	1.1298	1.0017	0.9757	1.0616	0.9737	0.9017	1.0224	1.0970	0.9216	1.0526	1.1652	1.0755	1.0137	0.9633	1.0119	1.1040	1.1787	0.9594	1.0551	1.0495	1.0626	1.0552	1.0919	0.9725	1.0602	1.1278	1.1533	0.8415	0.9714	1.1444	1.1557	0.9853	0.9590	1.0901	1.1362	1.0070	1.0295	1.0122	0.9876	1.2711	1.0352	1.1141	1.1013	0.9618	1.0368	1.0142
QG37_00174	1.1767	1.2553	1.3113	0.9014	1.1262	1.0357	1.0168	1.0773	1.0527	1.1394	1.1133	1.1175	1.0331	1.0637	1.0636	1.0916	1.0583	1.2485	1.2574	1.1188	1.2059	1.0656	1.0958	0.8938	1.1813	0.9620	1.1088	1.1245	1.0444	1.0024	1.1541	1.2453	1.0524	1.1534	1.0494	1.1156	1.1497	1.0347	1.1400	0.9692	0.8894	1.2263	1.0976	1.1371	1.0393	1.1760	1.0142	1.1558
QG37_00175	1.1588	1.1075	1.2676	1.1530	1.0333	1.2154	1.1540	1.0057	1.0932	0.9591	1.2592	1.1095	1.1006	1.0576	1.1506	1.0880	1.0623	1.1040	1.0749	1.0102	0.9816	0.9007	0.9187	1.1375	1.0460	1.0915	1.2063	1.1481	0.9982	0.9748	0.9356	1.1135	1.0839	0.9227	1.0322	0.9264	0.9680	0.9503	1.0888	1.0473	1.1899	1.2173	1.1250	1.0729	1.0414	1.0760	1.0977	1.0654
QG37_00176	0.7174	0.8118	0.6917	0.7682	0.7793	0.8349	0.6935	0.7795	0.8482	0.7557	0.7560	0.8212	0.7418	0.7804	0.7722	0.9346	0.8151	0.6995	0.7835	0.8389	0.9146	0.9431	0.8884	0.7582	0.8441	0.8847	0.8445	0.7850	0.7464	0.7139	0.6890	0.8872	0.7353	0.9463	0.8919	0.8063	0.8761	0.8644	0.8659	0.7804	0.6789	0.8201	0.8631	0.8837	0.8519	0.7779	0.9053	0.8954
QG37_00177	1.0373	0.9538	0.9093	0.8595	0.9914	1.1372	0.9525	1.0011	0.9807	0.9604	0.9420	0.9646	0.9730	0.9382	0.9257	1.0242	0.9448	0.8705	0.9770	0.9415	0.9848	0.9859	0.9133	0.9277	0.9094	0.9183	0.9875	0.9061	0.9230	0.9606	0.9493	0.9134	0.8964	0.9649	0.9722	0.9632	1.0618	0.9184	0.9717	0.9536	0.9424	0.9258	0.9495	0.9121	0.9597	0.9784	0.9826	1.0195
QG37_00178	0.8570	0.9520	1.1255	0.7632	0.9337	1.0611	1.0225	0.8715	1.0286	0.8698	0.9595	0.9614	0.8697	0.8624	0.8667	0.9898	0.9675	0.9703	1.0160	0.9263	0.9024	0.9530	0.8015	0.8644	0.9647	0.8675	1.1099	1.0217	0.8987	0.6153	0.8566	0.7575	0.8324	0.9601	1.0842	0.8489	1.0600	0.7840	1.0270	0.8600	0.9479	0.8926	0.8411	0.8501	0.9227	0.9895	0.8530	1.0130
QG37_00179	0.9187	0.9879	0.8182	0.8046	0.8697	0.9699	0.8805	0.7941	0.9051	0.7050	0.7874	0.9213	0.7815	0.7870	0.8875	0.9009	0.8306	0.8534	0.9778	0.7830	0.7121	0.9356	0.7676	0.8493	0.8576	0.8716	0.8873	0.8494	0.8690	0.8745	0.6681	0.7336	0.8011	0.8705	0.9197	0.8958	0.8629	0.7397	0.8086	0.8298	0.9183	0.7416	0.7874	0.6468	0.7880	0.6787	0.7056	0.6847
QG37_00180	0.9294	0.8484	0.8912	0.8942	0.9569	1.0285	0.8405	0.8960	0.8674	0.8456	0.9839	0.8384	0.8887	0.8904	0.8205	1.0256	0.8347	0.8638	0.9619	0.8938	0.8321	0.9422	0.9581	0.9859	0.8108	0.8273	0.9053	0.8634	0.7553	0.9888	0.8439	0.8015	0.7950	0.8482	0.9302	0.8385	0.8487	0.7941	1.0318	0.9268	0.9096	0.8114	0.8154	0.8767	0.9563	0.8933	0.9091	0.7413
QG37_00181	0.5426	0.5688	0.5330	0.5159	0.6352	0.7080	0.5741	0.6110	0.5042	0.6659	0.6001	0.5801	0.6658	0.5246	0.5028	0.5620	0.5274	0.5864	0.5160	0.6223	0.5812	0.4973	0.5458	0.5272	0.5882	0.5679	0.5559	0.5583	0.4605	0.5968	0.5538	0.4838	0.8762	0.5855	0.5281	0.4407	0.5743	0.5839	0.5565	0.4585	0.5119	0.5868	0.4914	0.7595	0.7538	0.7299	0.7476	0.9280
QG37_00182	0.9760	0.8962	0.9039	0.9092	0.9610	0.9893	0.9822	1.0250	0.9142	0.8770	0.9088	0.8857	0.9195	0.9240	0.9659	0.9682	0.9701	0.9742	1.0043	0.9561	0.9773	0.8978	0.9696	0.9116	0.9345	0.9324	0.9572	0.8932	0.8390	0.8303	0.9316	0.8441	0.9553	0.9555	0.9734	0.9770	0.9476	0.9677	0.9729	0.9905	0.9358	0.9346	0.9006	1.0325	0.8736	1.0049	0.9728	0.9651
QG37_00183	0.9612	1.0021	1.0532	0.9327	0.9144	1.0348	1.0458	1.0312	1.0315	0.9551	0.9947	0.9515	1.0263	1.0495	1.0784	0.9487	1.0796	0.9570	1.0970	0.9402	0.8902	1.0933	0.9462	1.0611	0.9830	0.8382	0.9932	1.0408	0.8667	0.8921	0.8179	0.9480	0.9400	1.0627	0.9183	0.9358	1.1769	0.9964	0.8208	0.9275	0.9404	0.9497	0.9320	0.9858	1.0603	1.0352	1.0876	0.9251
QG37_00184	0.8616	0.7478	0.8860	0.9195	0.7479	0.8757	0.7967	0.8117	0.8039	0.8167	0.9370	0.7881	0.8213	0.7826	0.9526	0.8809	0.7340	0.8713	0.8276	0.9222	0.8633	0.9655	0.8918	0.9157	0.8595	0.7886	0.8230	0.8512	0.7849	0.7915	0.7540	0.8011	0.7547	0.8629	0.8652	0.9036	0.9026	0.8425	0.8601	0.9185	0.9225	0.8343	0.9294	0.9381	0.8729	0.8594	0.8849	0.8091
QG37_00185	1.0252	0.9378	0.8010	0.9855	0.7732	1.0003	0.9467	1.0067	1.0738	0.8768	0.9230	1.0272	0.9846	1.0014	1.0383	0.9969	0.9226	0.9068	0.9251	0.9191	0.9505	0.9748	0.9052	0.9765	0.8902	0.9666	0.9703	0.8724	0.8325	0.7790	0.9199	0.7587	0.8756	1.0400	1.1002	0.8740	1.0899	0.9655	0.8568	0.8714	0.9496	0.8582	0.8949	0.9782	0.8522	1.0181	1.0506	0.9816
QG37_00186	0.8099	0.8508	0.7925	0.7920	0.8171	0.7943	0.7640	0.7223	0.8049	0.7619	0.8395	0.7395	0.6980	0.8708	0.7979	0.8251	0.7847	0.7945	0.7649	0.8614	0.9113	0.8080	0.8575	0.8155	0.8365	0.8312	0.8980	0.7756	0.7775	0.6696	0.8429	0.7072	0.8059	0.8586	0.7926	0.8420	0.8912	0.7804	0.8838	0.8075	0.8605	0.8984	0.7079	0.8464	0.8916	0.8771	0.8547	0.8773
QG37_00187	0.8048	0.8326	0.7444	0.8264	0.8956	0.7954	0.8327	0.7500	0.8424	0.7479	0.8070	0.7748	0.7863	0.7683	0.8318	0.9351	0.7270	0.8512	0.8861	0.7297	0.9865	0.8409	0.8507	1.0763	0.8527	0.8481	0.8856	0.9302	0.7507	0.4983	0.8353	0.7786	0.7536	0.9090	0.9082	0.8381	0.7590	0.9292	0.8411	0.7640	0.8492	0.9621	0.9174	0.7340	0.6916	0.7446	0.6957	0.9414
QG37_00188	0.8807	0.7813	0.9106	0.9399	0.9820	0.9952	0.9090	0.7686	0.8983	0.9321	0.8817	0.7454	0.8127	0.8343	0.7646	0.8743	0.8383	0.8318	0.8526	0.7519	0.6695	0.9620	0.9465	0.7307	0.6953	0.8473	0.7009	0.7619	0.6579	0.6647	0.7565	0.8196	0.8418	1.0882	0.8492	0.8770	0.9036	0.8120	0.8751	0.8631	0.8556	1.1693	0.9544	0.9304	0.7314	0.9354	0.9204	0.9500
QG37_00189	0.8820	0.8170	0.8075	0.7080	0.8515	0.7764	0.8123	0.7883	0.9556	0.8587	0.8090	0.7920	0.6642	0.8610	0.8299	0.8204	0.9242	0.7991	0.7564	0.8074	0.8742	0.8342	0.8726	0.8730	0.9388	0.8250	0.7429	0.6957	0.9412	0.7566	0.7728	0.7548	0.7469	0.9371	0.7449	0.9167	0.8484	0.7667	0.9171	0.8261	1.0145	0.7819	0.7626	0.8724	0.8971	0.9787	0.9199	0.9818
QG37_00190	0.8502	0.7688	0.7362	0.8005	0.8662	0.7833	0.8498	0.7484	0.9651	0.7669	0.7362	0.7313	0.6291	0.9723	0.8337	0.9173	0.8630	0.7545	0.8444	0.6596	0.8258	0.7949	0.8670	0.8630	0.8607	0.7304	0.8116	0.7387	0.7571	0.8142	0.6948	0.6699	0.8236	0.8758	0.8085	0.9463	0.7618	0.8560	0.9580	0.7941	0.9416	0.8436	0.8162	0.8641	0.7859	0.9243	0.8495	0.8984
QG37_00191	0.7236	0.8284	0.7356	0.7083	0.8423	0.7693	0.7653	0.8106	0.8521	0.6948	0.7697	0.7189	0.7359	0.7853	0.8563	0.9121	0.7861	0.8378	0.8292	0.7210	0.9068	0.8711	0.7601	0.7666	0.7618	0.7583	0.7756	0.6559	0.6672	0.8778	0.8190	0.7260	0.8135	0.8410	0.8004	0.8282	0.8452	0.8293	0.8131	0.7971	0.8064	0.7849	0.8436	0.8594	0.8441	0.8503	0.8001	0.8401
QG37_00192	0.8945	0.9165	0.8009	0.9028	0.9454	0.8358	0.9564	0.8245	0.9332	0.8890	0.8869	0.9225	0.8117	0.9091	0.8582	0.9709	0.8992	0.8928	0.9744	0.8768	0.9766	0.8220	0.9702	0.9543	0.9293	0.8360	1.0084	0.8077	0.9511	0.8778	1.0077	0.8813	0.9160	0.9887	0.8800	0.9480	0.9236	1.0008	0.9482	0.9343	0.9369	0.9228	0.9197	0.9772	0.9964	0.9791	0.9406	0.9430
QG37_00193	0.8261	0.7714	0.9064	0.7435	0.8706	0.8989	0.7632	0.7655	0.9112	0.8176	0.8770	0.8918	0.9118	0.7422	0.7890	0.6890	0.7351	0.8328	0.8587	0.7481	0.9036	0.8753	0.7709	0.9319	0.9007	0.8127	0.8149	0.7177	0.8142	0.7993	0.7658	0.7075	0.9896	0.9503	0.7394	0.7768	0.6935	0.8892	0.8909	0.9103	0.9301	0.9117	0.8017	0.8586	0.7748	0.9572	0.9020	0.8284
QG37_00194	0.7153	0.7381	0.8234	0.6796	0.7499	0.7460	0.7416	0.9094	0.8664	0.7853	0.8183	0.8627	0.7989	0.8042	0.8227	0.9732	0.9662	0.8500	0.8803	0.8105	0.8789	0.8803	0.8290	0.7959	0.8269	0.8570	0.9017	0.7911	0.8353	0.6857	0.8764	0.9604	0.7318	0.9443	0.8236	0.9461	0.8349	0.9489	0.9560	0.7351	0.8991	0.8683	0.7754	0.7143	0.8076	0.8352	0.6863	0.8341
QG37_00195	0.6553	0.7748	0.7190	0.6844	0.7257	0.8254	0.9046	0.8738	0.7863	0.6716	0.7199	0.7355	0.6831	0.7028	0.7766	0.9456	0.9078	0.7574	0.8485	0.6010	0.7508	0.8420	0.7340	0.6749	0.7980	0.8140	0.9052	0.6743	0.6772	0.5696	0.8018	0.6266	0.7943	0.8200	0.7947	1.0241	0.8180	0.8008	0.7492	0.9175	0.7402	0.7216	0.6933	0.7949	0.7783	0.6699	0.7300	0.7686
QG37_00196	0.5264	0.4437	0.5343	0.4472	0.4872	0.4128	0.3906	0.4140	0.3677	0.3267	0.4049	0.4259	0.4137	0.4490	0.5272	0.4683	0.4112	0.4363	0.5348	0.3726	0.3786	0.5117	0.4105	0.4482	0.5617	0.4599	0.5079	0.3617	0.3408	0.3110	0.4267	0.5413	0.3010	0.4829	0.5042	0.5153	0.4574	0.4017	0.3510	0.4713	0.4064	0.4751	0.4470	0.5188	0.5095	0.5362	0.5059	0.6284
QG37_00197	0.8748	0.7903	0.7715	1.0188	0.8574	0.8255	0.7837	0.6775	0.7623	0.8374	0.6508	0.8643	0.7220	0.7815	0.7614	0.7567	0.7370	0.9342	0.9017	0.6626	0.9128	0.7211	0.9083	0.7491	0.9326	0.9296	0.9671	0.8166	0.6464	0.8594	0.8040	0.6769	0.7415	0.8381	0.7837	0.8455	0.7416	0.9623	0.7239	0.8125	0.9330	0.9077	0.7761	0.9993	0.8408	0.9224	0.9796	0.7518
QG37_00198	0.8034	0.9142	0.7878	0.9789	0.6750	0.8241	0.8780	0.7883	0.8883	0.6693	0.7627	0.6104	0.7854	0.8674	0.8923	0.9973	0.8470	0.9180	0.9373	0.7883	0.8425	0.8752	0.8809	0.9371	0.9458	0.8842	0.8439	0.9445	0.7248	0.6787	0.6890	0.9031	0.9241	0.8652	0.9029	0.9524	0.8090	0.8311	0.9699	0.9267	0.8284	0.8920	0.8348	0.9288	0.9533	0.8287	1.0003	0.9402
QG37_00199	0.8422	0.8394	0.7635	0.8162	0.7747	0.8024	0.8272	0.8336	0.8402	0.7316	0.7570	0.8187	0.7207	0.9172	0.9153	0.8600	0.8467	0.9171	0.8994	0.7435	0.8837	0.9352	0.8545	0.9340	0.8982	0.8365	0.8766	0.8219	0.7794	0.7566	0.7031	0.7867	0.8745	0.8276	0.9156	0.8523	0.8865	0.9009	0.9556	0.7810	0.8141	0.8653	0.9005	0.8616	0.8345	0.8568	0.8934	0.9506
QG37_00200	0.8726	0.8611	0.8674	0.7539	0.8472	0.7764	0.7934	0.8351	0.7580	0.8309	0.7540	0.7933	0.6778	0.8208	0.9227	0.9131	0.9776	0.9838	0.9004	0.8200	0.8878	0.9221	0.8690	0.9615	0.8288	0.8546	0.8743	0.8615	0.8092	0.8621	0.8128	0.8295	0.8670	0.9089	0.9444	0.8561	0.8587	0.8629	0.9314	0.9368	0.9231	0.8462	0.8536	1.0087	0.8942	0.9344	0.9022	0.8814
QG37_00201	0.9532	0.9593	0.9437	1.1766	0.9761	1.1106	0.9812	1.0176	1.0604	0.9911	0.8923	0.9855	0.9032	1.0169	0.9884	1.0706	0.9934	0.9904	1.0163	0.9203	1.0404	1.0305	1.0461	1.0081	1.0404	1.0161	0.8997	1.0079	0.9342	0.7857	0.9266	0.9322	1.0166	0.9972	0.9896	1.0212	1.0527	1.0855	1.1422	1.0516	0.9944	1.0041	0.9207	1.1790	1.1026	1.0405	1.0060	1.0035
QG37_00202	0.8052	0.7912	0.7112	0.9284	0.8257	0.8488	0.8089	0.8684	0.8690	0.7400	0.8151	0.6805	0.8649	0.7885	0.7423	0.8476	0.8297	0.7966	0.8214	0.7673	0.8902	0.7401	0.8423	0.7518	0.8100	0.7762	0.8762	0.6876	0.7179	0.6387	0.7907	0.7404	0.7975	0.7574	0.8352	0.7611	0.8079	0.8392	0.8335	0.8356	0.8781	0.8573	0.7869	0.8948	0.8037	0.8906	0.7457	0.7575
QG37_00203	0.9310	1.0098	1.1154	1.1819	0.9833	0.9953	0.9796	1.0144	1.0029	0.8850	1.0176	0.9879	0.9501	1.0603	1.0731	1.0441	0.9354	1.0254	1.0352	1.0761	0.9489	1.0530	1.0726	1.0204	0.9703	0.9349	0.9660	0.9112	1.0179	0.9864	0.9081	0.9619	1.0447	1.0926	0.9270	1.0338	1.1449	1.0622	1.0589	0.9309	1.0117	0.9572	0.9932	1.0535	1.1110	1.0062	1.0808	1.2017
QG37_00204	0.8296	0.8490	0.9357	0.8271	0.8442	0.8881	0.7788	0.9385	0.7895	0.8502	0.9001	0.8773	0.7692	0.9427	0.9415	0.8981	0.7754	0.8899	0.9233	0.9682	0.9496	0.7737	0.9571	0.8166	0.9576	0.8439	0.8947	0.7710	0.8661	0.6293	0.9253	0.7979	0.8481	0.9234	0.9255	0.8576	0.9372	0.9911	0.9409	0.8669	1.0032	0.9805	0.8544	0.7991	0.8793	0.9013	1.0062	0.8660
QG37_00205	1.1103	0.9206	0.7571	0.8937	1.0055	0.8749	0.9160	0.9757	0.9275	0.9223	1.0561	0.8212	0.8697	1.0192	0.8603	0.9387	0.9040	0.9986	1.0104	0.8014	1.0401	0.9616	0.9535	1.0011	0.9586	0.8599	0.8738	0.9136	0.9543	0.7423	0.8798	0.9711	1.0012	1.0518	1.0934	1.0148	0.8649	0.9706	0.9827	0.8488	1.0400	0.9295	0.7561	0.9935	0.9599	0.9888	0.8357	0.9780
QG37_00206	1.0093	0.8928	0.9166	0.9247	0.9298	0.9186	1.0840	0.9843	0.8326	0.9112	0.8592	0.8330	1.0057	0.9379	0.8378	1.0638	0.9352	0.9337	0.9718	0.8361	1.0523	0.9750	0.8776	1.1146	1.0460	0.9125	1.0631	0.9462	0.8199	0.9033	0.9149	0.8905	0.9353	0.9712	0.9125	1.2071	1.0102	0.9992	0.9626	0.9517	1.0246	1.0717	0.9457	1.1030	0.9383	0.9757	1.0782	0.9664
QG37_00207	0.9607	0.8932	0.7615	0.9401	0.8618	1.0018	1.1016	1.0012	0.8636	0.8384	0.7597	0.9530	0.9018	0.9463	0.8509	0.9540	0.9310	0.9876	0.8705	0.7567	1.0130	0.8817	0.9607	0.8790	0.8658	0.8681	0.9592	0.9284	0.8509	0.7454	0.9720	0.8646	0.9102	0.8245	0.9688	0.8626	0.9451	0.9615	1.0341	0.9532	0.9252	0.9764	0.7644	1.0925	0.8898	0.9190	1.1235	0.8699
QG37_00208	0.9703	0.8805	0.6665	0.7487	0.9158	0.9950	1.0327	0.9479	0.9292	0.9073	0.7939	0.8526	0.9403	1.1005	0.9553	1.0814	0.9267	0.9526	0.9328	0.8235	0.8128	0.7940	0.8358	0.7694	0.9188	0.8510	1.0167	0.9615	0.6665	0.8809	1.0001	0.8587	0.9403	0.8204	0.9330	0.8519	1.0810	0.9078	1.0341	1.0056	0.8821	0.7929	0.7125	0.9516	0.8871	0.9855	0.9906	0.9008
QG37_00211	0.8485	0.8745	0.8015	0.7970	0.9041	0.8167	0.7842	0.8705	0.8244	0.8563	0.9529	0.7992	0.8505	0.9031	0.9202	0.8955	0.9125	0.9348	0.8794	0.8018	0.8972	0.9482	0.8699	0.8596	0.9661	0.9340	0.8543	0.8656	0.8120	0.7433	0.8657	0.8650	0.8982	0.9098	1.0520	0.9125	0.8536	0.8767	0.9249	0.7855	0.8354	0.8445	0.8174	0.8559	0.8631	0.8810	0.8875	0.9097
QG37_00212	1.0009	0.9076	1.0338	1.1815	0.9903	0.9313	0.9056	0.9651	1.0485	1.0807	0.9392	1.0913	0.9671	0.9650	0.9759	0.9811	0.9557	0.9567	1.0111	0.9899	1.0339	1.0294	0.9949	1.0329	0.9980	1.0847	0.9187	0.9390	0.9618	0.9488	0.9776	1.0387	1.0560	1.1416	0.9889	1.0927	1.0580	0.9432	1.1755	1.0031	1.1079	0.9917	0.9930	1.0660	0.9892	1.0349	1.0346	1.0726
QG37_00213	0.9616	0.9372	0.7958	0.9046	0.9307	0.9439	0.8189	0.9465	0.9091	0.9364	1.0032	0.9572	0.9232	0.9705	0.9595	0.8802	0.9358	0.9411	0.8947	0.8924	0.9578	0.9529	0.9210	0.8609	0.8794	0.9748	0.8772	0.7591	0.9272	0.7884	0.8557	0.8644	0.8749	0.8718	0.9117	0.9521	0.9919	0.9604	0.9031	0.8498	0.9841	0.8819	0.8131	0.8918	0.8484	0.9050	1.0077	0.9243
QG37_00214	0.9471	0.8327	0.8416	0.7880	0.7669	0.8448	0.8058	1.0767	0.8824	0.8657	0.8100	0.7258	0.9828	0.9502	0.8275	0.8388	0.9272	0.7513	0.9237	0.9231	0.9759	0.7893	0.9140	0.9245	0.9215	0.8356	0.8634	0.8970	0.9079	0.5393	0.7889	0.8594	1.0089	0.8994	0.9606	0.9572	0.9016	1.0387	0.9708	0.9164	0.8386	0.8138	0.8637	1.0195	0.9498	0.9733	1.0008	0.9497
QG37_00215	1.0320	0.6409	0.6724	0.6137	0.6183	0.7150	0.6803	0.7219	0.5932	0.6522	0.5931	0.6388	0.7236	0.7237	0.6598	0.6380	0.7349	0.5835	0.7136	0.6953	0.6849	0.7850	0.7020	0.6151	0.6450	0.6990	0.6895	0.6970	0.6726	0.9039	0.8343	0.6940	0.9410	0.7660	0.8025	0.7311	0.8937	0.7586	0.7275	0.7788	0.7412	0.7914	0.7437	0.8736	0.8724	0.7825	0.8008	0.7007
QG37_00216	0.7430	0.7232	0.8445	0.7105	0.7698	0.7675	0.6775	0.7229	0.7574	0.7817	0.8150	0.7545	0.7548	0.7866	0.7992	0.7865	0.8278	0.7052	0.8381	0.8208	0.8000	0.8213	0.7242	0.7402	0.8075	0.7447	0.7388	0.7383	0.8117	0.7802	0.7811	0.7833	0.8321	0.7862	0.7571	0.8022	0.7806	0.7092	0.8096	0.8001	0.7431	0.7543	0.7384	0.7714	0.7365	0.8259	0.8051	0.7926
QG37_00217	0.9157	0.8143	0.9401	0.8939	0.8433	0.9527	0.9442	0.8571	0.8826	0.8540	0.9217	0.7901	0.8480	0.9062	0.9044	0.9021	0.9237	0.8464	0.8399	0.8694	0.8744	0.8448	0.8838	0.8085	0.8747	0.8261	0.8545	0.7531	0.7312	0.7969	0.8332	0.7835	0.8755	0.8419	0.9087	0.9474	0.8077	0.8790	0.9416	0.8620	0.9127	0.9386	0.9793	0.9022	0.8501	0.8615	0.7982	0.7820
QG37_00218	0.9602	0.9157	0.9409	0.8222	0.8482	0.9570	0.8491	1.0166	0.8417	0.9836	0.8920	0.8955	0.9346	0.9891	0.8401	0.7754	0.9717	0.8649	0.8695	0.8713	1.1035	0.9982	0.9355	0.8581	0.8185	0.8786	0.7698	0.7725	0.7996	0.6860	0.9017	0.8746	0.9208	0.8758	0.8018	0.7490	0.7902	0.8566	0.7338	0.8651	1.0097	0.8622	0.8974	0.9311	0.9217	0.9121	0.8475	0.8602
QG37_00219	0.5894	0.7281	0.6938	0.5693	0.6098	0.7204	0.7080	0.6149	0.6832	0.6858	0.7111	0.5789	0.6672	0.6057	0.6202	0.6513	0.5703	0.5658	0.7144	0.5793	0.6449	0.6258	0.6325	0.5685	0.6674	0.5861	0.5450	0.5397	0.4862	0.4532	0.6297	0.6104	0.6726	0.6418	0.6336	0.6412	0.7038	0.6135	0.6234	0.6990	0.6634	0.6972	0.6074	0.6414	0.6920	0.6487	0.5162	0.5669
QG37_00220	0.6753	0.6072	0.6463	0.6834	0.5555	0.6645	0.6750	0.6383	0.6808	0.5564	0.7179	0.5792	0.5713	0.7546	0.8177	0.6086	0.7391	0.6923	0.6497	0.6724	0.7166	0.6205	0.6391	0.6626	0.5717	0.6058	0.5635	0.5514	0.5285	0.4641	0.4490	0.6344	0.6619	0.6662	0.6241	0.7081	0.7347	0.6703	0.6917	0.6562	0.7324	0.7064	0.6468	0.7401	0.6429	0.6923	0.7531	0.6525
QG37_00221	0.7525	0.5930	0.4259	0.6740	0.5358	0.5843	0.5421	0.5692	0.5722	0.5054	0.5336	0.3924	0.5517	0.5265	0.5645	0.6896	0.6943	0.5476	0.7262	0.5188	0.6439	0.5681	0.5729	0.6225	0.5063	0.5931	0.6423	0.5423	0.3703	0.7220	0.6300	0.6123	0.5038	0.5591	0.4987	0.5881	0.5339	0.6281	0.6198	0.5319	0.5971	0.5377	0.5529	0.5457	0.6305	0.4743	0.6624	0.6494
QG37_00222	0.4601	0.5243	0.4238	0.5177	0.4804	0.4621	0.4869	0.4490	0.4934	0.4111	0.4906	0.3640	0.4924	0.4611	0.4522	0.5471	0.4745	0.4349	0.4732	0.4523	0.4353	0.4099	0.5172	0.4073	0.4263	0.4783	0.4658	0.4420	0.4906	0.6466	0.4492	0.4542	0.5003	0.4441	0.3832	0.4716	0.4895	0.5222	0.4613	0.4827	0.4338	0.5195	0.4868	0.5609	0.4233	0.4480	0.4115	0.5638
QG37_00223	5.8758	16.5101	10.7378	21.9413	14.7895	14.1910	7.6539	7.0092	7.0055	17.9361	18.9227	6.5456	11.5073	18.5199	18.0961	21.0299	7.8333	22.7499	21.7572	12.3465	5.2566	4.2620	18.4719	16.7162	16.7036	18.6242	14.1336	9.4450	13.3691	12.1410	14.9205	20.7222	0.0910	2.5373	2.4518	2.5175	2.3547	2.3849	2.1640	2.7196	2.2011	2.5459	3.0518	5.0195	4.5727	4.2171	4.5001	4.2597
