GENE	CDC_B11096	CDC_B11097	CDC_B11098	CDC_B11099	CDC_B11101	CDC_B11102	CDC_B11103	CDC_B11105	CDC_B11112	CDC_B11113	CDC_B11114	CDC_B11115	CDC_B11116	CDC_B11117	CDC_B11118	CDC_B11119	CDC_B11200	CDC_B11201	CDC_B11205	CDC_B11206	CDC_B11207	CDC_B11208	CDC_B11209	CDC_B11210	CDC_B11212	CDC_B11213	CDC_B11214	CDC_B11215	CDC_B11216	CDC_B11217	CDC_B11218	CDC_B11219	CDC_B11220	CDC_B11221	CDC_B11222	CDC_B11223	CDC_B11224	CDC_B11225	CDC_B11226	CDC_B11227	CDC_B11228	CDC_B11229	CDC_B11230	CDC_B11243	CDC_B11244	CDC_B11245	CDC_B11246	CDC_B11247
QG37_03909	35.31	60.93	37.29	37.77	48.10	58.01	57.70	50.64	61.31	53.51	52.96	38.38	63.47	68.42	48.52	56.28	78.34	71.95	60.65	63.74	63.96	65.29	66.34	46.09	63.39	69.15	49.01	62.75	53.82	22.19	50.05	49.64	92.25	62.04	54.56	39.48	53.05	66.78	40.30	71.95	82.30	73.41	48.49	76.10	76.55	85.31	69.72	89.86
QG37_03910	87.00	84.45	58.52	50.00	83.79	89.86	107.15	83.98	82.40	84.57	85.07	87.34	87.86	84.82	83.45	86.76	125.20	115.49	108.79	94.29	111.00	92.36	111.80	73.82	102.62	129.49	76.01	84.76	84.12	28.47	65.76	98.41	117.49	113.34	94.44	76.29	84.96	93.52	71.07	105.97	138.94	98.41	72.44	92.00	99.07	97.77	82.91	108.59
QG37_03911	101.36	117.27	67.97	66.23	90.93	100.67	97.02	88.80	109.92	94.22	85.96	88.09	88.54	83.43	88.36	105.75	128.03	131.53	114.04	96.08	101.01	95.10	123.81	82.06	100.58	122.51	79.83	106.67	91.21	21.16	62.27	99.86	113.35	95.20	99.09	84.77	94.83	97.21	77.84	98.14	116.34	111.29	74.53	76.54	95.34	92.54	89.47	126.34
QG37_03912	98.05	88.92	48.12	36.97	68.40	74.64	68.28	77.33	96.63	68.27	57.72	54.19	70.98	60.03	48.65	75.71	92.62	85.35	98.57	75.51	84.54	84.07	83.83	64.72	71.43	83.14	71.49	74.27	61.09	21.17	27.96	75.03	100.95	94.81	75.58	59.39	63.15	76.07	59.32	80.68	91.22	103.27	65.34	47.49	69.42	59.48	60.28	65.12
QG37_03913	134.20	133.16	77.33	79.44	119.40	110.54	120.34	118.74	129.95	118.56	94.09	104.25	107.93	110.65	96.28	121.01	144.57	154.80	149.14	121.64	120.76	122.36	131.74	111.67	133.85	142.93	96.81	121.58	108.37	28.92	77.34	125.77	136.75	116.15	105.06	96.61	114.36	116.85	98.77	122.40	144.91	133.38	98.84	96.01	113.49	107.78	99.95	140.80
QG37_03914	106.31	85.05	54.12	72.79	88.20	92.63	83.23	97.40	105.55	99.85	67.52	72.07	87.45	81.00	95.17	107.70	103.85	123.16	97.73	80.98	100.48	89.41	100.20	84.94	83.87	100.96	72.50	94.28	79.74	21.44	51.79	91.14	113.07	97.45	82.10	78.53	83.43	83.95	66.39	96.84	112.91	96.30	77.85	88.05	81.19	90.09	74.00	109.04
QG37_03915	97.79	83.68	61.32	61.11	85.42	87.58	81.80	84.70	94.93	79.05	71.04	76.58	84.34	85.87	87.37	106.91	111.36	144.31	108.55	86.85	91.83	91.84	102.57	82.34	104.24	97.97	79.05	93.83	84.09	18.80	51.01	104.24	89.97	90.84	88.96	87.04	86.10	88.43	74.28	97.09	119.42	88.85	76.67	63.82	83.68	85.11	70.15	109.51
QG37_03916	104.72	95.40	57.92	74.63	82.65	104.85	96.76	94.72	109.74	78.96	88.87	80.87	84.31	93.92	91.10	106.73	132.84	137.01	110.48	90.54	104.41	101.72	117.22	87.55	108.70	115.51	81.32	107.63	84.77	24.80	54.96	95.74	92.06	112.47	102.29	69.76	89.46	101.53	88.06	105.94	123.77	91.09	70.01	71.45	80.53	98.32	80.84	108.55
QG37_03917	150.04	140.19	60.89	76.50	132.28	129.10	122.27	105.14	133.08	130.95	124.06	88.49	105.28	122.41	102.30	123.99	153.50	180.46	137.78	106.48	121.72	135.74	131.40	119.92	132.49	150.39	123.65	135.92	99.31	28.54	71.21	128.84	128.32	130.94	106.55	85.57	106.37	126.97	101.33	121.98	165.41	134.51	99.22	94.42	132.93	115.26	114.56	160.60
QG37_03918	124.46	117.78	65.62	67.60	106.35	113.03	111.83	124.09	111.02	95.74	77.42	95.39	95.94	88.66	87.78	107.97	130.34	135.02	120.76	114.04	98.30	115.21	109.00	99.87	118.65	139.65	93.52	113.79	94.97	48.87	79.01	109.68	131.61	113.63	99.78	82.41	102.67	100.39	88.87	115.48	133.92	108.35	78.43	65.55	86.00	92.04	81.46	122.92
QG37_03919	101.20	129.43	65.76	76.60	115.80	115.32	90.50	119.85	136.08	98.68	91.95	110.70	107.63	95.79	113.82	116.36	147.14	128.94	150.28	119.18	100.06	131.57	140.21	108.42	115.93	165.03	92.00	142.91	117.46	24.57	75.51	124.80	154.60	115.88	96.06	80.39	124.95	101.43	107.73	135.07	168.12	126.50	93.23	11.47	21.94	18.09	22.05	30.90
QG37_03920	135.31	125.57	76.04	86.03	116.01	116.91	111.57	108.66	133.38	116.23	88.06	105.89	106.28	111.41	106.03	123.56	144.30	146.58	139.42	131.87	113.89	110.96	140.63	96.51	121.54	158.41	99.69	135.60	98.23	35.39	77.05	132.42	96.10	108.04	97.10	91.56	102.79	98.71	82.40	125.82	141.17	123.04	92.12	64.05	69.52	83.90	83.50	101.26
QG37_03921	136.22	123.26	72.84	67.32	114.25	108.23	110.16	112.58	111.69	95.96	94.35	102.94	117.26	112.15	107.89	128.94	129.44	151.12	130.42	112.52	132.25	113.88	141.55	94.09	112.42	157.54	82.54	120.87	99.79	33.86	65.06	117.60	141.51	110.12	109.76	88.76	98.04	115.05	80.43	115.24	146.33	128.00	91.47	77.35	96.30	91.09	94.60	123.24
QG37_03922	126.94	126.12	70.45	76.18	120.33	114.29	109.18	114.27	121.08	109.57	97.66	84.84	112.46	98.67	99.57	111.18	156.42	160.52	144.76	119.08	113.23	129.26	133.32	117.32	130.57	145.38	104.95	135.40	112.14	24.79	82.48	114.58	127.11	114.01	122.14	87.36	108.47	103.53	94.00	114.43	136.37	119.74	97.27	96.34	110.72	109.28	93.53	142.37
QG37_03923	97.51	104.30	59.05	68.55	89.01	91.36	94.87	95.35	126.56	83.83	89.08	77.14	81.78	79.56	94.58	96.10	111.51	130.02	119.22	105.60	112.87	97.80	104.56	83.94	102.45	115.45	79.54	106.49	81.10	19.03	52.72	81.37	114.56	95.53	89.71	73.31	99.29	106.52	79.69	96.32	115.33	117.30	75.13	71.58	90.07	106.17	86.81	109.99
QG37_03924	116.75	113.17	71.28	72.45	94.97	106.65	109.91	104.92	104.27	92.64	89.56	76.23	81.27	88.19	96.73	107.13	124.23	120.91	117.87	95.21	104.78	111.85	123.92	95.05	111.72	133.45	77.62	100.66	104.92	29.51	79.64	105.68	122.29	95.09	100.00	80.36	94.33	107.79	62.63	97.39	109.61	97.89	92.52	75.54	103.11	99.96	92.16	123.32
QG37_03925	109.25	98.82	58.90	61.11	84.16	95.66	91.33	94.23	107.73	90.23	76.69	66.29	82.80	85.81	77.04	90.31	115.31	120.87	108.72	100.33	97.24	91.63	105.28	88.75	106.45	120.94	78.36	100.31	79.91	25.72	54.56	102.30	110.71	106.32	93.55	74.81	91.53	87.29	70.98	103.48	120.72	92.21	78.32	79.90	84.94	96.32	84.07	115.69
QG37_03926	127.93	134.57	79.07	73.51	112.74	121.80	117.09	122.63	125.52	118.36	90.10	101.75	101.49	107.83	107.41	116.06	144.40	156.80	131.91	124.02	121.93	121.39	130.10	96.33	119.18	147.51	102.99	117.10	113.60	30.13	67.35	124.02	133.32	114.99	101.84	87.80	112.76	111.76	91.32	118.84	144.29	124.27	90.62	87.57	110.37	119.33	86.65	143.51
QG37_03927	139.28	137.58	73.10	72.45	131.08	122.62	128.38	120.89	137.41	127.06	98.59	107.76	105.81	108.78	106.95	120.27	153.85	165.71	138.80	123.87	123.85	126.72	136.74	109.06	126.86	152.82	110.29	147.89	112.91	32.46	86.69	125.09	138.55	123.47	120.51	98.67	119.67	115.64	104.38	125.15	148.62	130.85	104.33	94.38	128.74	124.17	104.72	151.15
QG37_03928	144.89	145.41	83.84	72.10	125.00	119.30	136.76	111.38	129.81	122.14	101.68	119.26	111.67	94.91	114.60	118.61	159.01	144.90	160.92	136.38	114.08	145.80	167.41	104.35	151.36	166.36	112.56	149.20	118.60	36.96	80.21	139.37	105.89	145.14	114.18	84.94	118.30	122.97	99.44	143.08	136.40	157.56	107.59	69.16	94.39	85.56	78.98	125.15
QG37_03929	144.11	159.24	86.11	72.35	130.70	120.75	106.74	132.70	123.14	145.69	112.76	128.10	135.79	117.77	117.08	137.72	160.05	162.83	148.80	138.45	119.70	145.73	137.12	119.23	177.54	164.52	122.84	155.15	133.04	35.08	82.94	133.69	126.89	127.63	135.62	111.24	123.48	126.84	92.96	148.23	155.01	145.05	112.62	73.32	120.46	104.87	88.73	144.50
QG37_03930	129.85	129.04	80.98	67.40	112.08	107.00	126.66	115.11	128.33	120.62	103.08	93.55	105.00	102.09	103.56	138.13	167.15	167.71	163.69	131.90	121.03	137.02	138.19	102.28	130.05	161.76	94.41	144.34	114.40	31.31	85.54	137.19	137.63	114.51	131.16	100.83	111.40	112.73	98.85	131.43	146.71	155.52	101.92	95.92	113.29	111.17	98.55	139.45
QG37_03931	148.47	145.66	96.16	75.50	135.21	130.62	123.72	127.75	161.93	107.24	104.71	115.11	110.50	105.94	111.00	120.81	150.69	183.32	162.54	137.28	138.35	148.62	151.81	113.51	136.85	169.81	107.25	138.32	122.53	34.68	82.01	144.68	150.00	129.45	122.80	95.48	110.48	108.88	93.46	126.14	155.02	147.85	106.79	98.42	121.88	129.46	110.45	149.24
QG37_03932	133.82	111.15	72.76	69.14	113.06	123.02	109.51	115.30	120.27	104.27	91.36	95.20	98.92	99.51	112.98	120.96	140.31	156.87	112.37	115.40	121.74	125.80	126.21	102.42	112.31	137.17	91.96	127.16	96.83	32.21	65.52	122.77	119.28	114.54	115.84	88.13	110.17	111.85	90.00	122.05	149.07	118.73	100.22	89.39	106.96	114.39	101.92	137.61
QG37_03933	131.82	130.72	75.99	69.43	114.45	125.14	114.09	122.22	125.84	107.08	82.54	93.81	112.81	106.10	102.64	101.39	139.36	148.77	131.45	126.74	116.18	141.92	129.14	109.56	115.44	138.80	97.65	132.91	112.83	32.89	64.69	125.29	139.42	122.68	105.96	96.12	106.74	119.99	82.48	109.18	132.07	129.17	97.00	81.42	114.22	119.78	100.07	137.75
QG37_03934	128.38	158.81	70.37	80.41	135.80	133.44	123.78	132.97	157.84	117.90	106.86	125.69	108.17	122.95	116.09	123.23	151.21	167.16	155.61	129.87	135.19	142.93	136.13	122.13	130.55	168.21	114.65	147.78	126.15	37.31	89.75	145.50	147.10	134.01	111.72	104.00	109.78	123.87	103.57	141.85	136.19	141.19	98.34	108.28	133.96	112.43	111.95	173.31
QG37_03935	149.36	114.74	69.79	68.59	119.70	122.16	115.65	122.84	110.34	115.45	84.87	97.00	88.69	122.73	98.40	138.60	157.82	148.30	131.36	114.58	130.25	134.26	135.35	98.47	125.72	136.90	97.73	122.66	111.66	58.57	103.62	134.38	129.76	127.55	110.77	81.12	112.78	125.84	87.11	110.55	156.20	131.47	99.47	81.83	103.85	110.01	104.19	133.89
QG37_03937	148.83	134.33	72.73	76.09	129.12	115.27	123.24	111.03	131.54	133.60	95.28	93.84	97.74	123.19	105.53	120.09	132.30	147.20	118.07	131.04	133.32	119.78	128.77	111.86	124.11	143.70	106.23	157.64	123.15	22.78	88.04	128.62	141.78	114.48	126.63	109.01	105.14	121.36	87.91	134.91	152.13	132.34	111.07	94.01	127.59	119.20	88.20	148.15
QG37_03938	154.37	127.68	78.19	66.31	116.61	112.86	123.46	111.50	138.47	131.19	89.32	125.76	118.19	106.43	105.96	125.16	160.07	174.07	140.57	123.44	121.66	110.41	138.42	119.53	127.08	141.06	102.59	161.42	106.63	53.70	103.39	127.08	140.95	138.90	106.57	104.41	104.63	135.45	108.67	122.72	160.86	138.74	96.51	90.66	119.11	122.37	104.96	151.74
QG37_03939	141.14	128.98	73.81	76.69	108.60	114.12	120.72	114.91	139.92	114.48	102.08	110.36	113.40	128.07	106.10	123.71	155.83	180.02	136.60	112.28	121.00	122.65	139.55	111.10	120.26	160.63	108.72	134.28	108.53	31.41	81.69	131.86	135.45	137.07	109.30	114.88	108.25	114.54	85.33	123.30	145.42	119.79	93.41	104.34	134.41	123.28	102.68	153.83
QG37_03940	130.57	128.61	69.20	74.55	108.75	121.52	115.68	126.46	133.33	127.92	103.39	111.04	93.39	112.95	117.28	117.82	148.69	162.48	141.59	130.12	129.71	132.65	140.55	102.14	141.03	143.84	112.74	136.37	106.37	39.03	81.70	147.53	148.28	129.40	114.22	106.48	125.93	119.04	95.60	142.84	139.74	136.97	105.89	92.68	114.39	123.71	114.92	149.07
QG37_03941	123.56	126.36	73.32	70.40	104.86	105.76	109.83	112.03	130.80	104.00	75.99	90.08	100.18	101.65	91.76	104.26	130.72	135.19	134.00	99.73	112.34	120.20	118.95	96.13	111.83	124.03	93.29	128.64	98.23	28.26	72.60	113.45	124.52	116.09	95.92	92.63	96.12	109.85	85.25	118.10	128.65	113.41	87.24	82.24	109.89	110.59	91.68	134.33
QG37_03942	82.14	77.65	34.99	33.03	56.70	63.64	60.44	63.82	67.45	39.14	45.06	57.24	45.36	61.07	51.06	50.67	64.77	56.02	61.77	58.05	62.18	69.20	59.85	45.46	51.77	57.88	49.63	50.38	47.92	18.20	30.55	57.20	55.54	70.83	59.53	34.54	51.42	45.72	49.60	58.51	69.05	53.36	35.16	36.49	55.98	47.22	55.20	59.07
QG37_03943	96.26	84.38	58.81	49.90	67.08	81.33	69.75	72.57	90.47	78.47	49.59	69.61	70.19	75.32	59.92	63.78	89.48	91.36	85.78	95.34	78.73	80.53	76.91	66.81	83.59	89.34	52.24	84.31	79.02	18.08	34.09	74.91	108.13	79.87	70.09	58.90	58.51	63.41	63.69	75.78	95.22	94.74	52.41	77.84	103.70	98.69	104.01	135.37
QG37_03944	146.73	133.52	78.92	61.99	104.76	126.04	88.95	114.31	143.17	125.20	87.83	100.15	112.35	102.39	88.39	99.56	147.45	153.39	128.57	117.93	113.93	138.24	126.56	107.81	127.00	148.31	86.43	133.76	127.42	28.65	67.13	120.03	133.00	105.43	102.79	77.87	93.09	91.37	91.68	107.02	134.62	132.47	76.10	97.28	130.41	99.70	105.29	162.31
QG37_03945	142.80	121.11	80.05	67.92	110.90	118.41	109.80	111.74	123.83	111.62	88.84	110.56	82.94	103.29	102.66	108.45	148.14	148.88	127.94	114.90	119.15	117.68	126.99	107.77	122.17	146.20	107.74	129.70	123.14	26.16	72.17	119.01	124.99	126.62	116.01	83.87	103.96	108.86	108.29	114.30	144.28	124.97	89.24	93.62	107.86	105.86	107.93	129.92
QG37_03946	126.00	104.81	63.20	68.12	107.67	112.63	107.03	108.68	122.53	102.73	91.56	96.24	86.82	98.65	89.56	114.55	124.67	147.12	124.67	112.15	120.14	118.60	114.59	101.56	113.78	128.24	86.41	125.71	113.46	29.05	67.38	113.45	131.19	114.88	101.19	81.95	101.91	103.79	90.09	100.83	131.87	104.35	81.64	87.73	96.61	104.57	88.59	129.59
QG37_03947	130.79	127.02	76.61	73.16	119.93	122.05	115.23	117.88	127.55	113.64	94.52	98.02	105.23	93.57	98.78	114.55	135.32	145.13	134.70	123.85	120.03	122.68	127.13	99.46	122.68	143.05	97.06	132.43	108.59	24.69	72.12	123.98	140.96	115.10	115.75	86.66	93.86	117.24	91.87	115.65	141.21	127.48	86.37	80.73	111.05	105.27	93.68	142.14
QG37_03948	99.61	116.03	66.27	59.70	102.19	87.27	106.50	94.54	107.47	82.09	63.80	66.47	89.78	106.86	83.60	101.62	136.84	119.19	106.66	107.66	102.67	111.55	120.06	90.48	105.69	105.57	64.76	91.58	99.05	25.27	70.77	97.72	112.83	105.19	126.75	90.80	80.67	115.15	74.09	104.46	121.78	110.92	85.22	72.33	87.28	99.39	77.00	128.85
QG37_03949	146.00	93.04	54.78	48.07	75.62	97.25	95.73	84.01	81.22	78.64	82.52	64.75	81.12	81.20	77.49	84.41	123.55	111.44	103.86	90.70	95.11	84.35	86.68	74.11	66.68	99.93	73.87	88.52	59.64	24.19	53.03	78.62	97.38	94.54	78.96	55.28	71.35	79.11	62.62	92.28	80.74	85.47	58.52	60.06	71.84	89.26	77.78	105.07
QG37_03950	97.06	99.37	47.67	43.74	76.51	96.58	106.15	82.17	83.90	80.12	74.21	58.96	79.51	69.80	94.89	58.62	97.02	110.84	101.18	79.32	79.80	81.43	106.75	87.01	80.61	102.56	82.88	79.13	66.21	17.13	61.10	81.67	77.92	93.97	73.99	63.94	69.68	79.01	64.16	85.32	76.61	65.76	54.70	63.15	76.50	85.45	71.50	121.56
QG37_03951	150.81	151.43	93.28	80.45	123.71	126.12	128.67	131.40	138.30	132.80	98.59	114.33	121.47	113.98	112.25	119.17	164.92	167.74	140.10	137.94	136.06	134.74	140.27	114.05	139.68	172.58	107.94	151.48	130.61	32.14	81.49	137.65	146.90	128.81	121.88	95.64	118.04	117.40	96.22	136.59	145.15	135.69	94.53	95.25	123.95	129.00	103.32	147.11
QG37_03952	139.14	147.77	73.78	76.14	132.19	144.53	126.03	115.29	147.41	124.64	112.42	124.67	131.61	113.37	116.51	118.76	165.05	165.14	158.88	146.40	151.57	136.97	151.18	113.10	126.53	166.72	123.97	134.96	124.92	39.96	71.22	144.91	157.52	134.08	133.86	107.87	123.22	115.74	107.58	141.16	162.51	158.42	95.63	108.30	139.90	125.44	109.50	157.47
QG37_03953	152.59	144.12	83.10	80.41	117.11	123.88	122.44	127.10	119.23	123.31	116.97	110.27	112.76	110.23	110.63	122.91	147.73	155.75	154.20	119.86	117.08	123.36	143.65	111.45	134.07	164.82	112.54	132.19	119.75	34.29	78.67	126.83	137.75	123.21	121.30	98.52	115.20	112.69	96.13	128.82	151.38	130.36	97.76	94.75	114.12	113.00	108.40	135.44
QG37_03954	131.70	130.74	82.42	74.02	121.02	118.44	122.75	119.36	132.78	112.90	103.39	98.10	114.92	104.39	110.87	118.27	152.50	158.79	141.67	131.00	126.17	126.78	138.42	108.59	124.56	149.05	109.79	140.55	117.55	29.10	74.60	131.86	141.72	125.39	118.30	94.30	108.58	120.13	98.11	126.89	139.25	127.90	92.96	90.76	119.55	121.67	108.48	141.37
QG37_03955	135.39	131.91	77.71	76.03	110.49	131.64	115.66	129.97	135.13	128.95	95.45	99.64	120.99	110.64	99.84	124.18	147.28	154.06	134.42	125.98	119.78	126.04	145.05	116.78	135.88	151.01	108.40	134.91	110.09	30.50	70.56	136.63	141.67	126.76	110.84	105.30	107.68	117.33	93.54	135.42	150.54	139.14	93.00	91.16	110.82	112.98	94.69	135.47
QG37_03956	129.51	125.99	72.65	65.49	97.62	115.82	114.29	115.92	123.02	119.74	91.60	92.70	111.66	83.50	93.25	120.29	148.19	145.90	123.77	112.70	133.63	117.86	142.63	101.90	119.04	138.99	95.36	131.17	112.03	29.40	71.21	124.30	127.90	124.15	121.08	96.78	104.05	115.89	102.62	112.16	122.48	127.13	85.33	96.78	101.45	122.02	91.54	128.83
QG37_03957	109.74	121.29	74.32	63.01	102.77	115.74	106.48	106.66	110.99	86.80	82.74	89.97	105.43	99.07	83.24	107.86	132.79	123.49	108.62	103.18	84.27	111.90	120.34	89.75	112.73	105.19	86.35	95.10	98.02	30.40	73.67	102.55	116.74	97.61	103.94	80.24	82.35	110.90	74.82	103.19	120.02	107.59	91.76	92.58	99.78	103.04	85.03	116.53
QG37_03958	117.89	121.24	73.57	58.95	106.27	103.25	101.37	122.64	134.24	99.05	94.13	86.61	90.43	108.83	100.60	115.97	132.76	146.96	123.65	117.79	122.79	115.25	112.77	105.82	118.34	141.70	92.73	118.20	99.35	26.60	63.24	110.95	111.61	116.32	96.84	85.42	98.62	107.82	83.20	107.25	124.74	116.01	92.05	94.36	104.51	110.11	95.66	146.37
QG37_03959	163.52	159.49	82.73	71.03	144.21	131.55	119.64	141.51	142.79	133.22	97.33	128.37	117.90	125.16	116.37	136.96	175.89	176.12	158.49	146.13	145.75	134.73	159.21	131.32	162.89	173.50	131.15	153.89	135.81	37.66	82.98	142.46	153.88	138.27	126.41	117.67	121.18	132.91	113.13	140.19	157.62	134.69	116.09	115.99	137.36	131.65	126.87	163.51
QG37_03960	143.58	136.01	85.62	76.93	123.61	134.77	130.40	121.43	127.04	124.68	105.16	110.89	111.49	109.19	106.80	120.48	146.32	151.14	142.90	130.23	127.18	132.20	137.77	100.67	132.65	158.90	109.22	138.49	118.74	31.99	76.77	136.78	147.09	124.63	114.76	102.14	109.46	112.44	99.75	130.47	142.78	128.96	92.27	95.76	111.40	112.23	99.55	131.03
QG37_03961	126.48	135.01	81.25	71.75	118.15	124.93	132.48	112.98	136.77	118.62	98.53	110.17	103.62	116.18	114.62	112.99	140.12	152.65	140.89	129.80	143.28	128.98	133.73	106.24	133.54	151.29	109.52	132.15	119.27	27.54	73.91	117.80	134.80	99.69	124.07	89.18	98.23	117.13	100.83	127.08	162.80	117.66	96.33	70.98	107.38	99.77	91.50	159.64
QG37_08427	151.30	145.86	70.72	77.80	126.95	129.29	120.71	110.25	130.86	103.28	96.63	92.79	99.31	125.59	95.99	116.63	150.44	138.22	139.80	124.85	132.64	153.01	125.82	112.97	134.77	170.04	103.20	143.52	120.13	38.47	71.07	122.39	155.81	111.25	118.14	94.92	105.06	104.19	96.87	136.22	148.30	140.48	97.86	86.49	115.52	117.25	106.63	133.51
QG37_03963	156.60	140.31	82.36	77.25	134.73	134.85	128.98	118.86	119.63	102.99	96.21	107.39	113.68	110.05	99.33	114.73	146.04	165.88	139.10	156.02	118.68	115.38	124.98	107.50	136.69	189.67	107.38	137.66	119.55	34.54	70.09	123.65	152.12	119.95	135.55	99.81	114.23	110.22	98.52	132.08	150.21	118.55	90.04	103.31	128.71	117.17	118.77	156.06
QG37_03964	156.64	138.83	76.64	84.95	123.89	118.39	123.87	120.23	131.55	119.86	113.43	103.32	119.38	111.49	103.59	126.55	160.01	166.40	146.94	134.49	136.72	126.88	130.36	116.51	136.04	172.02	123.85	139.04	120.24	37.31	80.70	136.08	146.27	130.14	115.34	101.25	111.98	122.24	104.88	130.38	152.00	123.61	105.08	89.92	123.30	111.44	106.38	166.09
QG37_03965	140.75	133.01	82.84	76.16	129.81	124.70	125.08	120.61	132.07	125.52	108.03	105.54	110.60	102.78	107.29	124.82	153.60	158.78	145.69	129.27	120.30	127.61	131.45	110.81	125.26	158.85	100.81	144.52	111.78	33.18	76.13	134.49	138.51	127.47	124.81	96.41	102.20	114.34	101.41	126.24	142.72	136.44	94.17	93.59	115.80	115.49	106.58	149.18
QG37_03966	140.96	148.77	87.23	66.36	140.57	135.75	114.02	133.88	134.47	109.90	106.25	98.14	96.62	113.73	119.07	123.92	137.95	177.88	161.25	124.34	137.80	109.13	144.62	104.31	124.62	168.45	110.56	133.73	117.11	29.60	74.13	128.30	150.01	125.27	108.42	95.57	111.92	100.24	101.87	139.16	149.39	122.40	93.93	97.31	105.64	126.06	94.67	130.39
QG37_03967	136.77	142.38	80.79	78.37	129.24	127.89	122.41	119.41	132.06	112.02	93.57	109.28	108.27	115.25	102.20	126.88	157.27	150.87	145.50	128.28	130.51	128.05	130.80	105.57	131.21	155.67	107.19	144.30	121.32	34.27	85.04	134.96	144.68	124.97	112.00	95.39	108.31	110.79	95.99	127.19	147.94	125.70	105.72	97.51	121.66	119.60	103.53	152.02
QG37_03968	162.69	136.22	87.79	82.13	137.58	138.66	127.15	126.02	131.69	122.98	103.79	113.08	116.63	111.88	105.96	132.50	154.11	158.63	135.43	134.82	123.60	131.00	140.19	110.07	137.63	163.88	103.40	151.30	123.80	33.75	82.32	142.79	154.03	135.11	130.51	97.42	116.62	132.80	109.34	104.07	144.24	121.21	102.74	88.81	113.69	107.05	89.87	142.79
QG37_03969	153.23	144.12	70.09	69.38	131.76	116.37	117.55	115.17	139.76	112.88	111.51	118.57	107.94	92.48	90.51	109.76	129.01	142.97	133.33	114.03	114.38	122.79	116.37	96.47	136.94	160.45	111.39	143.14	120.21	34.66	85.29	118.39	133.64	118.95	110.86	111.22	128.47	107.88	102.32	122.35	153.16	132.73	96.97	99.40	126.79	113.25	96.02	156.08
QG37_03970	129.79	120.34	80.80	71.76	120.44	119.70	99.02	116.67	109.64	108.10	91.25	88.66	120.10	97.48	89.38	104.85	131.21	157.26	149.08	110.25	114.48	111.36	124.49	110.43	101.36	132.43	98.70	126.60	106.96	22.31	61.47	117.45	108.81	113.46	100.38	79.94	89.86	106.98	82.07	106.39	126.71	108.26	87.36	95.76	100.23	94.63	101.96	129.27
QG37_03971	127.61	109.41	61.48	70.36	116.16	102.82	98.43	99.29	134.08	99.38	90.87	86.37	89.23	94.41	87.85	118.37	134.61	155.87	123.88	108.99	110.18	117.48	128.61	100.65	103.68	135.37	82.83	117.19	96.19	35.31	61.33	110.36	111.45	104.18	92.30	77.92	96.70	115.03	87.58	114.43	135.29	113.11	86.00	92.33	111.40	102.78	86.11	132.05
QG37_03972	119.35	103.78	63.65	72.01	107.86	118.77	110.91	107.19	108.31	90.52	87.07	80.97	94.95	97.20	87.86	110.08	158.01	156.16	141.29	117.23	105.47	134.72	114.65	106.74	109.19	141.27	86.42	127.01	109.90	22.77	68.48	119.42	112.37	104.60	99.16	95.49	82.88	105.75	85.11	109.76	130.99	104.02	71.78	106.30	97.40	99.40	97.93	152.01
QG37_03973	116.08	104.22	69.82	63.41	93.88	93.55	85.01	89.25	100.74	86.34	70.79	78.38	81.91	88.17	81.84	88.87	110.76	124.56	106.54	97.45	92.04	99.93	106.94	78.12	95.00	118.47	72.47	89.74	73.00	25.51	58.66	104.02	107.84	85.97	93.28	75.96	81.73	90.95	68.01	97.05	111.87	99.57	74.43	72.22	83.06	80.88	73.14	107.72
QG37_03974	120.08	115.85	68.33	68.50	105.55	97.33	94.93	117.72	122.38	98.28	85.22	92.40	104.34	106.42	98.99	111.90	132.51	163.97	133.26	112.68	122.57	106.18	132.49	101.32	119.23	138.55	97.81	123.98	103.10	25.64	65.42	116.58	125.29	110.96	104.04	89.83	100.19	107.54	85.00	122.03	129.94	119.38	87.74	93.13	108.21	115.39	107.41	144.04
QG37_03975	108.43	120.65	72.09	58.75	93.84	104.64	93.19	100.99	124.02	105.42	73.93	93.49	86.18	92.74	104.63	102.84	126.08	135.36	125.37	106.77	112.73	111.17	122.89	89.38	115.64	126.92	92.86	125.62	91.27	25.48	69.34	117.64	119.42	110.07	92.51	82.11	97.74	112.67	86.86	118.38	125.38	110.10	94.85	88.73	103.32	114.25	95.85	135.09
QG37_03976	118.12	100.27	69.31	68.35	83.45	109.77	95.20	95.64	108.81	107.03	81.96	81.21	81.16	90.76	103.48	113.16	127.59	127.42	111.73	85.09	77.33	104.84	110.58	74.47	110.90	126.22	83.99	113.56	91.23	15.15	57.92	115.95	116.00	95.73	91.67	91.76	100.13	112.39	76.10	88.23	99.36	118.16	78.57	89.59	102.42	101.53	98.63	130.25
QG37_03977	100.44	104.57	60.33	65.91	95.85	96.23	109.17	92.31	104.78	99.70	74.53	86.48	90.92	92.36	100.84	109.00	134.98	124.33	108.93	99.43	98.30	115.72	105.13	89.81	105.98	137.72	82.12	100.59	101.24	32.77	71.47	110.16	116.19	110.36	93.62	92.84	102.27	118.58	85.87	117.21	112.66	114.18	81.45	76.32	110.86	113.44	109.32	146.76
QG37_03978	107.15	98.59	60.96	66.59	96.15	111.33	85.35	88.15	98.68	89.38	81.59	83.22	92.62	92.41	101.24	107.90	145.49	132.55	141.16	115.45	104.70	116.20	129.11	84.02	113.21	130.32	100.06	123.29	84.19	20.34	67.10	96.22	112.09	100.50	89.67	75.61	92.96	104.16	80.52	128.58	119.37	98.32	80.41	90.55	108.89	117.20	106.92	139.39
QG37_03979	116.56	118.38	62.32	60.64	100.45	96.97	91.83	97.05	104.82	87.05	81.75	85.04	98.52	98.23	88.94	104.17	126.59	136.63	124.39	96.88	106.67	109.17	116.65	94.29	112.51	125.67	96.57	102.99	91.35	26.36	65.83	94.21	128.37	95.20	99.31	79.35	89.69	103.37	73.89	103.84	134.95	106.24	88.89	87.88	109.26	87.96	94.63	127.66
QG37_03980	130.14	128.67	64.20	65.97	121.37	110.00	113.71	112.37	133.64	124.63	93.30	100.47	104.86	102.62	103.90	114.55	132.50	150.81	138.00	126.28	113.91	126.02	138.16	108.67	126.33	132.72	106.67	133.29	101.86	27.30	68.68	119.00	133.70	125.19	117.41	93.69	112.35	106.77	98.65	124.73	133.54	126.67	95.30	94.95	121.93	120.07	110.31	144.79
QG37_03981	126.63	138.63	71.03	70.05	118.37	114.59	102.60	107.93	135.22	117.80	93.49	96.82	107.50	107.72	105.41	122.38	147.36	155.44	137.49	113.05	126.12	115.93	140.54	102.21	115.92	138.41	95.19	132.25	107.59	28.03	68.14	125.83	136.73	117.80	111.98	100.26	104.72	108.89	102.93	133.38	142.99	119.60	89.36	92.19	123.35	127.29	104.42	147.89
QG37_03982	125.07	125.27	79.18	77.81	102.93	115.46	104.20	100.49	126.69	108.74	84.95	87.79	105.31	91.73	102.62	109.97	144.81	153.97	143.57	131.41	109.28	123.90	135.63	110.68	128.85	136.43	106.70	131.31	101.37	27.50	78.90	121.41	134.46	117.52	114.63	81.74	111.12	113.04	98.28	123.01	131.07	129.94	93.21	94.09	118.42	114.24	112.19	147.57
QG37_03983	129.80	131.74	70.79	69.27	111.35	107.04	107.13	126.07	119.17	105.83	85.35	98.38	99.47	101.00	98.38	103.97	141.84	143.24	132.47	104.43	110.42	115.30	117.19	99.34	131.44	134.44	96.63	116.77	96.80	26.85	64.44	114.66	124.34	112.24	103.63	90.30	106.49	107.82	87.81	112.57	139.95	123.05	90.70	86.72	112.87	104.75	95.14	130.46
QG37_03984	123.55	139.83	73.04	73.60	109.24	126.30	111.69	103.86	122.76	113.84	87.47	96.80	107.57	102.18	101.12	119.17	147.32	153.16	144.91	131.78	123.66	131.66	126.17	100.19	130.97	156.54	96.44	128.74	99.97	27.48	76.51	129.49	126.39	133.41	111.34	82.55	108.38	128.00	96.62	122.44	140.48	137.22	99.15	86.11	105.75	122.36	97.94	149.71
QG37_03985	149.83	167.36	80.26	105.48	156.13	137.56	129.29	128.01	141.60	137.49	121.60	114.66	130.64	135.50	131.14	132.76	152.12	162.34	155.06	162.58	121.03	152.93	146.23	116.77	148.48	162.47	123.47	142.76	123.36	39.04	71.57	135.36	139.26	119.72	118.73	86.80	119.26	106.89	108.59	144.00	131.62	131.26	99.65	105.60	154.53	133.70	132.36	155.33
QG37_03986	139.20	130.73	75.59	78.05	130.82	120.02	118.73	114.24	136.02	113.00	91.84	102.82	113.41	116.94	98.34	104.00	148.76	149.63	129.20	118.26	122.30	126.33	131.76	103.94	131.47	142.21	100.93	134.13	107.93	24.32	66.21	125.83	146.05	115.65	112.23	87.52	104.09	119.92	92.00	116.91	142.28	134.30	98.97	92.30	116.30	109.61	112.91	151.23
QG37_03987	129.69	141.02	79.89	79.96	123.28	120.50	116.62	128.74	137.50	111.43	97.28	106.06	108.83	104.87	105.47	120.88	155.05	158.28	141.38	120.00	128.15	128.09	131.12	107.60	135.53	157.06	108.26	135.96	116.39	34.32	73.97	133.74	144.90	121.32	110.21	93.38	103.40	111.94	93.62	140.53	146.52	133.09	101.96	99.85	129.47	121.45	106.83	145.70
QG37_03988	136.67	139.96	78.69	80.62	117.06	112.93	108.08	117.85	137.07	120.32	104.59	115.35	102.16	108.99	108.26	123.73	149.78	149.29	144.03	125.82	127.28	122.91	128.54	114.08	127.32	143.58	90.52	138.83	114.22	27.80	75.43	122.33	141.42	124.50	121.95	98.89	111.32	123.30	95.13	123.89	144.81	138.79	98.98	95.78	123.17	117.36	103.76	149.54
QG37_03989	130.76	116.84	81.96	63.28	104.54	104.60	107.57	113.98	122.27	106.96	93.70	94.16	99.01	101.08	109.44	106.47	143.06	154.13	137.33	103.49	116.32	115.47	134.56	95.45	111.32	141.72	100.41	129.11	108.86	32.52	58.86	141.10	131.50	119.63	114.06	97.06	109.41	106.13	77.28	112.04	140.88	114.04	90.86	88.48	113.01	107.42	87.84	132.23
QG37_03990	122.30	113.58	70.68	74.24	103.94	104.22	109.68	102.56	110.20	99.15	84.39	83.04	91.27	94.20	92.70	112.45	134.13	139.91	122.81	101.65	117.46	108.68	117.33	94.60	111.95	131.64	90.07	114.07	95.91	26.96	62.99	110.94	109.69	105.13	103.51	87.01	94.62	102.17	79.41	103.26	134.71	110.27	90.24	90.30	102.46	109.75	99.59	129.01
QG37_03991	131.68	130.87	72.88	69.82	115.00	115.30	117.08	120.22	134.72	119.82	94.45	100.62	113.18	103.39	108.56	120.50	150.55	146.90	139.08	127.95	121.13	122.94	136.80	105.68	126.84	149.28	104.14	139.40	109.66	29.30	68.65	128.02	136.07	119.28	109.12	99.10	111.44	119.30	92.92	117.76	140.53	121.54	91.43	91.27	110.91	110.77	100.64	128.52
QG37_03992	126.11	112.75	65.57	74.42	99.66	103.92	97.79	120.38	119.42	108.52	84.32	103.03	98.16	85.16	89.44	112.33	105.87	136.41	120.04	112.69	88.16	118.58	100.29	81.69	119.42	143.92	87.31	111.08	96.64	26.30	73.76	116.82	122.01	107.27	85.34	75.94	99.16	114.10	87.78	91.84	117.09	83.49	64.12	55.21	89.77	73.06	66.53	142.29
QG37_03993	147.01	121.42	62.81	61.30	109.32	113.03	126.09	109.09	110.59	108.04	85.61	96.10	113.36	93.38	114.49	108.13	126.64	133.76	131.66	121.84	127.43	109.96	128.62	91.76	126.30	118.50	107.58	131.01	97.41	29.19	77.88	122.45	141.16	101.62	93.42	84.27	86.83	108.32	81.08	108.20	134.03	109.63	85.48	28.52	42.95	33.72	43.41	66.86
QG37_03994	141.63	109.01	75.86	67.56	97.53	113.99	125.81	138.37	142.86	115.75	79.28	109.50	110.35	94.53	91.05	117.59	121.71	165.00	132.22	130.87	112.77	128.12	141.59	104.32	114.33	148.07	101.90	112.19	111.14	22.67	64.14	131.39	137.30	113.22	111.63	96.83	105.28	103.86	109.28	132.53	132.29	108.53	81.10	79.75	101.09	101.03	99.56	164.36
QG37_03995	141.32	142.92	77.79	77.69	124.77	129.30	110.97	113.67	128.20	126.30	94.55	108.32	111.13	109.82	96.91	122.18	153.25	163.25	142.99	139.06	118.98	127.14	129.64	103.24	130.48	146.03	104.62	148.51	105.71	27.87	71.88	130.91	145.92	123.00	118.10	94.81	107.26	117.66	86.13	121.97	141.48	129.76	91.25	94.50	114.17	109.25	99.56	135.85
QG37_03996	150.63	135.85	79.72	77.84	132.98	123.42	123.28	117.78	135.82	123.16	104.88	107.79	127.64	113.54	104.37	123.40	166.02	154.36	147.52	147.56	122.56	139.46	122.74	101.59	150.55	141.70	107.45	125.24	123.53	28.97	69.25	133.15	145.15	108.07	103.37	100.39	115.48	103.45	104.68	124.81	135.82	125.01	101.16	94.48	132.80	127.44	107.95	139.58
QG37_03997	136.83	127.14	86.71	72.19	104.86	115.78	115.11	115.91	120.40	122.46	94.02	98.26	112.04	107.33	98.52	113.28	131.99	167.59	136.14	130.71	123.97	131.12	121.78	98.51	127.28	153.90	111.26	143.54	110.06	29.52	68.30	117.14	139.20	114.94	122.50	103.68	103.92	103.88	87.58	119.76	154.88	117.97	104.38	87.28	107.96	104.98	104.18	135.12
QG37_03998	164.66	167.69	93.72	87.21	145.21	141.75	143.37	141.58	138.73	137.65	121.10	109.89	138.48	120.11	114.09	126.64	167.28	173.15	151.83	142.85	134.78	145.07	146.36	116.25	144.57	173.57	119.42	159.41	137.30	35.51	86.99	147.94	167.26	129.90	121.93	107.41	126.83	123.58	101.67	138.43	170.74	148.79	106.46	104.74	128.01	122.13	107.46	155.84
QG37_03999	156.47	164.34	88.74	86.88	142.23	131.40	143.12	143.81	150.31	137.40	113.73	106.15	125.54	109.56	100.26	113.57	154.75	150.33	148.51	136.88	125.96	136.23	143.48	102.96	136.00	169.27	119.74	154.29	126.35	35.43	78.80	135.61	148.39	132.60	121.11	92.33	116.99	114.96	99.24	128.21	171.87	150.07	97.66	104.67	121.84	130.26	103.50	142.59
QG37_04000	142.67	143.80	85.80	75.62	124.85	137.43	131.72	138.51	140.24	126.98	111.32	111.08	117.52	112.92	99.86	117.51	153.73	149.90	141.90	132.36	116.74	135.39	133.45	114.52	127.62	157.60	109.79	131.13	119.65	31.52	76.56	136.86	150.09	120.55	118.05	92.94	109.72	115.52	92.98	124.92	138.96	129.58	97.91	101.26	134.78	112.48	100.22	157.50
QG37_04001	150.01	132.75	76.40	73.48	123.61	117.27	120.37	118.26	126.91	121.85	96.55	106.22	105.31	101.67	97.63	114.11	133.11	145.22	136.52	115.93	113.92	126.05	127.62	104.11	124.12	152.05	106.99	134.86	111.75	27.72	81.23	128.65	137.24	120.25	112.49	103.91	104.47	107.38	91.23	117.34	145.31	130.37	92.98	92.21	117.57	113.87	100.20	142.67
QG37_08428	61.43	79.09	38.50	33.11	73.84	65.72	83.91	75.49	77.62	75.97	43.80	49.80	66.03	62.28	53.08	71.07	88.58	78.11	72.31	63.27	70.07	79.16	77.04	63.38	69.51	71.91	63.85	80.55	70.22	18.95	38.81	77.68	86.41	88.39	84.93	56.08	67.62	85.73	62.39	75.35	83.80	73.91	56.57	45.97	58.66	58.92	62.43	57.15
QG37_04002	125.53	121.21	67.86	66.50	115.23	115.70	108.62	102.55	229.87	93.94	86.12	90.65	100.70	99.62	95.43	115.44	122.97	136.33	129.47	113.81	106.28	106.07	114.57	94.54	110.31	143.55	87.33	120.65	93.90	27.22	66.35	107.52	122.81	105.34	102.80	86.69	90.79	106.17	83.00	117.98	123.42	113.23	81.34	87.63	104.23	101.29	92.99	128.45
QG37_04003	118.99	125.67	60.60	80.38	98.63	103.29	102.18	94.86	205.29	98.26	87.29	71.23	95.87	95.47	82.14	86.34	111.63	117.07	107.11	95.38	99.28	109.20	121.58	83.58	106.94	121.69	72.36	108.61	80.00	25.95	49.60	114.10	134.35	115.50	85.46	78.02	101.42	121.25	71.65	115.09	131.95	126.68	89.19	95.63	122.72	109.35	86.92	161.26
QG37_04004	124.13	111.46	81.56	69.70	101.88	109.52	109.81	115.21	221.32	110.89	82.37	80.90	103.04	100.13	90.49	114.84	124.33	143.11	120.30	120.83	116.21	104.78	110.79	91.69	118.59	135.31	86.16	133.92	101.94	28.04	64.29	113.65	122.69	103.39	102.65	78.50	100.95	89.26	87.93	113.72	133.21	113.47	92.77	84.13	102.43	106.70	93.16	135.78
QG37_04005	153.60	153.44	91.61	83.49	132.79	135.65	133.82	134.98	147.91	133.49	111.33	110.33	128.75	116.72	111.74	127.26	163.29	165.49	139.96	142.16	133.93	134.51	145.09	110.55	135.82	171.90	115.21	155.71	122.88	31.96	81.30	142.71	153.31	127.34	121.20	99.67	118.48	112.76	99.88	125.70	151.55	140.17	101.23	96.53	121.30	122.69	105.67	155.53
QG37_04007	132.46	149.98	75.78	67.84	128.34	121.95	115.09	126.98	131.19	112.60	107.51	95.18	105.55	107.02	97.25	102.56	135.77	145.46	129.84	125.26	107.90	121.78	145.99	109.12	117.17	132.97	88.70	122.83	105.84	33.23	78.55	118.94	123.61	91.69	89.03	68.45	75.55	79.72	57.56	78.22	96.01	85.34	73.53	77.53	100.47	107.66	92.52	140.91
QG37_04008	146.59	139.40	81.71	64.75	105.17	119.70	126.35	107.71	140.27	106.71	85.04	95.26	113.61	104.03	87.15	80.37	128.97	110.15	116.64	105.57	97.77	106.53	109.62	90.15	112.93	131.92	91.04	134.84	111.35	26.54	56.20	108.08	133.41	110.53	96.05	78.44	96.50	97.72	68.49	110.27	112.59	94.99	69.86	81.00	118.93	108.71	79.72	153.94
QG37_04009	108.52	131.55	71.84	63.38	120.21	108.29	114.78	112.81	119.96	104.88	98.51	93.58	99.84	98.02	98.91	111.84	143.29	149.35	138.25	118.02	116.08	110.03	120.11	95.14	122.31	145.15	94.71	123.77	102.54	28.94	67.54	117.47	136.09	113.65	104.88	94.14	114.33	104.76	86.06	119.69	133.35	118.51	89.21	85.20	102.94	109.26	100.52	130.68
QG37_04010	133.84	136.32	78.10	74.84	119.15	123.76	111.00	124.23	129.33	127.80	96.49	105.90	114.26	111.51	104.35	122.88	150.81	160.65	142.11	138.23	120.40	120.47	140.12	108.63	131.46	155.09	106.25	140.47	114.19	30.99	73.25	130.17	137.83	121.58	116.55	97.61	110.84	118.99	92.55	129.21	145.06	135.12	94.83	89.79	115.89	117.09	108.51	146.43
QG37_04011	148.33	153.99	85.36	80.02	131.73	137.70	137.16	144.82	146.42	137.46	120.89	116.56	126.60	124.83	115.04	135.26	163.04	172.22	156.80	148.12	133.26	133.68	145.82	116.48	141.90	176.72	118.76	153.04	123.22	36.14	81.56	139.53	150.63	134.61	127.79	108.34	121.53	129.54	110.44	137.51	164.68	144.13	110.15	99.91	126.70	122.31	111.50	165.87
QG37_04012	137.43	138.53	77.99	75.52	114.75	119.46	115.35	122.37	120.54	114.75	91.33	113.95	108.58	106.38	96.36	122.63	166.87	157.05	132.36	119.24	119.73	122.24	132.64	105.31	133.76	145.13	102.35	139.37	103.40	32.00	69.23	127.89	143.79	127.25	113.95	102.20	106.01	114.29	101.90	119.24	133.40	132.13	99.33	92.65	119.15	111.55	95.25	147.29
QG37_04013	142.32	147.93	82.04	76.38	119.74	132.50	123.99	125.14	132.46	123.49	84.47	96.29	105.62	106.12	99.62	125.17	159.55	167.49	160.33	122.81	125.74	127.80	145.24	107.91	129.70	163.77	112.45	140.24	114.50	30.42	84.86	132.30	143.97	118.86	112.37	93.76	108.80	123.26	90.78	113.81	150.19	135.04	93.02	94.17	112.07	119.75	103.54	158.55
QG37_04014	124.19	130.48	71.15	73.36	106.50	112.73	113.03	118.84	122.39	109.30	91.15	98.20	103.78	102.23	94.98	125.22	143.55	148.00	142.39	112.68	113.49	114.31	126.42	105.05	121.91	148.62	96.94	131.47	106.97	27.94	80.92	123.90	134.87	125.58	105.37	93.83	110.15	114.40	94.73	113.42	137.10	119.26	89.73	86.70	114.40	107.26	99.64	140.33
QG37_04015	121.85	123.93	68.15	80.39	112.88	110.62	113.22	105.32	123.55	105.73	93.81	102.67	98.99	107.51	92.37	105.09	132.16	164.53	134.64	114.66	110.27	118.39	117.44	102.19	110.60	142.71	98.00	123.78	107.83	22.36	67.88	117.33	129.09	125.93	111.23	88.97	108.67	100.83	81.67	129.77	139.36	132.58	94.88	88.37	104.44	117.75	110.94	143.59
QG37_04016	110.03	112.91	61.55	63.98	96.61	78.23	83.01	93.10	115.87	97.59	81.95	81.33	73.54	94.64	82.25	97.28	136.33	117.16	102.31	101.86	95.34	106.36	84.67	80.85	97.93	105.63	81.52	96.47	79.96	25.87	63.22	84.61	53.85	92.37	95.18	75.99	82.01	79.48	61.22	99.85	114.26	110.50	81.06	73.99	93.39	69.54	89.94	109.23
QG37_04017	103.80	131.97	58.59	52.95	91.38	87.50	100.75	107.80	104.84	88.32	88.59	79.86	88.01	91.57	96.80	95.85	124.37	135.86	124.33	80.65	102.12	87.91	112.13	81.36	110.65	115.52	76.95	107.04	75.86	23.07	56.59	97.14	103.42	93.98	97.37	92.55	77.42	114.22	75.08	110.44	122.21	113.88	79.85	79.15	118.68	115.65	98.15	126.94
