GENE	CDC_B11096	CDC_B11097	CDC_B11098	CDC_B11099	CDC_B11101	CDC_B11102	CDC_B11103	CDC_B11105	CDC_B11112	CDC_B11113	CDC_B11114	CDC_B11115	CDC_B11116	CDC_B11117	CDC_B11118	CDC_B11119	CDC_B11200	CDC_B11201	CDC_B11205	CDC_B11206	CDC_B11207	CDC_B11208	CDC_B11209	CDC_B11210	CDC_B11212	CDC_B11213	CDC_B11214	CDC_B11215	CDC_B11216	CDC_B11217	CDC_B11218	CDC_B11219	CDC_B11220	CDC_B11221	CDC_B11222	CDC_B11223	CDC_B11224	CDC_B11225	CDC_B11226	CDC_B11227	CDC_B11228	CDC_B11229	CDC_B11230	CDC_B11243	CDC_B11244	CDC_B11245	CDC_B11246	CDC_B11247
QG37_03498	13.01	8.39	2.01	2.86	8.03	9.61	1.29	3.91	18.77	9.53	7.23	2.61	2.56	9.09	1.87	2.35	8.33	3.39	5.11	6.03	0.09	1.54	11.47	7.23	8.11	5.96	8.54	8.42	6.43	3.27	7.29	3.61	21.20	7.00	8.35	5.22	9.01	8.38	7.75	3.32	6.61	6.32	7.20	12.39	14.30	16.37	15.97	22.90
QG37_03499	140.67	122.66	75.76	68.84	106.40	119.08	101.11	111.86	137.99	115.13	74.49	111.01	90.39	102.22	107.54	102.35	117.99	168.59	147.89	124.80	106.45	131.27	133.65	114.70	123.50	142.74	89.38	124.78	109.54	29.10	66.88	116.10	142.62	121.02	119.12	97.08	98.22	135.85	89.53	123.29	138.86	119.02	105.86	99.17	123.68	131.14	112.87	132.95
QG37_03500	121.17	123.66	72.35	70.39	114.18	118.36	111.70	114.23	127.51	107.28	88.18	90.73	102.14	111.19	100.00	109.42	133.76	143.34	127.10	112.95	114.63	114.37	130.47	100.07	121.78	133.48	96.68	135.09	99.08	26.73	65.90	120.93	130.58	123.10	104.60	90.54	104.95	109.81	96.84	118.39	132.76	127.80	96.53	88.06	115.17	119.39	95.57	138.31
QG37_03501	82.57	81.72	50.23	45.21	79.18	79.25	68.45	63.54	81.82	69.29	56.44	68.40	64.40	63.56	64.52	86.82	90.84	83.38	91.85	70.05	73.48	81.86	86.17	67.74	87.07	91.83	76.68	86.64	66.34	20.29	43.92	84.17	81.21	67.83	58.67	50.83	49.34	53.47	56.53	71.99	72.25	89.80	46.87	54.91	55.17	67.85	63.24	94.94
QG37_03502	62.79	91.04	54.04	53.73	93.86	76.36	81.42	84.91	96.91	92.42	59.26	78.82	83.17	72.43	78.13	86.27	96.84	106.97	105.38	74.53	88.14	95.72	102.71	71.12	101.05	91.90	76.31	98.76	77.18	20.86	61.06	83.94	88.28	77.49	64.73	63.43	76.44	77.92	53.66	92.80	99.45	103.93	56.81	66.57	77.55	78.21	76.19	107.74
QG37_03503	122.32	150.98	84.25	84.46	132.07	122.51	123.62	129.32	126.89	120.88	87.49	97.90	107.30	112.71	117.67	117.84	134.80	162.16	144.60	146.86	136.93	130.32	129.16	102.89	140.82	175.61	102.95	147.02	101.97	31.34	65.80	127.18	135.27	131.44	111.93	109.27	119.34	119.38	97.49	160.36	165.21	134.42	97.79	108.16	110.03	133.53	87.67	160.58
QG37_03504	124.03	125.09	72.28	76.17	123.36	109.31	127.62	114.69	134.70	114.76	88.95	104.87	104.99	102.21	101.26	130.75	131.98	158.82	131.15	112.19	118.12	121.72	136.15	114.14	124.13	131.86	102.79	139.95	103.32	29.24	73.41	119.24	119.57	128.10	124.03	97.79	111.90	112.09	100.69	112.81	140.40	119.24	93.15	95.78	121.84	121.78	96.41	142.07
QG37_03505	124.20	128.77	72.24	74.80	108.65	103.51	119.70	104.82	127.06	107.58	85.25	89.78	95.47	101.84	97.33	118.67	141.72	143.88	125.81	112.04	114.22	109.52	127.70	98.21	120.18	141.50	97.68	126.37	103.91	29.09	64.94	116.82	127.09	116.35	110.50	90.11	93.31	109.25	89.31	123.02	135.65	118.54	86.99	84.89	110.69	96.19	96.65	133.36
QG37_03506	122.07	121.86	72.78	75.93	104.28	114.57	109.80	113.94	150.02	120.44	82.44	105.86	99.17	112.06	110.90	116.29	119.59	154.24	113.94	90.74	117.85	107.00	147.59	108.80	116.87	135.76	98.73	131.53	116.89	23.23	72.99	120.14	122.28	119.49	116.98	102.29	94.27	115.30	96.25	127.51	138.46	139.29	103.57	72.96	106.67	132.38	108.20	130.71
QG37_03507	119.81	117.55	56.98	61.64	100.20	91.83	103.48	108.01	117.38	106.58	78.63	87.72	92.92	95.31	98.57	118.12	144.63	139.13	131.83	98.84	105.50	113.15	113.89	97.04	106.55	119.30	82.63	104.37	89.93	25.74	64.86	103.54	123.11	107.39	99.66	83.13	98.12	114.07	83.77	110.03	114.85	117.47	82.44	87.24	100.79	110.07	93.75	146.70
QG37_03508	110.26	140.05	69.04	58.76	111.36	104.58	104.16	111.90	126.32	107.57	83.23	97.26	94.20	103.90	103.74	105.84	132.96	158.46	134.72	105.93	119.72	143.69	128.76	101.15	131.07	145.70	109.16	118.88	113.47	36.84	68.31	121.19	137.18	116.41	105.81	96.09	127.65	115.89	79.24	136.35	155.73	140.79	94.68	87.26	109.10	118.06	100.09	140.09
QG37_03509	140.47	125.03	83.42	73.62	128.97	121.96	118.13	109.85	142.77	136.24	113.55	110.44	102.58	125.42	95.90	121.72	151.00	165.94	131.59	116.94	115.68	136.40	132.79	126.70	146.10	169.01	119.49	127.42	116.65	41.67	88.84	120.67	132.19	124.30	109.32	90.49	118.50	123.32	93.63	144.70	151.85	134.50	87.87	77.01	120.90	130.23	93.92	156.91
QG37_03510	115.70	101.10	70.39	75.83	95.81	97.38	114.87	95.75	112.28	100.14	80.63	85.05	82.86	97.81	96.45	107.91	134.45	139.36	109.35	123.93	113.23	91.90	117.62	102.56	110.89	135.16	87.86	128.45	90.30	82.62	123.42	105.86	126.37	124.62	107.74	92.52	100.22	94.83	85.54	113.34	114.32	109.39	86.71	88.39	98.90	108.39	105.04	137.89
QG37_03511	95.27	94.91	50.11	58.13	92.25	84.84	102.85	76.88	88.79	76.14	67.53	69.33	67.54	93.89	96.95	92.01	98.26	111.87	92.74	103.92	89.04	78.83	111.06	87.64	87.79	114.40	74.88	89.21	74.05	23.04	58.58	108.92	104.58	109.49	100.89	68.96	80.39	97.25	73.70	103.73	107.34	89.59	72.10	69.81	88.57	89.81	91.89	111.00
QG37_03512	111.13	108.45	55.55	44.54	82.78	87.88	107.41	79.93	100.14	109.54	69.24	59.20	75.40	70.97	72.65	95.42	97.19	102.36	101.19	78.43	97.21	82.94	99.17	71.35	93.48	122.06	72.39	117.36	70.22	19.04	48.71	107.01	115.68	96.74	77.70	78.09	93.92	119.07	78.20	114.81	105.64	124.57	73.56	76.55	73.56	74.34	72.18	105.81
QG37_03513	108.29	102.79	54.63	53.61	86.66	95.30	110.51	104.23	117.21	88.51	79.10	63.43	79.55	85.76	84.82	102.33	104.20	118.29	110.66	91.59	108.64	82.50	106.47	91.72	102.53	119.34	83.31	109.10	82.29	20.59	64.63	109.01	100.70	95.04	98.08	80.79	89.44	109.57	75.49	101.52	126.34	119.71	75.56	84.69	85.74	76.65	77.79	110.92
QG37_03514	112.03	114.96	66.55	70.22	102.24	101.30	95.95	104.84	115.11	91.62	84.32	83.53	80.74	97.65	86.99	101.20	126.36	126.00	116.03	96.82	99.99	104.08	117.95	89.24	98.93	119.55	98.05	108.70	93.41	26.08	65.37	112.23	119.54	104.11	90.97	74.58	92.80	98.40	80.21	105.96	118.58	106.38	82.64	79.30	99.92	97.98	89.93	107.95
QG37_03515	116.95	98.07	55.83	60.66	103.66	94.10	98.55	98.17	109.33	81.49	77.05	80.20	90.00	91.67	85.35	98.80	121.15	107.64	102.51	95.38	111.73	105.41	113.15	91.03	98.28	116.37	81.95	92.76	89.14	25.05	51.52	78.82	102.58	82.94	94.42	75.98	80.80	89.60	80.33	101.08	119.93	105.16	69.69	78.19	92.77	92.12	78.41	102.98
QG37_03516	120.86	141.27	84.39	62.03	105.84	104.30	127.44	110.65	137.25	96.04	91.63	94.84	113.21	107.44	105.41	102.15	172.52	144.23	132.11	132.80	118.47	122.46	153.84	111.01	120.26	144.30	102.25	122.02	132.60	35.23	56.47	127.05	134.66	137.85	111.93	88.41	101.59	119.33	95.15	116.08	141.22	113.20	87.68	103.68	116.10	96.01	105.98	151.08
QG37_03517	142.78	142.95	85.40	81.16	122.45	123.05	120.88	129.24	138.87	125.74	107.02	105.20	117.16	114.80	111.27	122.71	157.86	167.83	146.28	134.25	131.53	128.95	144.07	111.93	129.16	155.70	113.12	141.84	118.40	33.37	77.06	130.84	153.20	133.52	120.64	100.43	112.51	120.56	102.35	133.96	149.44	134.35	102.27	98.41	121.46	120.32	102.68	152.63
QG37_03518	116.70	125.75	69.48	68.04	102.17	101.28	108.36	114.78	123.12	114.99	91.33	88.45	107.50	104.96	119.37	138.59	129.20	119.51	129.41	117.25	128.91	120.01	129.39	101.25	116.02	124.80	81.20	108.57	90.38	30.51	60.86	102.02	153.59	107.96	105.64	85.89	99.17	113.38	86.24	122.72	128.56	99.17	97.27	72.77	110.35	110.63	97.30	154.82
QG37_03519	94.61	125.35	73.12	71.09	99.41	99.86	120.67	99.46	121.39	96.00	81.28	109.21	99.52	109.32	106.58	117.14	127.93	135.41	126.38	116.99	124.71	106.07	129.23	85.38	132.32	142.99	99.15	138.63	126.86	25.40	75.05	127.92	114.15	99.02	93.29	97.32	109.12	115.15	86.67	91.10	115.84	119.13	84.47	88.81	112.71	111.30	76.88	129.42
QG37_03520	138.45	138.36	87.93	72.91	114.45	109.40	125.12	101.52	116.10	103.66	94.36	86.02	101.05	110.32	110.22	115.92	123.26	134.78	127.51	106.51	113.58	111.98	130.23	93.19	135.03	148.07	94.16	139.14	122.61	26.47	73.78	124.87	132.45	119.39	103.06	82.62	96.02	117.88	104.95	132.53	116.56	125.74	83.59	87.45	117.57	120.99	97.32	144.93
QG37_03521	127.26	143.89	66.16	70.83	113.87	112.19	109.44	114.63	125.86	101.39	104.80	102.05	100.15	100.96	102.49	119.66	135.49	140.24	139.74	112.03	131.99	124.49	118.72	109.33	129.16	136.67	98.36	125.27	108.93	37.89	82.68	121.03	135.63	120.60	109.37	101.50	96.21	94.87	87.30	126.83	132.10	136.73	69.00	95.80	107.19	111.73	97.28	144.02
QG37_03522	118.42	119.29	69.71	65.94	99.89	105.66	100.47	103.35	120.97	101.73	89.10	89.68	89.15	92.93	92.62	109.15	130.90	133.99	125.64	103.77	121.38	116.69	126.17	88.92	107.65	123.73	89.60	115.13	100.97	24.35	61.31	116.21	114.46	102.62	99.66	88.89	96.88	107.19	84.04	102.42	129.91	110.51	88.44	89.33	99.46	98.96	86.31	139.28
QG37_03523	85.82	106.50	53.30	45.60	85.46	83.10	76.11	87.80	109.73	88.17	79.42	65.17	61.95	80.03	87.52	91.86	110.42	122.36	93.63	95.80	65.69	92.30	100.04	65.52	83.40	110.54	77.69	83.52	84.98	27.73	48.08	96.56	104.78	103.59	99.51	71.36	85.37	74.84	64.62	108.62	120.10	102.49	82.74	80.33	95.19	82.17	81.31	118.57
QG37_03524	119.87	107.37	54.43	49.72	91.66	84.18	89.75	89.98	97.95	86.14	67.37	74.66	81.11	74.68	76.28	75.11	110.37	100.49	94.98	93.36	61.98	78.48	95.86	78.77	83.14	102.05	64.79	94.10	70.82	27.97	57.94	101.14	87.23	121.40	112.97	84.50	113.31	90.11	78.19	125.66	130.27	141.18	107.32	84.32	121.76	109.46	97.53	145.08
QG37_03525	64.26	90.95	55.03	48.02	81.80	73.09	87.83	82.28	86.55	79.31	59.69	64.17	75.79	74.78	73.37	84.07	99.08	111.17	100.59	80.54	73.98	84.97	87.42	64.49	75.58	103.60	71.73	96.66	71.68	27.00	53.20	78.59	108.15	121.12	104.73	93.41	108.43	96.60	85.66	118.88	142.22	138.90	90.61	88.98	124.10	120.85	99.31	161.36
QG37_03526	66.67	113.97	46.96	54.98	92.26	68.86	65.96	98.00	121.71	102.66	74.16	99.55	82.20	68.04	91.72	75.44	101.65	99.82	111.61	88.14	80.75	93.46	98.39	87.67	103.47	113.12	77.74	104.98	115.34	23.28	64.49	108.86	108.44	89.45	96.42	70.91	86.76	77.59	70.33	87.76	120.25	91.40	70.57	60.55	75.41	78.55	85.91	97.67
QG37_03527	100.03	118.75	62.45	59.78	93.51	98.68	88.64	102.72	127.11	102.47	83.99	85.72	94.85	86.80	104.54	113.74	107.54	137.91	128.64	113.13	114.35	111.54	124.61	106.38	123.14	136.11	89.93	113.23	97.13	23.58	81.05	119.92	122.18	98.58	107.44	85.36	99.28	106.83	81.49	120.56	128.77	115.13	84.48	79.48	96.12	101.22	90.68	112.92
QG37_03528	102.69	106.59	67.59	66.17	93.35	110.47	92.02	102.13	118.20	87.63	79.93	81.73	82.75	92.99	87.42	93.16	125.87	130.53	119.77	97.72	98.58	97.09	112.75	91.06	108.69	128.68	75.68	103.65	79.51	26.95	59.53	108.94	115.51	102.46	91.66	81.79	91.59	103.20	85.69	100.30	124.63	107.14	78.33	70.45	100.02	112.90	86.08	113.03
QG37_03529	121.21	128.42	72.48	73.55	102.51	101.93	97.33	109.05	119.78	99.77	83.67	87.20	101.46	93.71	101.87	99.46	131.39	128.80	118.59	108.51	97.64	107.01	117.29	98.30	113.46	136.68	85.18	120.04	89.62	26.55	68.64	114.81	125.55	100.40	96.75	76.79	101.49	100.35	79.75	112.86	127.05	118.24	89.40	85.47	110.70	101.28	96.03	133.49
QG37_03530	130.10	131.91	74.97	74.83	115.74	116.99	112.65	113.47	132.80	110.07	97.31	103.29	112.58	111.11	98.33	117.36	145.30	151.16	140.36	116.95	120.24	122.07	125.02	102.39	130.43	147.97	97.22	128.20	101.18	28.06	66.57	123.04	131.08	124.04	117.26	86.18	102.45	115.58	93.86	124.00	141.37	127.48	101.03	90.70	118.14	122.59	95.82	135.57
QG37_03531	73.61	103.38	74.11	66.97	97.71	94.78	110.62	109.22	103.67	108.87	86.81	84.67	88.06	93.49	79.67	98.91	122.11	139.67	131.95	95.20	105.08	116.82	107.27	101.86	104.18	118.99	75.80	110.92	95.21	20.88	63.45	107.55	115.33	102.34	99.52	71.33	86.44	96.86	85.95	94.81	132.01	118.48	94.51	81.72	103.87	90.91	98.47	126.81
QG37_03532	120.64	133.04	74.82	70.09	118.95	123.80	121.94	109.08	113.25	117.48	95.98	88.80	104.45	110.43	91.85	114.34	142.39	147.77	126.43	116.23	118.57	119.44	129.06	98.83	123.59	142.58	94.43	126.60	97.05	22.02	73.35	112.42	130.15	102.76	110.74	92.22	96.28	94.83	85.48	117.19	140.55	114.10	90.94	96.89	105.31	101.29	103.38	134.24
QG37_03533	145.25	154.53	77.95	85.29	123.59	147.59	119.93	135.52	125.74	123.78	110.37	98.59	116.53	108.08	102.24	124.69	135.33	156.63	142.53	118.50	145.48	131.91	122.74	100.71	153.27	167.33	93.84	160.77	130.48	27.34	67.10	111.56	136.75	133.01	108.87	100.83	111.67	100.47	90.49	123.91	166.52	115.52	99.12	92.84	120.78	106.52	110.97	136.28
QG37_03534	134.20	125.26	83.41	83.28	119.86	121.13	118.61	117.34	129.31	108.09	96.41	101.19	104.88	105.36	96.56	115.39	137.22	146.27	137.08	127.73	117.25	126.48	131.57	106.68	124.90	156.95	98.81	130.39	97.88	28.74	68.07	111.55	125.45	122.53	111.86	98.58	107.94	115.49	88.77	111.38	141.84	128.39	86.43	91.44	112.42	115.19	104.92	128.44
QG37_03535	126.24	141.27	63.07	74.28	131.39	119.96	120.36	126.10	132.91	113.89	97.99	101.76	111.33	117.79	109.22	115.58	152.00	145.13	140.36	115.41	117.46	122.30	131.05	109.65	126.14	157.51	103.05	128.63	111.74	28.88	71.01	135.12	143.87	120.20	110.32	93.02	105.27	117.62	91.03	123.85	149.86	137.55	95.84	98.48	115.66	110.62	105.47	136.78
QG37_03536	149.15	140.29	79.93	62.73	126.58	122.43	111.20	113.84	131.76	107.66	101.88	98.10	106.94	104.71	107.04	111.47	147.99	142.61	141.40	119.57	114.81	118.41	113.69	101.15	128.68	153.45	95.86	126.87	115.26	27.56	69.09	125.96	137.53	107.44	100.14	89.23	90.75	112.13	83.19	119.57	153.00	133.66	110.64	86.86	107.18	125.56	104.08	131.60
QG37_03537	137.49	142.74	83.19	84.09	119.96	130.91	134.53	142.01	151.44	124.88	120.02	102.14	109.98	119.78	117.53	135.43	177.19	149.73	131.46	131.39	117.04	107.25	137.19	105.58	152.73	174.06	103.04	155.16	106.61	38.62	77.52	129.73	132.66	125.77	106.48	98.06	99.83	120.49	91.11	116.61	161.13	154.24	97.66	105.26	117.61	135.78	106.79	159.01
QG37_03538	154.62	133.29	77.38	86.72	124.64	149.21	133.99	125.87	159.32	131.55	107.43	121.66	110.76	117.21	98.78	150.50	176.50	145.48	150.50	127.86	138.25	121.79	136.27	105.53	142.44	156.75	124.39	158.06	143.37	39.64	84.55	132.05	163.99	131.83	119.37	92.81	106.64	116.61	92.78	127.62	126.58	144.18	104.47	96.48	117.58	107.82	107.01	158.71
QG37_03539	141.04	142.49	100.30	89.00	105.48	133.13	145.68	141.21	144.21	140.92	105.10	113.39	131.13	121.34	118.63	140.15	170.64	176.46	151.96	137.48	132.49	152.96	147.72	124.07	146.02	170.39	111.22	143.78	125.95	36.99	86.06	143.28	156.77	150.83	124.29	111.21	129.25	145.88	108.91	135.20	157.70	150.86	118.14	114.04	124.20	120.16	120.16	163.15
QG37_03540	123.90	114.97	74.48	73.80	107.11	119.26	113.44	121.36	128.87	117.24	96.78	105.51	106.10	109.21	104.22	119.28	148.29	148.28	137.55	111.89	112.98	116.66	127.35	104.44	136.40	146.26	106.33	123.74	95.88	28.21	70.28	128.63	132.12	133.06	112.70	92.89	107.23	121.18	95.51	113.05	138.36	130.87	93.65	93.08	102.63	111.04	100.80	140.93
QG37_03541	114.37	126.09	79.63	73.04	102.63	91.66	114.58	106.26	123.13	102.10	79.94	101.35	85.29	101.04	95.09	104.07	131.69	142.80	131.94	119.13	107.75	116.82	110.34	102.98	124.30	121.23	99.80	129.12	101.10	27.02	68.96	127.57	125.41	115.00	102.08	79.08	91.00	107.92	96.35	108.76	128.89	124.96	94.19	86.41	105.19	98.70	86.74	136.22
QG37_03542	99.70	101.95	63.15	57.93	83.69	75.09	87.26	82.79	95.96	71.68	61.13	72.87	70.71	82.11	77.37	82.37	104.90	101.34	105.41	92.47	95.60	89.28	96.00	79.26	89.24	101.21	73.88	99.99	71.66	30.36	50.81	89.21	98.09	80.76	84.96	68.84	73.43	82.32	71.64	97.40	98.70	109.08	76.99	65.37	86.61	83.71	75.71	96.52
QG37_03543	123.55	115.76	59.79	62.19	95.20	96.29	94.58	102.62	105.72	96.71	86.05	78.67	87.27	102.73	85.35	116.73	136.90	134.18	134.20	97.75	107.36	101.40	121.56	93.32	107.47	138.58	91.32	116.13	96.12	25.38	67.88	113.12	124.64	109.86	97.93	80.25	94.58	121.83	80.25	110.17	126.30	111.29	80.92	94.30	100.75	103.52	89.22	121.76
QG37_03544	123.33	126.09	75.28	71.76	110.80	106.97	104.65	118.75	138.32	112.79	101.42	101.32	106.16	110.80	103.01	116.05	148.71	160.55	143.24	128.24	114.32	130.09	141.14	105.06	134.57	149.29	103.00	131.97	112.16	26.14	71.51	129.72	137.22	118.13	113.15	96.80	112.27	115.38	97.63	130.58	144.87	137.28	95.67	95.64	120.57	119.38	102.46	154.74
QG37_03545	131.09	130.83	78.15	78.00	105.69	114.57	106.06	114.33	133.73	107.52	96.63	96.10	101.52	112.56	98.12	113.94	138.85	158.51	142.58	118.42	119.65	121.37	147.48	107.40	120.49	153.11	98.57	133.66	108.47	30.44	77.02	129.77	130.13	121.86	111.49	94.97	108.79	107.62	95.82	119.12	138.90	136.48	93.35	100.34	117.20	112.62	90.49	135.69
QG37_03546	120.70	123.16	70.43	80.26	106.50	107.18	113.78	113.19	130.30	109.82	84.57	91.01	94.05	102.08	104.92	113.88	134.31	166.85	134.08	107.90	120.98	113.90	137.02	101.03	113.95	150.02	104.83	135.61	104.65	27.26	72.02	121.85	145.66	120.23	112.10	106.02	105.59	121.49	88.51	124.45	142.20	117.27	93.40	92.03	120.37	115.31	102.99	143.04
QG37_03547	137.75	116.50	76.90	78.53	122.76	102.69	104.73	120.60	137.72	122.64	105.14	91.96	110.24	107.27	114.68	117.33	151.78	167.76	139.56	96.02	116.59	125.59	130.39	107.25	137.55	160.40	115.35	122.41	109.73	24.27	75.48	119.03	134.80	126.22	111.70	104.92	110.61	114.53	87.34	130.59	139.18	138.64	100.76	94.67	124.25	112.83	117.70	141.85
QG37_03548	112.61	115.56	71.15	68.32	94.81	100.42	114.06	105.41	134.37	96.19	92.91	79.85	91.19	93.98	104.24	100.63	127.84	149.59	128.40	118.13	120.75	117.53	128.54	100.21	119.94	139.36	99.87	118.31	107.03	26.32	71.27	113.47	121.23	118.48	103.97	98.99	99.80	109.14	79.46	117.72	131.58	124.12	85.12	88.08	109.64	111.32	104.01	127.44
QG37_03549	131.97	140.26	69.17	84.24	128.09	121.56	129.42	131.62	151.18	105.43	102.67	97.04	113.30	113.37	123.24	134.90	151.22	191.57	141.74	130.08	128.99	145.49	147.98	119.14	142.33	138.26	123.22	128.73	104.35	30.51	83.15	142.01	150.05	150.97	129.39	116.43	112.50	121.00	103.09	138.08	156.91	154.84	101.40	106.46	129.67	140.09	115.41	163.80
QG37_03550	112.87	116.27	69.52	71.08	114.38	121.54	131.07	131.57	130.66	118.51	95.34	94.72	107.70	119.86	104.54	129.00	119.09	157.57	126.12	107.73	134.01	111.11	151.82	106.12	122.12	133.59	119.71	143.86	87.24	22.08	86.97	126.48	122.19	107.70	117.96	90.84	93.35	128.31	88.24	142.98	140.97	134.90	114.84	81.20	111.68	126.65	96.79	156.30
QG37_03551	112.29	117.41	71.07	74.25	105.71	101.07	98.67	106.42	110.60	94.71	87.89	83.47	96.38	107.27	93.85	110.35	127.85	140.22	129.02	95.39	109.09	111.89	125.24	98.56	121.70	138.20	93.24	116.26	87.86	28.86	63.32	103.97	120.17	111.99	101.55	98.30	95.10	109.24	88.80	112.51	128.69	110.29	78.00	83.70	96.18	105.17	90.93	135.67
QG37_03552	100.28	105.08	58.53	51.25	79.99	83.92	101.08	90.71	104.30	72.63	84.15	69.09	82.11	82.81	92.42	76.98	123.07	128.76	101.04	89.09	102.28	102.80	115.06	84.12	124.38	100.30	69.21	83.57	75.60	22.28	61.42	82.12	107.39	110.01	95.17	71.79	74.25	101.98	58.33	108.34	112.19	120.36	78.41	69.36	109.73	97.13	72.46	112.20
QG37_03553	104.44	96.90	47.64	64.35	94.46	96.27	91.45	96.06	118.36	86.25	77.61	90.99	81.71	91.59	80.39	109.52	121.37	124.93	128.80	98.18	100.14	109.37	128.68	91.89	103.00	130.73	76.44	98.12	93.77	25.11	69.54	100.40	116.26	115.71	106.29	83.67	104.16	84.63	67.29	110.47	97.82	123.13	73.50	72.65	100.27	97.71	60.12	124.08
QG37_03554	99.15	90.59	50.50	60.03	82.19	81.41	88.77	92.45	112.71	84.61	61.77	88.47	93.80	85.60	82.00	111.04	117.07	145.50	139.77	98.33	109.55	104.15	116.69	83.48	110.92	134.87	92.57	81.59	87.06	30.41	59.62	94.62	98.81	85.45	89.65	81.44	71.22	76.14	45.73	78.98	97.02	94.96	58.53	64.18	80.81	82.77	73.72	104.82
QG37_03555	94.46	106.91	44.29	50.79	91.51	46.79	66.18	67.57	88.09	76.26	61.50	75.92	77.67	74.15	88.32	88.99	94.94	100.39	96.98	83.54	82.00	91.02	84.21	102.40	81.44	105.75	63.89	100.98	85.24	17.65	58.60	93.17	103.12	74.60	72.67	66.00	82.87	78.75	65.98	114.15	98.25	113.10	58.26	62.85	87.27	68.39	70.74	108.78
QG37_03556	102.36	98.32	58.64	58.31	86.37	106.19	86.52	91.69	91.39	85.19	77.40	79.53	80.23	83.45	95.00	89.35	117.59	133.79	108.67	105.43	92.35	96.81	106.15	84.50	99.45	104.31	81.79	78.43	68.22	20.73	53.06	92.75	109.02	88.68	96.70	75.00	84.87	104.55	80.96	89.86	111.97	93.04	70.21	73.02	78.09	92.14	81.28	114.68
QG37_03557	97.41	92.65	57.75	41.94	101.76	83.09	84.95	105.50	101.82	74.29	70.46	75.20	86.33	79.67	85.34	89.68	117.01	101.98	92.52	70.01	92.83	97.68	105.65	73.43	81.76	100.01	74.21	88.53	76.07	24.64	58.76	84.28	95.63	79.26	78.88	71.71	75.43	90.72	69.29	82.31	99.32	94.01	72.91	64.73	80.75	86.26	83.50	99.93
QG37_08419	102.25	109.32	78.47	66.03	97.63	101.53	106.62	88.07	131.48	98.97	97.14	110.51	111.45	104.18	95.64	116.53	133.16	151.49	129.59	108.96	102.21	99.27	93.59	102.73	134.15	132.08	75.48	122.34	107.16	26.89	68.03	114.89	128.05	147.16	103.08	89.29	109.05	106.16	79.34	108.07	136.44	122.32	94.86	78.62	98.45	111.10	72.63	153.74
QG37_03558	120.19	139.26	66.07	76.67	110.18	101.79	133.21	110.79	126.19	105.50	88.70	91.73	89.07	109.14	105.48	103.90	131.37	140.98	144.49	110.19	125.99	129.13	133.82	100.36	122.98	133.00	102.39	128.28	98.97	28.67	66.89	119.65	131.36	108.82	100.08	84.87	100.51	108.28	91.51	96.74	132.18	110.77	88.70	90.50	112.99	114.79	102.29	138.84
QG37_03559	115.39	125.19	67.45	70.79	119.05	108.44	115.93	105.60	120.48	104.03	87.33	94.06	92.54	106.00	106.41	111.77	135.61	144.60	130.69	105.21	105.39	124.17	131.15	106.58	116.82	128.96	97.41	119.64	89.08	25.21	69.13	112.86	135.42	115.57	103.16	90.40	106.12	113.73	98.08	118.42	147.04	122.12	97.13	88.77	106.76	108.61	99.37	134.37
QG37_03560	116.22	127.30	67.96	70.55	107.57	106.49	109.14	107.13	119.71	104.77	86.85	94.25	95.66	99.57	106.35	117.94	137.64	150.53	133.67	106.69	113.49	116.31	129.71	102.69	121.82	134.58	96.81	121.24	102.46	29.32	70.31	123.30	129.94	120.20	112.21	86.76	109.25	116.19	94.57	118.15	120.90	117.68	89.96	87.54	104.19	102.93	96.28	146.79
QG37_03561	98.91	108.15	71.20	66.11	71.96	74.15	75.14	85.79	105.97	88.32	87.21	86.56	73.05	77.30	80.78	86.03	118.42	143.95	97.53	95.39	89.42	87.50	100.99	95.11	106.73	120.85	71.26	119.89	73.37	21.16	48.20	88.89	121.69	91.30	91.52	63.98	81.66	102.45	60.82	108.60	115.71	100.86	69.72	70.08	96.08	89.83	76.68	115.01
QG37_03562	109.96	114.31	59.31	68.60	93.84	95.63	103.47	98.02	117.88	112.86	79.11	95.17	94.31	89.66	101.37	115.40	130.10	143.98	136.15	109.61	114.75	113.09	130.90	91.12	118.23	139.74	98.85	127.40	98.38	28.53	63.56	119.33	118.56	109.43	103.35	77.81	96.47	108.08	78.88	114.37	131.64	109.94	86.83	84.30	100.26	102.81	96.16	133.81
QG37_03563	114.43	113.37	56.17	68.69	91.76	103.07	99.00	98.02	112.71	91.79	78.38	89.77	87.50	97.74	97.45	106.21	132.80	141.25	128.85	103.26	110.90	102.65	120.71	98.27	116.50	130.70	89.66	115.85	96.13	26.84	65.99	116.84	124.40	106.18	101.29	78.75	104.67	105.84	84.12	109.80	123.72	115.68	84.19	78.81	103.57	102.63	91.03	125.25
QG37_03564	121.61	131.31	76.95	76.76	112.01	115.08	116.32	118.48	136.96	111.90	89.29	110.95	112.51	114.65	117.13	121.42	144.37	146.92	163.47	113.77	131.22	154.32	140.13	113.29	158.73	155.24	86.01	129.60	108.18	27.86	74.74	134.79	173.16	122.57	111.44	93.96	126.04	104.09	90.52	125.70	159.64	131.80	124.46	105.67	141.97	98.47	123.73	162.46
QG37_03565	108.26	118.81	63.98	61.08	94.53	95.56	94.52	106.83	118.31	96.46	77.50	85.01	85.96	92.62	93.42	108.20	122.28	133.83	119.37	105.84	101.73	104.39	124.89	92.48	109.64	128.29	91.35	109.04	88.76	24.59	67.58	114.72	123.93	108.00	94.73	79.13	93.45	102.90	80.64	112.33	133.75	113.01	88.62	88.49	96.20	96.51	92.81	130.29
QG37_03566	123.97	133.04	77.21	71.10	107.45	114.29	100.68	127.75	140.14	114.15	82.29	94.74	100.73	102.44	124.47	119.96	157.20	171.99	135.31	121.94	120.96	142.91	140.11	131.26	128.15	156.64	86.81	136.59	90.92	27.07	83.84	146.92	152.19	118.66	123.31	92.87	95.85	115.98	89.78	118.73	133.03	133.42	89.79	87.12	130.09	125.75	121.91	140.07
QG37_03567	130.64	107.97	67.40	80.68	124.76	104.81	107.88	104.28	141.88	113.41	81.96	102.48	83.33	110.79	106.39	108.07	130.86	154.62	159.08	113.57	111.20	109.48	134.13	111.63	127.82	151.67	102.82	138.98	83.42	25.33	68.19	118.91	130.82	129.14	107.79	86.53	94.57	97.16	90.82	125.22	154.47	117.18	119.90	98.15	120.59	133.35	87.51	145.03
QG37_03568	104.63	115.39	59.26	65.80	95.75	91.61	94.12	109.15	112.45	95.96	75.20	94.19	92.30	99.11	91.10	101.79	112.60	136.66	117.13	85.20	97.91	97.07	117.99	93.60	104.26	117.49	87.14	106.25	94.07	34.79	77.30	118.02	126.62	113.62	108.61	88.75	98.98	103.88	97.50	114.32	130.64	115.46	99.71	95.33	107.38	104.53	87.05	127.35
QG37_03569	124.50	132.17	64.32	73.39	112.48	109.82	105.48	104.98	105.44	109.91	89.68	94.05	99.12	103.87	95.32	121.22	140.21	150.20	119.84	108.80	117.39	123.50	128.65	105.04	119.74	132.12	92.54	115.65	103.74	28.12	71.74	117.64	118.41	115.23	110.95	86.76	102.84	111.40	94.92	118.17	140.87	115.90	97.31	99.22	116.43	121.28	104.81	140.37
QG37_03570	104.93	112.96	54.10	63.73	91.37	100.04	104.14	99.16	116.41	91.02	72.83	81.86	86.84	101.99	92.40	101.10	126.07	143.31	126.81	105.07	106.50	105.80	116.82	83.16	112.75	120.74	81.11	114.30	89.05	27.94	60.78	112.83	112.70	95.89	95.93	87.14	102.55	100.49	86.41	113.44	120.99	116.08	91.27	80.31	102.33	101.97	91.84	127.52
QG37_03571	127.34	126.36	63.29	85.95	92.36	86.13	113.30	110.12	142.10	115.69	98.38	100.93	84.65	122.50	92.55	107.00	136.73	157.95	144.74	123.51	117.91	122.16	121.27	93.90	121.17	158.78	108.76	139.53	96.77	32.05	73.05	134.18	132.41	120.43	110.40	80.87	114.71	120.83	101.22	106.71	139.22	122.83	116.98	74.38	91.56	105.68	103.16	136.49
QG37_03572	118.12	113.70	62.26	64.21	104.96	102.26	106.22	95.55	119.22	105.87	85.50	83.46	89.95	91.39	87.70	105.50	129.93	137.31	124.70	109.07	113.62	108.50	118.85	94.04	114.81	128.63	83.93	114.79	86.18	25.74	74.06	108.23	121.73	107.02	98.06	81.39	93.53	100.65	76.87	97.23	128.36	112.03	82.11	81.62	98.76	97.16	90.15	125.03
QG37_03573	94.00	112.51	64.50	55.28	89.04	96.64	83.64	86.51	103.86	90.93	88.68	80.81	75.23	89.51	75.88	99.74	124.71	123.21	121.84	111.66	87.85	93.69	111.73	83.96	101.65	101.79	91.19	109.33	85.17	28.78	59.88	118.02	87.85	85.93	76.71	55.84	88.81	96.82	68.31	92.94	86.35	92.01	66.21	66.57	81.93	85.40	91.33	95.24
QG37_03574	144.99	131.45	72.63	77.70	120.71	122.18	119.48	125.28	142.11	117.98	101.56	108.76	95.95	113.92	107.36	115.91	144.82	155.47	138.36	109.84	117.56	128.28	135.15	129.82	110.91	148.00	96.61	144.05	116.70	46.01	83.35	135.13	41.59	129.96	110.66	96.07	121.04	120.87	90.09	127.81	117.57	133.18	92.53	27.88	34.40	35.24	27.99	48.61
QG37_03575	131.70	112.45	56.74	71.03	107.70	108.58	114.97	104.40	140.13	114.57	87.00	106.96	87.89	110.23	105.30	100.19	126.17	135.92	140.46	105.86	102.91	113.77	117.44	110.53	109.23	153.91	86.70	125.72	100.16	40.24	65.67	127.11	90.71	100.94	100.19	88.11	116.87	133.09	90.35	110.23	132.09	108.33	94.71	51.98	74.21	74.02	66.15	103.11
QG37_03576	122.55	115.97	62.44	56.54	100.01	104.47	96.35	98.20	105.76	90.04	79.31	82.64	78.91	90.63	90.41	103.47	122.09	135.14	123.92	98.21	109.94	104.08	111.15	91.45	104.25	126.43	81.48	110.48	91.08	28.69	64.48	96.93	115.64	100.04	95.21	78.64	91.35	101.19	83.78	98.89	118.53	101.48	89.54	74.16	102.98	100.84	85.98	108.68
QG37_03577	135.19	124.10	47.76	68.26	100.05	129.67	106.08	108.08	115.39	96.86	85.44	88.90	89.95	95.09	96.92	93.42	112.88	151.45	126.82	105.98	109.47	120.72	121.41	102.12	120.88	141.67	95.50	110.89	94.83	17.12	93.12	132.78	125.04	111.69	101.44	92.77	78.72	119.02	68.59	109.84	120.11	101.88	90.50	84.10	110.69	91.92	82.30	136.02
QG37_03578	113.35	120.19	61.06	72.70	105.88	91.27	102.49	108.50	122.75	90.20	83.85	84.13	83.09	92.24	96.30	111.98	126.15	139.68	117.50	104.28	106.46	113.57	123.61	102.15	121.25	118.10	89.56	114.35	97.89	26.85	58.37	101.74	122.12	107.82	89.48	88.53	92.40	104.92	79.25	104.28	129.44	107.03	88.80	81.11	98.73	93.58	87.40	137.15
QG37_03579	132.03	122.02	71.46	78.09	116.37	125.86	114.42	112.74	121.41	106.30	85.63	93.71	97.58	105.88	99.27	115.51	142.65	162.80	125.89	112.35	121.64	113.11	136.39	111.87	119.67	154.99	100.19	115.92	104.93	31.47	83.69	134.30	135.66	117.00	115.18	88.17	111.62	118.16	92.20	131.40	139.57	129.62	94.15	92.59	119.22	121.85	100.01	137.25
QG37_03580	147.14	132.44	81.03	72.94	112.30	111.29	121.74	109.36	112.25	114.79	85.85	95.08	105.00	101.53	106.76	109.08	153.11	166.49	146.44	110.21	120.86	121.53	152.73	97.86	110.13	138.58	105.92	122.42	105.63	32.30	79.15	133.09	132.25	114.62	108.67	111.47	102.63	121.97	94.82	125.15	144.74	129.56	121.38	97.50	117.39	104.65	116.84	147.57
QG37_08420	102.59	106.90	70.12	61.82	125.29	100.33	104.27	111.21	113.86	112.49	94.90	95.27	87.01	97.95	96.39	98.21	129.69	118.59	120.24	102.15	101.18	104.24	137.48	104.06	111.83	132.91	96.20	119.78	107.21	30.76	79.19	107.41	177.96	143.10	128.90	94.32	147.50	139.31	92.52	137.91	170.75	144.96	116.63	49.08	68.70	63.84	61.57	82.04
QG37_03582	124.49	135.57	73.88	70.31	124.12	111.95	117.74	117.12	124.94	109.96	100.48	99.14	107.83	108.47	103.07	116.82	144.68	157.99	146.61	124.57	131.27	132.11	137.77	109.61	131.21	146.40	108.38	135.43	107.64	34.41	74.21	121.56	134.11	116.98	116.97	95.93	108.36	114.13	96.29	128.46	148.49	127.43	95.15	99.22	113.13	110.80	91.88	140.21
QG37_03583	109.67	115.08	60.28	77.65	96.07	101.72	101.16	101.18	119.49	95.14	86.55	82.81	92.27	87.81	84.90	105.24	126.19	140.86	110.47	98.95	101.66	101.28	122.05	87.78	104.51	116.26	87.17	102.08	79.15	29.87	67.66	101.72	114.79	89.73	99.36	73.68	96.42	102.09	82.59	104.40	122.80	102.57	84.03	82.76	104.84	94.53	94.18	124.32
QG37_03584	115.26	143.57	67.84	81.57	103.15	113.28	99.74	89.97	141.72	118.48	95.57	105.28	86.92	106.69	102.09	116.69	149.61	143.82	115.92	117.50	123.19	118.51	121.77	87.39	136.31	118.41	88.65	125.80	95.53	24.01	64.24	120.76	122.10	103.36	98.94	89.05	103.74	105.71	89.35	125.20	130.07	124.36	105.99	87.52	136.35	106.92	87.91	140.04
QG37_03585	94.07	122.04	61.61	64.12	102.81	101.01	99.59	90.27	108.03	91.22	82.42	86.73	91.91	92.13	91.41	109.88	116.67	128.00	107.51	97.69	115.43	99.16	117.50	91.60	101.54	123.45	95.67	116.27	84.75	19.73	61.88	113.84	124.38	96.72	110.81	81.90	89.29	105.17	74.47	97.55	116.85	107.00	87.30	84.70	105.72	97.75	93.02	126.14
QG37_03586	108.37	113.81	63.32	63.34	99.54	94.99	98.49	102.33	110.81	87.79	76.83	75.06	81.18	92.19	87.81	105.93	131.65	133.51	119.55	105.64	104.83	102.81	112.20	89.53	105.80	125.01	85.03	111.28	83.81	27.24	63.91	104.06	127.01	107.43	103.41	73.73	97.18	101.00	86.13	116.97	127.15	110.96	82.42	87.62	104.41	100.12	83.10	131.39
QG37_03587	107.87	106.04	58.50	60.75	100.05	98.90	99.91	90.62	116.57	81.25	75.56	80.69	68.60	82.22	84.68	97.06	110.99	125.36	111.46	98.57	105.59	108.88	107.40	80.09	91.79	114.22	82.40	105.69	75.95	25.20	58.90	94.19	114.74	87.70	92.19	76.57	84.10	95.24	75.54	95.66	121.94	104.42	76.31	81.16	98.02	90.59	95.66	111.72
QG37_03588	115.37	92.65	53.78	44.56	86.07	62.92	64.21	74.58	80.96	82.38	69.79	76.68	79.26	78.40	77.38	87.39	98.53	96.72	94.62	80.66	82.13	104.75	79.83	70.05	90.06	96.44	87.15	105.47	78.59	16.82	66.00	97.66	113.93	77.79	87.98	72.78	87.18	88.50	74.40	110.69	106.00	121.07	79.96	73.74	117.44	111.10	92.89	145.37
QG37_03589	61.88	88.46	48.66	50.13	83.95	78.19	95.14	83.66	104.81	84.80	58.21	84.60	82.42	84.28	89.39	92.09	109.79	127.90	106.05	91.17	106.03	108.58	106.41	101.74	108.77	123.61	91.26	93.04	85.61	24.02	61.78	101.28	124.73	99.75	103.41	88.66	98.69	101.00	83.22	117.49	111.26	106.82	89.52	75.13	126.26	129.09	91.05	146.74
QG37_03590	115.38	124.12	56.88	50.43	93.93	86.29	105.34	92.79	111.57	84.29	70.78	68.91	74.46	101.30	86.85	101.66	115.27	152.91	109.41	102.00	100.37	127.15	122.20	84.13	107.18	121.98	78.22	105.07	95.09	64.41	101.59	118.25	117.98	116.94	93.88	79.05	99.72	116.70	90.12	114.68	119.10	112.51	80.91	91.38	108.20	104.11	96.48	132.60
QG37_03592	111.44	110.50	58.30	60.38	99.88	96.19	89.16	102.56	111.08	86.51	77.67	81.68	82.53	78.82	85.62	101.98	117.59	118.79	111.94	96.10	96.26	100.35	106.42	95.82	106.79	120.05	86.30	114.31	78.78	25.84	65.74	104.49	105.72	95.85	93.52	74.66	91.96	99.17	81.47	105.11	113.30	106.09	76.53	89.22	97.40	97.45	80.00	114.65
QG37_03593	100.12	102.61	58.62	63.17	99.28	97.66	97.62	105.47	102.12	90.29	77.86	81.07	80.90	76.52	95.44	95.33	127.62	135.90	118.48	89.20	101.85	100.10	115.73	102.16	109.12	127.34	84.98	112.41	85.05	20.35	65.17	103.35	106.27	97.16	82.35	76.47	87.92	106.11	75.55	102.89	120.96	112.67	83.27	82.04	89.13	101.64	99.22	122.54
QG37_03594	127.04	103.66	52.60	71.69	128.64	106.42	85.41	104.12	117.10	104.17	87.40	84.53	97.36	98.55	98.78	117.78	121.48	148.25	119.14	114.11	115.41	115.34	135.88	87.70	110.82	116.89	102.88	119.07	94.11	28.34	73.35	119.81	127.76	109.72	104.70	81.39	95.17	107.71	95.18	123.40	130.43	117.01	94.08	96.03	106.36	109.54	94.20	155.90
QG37_03595	134.97	104.63	51.23	61.68	76.92	99.89	92.29	100.12	116.39	90.70	65.90	78.34	74.47	90.30	94.94	88.19	125.37	132.08	94.65	96.24	98.75	97.84	108.27	87.45	121.12	121.37	83.83	101.55	92.51	23.54	68.81	103.72	119.43	90.96	84.63	67.83	86.85	113.25	85.64	108.96	125.45	102.01	80.45	94.14	84.88	111.36	95.10	124.23
QG37_03596	109.51	102.68	41.22	64.05	78.99	92.44	90.27	104.82	100.13	95.17	79.78	60.04	76.71	70.07	108.93	92.08	114.39	116.36	111.89	84.94	95.97	130.01	113.45	91.05	107.29	119.39	97.52	115.03	91.13	30.20	55.45	86.30	84.97	86.29	100.06	68.68	90.48	112.37	83.47	92.48	105.78	101.78	82.11	103.93	93.98	100.34	92.88	108.34
QG37_03597	102.26	102.20	55.38	63.06	88.34	92.71	92.06	96.50	114.01	92.13	69.44	73.54	77.37	89.29	96.71	102.66	122.67	125.29	119.46	93.55	103.03	115.43	119.00	90.18	103.13	121.34	82.73	100.02	73.08	24.44	64.29	106.69	99.12	105.41	95.30	74.44	83.16	93.08	83.41	105.51	117.62	112.35	80.05	85.79	101.69	112.49	87.32	132.01
QG37_03598	109.76	132.62	54.56	75.82	107.00	101.22	105.90	104.30	115.79	83.96	86.29	88.65	87.53	123.70	109.85	99.29	109.99	140.40	137.32	93.15	113.03	116.19	111.02	102.03	105.71	133.25	86.85	114.98	90.85	27.13	59.49	99.33	108.79	97.13	91.84	80.97	93.06	134.82	86.48	119.31	139.83	143.62	79.94	73.97	105.04	102.41	92.05	117.80
QG37_03599	102.84	112.49	60.40	73.11	97.60	95.73	96.58	100.85	111.73	89.26	70.65	82.37	87.44	92.34	86.14	105.33	112.83	135.15	124.43	100.56	103.31	108.49	120.19	102.19	98.95	118.74	85.25	105.22	82.71	24.19	60.28	94.80	111.35	108.21	99.26	82.66	106.82	100.83	82.28	119.68	123.19	120.63	92.07	87.29	104.69	114.12	89.27	124.66
QG37_03600	106.29	111.65	84.07	73.80	112.67	103.96	104.78	111.26	126.39	92.02	73.08	78.08	83.69	97.09	100.50	115.19	140.44	142.96	114.71	107.96	113.96	127.43	107.46	100.11	115.48	136.26	81.22	119.68	69.39	12.38	52.04	107.01	128.13	104.48	100.05	89.60	91.48	113.80	89.49	119.76	123.73	147.13	104.37	75.57	101.83	95.84	91.49	123.77
QG37_03601	99.18	100.12	62.22	62.11	97.38	97.88	102.09	103.71	117.13	90.18	82.24	76.95	83.70	93.74	88.98	113.44	126.61	136.51	118.00	102.95	107.71	113.18	118.45	98.14	107.13	112.46	85.64	97.55	77.37	26.53	63.75	100.09	104.44	102.95	101.28	85.41	89.40	97.51	89.46	108.76	121.87	112.76	84.50	90.03	100.23	102.96	88.77	127.03
QG37_03602	100.71	121.09	60.08	71.81	111.33	104.53	114.12	98.66	107.87	90.27	89.03	97.50	84.66	98.64	110.86	109.71	137.55	143.88	136.92	110.09	106.39	122.11	116.97	110.86	111.78	123.30	101.96	119.29	93.84	28.28	76.82	124.31	124.74	116.16	108.98	91.53	102.36	119.23	78.80	125.93	135.55	126.35	87.44	91.35	110.29	100.84	110.44	141.68
QG37_03603	107.41	147.92	79.86	90.67	142.32	119.87	125.81	92.95	105.41	109.53	97.00	103.68	95.61	121.33	130.72	104.58	147.81	144.52	149.74	121.59	112.39	125.01	136.36	135.24	136.97	134.20	111.69	126.38	96.75	22.90	67.93	107.80	171.40	129.15	115.20	97.27	129.55	120.42	97.78	145.16	138.06	154.74	104.30	103.50	124.77	105.59	101.96	150.98
QG37_03604	122.52	100.43	57.42	76.49	103.31	95.66	100.90	91.93	107.70	88.30	74.61	79.15	66.78	94.07	95.66	104.24	145.67	139.21	121.12	111.90	103.63	113.91	147.02	106.81	121.37	141.73	92.86	127.29	107.89	22.54	73.36	107.92	121.59	107.99	117.56	107.00	97.40	99.86	89.14	121.02	137.80	119.86	75.88	73.59	96.35	92.57	85.44	117.08
QG37_03605	99.88	117.02	61.71	81.01	103.54	111.79	79.93	100.11	105.90	94.56	78.23	99.21	72.46	85.87	80.97	121.32	137.91	149.96	143.87	107.28	112.38	102.78	146.32	115.66	124.97	134.18	96.45	106.27	102.15	27.67	66.00	105.57	105.48	115.96	105.65	92.41	98.81	102.04	95.09	101.88	136.60	125.94	70.51	76.08	102.39	95.57	77.89	127.28
QG37_03606	114.44	127.74	60.62	75.45	107.10	97.79	98.41	106.58	118.19	88.18	82.84	90.84	70.43	102.33	77.06	125.96	124.47	158.19	140.56	93.73	124.47	111.05	130.76	116.21	112.72	128.24	101.30	111.95	105.35	26.10	74.70	92.80	116.64	120.38	114.07	81.43	99.17	105.79	89.72	112.28	129.86	106.69	88.67	85.46	99.67	88.88	94.67	132.91
QG37_03607	96.83	121.52	58.77	67.53	99.76	100.35	106.65	114.72	106.32	78.97	96.20	89.61	83.40	105.94	90.71	123.53	128.77	156.27	132.59	92.66	128.12	119.34	141.31	91.93	111.05	123.52	91.65	128.13	93.22	35.06	49.81	96.41	131.18	116.44	118.09	92.54	103.14	107.57	74.31	130.56	120.04	118.43	83.85	81.15	103.84	106.64	124.18	173.40
QG37_03608	120.64	98.60	66.10	54.41	103.15	102.75	100.28	105.67	112.27	89.92	88.24	86.72	80.19	98.44	99.52	105.47	121.67	130.86	112.26	98.12	97.54	88.42	121.24	88.95	106.75	142.10	91.56	118.91	87.32	20.73	69.54	123.76	120.33	106.30	106.53	81.76	101.79	112.79	90.85	111.85	127.30	112.49	91.84	83.55	101.11	108.78	83.03	129.81
QG37_03609	100.50	105.88	58.74	61.76	93.03	91.10	94.90	103.87	122.96	94.90	78.52	81.48	90.01	94.91	90.86	103.68	118.88	141.08	123.03	98.73	106.30	109.87	119.23	100.14	109.77	117.18	93.27	111.83	85.09	22.54	62.69	114.46	112.99	105.23	98.85	83.88	100.26	101.84	82.80	112.43	111.00	111.20	81.52	76.67	96.66	98.38	88.00	127.33
QG37_03610	128.03	148.24	74.81	86.04	108.28	103.20	113.56	105.52	136.49	114.92	84.70	96.56	90.58	104.23	115.07	114.39	160.85	143.00	138.21	115.94	128.12	117.47	115.09	105.93	146.03	179.59	103.94	142.82	119.96	32.27	97.04	140.37	128.68	124.30	104.92	79.66	115.48	110.61	112.98	125.92	120.93	130.20	104.12	79.64	89.94	109.95	113.85	144.13
QG37_03611	101.50	106.58	52.25	65.56	94.39	97.69	101.29	95.60	114.07	78.65	65.50	70.49	86.82	86.86	93.40	106.83	122.89	131.13	112.70	91.07	107.39	98.55	107.91	86.94	111.40	121.79	73.68	87.29	83.10	38.10	74.57	100.72	109.31	103.13	94.85	79.85	80.15	99.31	72.52	102.36	111.76	95.55	78.81	67.12	93.49	105.52	82.05	141.23
QG37_03612	130.47	107.74	57.99	60.92	95.94	104.59	108.54	105.99	115.80	76.71	76.29	78.70	88.94	97.00	85.33	109.00	109.63	123.89	122.30	87.00	90.71	101.41	110.30	64.79	123.46	126.12	95.05	117.28	91.97	22.80	66.55	100.00	123.18	107.52	109.13	75.42	77.77	111.21	89.17	114.28	117.74	97.11	82.76	78.41	102.14	109.92	99.03	127.80
QG37_03613	109.42	108.74	53.27	62.72	106.86	95.14	97.83	94.92	114.16	94.35	94.61	85.89	93.50	101.81	102.44	93.34	139.24	140.11	117.12	113.29	129.00	121.26	116.13	107.38	114.50	123.47	77.73	121.96	73.02	19.87	57.42	114.00	115.67	109.29	101.70	102.81	102.37	107.66	75.56	118.93	106.44	99.60	97.46	79.46	109.99	102.18	92.07	129.25
QG37_03614	92.33	101.44	48.35	60.84	87.00	97.50	96.59	83.68	99.12	80.31	87.18	84.79	87.84	98.14	95.71	103.15	132.77	145.86	120.24	101.56	112.62	119.74	111.91	106.31	97.05	120.03	88.96	110.56	76.72	24.44	51.01	112.50	110.48	108.47	88.18	100.19	79.44	92.83	78.63	108.53	110.01	111.76	90.23	72.86	107.27	103.00	76.02	124.94
QG37_03615	95.04	98.20	53.63	60.70	92.95	87.99	94.42	93.32	101.15	83.69	66.49	78.77	80.11	93.28	88.63	101.28	117.61	128.49	108.30	92.41	100.26	101.80	108.20	84.32	105.74	117.10	83.05	108.50	73.64	26.95	57.46	93.45	105.53	99.58	95.66	72.14	83.93	93.66	69.11	107.75	111.25	107.46	78.15	77.22	93.00	93.90	72.92	121.48
QG37_03616	126.18	116.77	52.70	60.02	103.34	122.64	111.26	90.95	117.52	91.26	90.97	85.45	91.70	112.45	90.25	97.94	130.04	151.45	124.70	118.95	107.83	114.33	129.03	96.74	117.74	123.98	98.31	110.57	90.87	19.79	60.53	117.54	108.76	103.47	101.32	77.39	102.21	110.15	79.84	128.04	129.37	136.81	96.38	81.52	105.55	108.17	92.31	127.30
QG37_03617	109.83	103.99	57.31	62.86	92.61	97.85	92.10	98.07	105.68	82.47	77.08	74.36	75.46	93.76	84.02	101.30	113.59	135.03	118.73	92.47	97.77	98.20	109.31	85.80	107.77	106.22	75.67	103.83	73.43	22.27	55.94	93.28	97.89	96.57	93.66	70.50	86.51	89.26	70.05	97.61	108.82	98.29	77.54	79.21	92.42	101.28	82.42	101.69
QG37_03618	119.31	113.54	67.67	67.60	97.46	97.60	108.83	100.78	107.12	97.59	78.90	88.89	92.73	95.91	94.72	98.93	120.13	130.67	129.18	105.48	111.75	120.86	118.54	93.64	104.72	132.64	92.16	103.85	93.14	26.96	64.01	114.85	116.24	109.66	102.56	83.15	93.79	98.97	89.81	104.50	132.16	105.99	89.20	83.78	96.84	102.81	87.07	125.53
QG37_03619	103.21	96.28	58.73	64.83	88.04	91.13	88.25	96.78	96.23	78.23	77.24	76.02	87.84	93.62	91.88	86.06	117.90	109.15	115.86	96.23	103.28	104.74	112.21	75.49	87.26	112.06	76.76	108.41	80.01	28.13	48.28	101.76	94.53	81.04	91.36	76.73	79.26	88.77	87.97	98.38	114.37	99.97	81.87	77.40	79.87	96.61	63.20	105.21
QG37_03620	92.42	87.25	53.31	50.18	86.78	75.51	78.33	80.55	82.06	71.08	70.61	64.69	65.29	75.89	65.83	85.22	91.45	96.37	95.29	70.32	88.53	85.33	87.10	68.42	85.06	92.48	69.78	78.53	70.81	21.35	44.42	76.60	80.75	68.87	75.44	61.10	68.13	64.82	59.47	87.74	91.36	77.43	63.44	73.24	72.63	79.89	61.37	91.25
QG37_03621	124.29	131.46	66.45	77.04	103.48	130.60	115.19	125.47	123.84	100.96	85.24	76.88	102.39	102.47	76.61	137.05	147.05	156.23	119.80	116.80	111.78	126.26	136.56	90.82	117.53	124.15	100.48	102.03	88.08	35.45	85.64	121.92	138.75	113.54	100.49	91.74	85.98	130.84	76.64	108.12	147.16	113.47	81.43	74.25	92.66	98.21	87.55	131.65
QG37_03622	171.15	161.36	84.27	81.52	138.16	123.85	142.39	137.87	144.74	121.97	114.23	127.39	125.67	107.84	111.31	132.96	183.58	185.39	176.89	146.30	126.66	165.66	158.41	135.81	143.22	168.12	101.03	142.37	121.46	35.07	84.72	148.10	131.91	121.55	121.00	98.95	130.30	128.48	107.23	129.34	167.03	127.43	85.37	88.32	122.34	121.87	107.44	128.15
QG37_03623	99.71	69.38	37.85	40.59	66.84	55.52	59.47	48.94	63.57	47.47	46.56	46.86	53.45	51.15	56.52	82.79	67.18	70.88	77.24	63.28	65.31	56.19	56.83	57.83	71.53	69.92	54.40	69.16	38.57	15.69	46.78	64.81	108.54	67.63	60.24	53.53	65.59	48.22	50.11	56.02	67.38	64.43	52.06	59.44	81.86	75.06	72.89	108.11
QG37_03626	70.17	86.57	44.96	42.52	79.78	62.53	58.92	68.21	62.18	58.17	56.93	63.03	45.70	55.12	53.92	70.64	92.17	84.36	85.17	70.58	62.98	67.17	87.58	64.47	69.70	89.20	62.16	74.09	62.89	14.33	47.63	64.17	74.96	95.86	81.43	74.00	89.44	81.82	79.24	102.72	104.34	82.80	50.73	79.00	106.02	113.07	81.20	136.62
QG37_03627	126.79	119.33	65.05	70.17	92.59	100.52	98.61	99.26	113.11	103.27	78.83	80.68	93.12	93.50	93.86	103.22	125.22	123.95	120.07	96.22	103.54	110.16	110.19	95.05	100.68	127.29	85.58	102.67	81.07	24.82	66.01	94.93	121.76	111.81	87.63	80.42	90.25	98.82	92.57	106.59	125.96	110.28	85.21	78.53	100.73	103.28	84.61	120.81
QG37_03628	102.48	103.70	68.12	65.98	85.81	106.62	105.60	101.01	94.03	89.78	73.20	75.95	86.13	87.12	92.44	104.44	124.22	130.53	125.15	103.90	101.45	102.32	117.25	90.61	103.15	117.21	84.60	102.54	71.32	28.52	54.65	100.48	109.07	104.63	90.35	80.27	91.60	87.28	71.50	111.66	115.42	108.05	82.27	76.41	90.14	96.75	77.16	122.06
QG37_03629	44.99	78.26	28.15	30.87	54.53	67.69	61.85	58.82	68.39	64.17	53.64	58.84	63.06	60.08	47.36	51.83	80.61	75.77	67.30	59.81	56.17	62.68	73.33	62.76	62.61	73.32	48.16	64.91	54.30	12.88	36.82	58.09	66.15	72.18	55.81	48.43	64.64	80.05	44.00	70.23	75.10	75.10	49.96	39.93	60.50	66.32	47.65	74.56
QG37_03630	111.13	112.34	65.87	55.71	95.60	101.99	95.44	99.41	110.56	93.79	77.83	85.47	93.03	101.37	81.61	94.72	127.08	125.28	104.19	104.03	101.77	101.65	107.84	80.45	105.17	124.99	88.18	101.51	74.49	24.23	59.87	81.89	109.54	106.50	93.88	86.26	82.07	102.75	76.95	103.64	120.34	112.65	74.54	78.67	99.27	101.84	87.40	121.97
QG37_03631	128.72	129.55	66.37	73.46	129.78	119.80	120.19	112.87	131.17	106.31	98.31	92.74	94.51	116.33	115.52	128.11	158.51	135.88	139.09	107.00	105.92	122.44	130.14	95.87	111.65	132.86	98.55	128.20	112.77	31.92	62.91	98.22	122.21	112.26	105.25	90.50	107.06	104.20	90.68	117.08	144.06	104.79	74.83	79.27	95.91	125.15	92.08	128.59
QG37_03632	142.48	153.89	71.77	81.09	124.95	124.90	140.43	135.55	163.04	123.44	93.64	125.26	107.98	98.16	96.84	140.99	163.31	156.85	169.74	141.17	115.58	151.38	148.08	112.59	140.27	168.31	90.37	155.64	120.68	21.29	71.98	145.40	140.03	124.89	106.94	99.24	123.99	131.69	97.12	137.40	138.38	153.13	97.92	102.41	137.74	121.73	107.74	133.69
QG37_03633	124.83	122.00	67.53	74.75	114.14	120.32	120.73	121.46	116.36	108.95	86.13	100.82	99.88	101.69	99.36	115.20	140.06	142.38	144.77	123.00	119.88	121.42	130.19	111.46	133.28	153.36	100.60	135.10	111.27	27.56	78.07	130.46	134.27	123.48	113.74	93.79	99.41	118.33	93.87	122.85	137.44	122.82	80.33	102.25	106.57	113.34	103.94	127.09
QG37_03634	138.34	117.64	73.85	67.50	115.94	128.60	128.53	109.58	137.82	111.56	87.02	96.43	97.75	107.16	93.27	105.49	152.27	140.47	127.72	113.80	111.77	117.48	124.32	106.01	121.33	128.15	92.68	119.34	100.61	26.58	71.52	119.13	127.49	110.04	109.66	84.00	95.04	97.79	95.19	119.21	130.81	120.26	84.74	88.64	105.49	106.34	88.72	150.34
QG37_03635	127.56	121.95	76.82	71.20	108.40	112.52	114.95	101.42	115.20	111.85	87.98	92.63	97.07	98.88	92.85	111.81	130.37	145.60	128.57	106.75	107.80	111.87	121.95	105.38	111.21	136.72	101.13	120.85	95.05	28.37	67.13	120.49	121.40	113.26	110.56	90.99	102.18	102.76	89.22	111.40	125.95	109.49	83.92	84.84	108.04	109.44	97.15	124.29
QG37_03636	118.99	123.41	62.83	60.48	104.16	102.48	94.82	100.07	106.01	84.39	85.66	79.42	79.44	95.52	90.36	107.75	134.19	139.53	125.04	100.43	94.14	121.42	115.57	98.44	105.91	117.98	92.85	118.58	84.75	25.65	69.39	113.85	120.41	109.01	108.70	81.35	86.22	106.17	78.62	99.71	135.51	119.49	88.93	89.57	98.19	111.78	107.76	118.60
QG37_03637	114.80	111.39	79.56	78.74	114.94	115.63	96.03	139.26	129.41	121.47	81.86	109.19	96.80	119.90	110.17	120.19	134.14	138.06	132.03	109.05	124.05	125.93	135.08	102.94	110.34	128.75	100.95	121.22	94.75	19.87	72.86	140.51	139.41	125.73	111.49	113.40	117.72	135.63	86.47	148.86	131.33	148.29	81.33	90.54	119.78	114.89	99.92	164.05
QG37_03638	126.77	114.33	63.68	74.43	107.65	92.42	92.13	103.06	122.30	96.31	84.98	94.08	94.63	106.74	107.87	116.56	128.65	155.88	130.18	96.69	111.21	131.50	120.58	99.18	100.14	149.63	86.94	107.68	92.76	23.35	73.91	116.21	146.89	108.23	91.66	81.77	88.66	107.41	97.40	109.56	118.77	132.84	82.95	99.59	121.86	111.69	121.06	147.20
QG37_03639	101.34	99.58	61.02	64.98	93.47	93.31	90.91	89.10	106.28	77.85	80.74	85.26	87.29	101.35	92.40	97.06	117.33	128.83	119.98	103.19	107.66	93.96	108.18	93.50	102.29	107.77	82.49	112.07	84.03	22.73	57.24	99.72	111.19	93.66	103.37	81.73	94.91	96.76	69.36	100.18	113.92	108.29	83.40	83.24	101.07	112.61	99.11	119.67
QG37_03640	106.64	126.10	61.76	63.14	92.83	104.75	107.07	102.43	113.43	95.75	79.13	91.92	83.88	106.65	91.80	105.44	133.16	143.51	107.63	91.55	111.74	106.58	118.00	90.97	109.96	139.38	80.31	122.64	86.86	26.10	55.99	92.72	77.12	102.29	106.35	84.36	88.62	107.80	93.98	119.89	126.06	118.80	85.75	87.33	108.80	109.39	85.02	152.81
QG37_03641	105.06	85.44	54.70	54.16	83.02	73.27	87.62	83.18	106.14	95.11	68.69	81.59	65.82	100.25	66.58	91.19	126.31	137.98	115.39	88.27	86.80	116.07	125.33	84.67	116.74	109.70	88.76	101.22	71.12	22.14	59.40	104.97	120.24	110.61	106.67	71.97	93.67	107.48	78.39	96.18	132.09	99.87	82.48	70.67	88.01	104.50	82.78	119.22
QG37_03642	116.55	106.94	64.76	59.99	91.45	96.74	100.13	96.26	113.97	99.62	73.62	81.74	71.33	94.04	90.76	102.80	110.73	157.50	118.89	96.67	109.88	106.63	124.47	88.84	115.41	118.52	80.31	113.45	88.86	29.40	62.93	104.88	111.24	106.79	93.27	83.05	94.53	101.73	91.44	104.85	116.79	114.57	90.91	93.24	96.75	115.38	101.36	114.35
QG37_03643	109.19	105.21	64.80	65.83	87.72	92.33	107.92	79.89	132.92	83.54	83.35	97.09	86.21	88.47	103.79	121.75	150.28	161.42	136.96	115.42	114.40	112.85	141.51	108.11	134.75	134.75	104.42	136.06	98.40	29.91	68.86	108.90	153.15	125.44	98.91	87.99	101.91	127.51	83.98	140.61	129.80	109.24	105.59	93.41	127.05	112.70	109.15	172.39
QG37_03644	113.26	142.95	80.57	68.79	122.05	122.88	107.89	81.04	128.82	96.84	81.45	105.38	99.46	98.99	111.99	114.88	139.62	176.63	158.32	111.87	133.00	134.50	133.11	130.90	125.29	183.60	118.48	144.41	113.87	31.40	69.91	134.15	142.14	123.07	111.26	108.62	123.32	147.89	99.47	150.74	142.91	123.09	120.09	81.46	124.91	114.76	104.96	148.09
QG37_03645	98.62	101.42	60.18	65.30	88.36	96.44	97.52	101.08	108.82	99.06	72.63	79.06	96.95	90.32	98.77	105.93	120.49	129.20	119.97	99.23	106.58	108.19	116.81	88.46	120.31	111.69	89.61	104.34	82.37	30.90	63.82	105.53	117.57	105.74	105.91	90.18	92.43	95.35	87.67	113.29	122.77	110.60	94.69	83.81	100.87	109.81	99.85	126.54
QG37_03646	128.53	107.54	68.31	77.51	103.81	104.15	115.59	121.88	144.35	109.67	78.67	102.07	93.17	127.32	103.03	116.08	152.89	156.72	134.96	121.41	113.78	113.93	124.23	103.18	109.66	126.97	100.83	117.75	118.06	31.08	68.29	117.45	129.24	113.92	122.79	88.31	105.06	125.15	84.40	108.96	115.72	126.07	93.60	91.99	117.67	104.68	101.00	128.67
QG37_03647	134.00	131.19	72.66	82.66	117.07	118.30	115.99	113.44	136.22	109.35	94.44	98.69	99.52	106.40	118.21	115.08	129.22	163.38	142.65	106.01	117.91	132.34	132.17	117.72	128.63	154.61	110.64	134.09	104.14	32.01	75.63	143.40	136.02	115.62	110.28	91.57	108.08	120.39	107.11	121.82	129.11	138.92	97.69	102.61	133.60	130.56	110.78	157.74
QG37_08421	117.64	146.16	72.05	89.73	112.42	118.63	112.78	96.11	128.92	127.32	95.77	98.55	102.26	97.21	121.30	112.53	126.37	167.08	145.33	127.03	110.33	119.47	122.49	111.74	130.59	170.36	114.45	146.16	100.51	38.97	65.36	110.52	138.41	120.48	108.42	87.03	109.86	132.49	104.15	129.05	132.41	144.32	85.79	67.64	137.60	125.89	111.53	165.86
QG37_03648	110.20	114.91	57.16	63.70	85.08	93.44	77.94	110.10	115.84	98.92	87.23	86.25	85.45	90.09	86.47	102.22	129.44	107.83	125.63	100.87	94.68	114.04	106.93	96.31	118.90	131.22	89.94	123.70	81.45	24.80	74.36	98.93	121.11	89.34	106.91	65.70	104.49	104.50	93.34	121.89	118.79	119.44	75.38	77.53	117.22	103.08	81.10	112.94
QG37_03649	110.48	96.91	62.71	61.07	95.28	99.17	94.99	92.30	100.09	90.52	74.60	81.96	92.53	87.34	91.17	99.94	111.05	147.71	112.19	90.27	104.91	107.22	109.29	89.48	98.79	124.31	85.29	103.56	78.56	22.31	63.89	95.71	105.09	97.42	99.62	79.66	92.46	106.53	79.30	109.55	123.61	104.77	89.59	79.18	94.42	103.16	82.36	117.36
QG37_03650	112.66	109.85	59.95	74.43	92.04	102.81	99.64	100.60	125.31	90.64	84.09	89.30	84.41	84.50	90.20	111.37	137.60	145.76	132.06	99.19	103.45	113.97	121.93	100.68	120.15	131.82	99.42	112.07	100.09	18.29	78.96	113.25	123.95	107.26	110.15	78.28	96.98	110.64	94.89	117.18	149.88	134.45	88.23	91.61	94.22	102.75	72.93	128.19
QG37_03651	109.75	97.33	55.42	59.90	86.62	96.18	85.51	102.59	107.49	95.05	76.18	78.27	88.42	89.91	78.69	82.36	140.06	127.44	119.48	89.20	111.71	81.44	105.73	93.25	121.82	118.39	79.72	113.27	93.03	18.12	54.25	126.92	117.67	111.49	103.23	89.39	93.42	104.38	69.94	111.81	151.37	114.46	80.93	71.34	78.42	91.90	81.35	110.49
QG37_03652	107.78	119.46	63.68	72.86	93.07	107.18	99.60	106.31	111.48	89.16	78.08	79.24	88.63	96.90	100.71	106.99	124.66	124.61	122.15	101.92	105.78	99.80	115.94	95.50	107.08	132.08	92.18	113.24	96.81	28.94	66.20	109.07	117.43	106.35	90.59	86.13	82.15	99.30	89.64	109.98	121.29	107.37	78.99	83.86	96.90	104.98	88.03	116.14
QG37_03653	103.97	104.85	65.93	62.52	91.85	90.07	102.10	95.19	110.16	90.02	86.80	79.84	85.31	87.89	93.17	94.00	114.72	118.66	114.02	100.91	100.02	99.41	113.08	85.09	101.73	115.40	86.19	105.30	88.62	24.91	64.33	100.74	110.89	98.77	97.33	84.36	98.86	100.07	74.26	101.23	111.12	100.74	75.73	74.39	96.50	89.08	78.58	108.73
QG37_03654	140.90	163.44	94.24	79.68	155.51	152.15	158.82	151.82	128.33	133.70	124.33	119.85	123.64	113.05	126.28	123.38	191.01	174.72	166.12	134.52	153.12	144.72	152.17	140.07	156.29	182.73	127.13	152.87	132.45	34.80	90.27	166.90	159.71	137.69	138.44	114.19	115.06	138.98	104.27	134.74	149.45	148.79	106.23	116.65	135.60	132.13	128.20	176.68
QG37_03655	138.31	143.07	71.13	75.39	113.04	112.74	108.51	124.17	125.28	109.11	106.62	95.53	98.32	119.30	97.43	107.91	140.11	149.27	134.17	112.03	111.64	109.74	111.60	104.31	113.38	140.38	95.50	133.54	111.19	26.16	70.39	113.30	126.18	107.57	110.97	85.21	97.26	116.80	91.23	120.29	141.34	124.30	98.74	86.13	112.71	115.93	91.71	134.52
QG37_03656	115.43	121.52	65.04	65.44	107.76	121.41	103.89	110.99	137.61	100.57	96.87	105.15	109.98	111.02	92.57	112.35	134.48	124.08	124.16	97.40	93.81	105.79	101.63	90.90	141.45	142.41	95.65	134.78	99.33	31.84	63.56	125.93	124.15	105.05	109.85	78.15	111.59	113.62	94.05	102.60	112.54	118.51	75.08	86.18	111.21	93.53	79.56	144.30
QG37_03657	111.44	103.11	65.83	54.94	99.12	102.14	92.43	95.11	102.96	89.54	78.29	82.84	77.54	88.40	83.02	87.43	134.82	113.54	105.17	98.56	91.11	99.72	103.83	83.74	99.27	109.41	77.90	99.68	75.93	29.00	56.68	104.19	108.95	80.46	82.89	63.36	80.52	83.40	70.83	106.88	102.74	88.48	82.07	69.80	100.14	99.64	80.50	120.71
QG37_03658	22.54	64.98	40.96	32.51	51.92	61.24	57.88	65.41	70.17	58.56	44.77	42.53	43.44	68.05	43.01	51.92	61.14	64.39	63.88	48.79	48.16	52.41	65.37	43.45	54.19	69.53	57.61	58.24	43.02	16.69	27.54	55.15	61.32	64.28	53.37	32.31	48.70	43.45	45.63	55.98	59.68	48.87	37.38	45.15	59.69	57.27	46.56	74.63
QG37_03659	113.43	87.64	55.96	61.48	90.24	95.52	102.19	95.65	84.45	83.69	61.80	75.48	69.42	89.40	85.64	82.68	94.15	116.87	101.61	102.21	72.36	89.75	98.24	82.98	78.74	110.93	86.30	88.44	63.90	13.74	50.37	78.98	96.19	92.83	72.61	68.51	74.96	69.93	71.92	101.29	96.37	98.95	65.95	74.56	80.83	91.26	84.94	101.82
QG37_03660	128.10	118.11	70.57	74.64	111.99	106.08	111.37	113.86	120.67	101.99	89.81	91.49	102.36	93.24	92.95	112.06	135.09	145.20	139.23	123.95	103.39	113.20	132.13	97.25	122.10	132.70	93.48	120.00	96.42	29.55	64.10	119.01	124.42	112.01	104.16	86.20	105.85	101.98	85.15	106.31	124.20	119.33	91.26	87.55	105.13	105.60	84.94	124.61
QG37_03661	95.86	111.93	63.63	57.78	90.56	81.42	103.12	92.37	119.83	80.70	83.96	94.91	79.08	79.44	99.37	99.54	114.91	128.31	107.86	85.31	92.85	115.48	113.15	90.65	107.65	119.19	82.67	106.41	91.86	28.18	58.75	89.33	98.53	80.20	81.84	55.94	74.19	61.92	58.01	84.22	97.75	77.60	70.63	54.82	81.87	71.37	58.85	86.77
QG37_03664	141.18	126.08	82.79	63.74	115.71	109.98	119.56	114.37	132.97	123.57	86.05	100.33	112.76	102.58	114.16	111.00	146.97	163.40	141.23	123.15	117.89	102.56	115.45	95.51	130.92	145.84	86.91	136.29	99.26	25.18	72.02	96.61	118.06	113.53	110.03	97.45	96.85	97.90	101.78	129.42	141.06	117.07	89.69	90.89	123.55	104.05	100.91	151.71
QG37_03667	126.67	121.92	74.05	62.57	115.28	92.51	120.33	107.40	116.84	86.79	90.25	95.72	108.49	108.37	94.33	121.99	124.95	140.74	111.64	98.40	121.46	103.69	134.59	89.69	110.37	120.25	78.38	109.90	84.17	22.26	70.72	107.73	137.40	109.95	94.64	87.44	93.47	114.58	91.59	122.57	128.39	109.69	82.43	91.21	117.58	99.26	84.56	132.61
QG37_03668	119.11	117.24	49.70	63.93	89.67	99.84	94.37	85.83	103.08	73.41	86.27	97.97	94.96	100.86	107.36	122.19	127.40	129.13	113.10	102.62	101.13	90.22	105.49	74.62	119.62	108.43	75.20	104.73	91.34	35.89	66.59	105.79	101.12	111.56	112.80	89.70	113.41	112.84	90.90	104.63	117.61	104.64	69.27	67.76	85.33	102.69	73.26	90.94
QG37_03669	97.18	88.33	49.96	63.42	80.78	93.47	87.96	82.17	90.97	82.42	83.27	77.50	77.78	89.61	87.75	107.92	119.11	117.26	114.45	87.75	93.59	92.32	102.27	89.81	94.98	109.88	77.08	102.39	76.90	23.27	51.12	95.37	106.58	93.38	84.65	71.14	84.55	99.83	82.64	83.45	91.12	99.19	67.03	63.53	88.98	100.41	79.34	98.87
QG37_03670	100.39	104.49	62.08	69.45	97.01	95.58	96.43	97.77	112.10	84.47	78.19	67.74	94.34	85.06	80.44	107.92	134.18	137.73	106.99	106.67	114.76	99.82	109.39	84.81	109.56	119.77	86.25	111.67	80.59	27.43	48.68	96.66	103.24	99.06	97.34	82.41	88.48	97.24	76.55	102.59	105.78	98.80	76.92	74.47	100.68	88.37	85.82	95.79
QG37_03671	105.86	79.44	51.73	37.10	73.29	60.01	76.69	64.60	77.85	57.65	56.37	64.96	68.02	64.10	51.68	59.43	86.19	79.53	83.24	76.19	67.43	73.70	64.81	51.45	76.45	74.15	64.77	78.33	57.60	18.42	31.87	73.27	80.22	63.79	56.10	43.31	66.00	58.04	43.39	76.00	84.57	88.65	62.39	39.88	73.76	60.37	49.85	77.37
QG37_03672	118.52	117.51	68.75	63.30	106.79	105.16	102.50	105.75	112.50	97.96	87.08	90.80	101.91	105.63	101.93	106.99	131.77	139.62	134.27	112.33	98.26	112.72	116.60	85.73	107.01	129.27	98.52	115.87	95.58	26.07	62.61	113.69	126.30	110.06	103.39	88.13	100.28	109.84	77.27	112.02	138.41	119.17	86.88	86.07	105.59	111.25	86.08	132.82
QG37_03675	125.91	134.72	81.00	71.44	123.47	125.98	123.13	113.73	125.18	118.94	98.94	104.31	113.89	117.47	117.99	117.12	155.15	157.72	148.08	124.19	140.68	134.90	136.34	119.07	127.79	148.99	111.86	132.78	111.46	32.69	79.45	131.58	142.99	123.64	106.65	88.78	105.40	110.47	96.41	118.08	142.94	134.60	99.81	97.96	127.37	122.75	121.76	162.51
QG37_03676	153.69	143.51	80.82	85.84	137.67	112.96	127.75	118.73	127.67	118.65	100.64	92.00	103.41	108.25	101.24	136.42	165.13	167.70	145.16	120.36	144.49	153.18	138.04	140.81	131.59	155.96	93.07	129.70	114.40	27.66	66.66	142.16	129.00	114.33	122.49	91.71	109.94	103.20	91.32	148.91	152.39	137.54	101.84	92.36	134.55	118.71	105.36	144.99
QG37_03677	133.47	130.92	75.58	78.83	118.84	113.52	112.89	122.10	128.44	126.79	89.77	100.99	105.97	102.45	101.29	119.64	149.93	159.26	148.24	120.24	130.66	127.74	123.57	110.16	119.83	152.41	92.27	129.86	97.80	28.18	63.40	120.93	125.58	102.14	116.57	94.25	88.86	115.28	80.77	123.20	135.86	126.66	95.91	98.21	115.30	119.27	106.16	143.27
QG37_03678	110.02	118.50	77.45	72.56	104.30	99.51	101.17	118.29	63.15	105.61	95.44	103.54	96.18	100.08	96.08	106.26	135.00	151.16	132.39	127.70	122.23	131.22	132.33	89.66	111.51	136.40	106.50	132.70	106.59	32.84	70.87	126.54	122.83	19.84	26.35	23.92	19.88	92.82	22.66	29.78	37.77	28.88	19.79	96.15	128.50	111.32	99.50	119.09
QG37_08422	120.14	148.12	78.58	67.04	99.61	93.82	114.61	97.60	98.33	108.76	100.85	118.85	110.61	103.28	102.07	115.58	128.71	140.29	137.68	123.82	125.35	119.51	139.33	110.22	127.57	154.89	104.33	137.82	109.75	98.92	123.76	135.33	152.32	68.00	66.14	71.33	76.56	124.15	62.56	89.28	107.49	89.94	71.88	75.90	112.49	115.97	94.08	121.94
QG37_03679	129.93	126.99	70.99	65.32	102.17	110.59	109.50	109.95	124.00	119.83	92.19	94.77	95.16	93.63	103.22	111.12	135.05	141.51	138.53	120.11	131.96	108.71	134.85	94.40	119.52	123.17	94.04	122.24	95.33	29.20	66.99	117.77	138.72	131.72	101.58	85.30	101.61	102.95	93.85	113.89	134.40	116.91	93.20	95.90	114.65	101.67	86.96	151.31
QG37_08423	124.73	159.85	76.75	80.31	115.17	113.28	142.99	131.14	156.01	145.28	105.28	103.41	92.24	96.63	121.77	115.14	162.30	183.83	133.69	149.52	130.55	139.25	130.45	119.52	144.41	159.82	96.23	155.01	135.46	22.23	68.89	139.75	158.94	133.14	111.03	104.23	116.65	142.46	104.54	131.56	135.49	130.93	116.62	91.13	138.28	123.39	99.46	172.04
QG37_03680	121.72	140.12	80.18	87.29	130.00	118.93	128.88	139.38	142.81	123.85	103.93	118.53	111.09	122.90	118.19	142.99	172.28	167.53	151.95	139.51	140.37	139.98	127.44	123.65	147.82	151.51	108.21	142.05	119.66	31.23	78.45	127.40	139.63	123.25	119.40	104.05	118.29	131.53	110.29	127.26	147.99	135.79	103.27	97.79	131.93	125.56	105.06	163.02
QG37_03681	123.83	108.86	74.55	69.25	108.69	112.52	93.84	115.94	112.50	109.53	94.80	83.05	99.21	103.24	102.82	135.68	123.05	157.61	136.82	103.72	110.26	116.95	126.79	98.41	125.56	163.81	92.18	134.00	88.33	35.98	75.06	137.16	128.82	119.68	114.75	89.39	96.74	100.32	93.94	136.41	148.49	133.22	106.39	97.36	106.62	108.45	102.10	119.05
QG37_03682	122.29	124.11	67.51	65.30	106.33	102.62	97.85	118.05	118.56	100.86	89.02	94.25	91.53	95.95	102.65	114.93	148.23	153.48	129.51	110.73	119.15	120.51	134.04	108.70	116.19	145.39	93.60	131.65	104.95	31.91	72.85	122.03	131.80	124.23	109.72	93.83	102.48	117.47	93.55	113.86	134.51	126.22	98.97	87.91	113.81	119.00	113.24	148.77
QG37_03683	127.89	144.83	82.87	69.75	121.46	119.50	121.76	123.30	127.30	115.42	84.18	81.25	99.98	106.52	103.04	111.74	164.57	173.83	129.12	120.27	123.72	132.02	142.33	119.21	132.97	149.89	119.69	135.96	101.92	33.50	72.17	136.73	124.42	116.62	108.11	95.98	98.59	115.20	92.37	122.38	153.92	129.29	105.83	84.56	122.95	125.65	103.34	145.18
QG37_03684	113.96	112.88	56.54	72.91	100.69	97.08	95.94	99.95	111.20	87.70	80.74	87.03	76.13	98.38	98.76	115.93	122.13	163.33	116.37	102.81	114.98	108.28	125.01	97.64	104.91	123.67	88.38	117.93	93.73	25.22	63.63	99.93	111.65	113.58	112.86	94.23	98.59	113.16	79.86	105.65	132.66	113.73	88.14	78.53	100.06	103.19	89.42	120.54
QG37_03685	101.10	91.70	59.66	46.24	79.50	83.59	81.04	72.73	77.59	62.09	80.81	57.03	69.33	68.64	72.25	91.96	108.12	97.59	110.30	82.18	87.33	85.23	88.13	64.68	96.89	111.98	63.88	84.83	70.85	24.25	53.20	81.64	77.03	69.43	86.73	63.81	69.92	99.88	65.92	92.83	96.98	98.65	66.17	36.27	56.32	51.93	47.04	66.69
QG37_03686	131.22	121.22	65.61	64.70	115.70	102.79	112.17	109.60	145.67	106.12	109.57	104.66	98.77	103.69	88.56	99.90	131.10	155.36	134.00	105.44	128.28	127.38	140.28	109.51	145.00	151.66	120.52	127.67	115.56	36.02	82.28	145.86	114.78	126.64	119.89	90.63	107.54	116.44	96.79	151.08	129.83	126.53	99.74	84.63	102.07	105.03	103.14	140.29
QG37_03687	114.53	109.44	63.22	73.28	98.83	103.18	103.71	104.22	103.63	102.39	85.74	75.52	90.64	87.58	99.02	113.39	134.18	140.95	113.44	105.31	111.63	106.42	120.36	86.25	113.07	117.46	89.80	116.71	79.84	29.35	67.61	109.61	121.00	110.45	99.98	82.66	92.50	94.39	86.76	110.28	127.74	109.34	85.58	87.23	99.43	103.73	88.03	131.21
QG37_03688	102.65	114.82	72.97	86.34	100.50	106.38	101.65	91.16	121.39	105.21	87.46	83.23	86.45	97.65	91.01	119.40	139.06	133.79	128.43	109.01	103.50	121.28	108.83	96.60	126.90	130.83	88.15	123.27	108.50	31.35	60.01	104.45	129.84	122.64	102.13	85.24	99.45	115.04	88.71	111.58	129.87	111.16	89.91	80.95	102.93	114.25	82.44	136.42
QG37_03689	133.09	129.88	75.99	73.80	115.58	120.74	118.74	130.17	132.36	117.17	99.89	100.22	111.87	106.98	98.54	120.82	140.25	152.67	138.61	128.13	117.56	120.99	131.67	106.17	120.75	153.20	100.20	137.58	106.07	27.77	76.63	126.34	135.82	120.91	109.27	96.85	112.43	113.86	97.02	127.05	139.17	126.26	101.36	93.63	117.22	118.43	105.45	140.03
QG37_03690	117.65	115.49	66.84	66.22	111.28	111.84	114.39	113.11	117.75	97.44	92.62	84.26	107.72	105.54	95.17	109.72	131.65	135.91	127.60	111.06	112.69	112.66	127.40	92.28	114.64	137.51	96.84	125.50	91.25	26.83	70.14	113.66	125.98	110.36	99.65	82.05	97.59	101.69	86.27	115.57	131.26	116.37	92.32	85.42	108.91	108.71	91.12	129.99
QG37_03691	121.66	119.00	64.32	72.17	109.25	106.09	110.54	113.46	111.19	93.01	91.52	86.12	91.70	97.99	86.69	104.88	143.52	147.46	127.83	118.33	113.58	111.14	120.69	90.91	111.11	145.45	91.71	124.45	99.25	27.72	65.26	112.04	132.74	102.18	101.35	79.05	108.79	103.22	89.33	118.31	135.64	123.04	87.56	85.03	100.89	106.91	99.70	120.30
QG37_03692	119.15	111.87	66.28	68.05	100.56	106.78	104.16	116.64	108.63	84.66	88.81	68.67	96.42	103.10	100.26	116.07	127.41	136.28	128.13	112.73	101.17	105.69	121.08	90.08	110.46	124.47	88.25	124.57	95.45	22.63	62.09	108.82	122.84	106.73	108.57	79.69	111.32	96.93	90.98	107.67	135.96	109.08	73.12	84.30	102.41	101.46	94.38	125.79
QG37_03693	134.38	132.94	73.18	79.10	118.34	114.97	123.55	124.38	129.88	121.76	100.52	96.35	102.80	103.58	117.90	119.30	141.93	158.99	147.42	136.75	133.82	126.64	127.97	104.72	148.16	154.90	108.63	141.87	119.64	30.42	81.79	140.07	132.89	117.91	112.14	98.53	113.58	115.93	107.75	125.26	158.80	124.22	99.87	94.91	104.95	100.82	111.50	156.94
QG37_03694	131.98	127.20	79.80	82.37	128.67	118.84	121.00	122.55	140.77	116.06	93.67	103.10	102.11	105.96	110.17	121.65	153.02	163.97	144.55	131.34	123.89	129.60	132.02	110.62	132.00	150.29	105.76	138.57	119.83	28.05	79.30	130.96	137.49	124.47	112.61	99.26	107.72	109.59	93.74	123.39	145.66	132.17	94.45	96.28	122.62	116.69	106.83	148.16
QG37_03695	122.48	127.76	86.43	73.62	103.81	105.80	114.52	111.83	115.42	95.19	85.63	91.86	95.22	97.80	91.48	85.13	146.89	157.06	137.95	113.99	118.77	106.76	141.39	95.70	128.31	145.38	89.22	96.41	112.94	27.57	85.43	121.24	121.61	115.77	106.67	92.34	93.42	111.82	97.52	130.98	140.09	119.17	86.57	99.05	115.29	127.49	86.95	123.33
QG37_03696	108.05	116.45	71.27	71.68	89.88	101.76	104.95	105.32	106.64	90.88	79.09	81.40	91.30	89.43	87.02	105.14	128.37	137.05	121.82	101.30	125.57	100.64	124.79	98.86	112.32	133.17	91.73	111.77	94.63	29.31	69.98	102.08	121.92	100.98	99.12	98.25	113.26	102.97	87.40	107.57	124.48	122.24	83.27	89.20	100.62	114.93	86.12	121.15
QG37_03697	99.80	107.53	60.45	59.61	90.95	97.03	91.57	96.75	107.04	80.88	69.35	86.70	83.08	74.06	85.26	93.01	134.15	133.93	108.25	97.54	113.14	101.20	111.09	90.00	112.70	119.46	96.48	96.08	87.60	22.94	50.13	89.15	108.02	84.97	86.62	65.03	80.59	89.38	79.32	98.90	109.32	107.33	76.10	78.76	101.66	95.46	79.48	120.09
QG37_03698	117.64	126.65	67.50	72.91	113.08	104.09	115.54	106.30	121.61	108.49	86.66	94.31	101.43	101.70	106.21	113.44	135.64	161.83	136.10	100.68	124.65	115.64	135.66	100.67	122.18	142.41	100.58	122.39	100.71	27.49	70.70	113.32	130.07	112.42	100.99	92.17	110.23	113.34	88.94	116.64	143.29	123.63	100.55	95.14	110.90	115.41	104.12	149.23
QG37_03699	101.41	100.62	65.49	78.93	95.70	109.24	103.46	97.23	103.65	82.44	82.95	91.90	93.34	85.36	84.59	118.84	131.33	142.95	105.86	103.30	106.39	124.04	118.46	107.93	106.35	108.04	86.99	112.80	97.15	25.05	69.29	112.56	117.66	115.04	111.44	82.65	105.75	110.49	82.50	102.01	117.18	99.31	85.23	78.86	96.28	91.73	79.57	121.39
QG37_03700	102.67	130.14	57.63	71.01	114.33	98.25	91.06	122.11	123.66	100.56	78.32	88.23	94.06	107.74	80.89	101.44	115.34	123.85	112.88	92.15	108.49	94.67	108.84	100.10	120.50	133.01	83.42	123.01	90.76	22.33	57.10	130.54	133.31	97.10	95.36	75.31	101.91	89.05	79.41	102.91	114.95	107.41	85.66	89.56	95.41	106.91	91.14	128.08
QG37_03701	106.49	111.91	61.49	58.28	99.14	106.02	91.32	105.44	103.61	101.95	74.03	79.04	89.09	91.03	95.25	103.59	118.04	134.28	113.89	94.98	99.12	103.66	100.15	89.63	107.05	115.06	78.80	116.00	92.31	24.04	63.02	109.90	114.27	107.62	98.83	77.56	96.58	91.99	75.13	116.53	123.56	109.25	83.49	77.22	82.87	93.05	75.45	108.68
QG37_03702	82.35	93.36	48.83	58.75	67.60	69.49	94.25	84.03	86.78	74.58	60.95	63.29	64.52	76.98	63.97	71.07	96.43	117.44	93.97	72.06	74.83	90.32	88.02	63.42	86.33	91.03	76.33	89.68	76.99	17.95	51.44	89.79	72.49	69.78	57.01	70.81	79.06	61.71	58.98	82.79	92.33	69.59	61.35	60.57	84.84	68.69	58.61	97.77
QG37_03703	103.23	100.17	56.40	67.02	90.19	90.72	101.82	106.61	112.99	93.34	90.93	80.16	85.60	95.23	85.67	104.66	128.65	128.90	116.47	97.37	104.40	107.52	111.51	84.15	117.07	118.58	83.07	103.55	77.87	25.64	60.85	106.94	103.79	102.48	83.16	81.48	92.63	86.68	65.16	105.71	116.02	99.79	71.40	75.28	89.94	93.87	78.14	129.68
QG37_03704	123.46	100.75	52.81	62.90	89.98	83.40	107.36	88.88	85.59	91.29	66.38	78.43	78.78	78.15	81.83	82.78	108.61	114.74	128.33	108.40	93.09	99.49	104.90	80.43	92.21	106.15	81.07	90.27	96.49	27.93	57.44	100.60	135.05	93.94	81.62	73.54	98.99	100.24	90.24	100.38	118.48	106.36	84.12	74.96	102.16	94.09	94.13	122.46
QG37_03705	107.60	104.92	52.24	59.43	88.91	75.04	96.00	106.19	104.08	84.37	86.68	87.28	88.19	98.01	81.26	108.52	117.85	120.49	131.89	97.45	109.80	92.77	111.42	93.96	107.99	123.15	83.66	116.49	90.03	27.71	62.34	103.11	123.30	104.03	95.91	95.17	90.12	105.11	81.31	103.75	100.31	111.81	85.25	81.40	99.47	103.27	84.87	118.07
QG37_03706	117.36	114.92	67.85	76.38	114.93	102.81	113.08	110.02	118.79	102.50	87.93	95.56	99.41	114.64	99.94	112.76	143.81	149.13	128.60	118.57	114.32	117.47	128.76	92.52	133.65	137.99	106.31	123.11	101.36	28.44	68.52	108.86	133.17	112.85	110.95	78.81	102.71	100.79	89.39	112.31	122.53	113.79	98.67	86.71	105.40	114.94	114.54	133.39
QG37_03707	113.76	119.72	74.63	72.66	100.56	117.42	92.04	96.41	131.14	89.01	71.83	89.52	100.97	105.40	89.73	107.16	122.17	157.76	111.52	105.07	92.17	122.52	143.64	93.19	105.40	130.50	78.45	116.26	104.37	28.11	69.07	112.87	134.56	121.18	101.59	70.06	101.92	101.11	87.61	128.38	127.95	115.23	103.67	72.93	96.52	111.11	93.93	132.47
QG37_03708	124.04	112.63	63.52	55.80	92.80	84.97	94.89	100.50	101.29	100.44	69.38	81.18	86.05	80.80	86.22	110.69	103.31	122.70	108.11	99.85	106.57	94.04	118.79	95.20	107.62	116.36	77.37	106.01	70.81	25.40	59.31	108.41	112.78	86.86	92.59	72.08	99.69	93.78	71.27	111.84	104.23	97.76	89.38	78.83	106.65	94.95	92.70	122.27
QG37_03709	108.59	118.89	64.87	64.30	109.53	104.17	100.19	108.89	111.56	106.87	92.79	89.01	98.67	99.82	92.47	97.74	130.11	138.66	122.07	108.25	114.53	114.21	113.26	93.26	110.95	145.99	83.93	120.85	99.22	29.41	64.35	120.97	121.16	110.68	98.59	80.19	95.27	98.29	73.82	115.79	124.14	120.48	90.59	93.06	113.66	102.84	90.66	133.17
QG37_08424	144.74	142.62	77.05	72.86	108.29	114.05	119.43	112.29	116.68	122.35	97.48	129.80	92.73	115.94	104.82	98.82	143.50	151.18	130.14	124.25	94.30	109.83	140.30	98.68	119.87	138.81	96.82	128.21	97.38	38.90	66.26	138.95	119.30	129.51	92.87	86.68	114.12	123.05	72.30	120.01	147.74	117.21	85.92	99.08	110.04	103.80	101.93	179.18
QG37_03710	115.70	100.26	51.27	46.00	72.50	78.71	81.64	97.49	97.84	75.32	66.35	83.29	75.26	86.68	85.38	78.95	123.57	96.66	115.07	79.63	94.96	100.15	108.12	75.67	110.36	108.29	71.09	86.50	72.05	21.75	58.88	99.62	99.59	82.57	97.74	83.30	85.83	84.51	66.13	92.14	89.23	67.31	59.79	56.05	74.49	83.29	77.21	128.04
QG37_03711	113.03	135.10	78.68	65.21	128.28	114.99	107.62	138.58	136.17	122.92	89.60	112.18	90.22	122.96	105.30	129.95	143.18	161.41	139.39	110.64	142.17	122.53	150.35	120.44	114.34	137.35	112.12	144.42	98.09	25.61	70.08	145.64	141.66	123.65	106.30	103.70	106.30	97.96	90.97	138.65	144.05	128.10	106.90	90.39	125.01	110.26	114.42	155.61
QG37_03712	143.20	147.68	85.70	80.90	139.49	127.95	123.48	128.12	152.53	132.91	105.54	121.13	122.84	120.72	117.25	122.31	165.17	178.07	151.34	142.75	136.42	150.18	148.93	119.93	133.76	162.61	116.42	152.74	125.17	31.58	83.91	136.04	160.51	137.88	117.06	96.99	128.55	128.13	110.66	134.52	149.76	139.21	109.36	98.95	128.18	112.60	111.43	154.74
QG37_03713	139.64	137.99	78.33	81.08	128.10	127.45	132.98	123.05	134.39	119.29	93.29	108.82	115.83	110.47	106.09	125.78	153.38	151.56	144.47	138.20	137.78	140.85	135.05	107.09	137.04	155.31	104.89	141.82	118.30	29.12	77.16	135.05	138.02	117.83	115.06	99.76	111.74	114.78	100.35	124.91	144.44	138.74	91.88	89.92	118.08	109.08	99.98	142.63
QG37_03714	149.50	154.71	83.33	79.57	133.69	134.24	140.21	131.79	142.12	123.90	108.49	109.62	117.10	116.62	107.95	128.34	163.75	168.73	157.72	133.23	129.54	131.28	145.48	118.96	147.93	177.78	113.93	155.67	115.00	31.62	76.09	155.26	154.96	121.15	125.26	106.27	125.96	118.91	102.43	129.10	160.88	141.69	93.91	99.64	131.95	129.64	107.14	158.24
QG37_03715	131.24	141.89	94.00	80.28	147.23	144.33	136.99	126.98	142.99	123.93	100.15	113.17	136.38	123.21	117.32	131.39	162.23	188.44	186.95	140.15	133.42	144.49	154.55	116.94	142.07	186.93	89.54	154.12	120.74	40.77	78.98	124.93	175.73	139.51	148.71	101.39	114.22	121.44	111.47	145.48	186.04	126.84	123.85	81.60	133.38	125.51	103.73	137.10
QG37_03716	151.97	140.42	84.39	80.17	125.23	142.62	130.10	125.91	147.32	127.87	92.73	109.95	123.81	111.30	113.55	129.38	150.88	161.08	135.76	124.09	137.67	128.59	136.32	110.09	129.43	161.07	102.18	144.32	111.74	31.62	76.13	125.45	148.47	134.29	126.48	100.84	122.38	128.80	103.88	125.66	148.81	137.53	93.80	97.23	125.86	130.76	116.07	152.58
QG37_03717	143.54	148.57	87.82	79.96	130.05	143.67	122.68	133.99	143.77	124.21	114.11	112.23	123.45	112.65	110.12	124.61	163.96	157.46	143.54	132.29	127.84	125.83	151.58	119.71	147.05	164.19	108.22	151.27	142.17	33.86	83.95	130.51	145.87	121.68	117.33	100.32	107.36	122.16	96.12	123.02	145.55	137.31	99.69	102.91	108.55	131.07	115.22	160.26
QG37_03718	123.97	138.37	91.03	84.18	104.54	125.49	111.38	122.19	137.69	127.02	87.46	109.14	128.44	106.18	105.88	110.74	129.11	164.34	128.48	128.60	117.32	110.48	121.75	98.96	121.65	145.14	111.13	143.63	97.28	26.75	81.31	113.91	148.73	131.42	117.41	89.64	90.39	97.45	91.70	93.09	148.55	104.59	80.39	81.33	113.56	99.06	98.38	143.52
QG37_03719	436.77	438.52	232.94	204.26	373.79	368.07	370.05	366.07	427.74	387.36	298.30	315.25	344.30	365.10	337.19	330.92	460.23	433.02	438.20	368.00	362.53	414.19	408.25	335.58	394.66	447.51	333.64	439.73	360.40	127.51	274.32	412.46	618.04	438.47	385.45	296.10	410.77	390.28	324.91	416.92	453.00	425.71	348.75	318.22	430.97	376.94	371.94	516.98
QG37_03720	147.54	158.50	94.39	83.61	126.69	138.95	127.32	128.73	158.40	146.23	118.80	110.15	128.36	128.76	110.04	120.33	171.20	171.79	153.52	141.18	131.62	143.18	143.87	108.65	144.87	160.12	117.90	152.51	125.38	37.77	87.32	143.86	162.46	135.04	116.02	108.87	123.86	117.89	103.05	142.19	153.37	152.63	103.84	100.32	125.62	126.73	113.85	144.15
QG37_03721	157.49	147.50	84.72	83.42	134.55	121.65	122.92	130.81	128.27	133.60	104.31	109.38	123.71	123.32	110.50	122.70	151.53	183.16	143.80	142.68	118.26	115.71	156.09	110.52	130.01	152.80	109.84	140.18	120.69	32.80	89.53	131.02	146.58	124.07	101.07	90.49	108.13	118.19	89.67	127.79	151.23	142.47	96.20	82.81	111.94	118.33	103.24	155.96
QG37_03722	159.28	150.61	98.38	88.34	131.24	138.41	126.74	137.87	146.22	133.48	110.87	110.81	124.11	118.60	112.56	126.44	162.41	185.09	160.95	140.23	135.04	146.84	148.06	119.70	147.93	172.27	114.68	162.72	134.00	34.26	80.32	151.58	153.69	138.65	134.26	102.28	117.91	118.28	115.77	141.31	152.94	136.53	103.72	102.01	135.65	124.48	109.66	176.13
QG37_03723	153.43	151.12	85.92	79.04	137.22	134.32	128.34	134.09	142.10	128.67	110.07	106.89	122.67	106.35	111.34	128.70	156.59	164.49	145.99	139.86	128.76	128.61	140.18	114.85	135.22	161.25	117.75	151.62	124.88	35.74	75.42	141.17	161.07	140.34	123.96	102.78	120.90	125.74	94.58	131.76	159.03	131.06	100.34	101.81	123.20	121.14	106.88	148.58
QG37_03724	93.33	91.53	47.46	45.17	71.90	66.82	79.82	73.85	79.61	72.42	63.57	47.61	66.98	76.79	70.62	64.69	100.13	89.61	71.43	75.89	69.46	77.98	92.32	66.86	65.73	94.47	65.47	84.15	64.41	16.80	49.48	72.69	79.54	64.76	58.03	54.88	65.13	57.84	57.82	68.64	92.61	83.24	58.30	55.44	52.57	72.39	51.92	81.50
QG37_08425	127.92	123.91	73.58	72.07	112.30	90.81	98.59	124.99	135.84	108.11	94.03	83.42	96.24	111.54	117.72	93.88	140.72	145.77	117.59	114.38	112.34	111.72	130.69	107.16	103.62	154.41	117.34	121.23	99.46	21.38	63.26	125.84	118.81	107.64	90.28	72.82	88.69	103.05	77.99	93.03	138.45	110.50	87.85	74.24	87.09	108.45	72.03	126.43
QG37_03725	140.92	137.75	80.23	78.76	136.42	106.88	112.59	135.42	120.47	130.89	121.27	95.94	115.50	113.13	106.98	111.47	150.57	143.58	130.32	128.15	118.36	120.93	131.79	96.36	121.11	165.42	101.87	148.85	136.63	31.94	65.13	139.96	150.61	123.65	113.36	94.55	108.92	122.69	93.34	118.72	125.64	136.04	96.90	80.81	111.48	122.61	109.54	140.86
QG37_03726	151.60	137.75	83.90	85.13	140.77	125.43	121.16	145.72	144.92	125.41	106.16	113.25	129.42	123.65	108.92	114.52	146.33	164.84	152.93	144.94	117.97	124.67	137.41	106.33	126.45	154.16	117.24	149.68	124.72	31.08	76.96	139.63	139.90	136.01	117.16	100.06	114.26	110.23	99.01	137.13	144.09	139.30	94.98	92.01	129.13	115.39	101.56	136.53
QG37_03727	151.74	145.85	91.81	79.24	137.37	123.11	118.29	123.96	137.91	133.89	107.28	102.95	121.04	102.60	113.97	113.87	143.04	147.65	117.92	127.20	113.93	133.19	154.61	104.44	117.07	164.91	116.64	143.10	136.50	35.08	78.59	123.95	151.51	123.23	112.10	101.44	120.23	120.29	100.79	133.48	138.53	136.74	100.66	104.12	117.45	114.20	99.73	150.92
QG37_03728	164.03	160.53	94.84	88.52	142.45	136.91	140.05	139.25	150.57	144.52	115.22	133.14	140.98	108.53	116.18	125.48	180.50	170.84	167.49	140.38	129.43	151.78	149.03	125.61	146.21	188.70	127.37	166.03	132.53	37.61	95.93	148.02	167.31	140.08	125.91	118.63	131.61	129.95	107.26	128.09	154.32	159.77	107.67	100.02	135.58	125.44	121.61	162.47
QG37_03729	148.95	133.35	74.44	71.08	122.99	125.36	122.03	114.59	118.84	111.85	98.19	92.33	108.68	102.61	100.35	116.64	135.93	146.30	140.79	126.05	119.88	113.50	127.16	94.99	122.35	144.02	105.71	133.35	96.93	23.62	67.69	115.56	128.66	119.04	111.46	77.13	114.56	111.68	88.36	119.97	156.47	123.84	99.97	94.01	117.47	114.61	90.63	137.89
QG37_03730	142.39	113.27	68.65	72.49	120.39	113.76	110.09	116.99	120.33	112.61	94.33	115.43	109.37	111.64	98.92	95.40	142.41	153.13	159.06	114.53	124.52	107.40	125.09	83.17	120.36	160.26	97.40	142.78	107.36	26.50	67.23	120.56	143.01	118.37	106.09	80.27	95.96	102.25	78.59	118.49	146.78	120.18	91.20	79.54	102.36	91.03	85.77	122.01
QG37_03731	160.20	150.25	78.79	74.94	124.38	129.54	125.03	128.04	151.01	126.50	104.75	117.24	120.13	106.09	113.66	119.48	145.60	164.67	155.50	131.80	123.94	129.72	145.51	98.79	137.34	167.51	116.68	154.98	119.27	33.05	83.13	135.35	141.21	125.45	121.58	97.39	110.79	126.94	95.23	128.90	157.45	140.51	103.19	90.38	119.45	118.67	107.44	160.02
QG37_03732	127.79	161.94	83.77	63.25	121.48	104.31	117.44	112.43	110.38	112.45	88.35	114.33	122.64	97.38	94.12	113.32	145.81	141.62	135.96	123.83	121.38	116.55	138.69	91.17	113.16	139.83	105.04	146.83	119.06	29.47	70.98	131.19	163.65	115.22	105.96	92.81	110.85	108.64	80.83	125.54	137.49	132.37	94.04	97.06	135.24	144.89	115.87	165.97
QG37_03733	149.86	147.98	86.58	85.81	132.51	122.93	126.08	123.92	148.05	124.48	112.36	109.39	115.62	113.76	104.46	116.92	158.87	162.99	157.37	139.94	133.72	126.25	144.89	114.78	143.07	165.37	114.30	147.62	127.10	34.38	70.38	133.16	155.22	120.68	124.94	99.21	111.16	116.93	99.32	135.17	149.82	136.44	102.78	101.40	129.77	132.58	107.18	151.90
QG37_03734	215.39	238.87	142.30	130.66	206.66	213.09	230.61	205.92	222.17	224.46	189.32	199.62	221.13	178.53	195.21	206.96	253.67	265.37	239.19	241.11	210.06	234.09	249.68	187.10	220.19	271.39	202.89	247.05	214.85	50.85	118.85	216.51	256.72	229.51	194.92	180.57	182.16	191.59	178.38	235.87	245.42	240.08	183.83	81.43	104.78	100.35	91.36	132.64
QG37_03735	50.08	53.53	30.03	34.95	46.92	47.30	50.25	48.77	57.60	58.64	41.89	52.29	53.28	44.27	40.69	51.91	57.57	52.24	57.89	60.71	55.04	54.17	64.65	45.02	52.95	55.16	40.91	55.63	54.85	12.93	33.03	48.76	68.19	46.46	41.48	42.02	44.64	41.08	34.99	58.65	63.83	59.24	37.84	5.91	7.15	1.29	3.27	5.49
QG37_08426	132.97	122.92	75.53	71.51	119.58	108.61	103.16	125.89	146.51	134.20	86.15	131.43	112.54	108.22	104.50	114.47	165.51	159.35	135.54	153.77	110.45	130.35	132.30	105.05	121.76	134.76	114.09	138.22	104.19	33.15	67.47	119.26	128.39	130.62	107.41	78.38	103.46	115.05	96.74	109.34	137.58	142.32	93.47	88.80	103.62	84.86	80.34	135.12
QG37_03736	145.37	148.15	93.35	88.81	133.19	143.18	134.07	136.70	140.46	140.52	111.95	111.40	122.17	113.44	115.86	125.69	167.51	173.88	156.72	148.73	135.11	139.15	143.22	115.28	136.53	179.41	110.01	145.54	130.03	33.43	80.98	143.89	159.19	136.23	122.30	108.06	113.97	122.03	106.46	136.86	163.44	138.88	98.15	95.02	129.96	123.27	111.27	157.44
QG37_03737	162.89	161.57	91.07	78.01	135.73	131.79	135.71	129.30	156.55	134.54	113.93	120.94	116.35	117.88	118.43	128.78	161.59	161.36	165.46	147.62	130.45	138.49	141.95	118.36	151.99	175.41	122.82	143.28	135.75	31.99	91.14	141.62	168.29	129.14	119.49	93.08	120.90	124.00	98.76	138.39	155.97	156.12	105.46	104.40	136.36	105.38	107.06	171.82
QG37_03738	163.38	159.01	98.77	78.67	121.98	141.72	128.81	129.27	121.18	136.79	109.05	114.58	113.52	111.08	124.98	128.19	180.00	174.41	151.75	129.70	138.37	147.37	150.10	114.51	140.78	170.16	114.17	146.66	136.37	34.68	86.18	145.92	142.50	132.85	107.15	104.39	121.00	105.62	107.97	137.49	155.54	136.10	112.03	95.26	126.43	123.90	111.91	152.59
QG37_03739	148.76	137.49	75.10	76.99	132.49	139.09	118.75	118.81	132.80	127.03	110.59	105.98	117.03	106.48	106.67	120.62	158.78	164.57	141.82	135.29	132.60	127.89	138.88	113.62	116.18	152.54	105.70	128.35	114.08	25.83	79.54	128.02	148.13	124.44	113.59	95.62	110.22	114.43	97.78	130.52	149.13	130.94	95.51	99.76	118.32	119.55	100.90	149.81
QG37_03740	145.65	155.51	76.84	70.55	144.52	141.76	138.71	127.60	140.48	129.47	121.84	111.61	128.22	114.92	113.00	121.94	165.92	169.22	152.12	138.08	136.39	142.16	160.35	129.51	153.01	168.69	118.03	162.61	114.83	39.45	80.40	146.44	161.45	149.02	124.97	114.32	115.72	136.64	93.03	145.40	160.75	141.61	102.42	98.63	115.21	130.20	99.01	154.94
QG37_03741	140.52	146.44	80.23	88.95	127.40	125.44	138.44	132.57	126.96	129.07	105.06	96.79	109.58	108.36	103.07	127.76	166.50	169.24	173.12	142.19	131.32	140.90	133.31	118.92	146.73	168.30	119.11	145.11	117.68	33.29	69.01	141.38	154.92	150.85	104.17	115.18	111.80	117.70	106.59	137.63	164.61	147.54	112.27	95.47	106.79	116.40	109.65	144.61
QG37_03742	151.19	160.29	91.49	82.44	130.46	135.90	126.50	138.92	142.30	137.24	100.81	112.95	114.93	119.89	116.87	124.84	160.68	168.91	152.92	136.13	136.20	138.28	145.36	123.30	142.88	183.07	111.68	162.57	130.97	34.35	79.09	139.84	148.93	133.02	124.61	107.46	119.17	121.63	103.42	139.36	167.36	148.79	106.42	105.14	122.96	124.11	108.13	148.20
QG37_03743	182.22	146.71	93.46	86.70	159.28	134.37	141.79	136.74	174.27	150.07	120.53	129.35	142.02	105.23	136.71	128.51	176.57	203.86	184.44	158.29	144.65	157.17	139.33	139.59	156.20	177.01	137.33	163.60	148.26	32.65	98.01	165.56	147.61	158.53	128.98	101.05	130.29	140.36	102.54	154.10	155.57	173.60	116.67	43.99	51.11	44.26	46.55	65.93
QG37_03744	137.76	125.14	81.46	59.32	106.93	122.82	112.19	112.04	117.79	116.44	91.97	90.00	99.29	103.60	102.83	105.60	134.35	158.51	132.81	122.43	122.01	121.30	116.25	101.60	112.11	150.93	111.26	123.39	114.14	25.24	75.87	124.11	126.74	113.57	101.02	87.97	106.88	99.36	90.43	107.77	137.92	132.39	89.90	88.96	99.93	104.24	99.69	134.85
QG37_03745	119.15	121.66	66.37	66.33	111.98	107.47	116.88	105.71	117.19	113.08	97.07	84.96	105.87	88.29	94.74	103.62	118.98	129.63	113.10	114.96	110.90	119.48	123.95	92.57	117.74	139.04	102.03	135.96	105.06	31.14	74.60	117.99	120.18	115.59	95.21	82.34	99.16	97.41	78.17	121.01	129.89	116.44	81.17	92.40	99.92	104.90	91.11	150.20
QG37_03746	165.60	171.17	91.09	90.55	135.78	153.27	148.22	130.59	155.93	143.24	124.37	120.31	140.07	142.58	123.55	152.28	173.16	173.12	150.00	150.96	132.06	122.75	127.01	111.12	143.76	165.13	122.08	154.11	127.53	32.44	80.70	152.04	165.87	136.17	117.51	99.62	120.03	115.94	95.48	133.71	167.92	140.30	100.00	89.92	127.21	123.88	122.48	139.80
QG37_03747	173.12	170.74	101.77	88.45	145.10	159.11	129.75	142.66	156.00	151.34	123.12	135.69	134.16	123.12	125.05	132.05	173.96	160.00	173.43	145.14	138.71	141.71	156.87	123.59	140.50	191.45	124.19	154.09	137.22	32.54	83.39	155.09	159.87	148.98	125.30	105.06	126.70	136.28	105.23	150.67	158.66	153.16	110.97	99.61	127.14	132.83	112.72	152.82
