GENE	CDC_B11096	CDC_B11097	CDC_B11098	CDC_B11099	CDC_B11101	CDC_B11102	CDC_B11103	CDC_B11105	CDC_B11112	CDC_B11113	CDC_B11114	CDC_B11115	CDC_B11116	CDC_B11117	CDC_B11118	CDC_B11119	CDC_B11200	CDC_B11201	CDC_B11205	CDC_B11206	CDC_B11207	CDC_B11208	CDC_B11209	CDC_B11210	CDC_B11212	CDC_B11213	CDC_B11214	CDC_B11215	CDC_B11216	CDC_B11217	CDC_B11218	CDC_B11219	CDC_B11220	CDC_B11221	CDC_B11222	CDC_B11223	CDC_B11224	CDC_B11225	CDC_B11226	CDC_B11227	CDC_B11228	CDC_B11229	CDC_B11230	CDC_B11243	CDC_B11244	CDC_B11245	CDC_B11246	CDC_B11247
QG37_04018	0.9845	1.0012	1.1510	1.1966	0.9908	0.9687	1.1183	1.0340	1.1177	0.8462	0.9556	1.1023	1.1590	1.0812	0.9808	0.8628	1.0274	1.0861	0.9963	1.0486	1.1682	1.1227	0.8962	0.9565	1.0718	1.0416	1.0321	0.9727	1.0918	0.7451	0.6704	1.0714	0.0008	1.1185	1.2273	1.1792	1.1262	0.0000	1.1468	1.0527	1.1194	1.0769	0.9329	1.0571	1.1281	1.1540	1.2333	0.9710
QG37_04019	0.8654	1.0268	1.2311	1.1161	1.0815	0.9712	1.1809	1.0065	1.0662	0.9205	1.0526	1.0103	1.2571	1.1242	0.9892	0.8709	1.0524	1.2984	1.0359	1.1847	1.0505	1.3873	1.0097	1.0332	1.1905	1.1618	1.0786	0.9864	0.9896	0.8175	0.6447	0.9995	0.0044	1.2161	1.0155	1.0798	1.1288	0.0028	1.0949	1.2704	1.1648	1.0158	0.9857	1.0779	1.0550	1.0708	1.0601	1.0900
QG37_04020	1.0873	1.0037	1.0911	1.0638	1.0108	0.9728	1.0234	1.0318	1.0106	0.9158	0.9244	1.1686	1.0850	0.9591	1.0535	0.9684	1.0769	0.9945	1.0090	1.1670	1.1598	1.0517	0.9362	1.0991	1.1306	0.9246	1.1585	1.0080	0.9126	0.8557	0.8381	1.0917	0.0054	1.0646	1.0572	1.0399	1.0086	0.0019	1.0218	0.9866	0.9937	0.9090	0.8911	1.1072	1.0956	0.9921	1.0304	0.9523
QG37_04021	0.9298	0.8532	0.8926	1.1152	1.1465	0.7829	0.8735	0.8736	0.9378	0.8967	0.9188	1.0628	0.9904	0.9222	0.8250	1.1041	0.7138	1.0084	0.7891	0.9586	0.8609	0.9356	0.9014	0.9438	0.9672	0.9493	0.8198	0.9621	0.8880	0.6935	0.6523	0.9277	0.0000	0.8263	1.0267	0.9061	0.9912	0.0000	0.9820	0.9062	0.8767	0.8014	0.9040	0.6892	1.0617	0.9164	0.7742	0.9549
QG37_04022	1.1028	1.1061	1.1804	1.0211	1.0272	0.8455	1.0726	1.1178	1.0489	1.0914	0.9920	1.1785	1.1202	1.2529	1.1071	0.9768	0.9661	1.0175	0.9472	1.0849	0.9570	1.0898	0.9268	1.1573	1.0846	1.0408	1.1355	0.9457	1.1574	0.8966	0.8120	1.0074	0.0000	1.0911	1.0766	1.0787	1.0002	0.0000	1.1633	1.0183	1.1459	0.9864	1.0711	1.0464	1.1192	1.0006	1.0202	1.1056
QG37_04023	0.8999	1.0483	1.1017	0.8480	0.9243	0.7509	1.0366	1.0197	0.8605	1.0469	0.9302	0.9736	0.9175	0.9388	0.8354	1.0514	0.8860	0.9520	0.8710	1.0480	0.9471	0.9657	1.0777	1.0002	0.9029	0.9693	0.8949	0.9325	1.0072	0.7229	0.9154	0.8306	0.0000	0.7951	0.9845	1.0105	0.7175	0.0000	0.9841	0.8436	0.9886	0.9338	0.9351	0.9882	0.9751	0.9425	1.0191	1.0398
QG37_04024	1.1316	1.0556	1.1960	1.0772	1.1440	1.3274	1.1754	1.1235	1.0906	1.1409	1.1539	1.0561	1.2927	1.1541	1.1592	1.1178	1.0052	1.1838	1.1224	1.1982	1.1144	1.0672	1.1768	1.1309	1.0896	1.2172	1.0973	1.0944	1.1396	0.9203	0.7034	1.0796	0.0035	0.9696	0.9118	0.9761	0.9113	0.0000	0.8793	0.8783	0.9917	0.9246	0.9430	0.9517	0.8372	0.8675	0.8723	0.9620
QG37_04025	0.7283	0.8412	0.9360	0.8883	0.9413	0.9372	0.8412	0.9805	0.9294	0.8443	0.9446	0.8043	0.8744	0.8373	0.9437	0.8187	0.7544	0.8258	0.8416	0.8392	0.8664	0.7939	0.9217	0.7832	0.7840	0.7923	0.8496	0.9330	0.8243	0.4998	0.6580	0.7373	0.0000	0.9405	0.9616	0.9409	0.9556	0.0000	0.9002	0.7518	1.0337	0.8576	0.8398	1.0079	0.8169	0.9470	0.9698	0.9388
QG37_04026	1.0077	0.9565	0.9043	0.9935	0.9295	1.0186	0.8099	0.9038	0.8842	0.8956	0.9633	0.8812	0.9752	0.8557	0.9408	1.0112	0.8671	0.9086	0.7659	0.8224	0.9598	0.7716	0.8500	0.8534	0.8278	0.9022	0.8513	0.9014	0.8824	0.6338	0.7721	0.7566	0.0036	0.9319	0.9477	0.8342	0.9610	0.0000	0.9514	0.8485	0.9875	0.8609	0.7806	0.8834	0.8648	0.9458	0.9015	0.8961
QG37_04027	1.0479	1.0206	0.8978	0.9714	1.0319	0.9292	1.0813	0.9076	1.0824	1.0436	0.9531	0.9558	0.9510	0.9621	0.8763	0.9174	1.0285	0.9735	0.9542	0.9952	1.1026	1.1841	0.9733	0.9261	0.9608	1.0332	1.0342	1.0770	0.9102	0.5984	0.8033	0.8883	0.0033	1.0487	1.0666	1.0752	1.0893	0.0023	1.0233	0.9069	1.0392	0.9373	1.0266	1.0207	1.0153	0.9767	1.0134	0.8700
QG37_04028	0.8820	0.8981	0.9105	1.0462	0.9690	0.9538	0.9549	0.9625	1.0564	0.9732	1.1688	0.7832	0.9116	1.0200	0.8531	0.7789	0.9867	0.9265	0.9288	0.9256	0.8061	0.9602	0.8173	0.9471	0.9396	0.9528	0.8698	0.8659	0.8275	0.6605	0.7176	0.9140	0.0001	0.9304	0.9343	0.9990	0.8466	0.0088	0.8732	0.8310	1.0003	0.9854	0.8513	1.0933	0.9413	0.9967	1.0199	0.9540
QG37_04029	1.1068	0.8601	1.1376	0.9335	1.0649	0.9073	0.8505	0.9522	0.8594	0.7918	0.9613	1.0432	1.0177	0.9549	0.9625	1.0506	0.8994	0.9808	0.9591	1.0002	1.0244	0.9554	1.1101	0.9515	1.0278	1.0738	0.8964	1.0193	0.9588	0.6529	0.5880	0.9713	0.0000	1.0627	0.9392	0.8742	1.0631	0.0087	1.0900	1.0780	1.1069	1.2283	1.1082	1.1148	1.0973	1.1179	0.9440	1.0037
QG37_04030	0.8948	0.7409	0.7215	0.6579	0.6746	0.8538	0.7442	0.7099	0.7886	0.7696	0.7973	0.7953	0.7065	0.7705	0.6592	0.9292	0.7443	0.7715	0.9089	0.7310	0.8123	0.7804	0.8561	0.7419	0.7281	0.7373	0.9153	0.7329	0.8256	0.6829	0.5073	0.8675	0.0000	0.8823	0.8311	0.8471	0.8638	0.0075	0.8280	0.7581	0.8466	0.8109	0.7448	0.8356	0.8293	0.9420	0.7365	0.7098
QG37_04031	0.8191	0.7222	0.7705	0.8136	0.8449	0.8486	0.7574	0.7408	0.7353	0.7258	0.7751	0.8586	0.6336	0.8699	0.7258	0.6881	0.7012	0.8610	0.8165	0.8153	0.9503	0.7380	0.8504	0.7351	0.7600	0.8230	0.6477	0.8654	0.6720	0.4110	0.5056	0.8920	0.0013	0.7409	0.8407	0.9575	0.8362	0.0074	0.8716	0.8435	0.7293	0.7744	0.7560	0.5072	0.5718	0.4907	0.6051	0.4949
QG37_04032	0.8347	0.7025	0.7800	0.8205	0.8233	0.8489	0.8733	0.7685	0.8924	0.7054	0.8074	0.7285	0.7252	0.9754	0.7998	0.8585	0.7694	0.8331	0.9166	0.8676	0.9538	0.8279	0.8072	0.8065	0.7456	0.9137	0.8830	0.8407	0.6847	0.6208	0.7073	0.8508	0.0000	0.7488	0.8737	0.8234	0.7483	0.0004	0.8564	0.8588	0.9617	0.7647	0.8059	0.8164	0.8353	0.7320	0.9121	0.7143
QG37_04033	0.7916	0.6545	0.8912	0.8711	0.8231	0.8144	0.7910	0.6488	0.8344	0.6831	0.8460	0.6809	0.6797	0.7964	0.7452	0.8738	0.8525	0.8214	0.8118	0.7439	0.8672	0.7695	0.8132	0.7712	0.8889	0.6858	0.7746	0.7426	0.5850	0.4998	0.5553	0.9284	0.0000	0.7000	0.8970	0.8094	0.7458	0.0000	0.9574	0.7715	0.8391	0.6870	0.7486	0.9290	0.7871	0.7168	0.9763	0.7773
QG37_04034	0.7379	0.6724	0.7135	0.8334	0.8529	0.7509	0.7456	0.7364	0.7301	0.6912	0.7814	0.7683	0.6537	0.7569	0.8331	0.8022	0.7959	0.8995	0.6824	0.7721	0.7786	0.6900	0.7450	0.8768	0.7391	0.8162	0.7061	0.7424	0.6738	0.5926	0.5106	0.6673	0.0000	0.8913	0.7782	0.9436	0.7723	0.0070	0.8205	0.7842	0.8136	0.7940	0.7458	0.9186	0.8715	0.6753	0.7919	0.6541
QG37_04035	0.8238	0.7859	0.7338	0.6745	0.7762	1.0841	0.7943	0.9097	0.7317	0.7739	0.6928	0.7034	0.7780	0.8252	0.8940	0.8794	0.9612	0.9472	0.7401	0.8053	0.8824	0.8808	0.8908	0.7713	0.8552	0.8194	0.6711	0.8111	0.8096	0.3898	0.5091	0.7557	0.0025	0.7701	0.9106	0.8269	1.0106	0.0239	0.9803	0.8004	0.9856	0.7816	0.8673	0.7969	0.9369	0.6745	0.8122	0.7309
QG37_04036	1.0396	0.8077	0.8002	0.8059	0.8368	0.8771	0.8512	0.9992	0.8275	0.8047	0.7385	0.7991	0.7753	0.8129	0.7728	0.9084	0.9419	0.9570	0.7613	0.8664	0.9056	0.8180	0.8817	0.8730	0.8083	0.7727	0.7217	0.7338	0.8410	0.3534	0.6256	0.7736	0.0071	0.7594	0.9822	0.9051	1.0302	0.0098	0.9042	0.8828	0.8677	0.9511	0.8783	0.9531	0.8432	0.8158	0.9367	0.7960
QG37_04037	0.9460	0.7902	0.7830	0.8441	0.8287	0.8637	0.8599	0.8052	0.8650	0.7348	0.8855	0.7938	0.7613	0.8261	0.8149	0.8399	0.7823	0.8757	0.8171	0.8226	0.8529	0.8015	0.8390	0.8109	0.8211	0.7997	0.8208	0.7963	0.7760	0.6253	0.5252	0.7855	0.0037	0.8452	0.8581	0.9201	0.8409	0.5886	0.8509	0.8415	0.8443	0.7812	0.8111	0.9004	0.7869	0.8414	0.8106	0.8541
QG37_04038	0.9423	0.8659	1.0967	0.8618	0.9476	0.8862	0.8405	1.0827	0.9339	0.8725	0.8728	0.8215	0.8396	1.0339	0.9469	1.0764	0.8461	0.8482	0.9835	0.9274	0.9054	0.9666	0.9560	0.9438	0.8328	0.7759	0.8846	0.9205	1.0342	0.6893	0.7295	0.8522	0.0062	0.9557	1.1039	0.9904	0.9263	1.0122	1.0701	0.9458	0.9099	0.9819	0.9255	1.0072	0.9188	0.9601	0.9511	0.8733
QG37_04039	0.8801	0.7605	0.7434	0.8390	0.7972	0.8750	0.8026	0.8555	0.7825	0.8549	0.8537	0.7907	0.7187	0.8499	0.8155	0.8084	0.8149	0.8291	0.7859	0.8393	0.8502	0.8168	0.7646	0.8988	0.7471	0.7407	0.7959	0.7718	0.7353	0.6657	0.5644	0.7905	0.7320	0.7838	0.8519	0.8373	0.8468	0.7873	0.9176	0.7925	0.8576	0.7540	0.7809	0.7850	0.7829	0.8350	0.8360	0.8395
QG37_04040	0.9328	0.9350	1.1051	0.9084	1.0223	1.0230	0.9286	0.9234	0.9317	0.9183	0.9070	0.8651	0.9574	1.0129	0.9680	0.9093	0.9434	0.8703	0.9594	1.0158	0.9099	0.9335	0.9571	0.8518	0.8736	0.9053	0.9743	0.8472	0.8695	0.5538	0.7317	0.8597	0.9524	0.9337	1.0164	1.0340	0.9766	0.9237	0.9144	0.9320	0.9709	0.9149	0.8347	0.8973	1.0078	0.9159	0.9211	1.0861
QG37_04041	0.7938	0.7286	0.6918	0.7704	0.7313	0.7416	0.8216	0.7583	0.7927	0.7771	0.8375	0.8059	0.8231	0.7068	0.9286	0.8043	0.7876	0.7042	0.6946	0.6969	0.8292	0.6658	0.7242	0.6772	0.7306	0.6220	0.7137	0.6436	0.6500	0.5762	0.5090	0.7120	0.6342	0.7402	0.7906	0.8277	0.8476	0.8403	0.9308	0.9693	0.8354	0.9235	0.8910	0.9548	0.8718	0.9224	1.0358	0.7952
QG37_04042	0.9380	0.7978	0.6698	0.8791	0.9184	0.8905	0.8418	0.9185	1.1317	0.8300	0.7906	0.7194	0.7813	0.9301	0.7680	0.8397	0.8858	0.8457	0.7931	0.8233	0.9324	0.7937	0.9299	0.8684	0.8316	0.8885	0.8983	0.9833	0.7426	0.6793	0.6218	0.7684	0.8290	0.9262	0.8235	0.9287	0.9327	0.8784	0.7422	0.9204	0.9068	0.9283	0.8666	0.6325	0.6131	0.5885	0.4498	0.5119
QG37_04043	0.8771	0.6572	0.6947	0.8381	0.6958	0.8092	0.7222	0.7472	0.8470	0.6944	0.7457	0.6275	0.6815	0.7524	0.7808	0.8485	0.7513	0.8649	0.7466	0.7056	0.8267	0.6496	0.7479	0.7559	0.7927	0.7878	0.7374	0.7681	0.7262	0.4562	0.5283	0.7707	0.6623	0.7350	0.8430	0.7972	0.7997	0.8246	0.7640	0.8078	0.7134	0.7890	0.6934	0.8278	0.6810	0.7723	0.8311	0.8698
QG37_04044	0.7521	0.8459	0.7822	0.7950	0.7533	0.8856	0.9139	0.8557	0.7699	0.7540	0.8472	0.6950	0.7439	0.8703	0.8890	0.7935	0.8107	0.7694	0.8174	0.7262	0.8862	0.7442	0.9142	0.7372	0.6583	0.8102	0.7795	0.6862	0.5721	0.5095	0.5958	0.7755	0.7576	0.8739	0.7815	0.9483	0.7576	0.7636	0.8671	0.7887	0.8393	0.8221	0.6875	0.8236	0.9466	0.8473	0.9533	0.7817
QG37_04045	0.5283	0.5495	0.7312	0.6488	0.5735	0.6182	0.7132	0.5895	0.7252	0.6910	0.4739	0.5400	0.6520	0.6556	0.5978	0.7223	0.6153	0.6405	0.5997	0.6140	0.6093	0.5470	0.5632	0.6177	0.6004	0.5568	0.5860	0.6009	0.5320	0.4871	0.5399	0.6042	0.6021	0.6095	0.5868	0.7342	0.6202	0.6156	0.7151	0.6906	0.6379	0.7677	0.7034	0.7560	0.7257	0.8040	0.8072	0.7371
QG37_04046	0.9157	0.9822	0.8735	0.8603	0.9754	0.8087	1.0069	0.9234	0.9469	0.6875	0.9537	0.7418	0.9952	1.1044	1.0365	0.9777	1.0225	0.9773	0.9968	0.8947	1.0510	0.9339	1.0083	0.9646	1.0249	0.8654	1.1528	0.9701	0.8454	0.7123	0.9209	0.8667	0.8570	0.9664	0.8571	0.8385	0.9144	0.9870	0.9347	0.9663	0.8868	0.9652	0.9387	0.9194	0.9343	1.1024	0.9685	0.9877
QG37_04047	0.9561	0.8643	0.9174	0.8138	0.9170	0.8222	0.8619	0.8699	0.8886	0.8128	0.8292	0.9251	0.8345	0.9413	0.8657	0.9331	0.8302	0.8986	0.8594	0.8314	0.8764	0.9093	0.9714	0.9174	0.8806	0.8859	0.9625	0.8646	0.9232	0.8012	0.9129	0.9114	0.8793	0.8951	0.8931	0.8510	0.8877	0.8817	0.8917	0.9025	0.9215	0.9534	0.9162	0.8400	0.9147	0.8914	0.9523	0.9460
QG37_04048	0.9866	0.9152	0.8967	0.9200	0.7879	1.0306	0.9086	0.9219	1.0457	0.7617	0.8404	1.0655	0.8848	0.8655	1.1950	0.8538	0.8496	0.9945	1.0549	0.8461	0.9560	0.9665	0.8202	1.0148	1.0783	1.0050	0.8060	0.8927	1.0638	0.7690	0.9102	0.9032	0.8911	1.0186	1.0063	0.9625	0.9126	1.0546	0.9535	1.0789	0.9471	1.0917	0.9357	1.0165	1.0218	1.0364	1.0539	1.1236
QG37_04049	0.7989	0.7326	0.7587	0.7982	0.7078	0.8498	0.8226	0.8012	0.8818	0.8384	0.8192	0.7971	0.7991	0.9431	0.9306	0.8752	0.8708	0.8788	0.8113	0.7292	0.9104	0.8830	0.7438	0.7500	0.9279	0.8381	0.7125	0.7538	0.7461	0.8127	0.9224	0.7378	0.8662	0.7633	0.8247	0.8632	0.8886	0.9693	0.8274	0.7861	0.7722	0.7597	0.7463	0.8434	0.8354	0.8103	0.8212	0.8949
QG37_04050	0.7933	0.8601	0.8237	0.8673	0.9044	0.8821	0.8717	0.9383	0.8815	0.7144	0.8054	0.8239	0.7185	0.8227	0.7815	0.9712	0.8755	0.8586	0.8789	0.7694	0.9182	0.8976	0.8895	0.7760	0.8450	0.8496	0.9041	0.7317	0.7589	0.6802	0.7920	0.6993	0.8228	0.7670	0.9240	0.9285	0.9668	0.9074	0.9904	0.9312	0.9633	0.8757	0.9273	0.9170	0.8544	0.9181	0.7905	0.8345
QG37_04051	0.7593	0.8173	0.7943	0.7963	0.7329	0.8020	0.8768	0.8773	0.8587	0.7818	0.8192	0.9513	0.8449	0.8894	0.8179	0.8504	0.8239	0.8484	0.9001	0.7505	0.9199	0.8436	0.8649	0.8064	0.7889	0.9083	0.7705	0.8520	0.7558	0.6908	0.8931	0.8178	0.8501	0.8108	0.9508	0.7934	0.8015	0.9201	0.8060	0.8845	0.9411	0.8599	0.8039	0.7687	0.9605	0.8645	0.8593	0.9245
QG37_04052	0.9862	1.0584	1.0295	1.1005	0.9430	1.0919	1.0606	1.1652	1.0843	0.9846	0.9555	1.0607	0.9925	1.0851	1.1034	1.0887	1.0147	0.9972	1.0799	1.0016	0.9849	1.0398	0.9984	1.0637	1.1572	1.0150	1.0751	0.9851	1.0067	0.6863	1.0661	0.9568	1.0168	1.0822	1.0885	1.1081	1.0352	1.1019	1.1361	1.0396	1.0319	1.1287	1.0215	1.0286	1.1703	1.0756	1.1419	1.1044
QG37_04053	0.9256	0.9899	0.9029	0.7875	0.9497	0.9461	0.9069	0.9887	0.9493	0.9420	0.7972	0.8018	0.8593	0.9709	0.9285	0.9276	0.8538	0.9435	0.8189	0.8796	0.9486	0.8723	0.8127	0.8649	0.9245	0.9493	0.9199	0.8760	0.8458	0.9651	0.8220	0.8515	0.9253	0.8942	0.9917	0.9971	0.9174	0.9565	0.9298	0.9735	1.0553	0.9373	0.8893	0.9156	0.9783	0.9039	0.9383	0.9536
QG37_04054	0.7445	0.7005	0.6310	0.7096	0.6483	0.6436	0.7690	0.7054	0.7940	0.7776	0.6933	0.6673	0.8916	0.6420	0.7932	0.7413	0.7226	0.7717	0.8503	0.7476	0.8648	0.8153	0.9034	0.7629	0.6420	0.6240	0.7601	0.6212	0.7452	0.6281	0.7859	0.7114	0.5286	0.8664	0.7910	0.8088	0.7582	0.7563	0.7120	0.5958	0.5965	0.5776	0.6606	0.7724	0.8162	0.7825	0.7901	0.7893
QG37_04055	0.9852	0.8895	0.8757	1.0065	0.8346	0.8613	0.9755	0.9298	0.8920	0.8287	0.8707	0.8728	0.9364	0.9195	0.9473	1.0183	0.9225	1.0361	0.9860	0.8455	0.9882	0.9510	0.8892	0.8866	0.7987	0.8500	0.9432	0.9267	0.8886	0.8866	0.8537	0.8340	0.9083	0.8886	0.9115	1.0128	1.0491	1.0390	1.0235	0.8782	0.9143	0.9756	0.8705	1.0493	1.0034	0.9334	0.9403	0.9670
QG37_04056	0.7849	0.8506	0.7247	0.8133	0.7374	0.8842	0.8018	0.8379	0.7686	0.7279	0.7886	0.7721	0.8443	0.9183	0.8726	0.8368	0.8084	0.8506	0.8742	0.7922	0.9417	0.8258	0.8173	0.8064	0.8327	0.7573	0.7956	0.7810	0.7907	0.7805	0.7428	0.7795	0.8427	0.9273	0.8168	0.8621	0.8430	0.8783	0.8948	0.8992	0.9214	0.8283	0.7528	0.9269	0.8419	0.8495	0.8141	0.9019
QG37_04057	0.8337	0.7416	0.8587	0.9731	0.7611	0.8187	0.9827	1.0131	0.9044	0.7910	0.8289	0.8344	0.8053	0.8934	0.9126	1.0345	0.8904	0.7664	1.0291	0.9170	0.9339	0.7690	0.8458	0.8861	0.8097	0.8089	0.9513	0.9016	0.7454	0.6332	0.7944	0.9194	0.7901	1.1399	1.1224	1.3362	0.9434	0.8773	1.0505	0.9613	1.0764	0.9769	0.9653	1.1346	1.0131	0.9489	0.9431	0.9487
QG37_04058	0.8998	0.7859	0.9151	0.9743	0.8494	0.9463	0.8430	0.9781	0.8733	0.7498	0.8948	0.8624	0.7834	0.9948	0.9272	1.0122	0.7900	0.7142	0.8511	0.9279	0.9747	0.6930	0.9122	0.9065	0.8037	0.7991	0.9313	0.8485	0.7633	0.9360	0.7660	0.9617	0.7634	1.0336	1.1036	1.0973	0.7006	0.9061	1.0202	0.8613	1.0067	0.9041	0.9969	0.9972	1.0205	0.8896	0.9210	1.1077
QG37_04059	0.9862	0.8983	0.7962	0.7944	0.8604	0.9240	0.9824	0.8630	0.9336	0.8036	0.8161	0.7704	0.8246	0.8670	0.8155	0.8549	0.8643	0.8687	0.9840	0.8819	0.9957	0.9077	0.8295	0.8743	0.9085	0.7773	0.7900	0.8687	0.8239	0.7463	0.8000	0.7746	0.8655	0.9278	0.8531	0.9362	0.9136	0.8754	0.8659	0.9719	0.9716	0.8808	0.8152	1.0310	0.9559	0.9609	0.9379	0.8882
QG37_04060	0.9900	0.9297	0.9283	0.9318	0.9293	0.9324	0.9548	0.9782	0.9725	0.8949	0.9333	0.9837	0.8918	0.9035	0.9453	1.0225	0.9213	0.9820	1.0232	0.9652	0.9742	0.9602	0.9954	0.9422	0.9721	0.9790	0.9379	0.9600	0.9339	0.8545	0.9330	0.9769	0.9491	0.9888	0.9742	0.9967	0.8800	0.9414	0.9842	0.9443	1.0726	0.9938	0.9729	0.9840	1.0218	1.0001	0.9955	0.9853
QG37_04061	0.7107	0.7514	0.7254	0.8594	0.8134	0.7231	0.7303	0.7370	0.7468	0.6720	0.6789	0.7038	0.7928	0.7463	0.7907	0.7524	0.6921	0.8295	0.7889	0.7351	0.7895	0.7405	0.7559	0.7360	0.7061	0.7497	0.6540	0.7107	0.6508	0.6481	0.7190	0.7124	0.6635	0.7476	0.8251	0.7443	0.8096	0.8133	0.7025	0.7270	0.7678	0.7273	0.6687	0.8756	0.7574	0.8354	0.6994	0.7844
QG37_04062	0.8202	0.9538	0.9151	0.8875	0.8332	1.0215	0.8979	0.9931	0.9091	0.8478	0.9673	0.8577	0.7994	0.9625	0.9726	0.9597	0.8955	0.9548	0.9238	0.8380	1.0028	0.9056	1.0372	0.9287	0.8854	0.9568	0.9276	0.9492	1.0038	0.8833	0.9537	0.8574	0.8998	1.0382	0.8586	1.0556	0.9433	0.9403	0.9268	0.8934	0.8913	0.9134	0.9093	0.9315	0.9023	0.9792	0.9867	1.0302
QG37_04063	1.2110	0.9955	1.0944	0.9769	0.9015	0.9817	0.9291	0.8551	1.0062	0.8239	1.0381	0.8763	0.9973	0.9043	1.0007	1.0273	0.9204	0.9154	0.9690	0.9811	1.1468	1.0124	0.8509	0.9630	0.8989	0.9037	1.1179	1.0867	0.8256	0.7166	0.9761	0.9179	1.0227	0.9760	0.9235	0.9838	1.0705	1.0475	0.8947	1.1038	1.0618	0.8662	1.0211	0.9798	0.9923	1.0020	0.9641	0.9170
QG37_04064	0.8013	0.8180	0.8996	0.9092	0.9474	0.8408	0.8901	0.8543	0.8931	0.8481	0.8122	0.9191	0.7843	0.8864	0.8810	0.8281	0.9154	0.8794	0.9471	0.9456	0.9891	0.8679	0.8012	0.8174	0.8496	0.9391	0.8417	0.8127	0.7874	0.7954	0.8359	0.8255	0.7982	0.8685	0.8249	0.7835	0.8811	0.8941	1.0092	0.7893	0.8782	0.8755	0.8549	1.0504	1.0152	0.9095	0.9320	0.8933
QG37_04065	0.9625	0.8758	0.9176	1.0116	0.9062	0.8590	0.8657	0.9213	0.8966	0.8835	0.8849	0.8030	0.8793	0.9004	0.9046	0.9700	0.8159	0.9381	0.8259	0.8852	0.9925	0.9044	0.8327	0.9005	0.8836	0.8451	0.8665	0.8354	0.8312	1.1616	0.9853	0.8713	0.9053	0.9059	0.9047	0.8929	0.8594	0.9139	0.8888	0.8360	0.8259	0.8782	0.8556	0.9280	0.8104	0.9173	0.8793	0.9475
QG37_04066	0.9006	0.7965	0.8518	0.7558	0.7555	0.8820	0.9335	0.8024	0.8145	0.7811	0.8050	0.7829	0.7951	0.8804	0.8562	0.9151	0.8267	0.7789	0.7797	0.8503	0.7870	0.9025	0.7904	0.8328	0.7570	0.7485	0.7913	0.7544	0.6975	0.8412	0.7993	0.8180	0.8409	0.8737	0.8630	0.9033	0.9086	0.8533	0.8977	0.8757	0.8614	0.8394	0.7812	1.0161	0.8987	0.8728	0.9722	0.8631
QG37_04067	0.6610	0.7422	0.8386	0.7713	0.7811	0.6671	0.7891	0.7872	0.7038	0.7627	0.7844	0.6666	0.7338	0.7971	0.7942	0.8033	0.6857	0.7115	0.6831	0.7102	0.8728	0.6928	0.6945	0.7285	0.7312	0.7121	0.7068	0.6884	0.7548	0.6508	0.7578	0.6858	0.6154	0.7264	0.8556	0.8475	0.7743	0.8240	0.7385	0.7442	0.6934	0.6644	0.6472	0.7517	0.6719	0.9061	0.8965	0.8502
QG37_04068	1.1859	0.9144	0.9230	0.8492	0.9210	0.7764	0.8514	1.0097	0.9290	0.9362	0.9152	0.8906	0.8164	0.9475	0.9082	1.0577	1.0081	0.9355	0.9741	0.9879	1.0651	0.9719	0.8893	0.8258	0.9665	1.0884	0.9860	0.8946	0.8717	0.8521	1.0420	1.0544	0.8883	0.9762	1.0222	0.9612	1.0018	1.0356	0.8986	1.0708	1.0139	0.9922	1.0205	1.0157	0.8939	1.1635	1.1842	0.9851
QG37_04069	1.2287	0.9648	0.9422	1.1083	1.0851	1.0183	1.0567	0.8718	1.0773	1.1719	0.8988	0.9251	0.8651	1.0602	1.0339	1.0759	1.0891	1.0189	1.2038	1.0429	1.0891	0.9337	1.0832	0.9757	1.0802	1.0031	0.9937	1.0894	1.0248	0.8797	1.0029	0.9825	1.0359	1.1743	0.9664	1.0717	1.1267	0.9558	0.9371	1.0137	1.0896	0.9033	1.0833	0.8973	0.9432	1.0140	1.0333	1.0942
QG37_04070	0.9724	0.9966	0.9143	0.9486	0.9587	0.9401	0.9887	0.9662	0.9452	0.9435	0.9733	0.9560	0.8524	1.0020	0.9039	0.9374	0.9209	0.9677	0.9642	0.9477	1.0616	1.0017	0.9375	0.9479	0.8923	0.9344	0.9993	0.9069	0.8754	1.0070	0.8978	0.8699	0.9812	0.9551	0.9907	0.9519	0.9357	0.9669	1.0004	0.9259	1.0410	0.9666	0.9186	0.9884	0.9520	0.9989	0.9915	0.9938
QG37_04071	1.0537	1.0049	0.9885	0.9970	1.0300	1.0178	1.0301	1.0627	0.9619	1.0113	1.0076	1.0151	1.0387	0.9864	1.0182	1.0633	1.0167	1.0117	1.0553	0.9756	1.0729	1.0059	1.0245	0.9616	0.9909	0.9909	1.0299	1.0130	0.9826	0.9848	0.9482	0.9558	1.0554	1.0230	1.0491	0.9950	1.0085	0.9950	1.0507	1.0267	1.0535	1.0254	1.0202	0.9857	1.0400	1.0277	1.1044	1.0062
QG37_04072	1.0016	0.9415	0.9201	0.9657	0.9299	0.9281	0.9645	0.9546	0.9529	0.8415	0.9673	0.8527	0.9528	0.9087	0.9808	1.0205	0.9706	0.9171	0.9466	0.9741	0.9644	0.9428	0.9662	0.9584	0.9714	0.8870	0.9192	0.8635	0.9048	0.8466	0.8862	0.9315	0.8172	1.0172	1.0014	1.0315	1.0099	1.0707	1.0364	0.8871	1.0251	0.9138	0.9054	1.0077	0.8702	0.9383	1.0013	0.8532
QG37_04073	0.4434	0.3853	0.2162	0.3213	0.3412	0.2990	0.3267	0.2765	0.3073	0.2869	0.3065	0.2528	0.2733	0.3398	0.2842	0.2797	0.3289	0.2460	0.2900	0.3621	0.3129	0.2680	0.2818	0.2483	0.2964	0.2988	0.3470	0.2478	0.3181	0.3610	0.2900	0.3450	0.4038	0.3574	0.2803	0.3544	0.3408	0.3852	0.3167	0.3297	0.3469	0.3812	0.2679	0.6007	0.5438	0.4582	0.4547	0.5095
QG37_04074	0.5044	0.4485	0.3632	0.4214	0.4680	0.5241	0.4156	0.5111	0.4784	0.4740	0.4421	0.4424	0.4252	0.5299	0.4525	0.5253	0.4612	0.3238	0.4721	0.4490	0.4441	0.4270	0.3751	0.3386	0.3019	0.4907	0.4642	0.4298	0.3917	0.4717	0.3699	0.4925	0.6763	0.6193	0.6762	0.4995	0.6852	0.6267	0.5930	0.7109	0.5717	0.7790	0.7129	0.6538	0.7647	0.6158	0.7741	0.6862
QG37_04075	0.6185	0.6470	0.4888	0.6719	0.6639	0.7202	0.6272	0.7582	0.6854	0.5532	0.6824	0.5968	0.6628	0.7348	0.6456	0.7497	0.6445	0.5978	0.6703	0.5645	0.7163	0.6073	0.7013	0.7940	0.6462	0.6391	0.7260	0.6740	0.6320	0.8045	0.6609	0.6046	0.6191	0.7519	0.7622	0.7028	0.6549	0.6550	0.7512	0.6235	0.7139	0.6967	0.6345	0.7497	0.7587	0.6540	0.7376	0.7134
QG37_04076	0.5098	0.2675	0.3759	0.4347	0.2877	0.2695	0.2075	0.2854	0.3982	0.3018	0.3410	0.4409	0.4111	0.4022	0.2570	0.3198	0.2960	0.3097	0.2231	0.3451	0.3483	0.3243	0.2743	0.3269	0.2499	0.2600	0.3350	0.2697	0.2078	0.2552	0.3081	0.2477	0.2767	0.4273	0.2495	0.3849	0.3761	0.3153	0.3838	0.2838	0.2801	0.3129	0.3559	0.1096	0.0702	0.0935	0.0867	0.0710
QG37_04077	0.3299	0.4104	0.4386	0.5113	0.4352	0.4156	0.4284	0.4033	0.4355	0.4068	0.4476	0.4578	0.4619	0.5486	0.4142	0.4875	0.4631	0.4353	0.3912	0.4201	0.4372	0.4537	0.4394	0.4509	0.4103	0.3802	0.4271	0.4202	0.4329	0.4756	0.4193	0.4089	0.4892	0.4941	0.4948	0.5073	0.5195	0.5290	0.4455	0.5215	0.4910	0.4425	0.5460	0.5074	0.4735	0.4560	0.3879	0.5074
QG37_04078	0.7881	0.6662	0.5760	0.6311	0.7427	0.5883	0.7975	0.8789	0.8001	0.8731	0.8010	0.7898	0.8741	0.7956	0.8167	0.7765	0.7586	0.7829	0.8827	0.6781	0.6597	0.6988	0.7720	0.7714	0.8406	0.6205	0.8195	0.6526	0.7554	0.6832	0.6730	0.7449	0.8720	0.6732	0.6883	0.8191	0.8498	0.8334	0.7547	0.8022	0.6784	0.6823	0.6851	0.6785	0.8209	0.9080	0.5701	1.0610
QG37_04079	0.9805	0.7370	0.8372	0.7337	0.7790	0.7628	0.8766	0.9302	0.8373	0.7818	0.7936	0.7541	0.8090	0.8945	0.8316	0.7974	0.8954	0.9348	0.7905	0.7626	0.7286	0.6441	0.8884	0.9329	0.9348	0.6700	0.8212	0.6477	0.7356	0.7760	0.7349	0.7057	0.7274	0.7524	0.7981	0.7955	0.7062	0.6869	0.6765	0.9110	0.7564	0.8485	0.7836	0.7427	0.8386	0.8080	0.8142	0.8627
QG37_04080	0.8004	0.7190	0.6184	0.8788	0.7155	0.7206	0.6844	0.7404	0.8923	0.6828	0.7827	0.6834	0.5877	0.7343	0.7859	0.7399	0.7680	0.6699	0.8237	0.7267	0.7135	0.7046	0.9158	0.8311	0.7338	0.6392	0.6529	0.5938	0.6998	0.8530	0.6119	0.6808	0.7382	0.6921	0.8116	0.9138	0.6522	0.8166	0.7400	0.7823	0.6711	0.7580	0.7287	0.8164	0.7135	0.7897	0.8072	0.7276
QG37_04081	0.6757	0.7885	0.5893	0.8788	0.7346	0.8879	0.8933	0.7506	0.8672	0.7741	0.7709	0.7511	0.8118	0.8087	0.7159	0.8595	0.7573	0.6935	0.8156	0.7750	0.8262	0.8826	0.8690	0.8967	0.7869	0.6903	0.7638	0.6963	0.7654	0.3962	0.6890	0.6619	0.8081	0.7723	0.9420	1.0657	0.7807	0.8228	0.9880	0.9343	0.8028	0.8663	0.9797	0.8312	0.8314	0.7640	0.7710	0.7848
QG37_04082	1.0570	0.8791	0.6898	0.9533	0.7601	0.9562	0.9699	0.9180	0.9200	0.8192	0.8246	0.7539	0.9742	1.0054	0.8345	0.8853	0.9221	0.8270	0.9441	0.8755	1.0154	0.9673	0.9193	1.0919	0.7511	0.7959	0.9335	0.8753	0.7851	0.5990	0.7619	0.7356	0.8292	0.9427	1.0396	0.8563	0.9583	0.8576	1.0687	1.0014	0.9506	1.0532	0.8875	0.9785	0.9880	0.9377	0.7940	0.9321
QG37_04083	0.8078	0.7661	0.6644	0.7455	0.6867	0.7747	0.6403	0.7089	0.8538	0.7688	0.6703	0.7696	0.5347	0.8612	0.8449	0.7924	0.7562	0.8652	0.7126	0.6197	0.6047	0.7843	0.8401	0.8292	0.7936	0.6671	0.6187	0.6902	0.8382	0.7454	0.6648	0.6853	0.5518	0.7124	0.6629	0.7173	0.7652	0.7276	0.7228	0.6626	0.8393	0.6873	0.6794	0.7742	0.8348	0.6506	0.7224	0.6893
QG37_04084	0.7010	0.8737	0.7713	0.8013	0.7028	0.7471	0.7616	0.7742	0.8920	0.8914	0.7622	0.7435	0.6776	0.8960	0.8288	0.7605	0.7006	0.8009	0.7538	0.6990	0.9334	0.9127	0.8708	0.8586	0.8249	0.8812	0.6129	0.7692	0.7717	0.6102	0.7091	0.8106	0.7945	0.8909	0.6805	0.8014	0.7438	0.8521	0.9162	0.7246	0.9117	0.6694	0.9165	0.7240	0.8013	0.7282	0.7189	0.8446
QG37_04085	0.6331	0.7785	0.7044	0.7889	0.7329	0.7085	0.8917	0.7133	0.8304	0.6434	0.7780	0.6841	0.8049	0.7312	0.7891	0.8880	0.6857	0.8286	0.7459	0.7960	0.9075	0.7983	0.9821	0.8042	0.7939	0.8915	0.8733	0.7776	0.8120	0.7757	0.7419	0.8424	0.7640	0.8829	0.8699	0.8340	0.7965	0.8284	0.8424	0.7465	0.8190	0.8179	0.7655	0.8448	0.8041	0.8128	0.8607	1.0168
QG37_04086	0.8610	0.5674	0.6722	0.8102	0.6163	0.7696	0.6969	0.7714	0.8083	0.6649	0.7382	0.6628	0.6568	0.7453	0.7603	0.6301	0.6912	0.7774	0.6821	0.8441	0.8778	0.7852	0.8901	0.7350	0.9135	0.6763	0.5643	0.7662	0.5822	0.4804	0.6443	0.6727	0.6859	0.8128	0.5374	0.8408	0.7660	0.9004	0.8147	0.8306	0.8371	0.7941	0.7861	0.7893	0.8246	0.6904	0.8140	0.7052
QG37_04087	1.1343	0.8944	0.7916	0.9239	1.0114	0.9825	1.0738	1.0419	0.9076	0.8287	1.2405	0.9450	0.9605	0.9914	0.9839	0.9765	0.9654	1.0267	0.8940	0.9873	0.9919	1.0613	0.9136	1.0030	1.0414	0.8858	1.0052	0.9943	0.8091	0.8451	0.9402	0.9881	0.9882	0.9499	0.7054	0.9766	0.8763	0.8819	0.9668	1.0613	1.0214	1.0180	0.8010	0.8672	0.8185	0.6975	0.8106	0.8951
QG37_04088	0.8752	0.8447	0.9191	0.9285	0.7673	0.7481	0.7261	0.9158	0.9222	0.7240	0.8715	0.8313	0.8260	0.9824	0.9010	0.8697	0.9248	0.9422	0.9192	0.8846	0.9160	0.8859	0.8793	1.0681	0.9257	0.9811	0.8228	0.8155	0.9091	0.7229	0.8794	0.9017	0.8895	0.8260	0.7904	0.9804	0.8515	0.9866	0.8705	0.8533	0.8084	0.7825	0.8675	0.8825	0.7453	0.9941	0.8639	0.9313
QG37_04089	0.9349	0.9241	0.9598	0.8744	0.9246	0.9619	0.9379	1.0089	1.0196	0.7964	0.9110	0.7855	0.8802	0.9019	0.8177	1.0021	0.8996	1.0175	1.0635	0.8938	1.1606	0.8959	0.9666	1.0581	0.9688	0.9311	0.8611	0.9138	0.9680	0.6393	0.9319	0.8707	0.9129	1.0133	0.8038	0.9245	0.8918	0.9299	0.8393	0.8068	0.8094	0.7607	0.8917	0.8634	0.8625	1.0678	1.0852	0.8764
QG37_04090	1.0419	0.9322	0.9418	0.9344	0.8731	0.8110	0.8852	0.8777	1.0175	0.8457	0.8726	0.8698	0.9462	0.8873	1.0333	1.0623	0.8380	0.9543	1.0524	0.8529	0.8708	0.9540	0.8993	0.9713	0.8989	0.8014	0.9969	0.8076	0.8996	0.8105	0.7977	0.8751	0.8377	0.9847	0.8890	0.8667	0.9164	0.8660	0.9756	0.9510	0.8167	0.8801	0.8487	1.0139	0.9663	0.9359	0.9120	0.8233
QG37_04091	0.8460	0.8667	0.8914	0.8219	0.8527	0.9696	0.9115	1.0227	0.9081	0.8867	0.9064	0.8494	0.8721	1.0278	0.9040	0.8123	0.8990	0.8804	0.8435	0.9394	0.9846	0.8625	0.9243	0.8373	0.8943	0.8640	1.0044	0.8918	0.7792	0.6920	0.8184	0.8208	0.8351	0.8624	0.9512	0.9920	0.9127	0.9892	0.8928	1.0113	1.0176	0.9030	0.9374	0.9186	0.8792	0.9113	0.9416	0.8242
QG37_04092	0.6151	0.7478	0.6624	0.6934	0.8045	0.7050	0.7328	0.7125	0.6970	0.6783	0.6750	0.6877	0.6289	0.7567	0.6624	0.6704	0.7351	0.6829	0.8330	0.7289	0.6929	0.7354	0.6435	0.6275	0.9212	0.7723	0.7019	0.7232	0.6569	0.6059	0.7804	0.6591	0.8277	0.6922	0.5322	0.6413	0.6429	0.7007	0.7103	0.6718	0.6770	0.7481	0.6326	0.9941	0.8868	0.7431	0.8868	0.9741
QG37_04093	0.9400	1.0203	0.9314	1.0226	1.0918	1.0825	0.8127	0.9189	0.9284	1.0526	0.8830	0.9140	0.9379	0.9131	0.8948	0.9355	0.8126	1.0352	0.9238	0.9911	0.9388	1.0223	0.9276	0.8802	0.9423	0.9920	1.1157	0.7919	0.8900	0.6829	0.9488	0.9367	0.9528	1.0361	0.8631	0.8178	1.0044	0.9126	0.9243	0.9118	0.8272	0.9601	0.8772	1.0824	0.9168	0.9672	1.0484	1.0773
QG37_04094	1.0964	1.0123	0.9696	0.9208	1.0097	0.9752	0.9065	1.0815	1.0216	1.0531	1.0035	1.0024	1.0647	0.8151	0.7143	0.9956	0.8971	1.0402	0.9747	1.0644	0.9542	0.9521	1.1199	0.9174	0.8733	1.0518	1.1350	0.7986	1.0674	0.6829	0.8235	0.9344	0.9676	0.9600	1.0752	1.0129	1.0335	0.7563	1.0583	0.9680	1.0513	0.9679	0.8452	0.8530	0.9479	1.1137	1.1210	1.0908
QG37_04095	0.9055	0.9651	0.8093	0.9117	0.9870	0.9852	0.9283	0.9253	0.9603	0.9071	1.0571	0.9569	0.9206	1.0040	0.8654	0.9958	0.9326	0.9561	1.0430	0.9771	0.9770	0.9126	0.9567	0.9821	0.9490	0.8857	0.8734	0.8646	0.8728	0.8691	0.8853	0.8912	0.9512	0.9358	0.9171	0.9263	0.8464	1.0086	0.9605	0.9008	0.9877	0.9589	0.9322	1.0527	0.9504	0.9780	0.9014	1.0496
QG37_04096	1.0224	0.7935	0.9230	0.6573	0.8432	0.8689	0.8904	0.8449	0.7981	0.6900	0.9400	0.6905	0.9137	0.9448	0.8823	0.7167	0.9481	0.7666	0.6611	0.8329	0.8418	0.8224	0.7717	0.7787	0.6445	0.6944	0.9357	0.8122	0.6553	0.9818	0.7572	0.7940	0.6743	0.7260	0.8118	0.6337	0.8305	0.7461	0.8026	0.9450	1.0301	0.7761	0.7173	0.8061	0.7673	0.8915	0.9677	0.8233
QG37_04097	1.0392	0.8341	1.0619	0.6801	0.9735	0.8907	0.9779	0.8793	0.9339	0.9208	0.8902	0.8035	0.8354	1.2069	0.9525	0.9237	0.9762	0.8116	0.9081	0.8687	0.9120	0.9188	0.8262	0.9208	0.8406	0.7547	0.8796	0.8471	0.9102	0.9339	1.0228	0.8730	0.6707	0.9235	0.9526	0.9419	0.9077	0.9175	0.8979	0.9543	0.9983	0.9231	0.8288	0.7949	1.0144	0.9073	0.9423	0.8813
QG37_04098	0.9969	0.9283	0.9806	1.0170	1.0129	1.0094	1.0092	1.0274	0.9677	0.9531	1.0025	0.9344	0.9648	0.9717	0.9906	1.0358	0.9497	0.9449	0.9669	0.9579	0.9757	0.9905	0.8839	0.9536	0.9387	0.9817	0.9967	0.9627	0.8932	0.9782	1.0027	0.9447	0.9954	1.0111	0.9888	1.0045	0.9969	0.9868	0.9984	1.0245	1.0351	0.9659	0.9650	1.0374	1.0002	0.9988	0.9965	0.9748
QG37_04099	0.8768	0.9057	0.9537	0.9198	0.8865	0.9317	0.9505	0.8877	0.9992	0.9430	0.8521	0.9217	0.9322	0.9449	0.9270	0.9506	0.8761	0.9034	0.9419	0.9227	0.9467	0.9519	0.9178	0.9167	0.9302	0.8564	0.9459	0.9394	0.8967	0.8587	0.8648	0.8863	0.9239	0.9361	0.9691	0.9446	0.9440	0.9335	0.9679	0.9455	0.9366	1.0066	0.8763	1.0127	0.9588	1.0332	0.9309	0.9768
QG37_04100	0.8288	0.8194	0.9094	0.7736	0.8550	0.8836	0.9110	0.8290	0.9006	0.8079	0.8885	0.7191	0.8677	0.8297	0.8586	0.7422	0.9221	0.8864	0.9160	0.7905	0.9380	0.7846	0.9428	0.9270	0.9632	0.8430	0.9204	0.8862	0.8128	0.9266	0.8823	0.8016	0.9265	0.8857	0.7402	0.6275	1.0364	0.8594	0.8401	0.9326	0.7864	0.9231	0.6279	0.8890	0.7938	1.0050	0.7657	0.8473
QG37_04101	0.9236	0.7773	0.8786	0.8565	0.8438	0.9141	1.0497	0.9596	0.9859	0.7771	0.8763	0.8428	0.9030	1.0305	1.0180	0.9813	0.8732	1.0007	0.9668	0.9269	1.0648	0.8928	0.9831	1.0177	0.9611	0.9129	0.9863	0.8838	0.7606	0.9470	0.8463	0.7846	0.9540	1.0947	0.7384	0.8206	0.9763	0.9582	0.8969	0.9695	1.0701	0.7967	0.8717	1.1781	0.9589	0.9708	1.0574	0.9769
QG37_04102	0.9089	0.8332	0.7910	0.7297	0.8400	0.7851	0.7934	0.7885	0.8798	0.7505	0.7097	0.7283	0.7759	0.8666	0.8079	0.8547	0.8183	0.8227	0.9029	0.7889	0.9009	0.7884	0.9487	1.0153	0.7833	0.8344	0.8405	0.7450	0.6970	0.7839	0.7669	0.7455	0.7683	0.7124	0.8537	0.7792	0.7946	0.8291	0.8329	0.8590	0.9149	0.8593	0.8265	0.9904	0.9337	0.8958	0.9170	0.8641
QG37_04103	0.9699	0.8435	0.9356	0.6938	0.8496	0.9349	0.7586	0.8081	0.8203	0.7439	0.7934	0.7340	0.8264	0.9405	0.9580	0.9593	0.8425	0.8204	0.8571	0.7875	0.7999	0.8551	0.9187	0.9953	0.7622	0.7189	0.7448	0.7025	0.7068	0.7284	0.8677	0.7570	0.8043	0.8273	0.9691	0.8427	0.9228	0.9192	0.9611	0.8434	0.9388	0.8172	0.8992	1.0200	0.8321	0.7673	0.8261	0.8678
QG37_04104	0.6862	0.7402	0.7584	0.7967	0.7500	0.7915	0.7599	0.7356	0.6505	0.7523	0.6218	0.6732	0.7611	0.6646	0.7380	0.8142	0.7454	0.7419	0.8020	0.7227	0.7090	0.6949	0.7491	0.7809	0.7782	0.7138	0.7587	0.7989	0.7294	0.7157	0.7610	0.6476	0.7882	0.7915	0.8378	0.8234	0.8136	0.9161	0.8030	0.6394	0.7253	0.6438	0.7039	0.8104	0.6492	0.6894	0.8788	0.7711
QG37_04105	0.9241	0.9533	0.9614	0.9430	0.9471	0.9611	0.9250	0.8726	0.9298	0.8801	0.9876	0.8729	0.9549	0.9540	0.9769	0.9602	0.9276	0.9640	0.9563	0.9016	0.9681	1.0146	0.9120	0.8859	0.9664	0.9321	0.9557	0.8991	0.8957	0.8248	0.9021	0.8861	0.9455	0.9253	0.9985	0.9299	0.9734	0.9491	0.9677	0.9480	0.9738	0.9356	0.9354	1.0157	0.9809	1.0007	1.0079	0.9326
QG37_04106	0.9684	0.8974	0.8772	0.9992	0.8943	0.9413	0.9367	0.9628	0.9250	0.9051	0.9938	0.9256	0.9368	1.0078	0.9604	0.9982	0.9904	0.8711	0.8538	0.8049	1.0213	0.9468	0.8262	0.8758	0.9014	0.8934	0.8475	0.8908	0.8627	0.6623	0.8956	0.9797	0.8606	0.7942	0.9693	0.9644	0.9404	0.9471	0.9294	0.8496	0.9735	0.8885	0.9948	0.8843	0.9828	0.9402	1.0104	0.8835
QG37_04107	0.8638	0.8330	0.8723	0.9095	0.8754	0.8243	0.8651	0.9558	0.8975	0.8791	0.9526	0.8005	0.8031	0.8937	0.8806	0.9875	0.8664	0.9839	0.8070	0.8279	0.9052	0.9122	0.8871	0.9046	0.8817	0.8562	0.9466	0.8637	0.8038	0.6990	0.9136	0.8573	0.9338	0.9341	0.9242	0.8620	0.8942	0.9068	0.8732	0.9402	0.9005	0.9053	0.9358	1.0134	0.9677	0.9236	0.9546	0.9118
QG37_04108	0.8669	0.9853	0.8805	0.8960	0.9683	0.9069	0.8547	0.7732	0.9360	1.0221	1.0090	0.9361	0.9585	1.0404	0.8881	0.8746	1.1066	1.0833	0.9625	0.8666	0.9421	1.0256	1.0137	1.0560	1.1635	0.9290	0.8649	0.9311	0.8930	0.7927	1.0236	0.8230	0.8266	0.8551	0.9124	1.0051	0.9249	0.8127	0.8369	1.0100	0.9129	0.8996	0.8105	0.9607	0.9244	0.9804	0.9591	0.8928
QG37_04109	0.7754	1.0282	0.7520	0.8207	0.9077	0.7840	0.7703	0.7709	0.9183	0.9355	0.9707	0.9621	1.0107	0.9426	0.8548	0.9009	1.1565	0.9546	0.9036	0.9491	1.0278	1.1338	1.0311	0.9857	0.9432	0.9551	0.8540	0.9830	0.7631	1.0588	0.9329	0.8636	0.9731	0.8574	0.9666	0.8526	0.8253	1.0110	0.8326	0.8157	0.9658	0.9912	0.8487	1.0832	0.8027	0.9049	1.0225	0.9605
QG37_04110	0.9887	0.8582	0.9669	0.9609	0.8910	0.9283	0.8197	0.8838	1.0270	1.0711	1.0861	0.9283	0.8823	1.0383	0.8092	0.9837	0.9730	1.1251	0.9441	1.0235	0.9520	0.9570	0.9191	0.8440	1.1325	0.9236	1.0204	0.9763	0.8172	0.9182	0.8502	0.9783	0.9758	0.8705	1.0233	0.9404	0.9643	0.9848	0.9799	0.9202	0.9089	1.0367	0.9093	0.9321	0.9861	1.1075	1.1891	1.0954
QG37_04111	0.8636	0.8703	0.8125	0.8196	0.8505	0.8120	0.7319	0.8601	0.8480	0.7449	0.8271	0.8064	0.7807	0.8204	0.8462	0.8461	0.8103	0.8325	0.8667	0.8786	0.9205	0.8045	0.8577	0.8499	0.8786	0.8078	0.8154	0.7384	0.7744	0.7399	0.7272	0.7864	0.8088	0.9046	0.9203	0.8612	0.8479	0.8154	0.7902	0.8509	0.8339	0.8974	0.8095	0.9408	0.8382	0.9215	0.8894	0.8827
QG37_04112	1.4513	1.0492	1.1090	1.1070	1.0500	0.9613	1.0973	0.9094	1.0785	0.9456	0.9837	1.0702	0.8866	0.9961	0.9605	0.9419	0.9562	0.9744	1.2198	1.0682	0.8647	1.1273	0.8799	1.0067	0.9990	0.8505	0.9622	1.0026	0.9224	1.0731	1.0867	0.9182	1.1157	1.2550	1.1510	1.1556	1.1591	1.1758	1.3879	1.3032	1.2334	1.2064	1.1159	1.2137	1.3569	1.2597	1.3340	1.3828
QG37_04113	0.8084	0.7620	0.7157	0.7751	0.7730	0.8886	0.9457	0.9164	0.8398	0.7162	0.8336	0.8861	0.8680	0.8922	0.8996	0.9471	0.8168	0.9082	0.9428	0.8399	0.9834	0.9089	0.9333	0.8549	0.8798	0.8251	0.8442	0.7493	0.7095	0.7814	0.9197	0.8426	0.9808	0.9390	0.9771	0.8767	0.8737	0.9012	0.9470	0.8637	0.9081	0.8912	0.8919	1.0303	0.8760	0.9070	0.8543	0.8674
QG37_04114	0.7131	0.5705	0.7999	0.6090	0.8110	0.6530	0.7032	0.7179	0.7226	0.6995	0.6421	0.5375	0.7020	0.9450	0.7258	0.7396	0.8179	0.7370	0.7633	0.8172	0.7532	0.6414	0.6977	0.8463	0.8648	0.7148	0.7262	0.6305	0.6539	0.7266	0.7339	0.6342	0.6883	0.7941	0.8097	0.8692	0.7772	0.7213	0.8915	0.8561	0.7831	0.6453	0.7180	0.8003	0.7835	0.7888	0.7475	0.7312
QG37_04115	0.8366	0.7867	0.7636	0.7692	0.7955	0.8988	0.7497	0.8422	0.7587	0.6409	0.7747	0.7566	0.7123	0.7887	0.7627	0.8758	0.8107	0.8142	0.7946	0.8439	0.7944	0.8309	0.7444	0.9027	0.8480	0.7689	0.7930	0.7227	0.6374	0.5623	0.6617	0.7537	0.7360	0.8148	0.7074	0.7135	0.6795	0.8093	0.8128	0.7932	0.8410	0.7677	0.7265	0.8961	0.7813	0.8074	0.8567	0.7641
QG37_04116	0.7732	0.9704	0.9677	1.0166	0.9290	0.8731	0.7963	0.9394	0.9789	0.7566	0.8956	0.7213	0.9027	0.9627	0.8461	1.0205	0.8604	0.8750	0.9079	0.9474	0.9000	0.9479	0.8840	0.7914	0.9393	0.9384	1.0246	1.0182	0.8037	0.8160	0.7793	0.8949	0.9324	0.8631	0.9752	0.9286	0.8646	0.8022	0.8376	0.9163	0.8631	0.8124	0.7853	0.9177	0.7739	0.8410	0.8659	0.9010
QG37_04117	0.8910	0.7947	0.8571	0.8990	0.8389	0.8503	0.9053	0.9033	0.8408	0.8100	0.8324	0.8215	0.8355	0.8868	0.9165	0.8969	0.8597	0.9022	0.8754	0.9028	0.8532	0.8888	0.8599	0.8632	0.8669	0.8481	0.8574	0.8142	0.8366	0.7799	0.8668	0.8217	0.8580	0.9145	0.9268	0.9317	0.8519	0.9072	0.9680	0.8661	0.9521	0.8220	0.8550	0.8943	0.8761	0.8964	0.9163	0.8420
QG37_04118	1.1324	1.0086	0.9507	1.0481	0.9199	1.0291	1.1661	1.0339	0.9936	1.0809	0.9484	0.9850	0.8593	0.9382	0.9672	1.1094	1.0504	1.0446	0.9773	1.1109	1.0681	1.0474	0.8754	0.9675	1.1608	0.9350	0.9885	0.8184	1.0732	0.9200	1.0184	1.0878	0.9500	0.9052	1.0097	0.8306	0.7698	0.8575	1.0733	1.0592	1.0073	1.0881	0.8589	1.1704	1.1697	1.0973	1.1105	1.0868
QG37_04119	0.9884	0.9390	0.9464	0.9525	1.0041	0.9685	0.9806	1.0276	0.9735	0.9810	0.9772	0.9098	0.9967	1.0357	1.0236	1.0021	0.9585	1.0284	1.0551	1.0057	1.1011	1.0141	0.9778	1.0284	0.9650	0.9666	0.9336	0.9502	0.9456	0.9357	0.9402	0.9351	0.9837	0.9823	0.9750	1.0429	0.9705	1.0548	1.0171	1.0239	1.0708	1.0282	0.9738	1.0023	0.9594	1.0290	0.9710	1.0362
QG37_04120	1.2264	1.1542	1.0567	0.8304	1.1203	1.1261	1.0764	1.1006	1.0162	1.0293	1.2202	1.0646	0.9552	1.0644	0.9590	1.0378	1.0979	1.1206	1.0954	1.0821	1.0619	1.1384	1.1940	1.1320	1.2283	1.1624	1.0194	1.2422	1.0917	1.1297	1.1037	0.9828	0.9943	0.9007	0.9270	0.7783	0.9722	0.9700	1.1610	1.0329	0.7971	1.0119	1.0851	1.0855	0.9816	1.1691	0.9964	1.0865
QG37_04121	1.0680	1.0041	1.0198	0.8584	1.0756	1.0369	0.9439	1.2064	1.0664	1.0679	1.1413	1.0496	0.9351	1.0682	1.0340	0.9721	1.0563	1.0515	1.0070	1.0084	1.2452	1.0803	1.1377	1.0159	1.0398	1.1408	0.9804	0.9718	1.1057	0.9406	1.1373	1.1008	1.0040	1.0997	0.9564	0.9602	0.8981	1.0479	1.0463	1.0977	1.0245	1.0082	0.9564	1.1726	1.0916	1.0213	1.1115	1.0375
QG37_04122	0.8909	0.8796	0.9230	0.6849	0.8583	0.9800	0.9252	0.9111	0.8331	0.7995	0.8666	0.8468	0.8403	0.9316	0.8722	0.8605	0.7759	0.9000	0.8809	0.8684	0.8124	0.9155	0.8945	0.8805	0.7969	0.8263	0.8817	0.7435	0.7771	0.5699	0.8128	0.8781	0.8436	0.9013	0.8666	0.8889	0.8726	0.8332	0.9721	0.8972	0.8076	0.9558	0.7132	0.8341	0.9613	0.9601	0.9762	0.8524
QG37_04123	0.9856	1.0145	1.0067	0.8031	0.9199	1.0574	1.0589	1.1234	1.1908	1.1461	1.1132	1.1941	1.1109	1.0502	1.0232	1.0915	1.0095	1.0123	1.0711	1.0059	0.8783	1.0818	1.0952	0.9425	0.9269	1.0463	0.9491	1.0564	0.9731	0.8133	1.0575	1.0840	1.0114	1.0002	1.0928	1.0424	1.0209	1.0604	1.0119	0.9871	0.8714	1.0033	0.9877	0.9095	0.9185	1.0433	1.0451	1.1647
QG37_04124	0.9357	0.8667	0.8948	0.7932	0.8737	0.8515	0.8850	0.8408	0.8524	0.8244	0.9140	0.7535	0.7513	1.0180	0.8546	1.0101	0.8265	0.7818	0.9355	0.7984	0.8942	0.8577	0.8068	1.0592	0.8600	0.8221	0.7722	0.9161	0.8229	0.5790	0.9134	0.7775	0.8567	0.8367	0.7720	1.0278	0.8464	0.8360	0.9298	0.7556	0.9427	0.8203	0.8030	0.9145	0.8825	0.8657	0.7851	0.9118
QG37_04125	1.0543	0.9156	0.8454	1.0908	1.0129	0.8824	0.7957	0.7497	0.9704	0.8207	0.9007	0.7865	0.8333	1.1260	0.8238	0.8115	0.8572	0.7507	0.7872	0.9523	0.9120	0.8869	0.8668	1.0304	0.8227	0.8477	0.9735	0.9151	0.9145	0.6993	0.9606	0.8749	0.9171	0.8304	0.8681	0.9751	0.8775	0.7896	0.9880	0.8270	1.0139	0.7427	0.7743	1.0431	0.9514	0.8935	0.9369	0.9520
QG37_04126	0.8468	0.8676	0.8733	0.8980	0.8615	0.8622	0.8322	0.9596	0.8840	0.8220	0.8626	0.9428	0.7385	0.9242	0.8103	0.8466	0.8266	0.9463	0.8159	0.8432	0.8400	0.8446	0.9219	0.9484	0.8520	0.7925	0.8406	0.8220	0.6442	0.7369	0.9681	0.8734	0.9202	0.8923	0.9975	0.8679	1.0019	0.9731	1.0497	0.7564	0.9170	0.9491	0.8633	1.0036	0.7953	0.9325	0.9659	0.9461
QG37_04127	0.8054	1.1257	0.9944	1.0249	0.9914	1.0307	0.8416	1.0286	0.9877	0.7505	0.9044	0.8099	0.9958	1.1130	0.8042	1.1854	0.9415	0.9614	0.8697	0.9631	0.8955	0.9176	1.0395	0.8664	1.1704	0.8890	0.9712	1.0262	0.8534	1.0824	0.7982	0.8266	0.9271	0.8275	0.9660	0.8876	0.9331	1.0086	0.8666	1.0870	1.0536	1.0744	0.9602	0.8593	0.8041	1.0126	0.8449	0.7420
QG37_04128	0.6831	1.1783	1.0407	0.9195	0.8579	0.8980	0.9122	0.9450	0.9580	1.0128	1.0059	0.6966	0.9347	0.9224	0.9589	1.1352	0.9869	0.9555	1.1197	0.8895	1.0612	1.0301	1.1281	0.8618	1.1235	1.1265	1.0986	1.2085	1.1264	1.1503	0.8611	0.9020	0.9467	1.1161	1.1362	0.9680	0.9631	0.8712	0.9822	1.0077	0.9233	0.9231	0.9875	0.9788	1.0976	1.0877	0.8836	0.6790
QG37_04129	0.7185	0.7120	0.7114	0.7449	0.7666	0.7684	0.7029	0.6964	0.7673	0.7133	0.7234	0.7554	0.6647	0.7613	0.8172	0.6981	0.7530	0.8104	0.8354	0.7700	0.8256	0.7138	0.8437	0.6950	0.8254	0.7525	0.8059	0.7849	0.6839	0.6690	0.6915	0.7407	0.7352	0.7886	0.8469	0.7860	0.7118	0.7958	0.7847	0.8164	0.8564	0.7708	0.8323	0.8878	0.8222	0.9058	0.8209	0.8108
QG37_04130	0.7631	0.8093	0.6405	0.7577	0.9267	0.7445	0.8909	0.8900	0.7909	0.8088	0.9251	0.8584	0.8463	0.8557	0.7521	0.8735	0.8555	0.9011	0.9528	0.8314	0.9210	0.8817	0.9410	0.8094	0.8943	0.7747	0.8038	0.8552	0.7840	0.8021	0.8375	0.7807	0.8605	0.8989	0.8804	0.8744	0.8119	0.9354	0.8444	0.7412	0.7941	0.8885	0.6932	0.8299	0.9065	0.8076	0.9196	0.9162
QG37_04131	0.6506	0.6522	0.5180	0.5556	0.6062	0.6920	0.5383	0.6322	0.5706	0.7597	0.5733	0.5881	0.5711	0.7206	0.6719	0.6197	0.5766	0.5910	0.6544	0.5429	0.5809	0.5291	0.6984	0.6432	0.5838	0.4309	0.5427	0.6819	0.5137	0.7035	0.6703	0.5811	0.6802	0.6399	0.4468	0.4551	0.6039	0.5035	0.4681	0.4769	0.4334	0.5020	0.4506	0.5150	0.4608	0.4778	0.5075	0.4884
QG37_04132	0.7759	0.8328	0.7352	0.9136	0.8625	0.8626	0.7810	0.8314	0.7687	0.8075	0.8352	0.7591	0.8018	0.8776	0.9326	0.8891	0.7938	0.8709	0.7721	0.7491	0.8481	0.8403	0.9314	0.8046	0.8582	0.7769	0.8087	0.8796	0.7854	0.7042	0.8866	0.7733	0.8182	0.7422	0.9360	0.8275	0.8909	0.8876	0.8722	0.8366	0.8219	0.7907	0.8489	0.8526	0.8711	0.8210	0.9237	0.8978
QG37_04133	0.7839	0.7960	0.6770	0.8037	0.6084	0.7887	0.7910	0.6970	0.7761	0.6418	0.6961	0.7051	0.8226	0.7507	0.8616	0.8173	0.7084	0.7321	0.7794	0.7414	0.7873	0.7926	0.7879	0.8680	0.7731	0.6938	0.6666	0.7113	0.6458	0.6441	0.7803	0.7908	0.7543	0.7815	0.7628	0.8522	0.7544	0.8284	0.7926	0.7825	0.8503	0.7102	0.8230	0.9024	0.8341	0.8250	0.8257	0.8005
QG37_04134	1.0286	0.9536	0.8651	0.8424	0.7535	0.9172	0.7683	0.9687	1.0139	0.9996	0.8666	0.9081	0.8325	0.8184	1.0019	0.9881	1.0261	1.0913	0.9999	0.9460	0.9519	1.0134	1.0492	1.0073	0.9963	0.8848	0.9738	1.0153	0.8928	0.8199	0.9533	0.9801	0.9832	1.0201	1.0967	1.0280	0.9778	0.9874	1.1065	0.9032	1.0782	0.9973	1.0000	0.7797	0.9661	0.9395	0.8530	0.9689
QG37_04135	0.9048	0.8794	0.8912	0.8194	0.9659	0.9071	0.8407	0.7968	1.0250	0.8987	0.9046	0.9855	0.8564	1.0483	0.8479	0.9543	0.9837	1.0204	1.0046	0.8231	1.0389	0.9051	0.9181	1.0000	0.9696	0.9568	0.9358	0.8945	0.8205	1.0185	0.9284	0.7478	0.9152	0.9697	0.9359	1.0563	0.8061	0.9023	0.9221	0.9850	0.9759	0.9936	0.9005	0.9639	0.9981	1.0150	1.0430	1.0700
QG37_04136	0.7868	0.8080	0.6114	0.8496	0.8176	0.7623	0.8791	0.7326	0.8666	0.6504	0.7613	0.8047	0.8107	0.7329	0.8502	0.8556	0.7420	0.7702	0.8026	0.8126	0.7824	0.8256	0.7413	0.8550	0.7442	0.7531	0.7392	0.7361	0.8099	0.7966	0.8299	0.7225	0.8351	0.8657	0.7959	0.8666	0.7795	0.7975	0.7842	0.8352	0.9136	0.7750	0.7572	0.8594	0.8141	0.9110	0.7133	0.8263
QG37_04137	0.2953	0.6443	0.4818	0.5131	0.5468	0.4742	0.6271	0.5554	0.6492	0.4766	0.5152	0.6127	0.3629	0.5905	0.5210	0.6394	0.6157	0.6291	0.7213	0.5166	0.4943	0.6374	0.5483	0.6473	0.6202	0.5269	0.4683	0.5200	0.4180	0.5083	0.5220	0.5729	0.5718	0.5414	0.5214	0.4403	0.5313	0.5846	0.6221	0.5325	0.5453	0.5961	0.5552	0.8203	0.6528	0.6487	0.5342	0.7884
QG37_04138	0.8252	0.9070	0.8597	0.7038	0.6915	0.7527	0.8545	0.8571	0.8517	0.8100	0.6670	0.7605	0.7967	0.8077	0.7272	0.9039	0.8776	0.8744	0.7398	0.8780	0.8705	0.8181	0.8770	0.9593	0.8048	0.7281	0.7764	0.8015	0.6842	0.7223	0.8305	0.8333	0.8353	0.8120	0.8857	0.8234	0.8539	1.0319	0.8800	0.8515	0.8474	0.9302	0.7033	0.9511	0.8561	0.7978	0.9148	0.9710
QG37_04139	0.7868	0.7495	0.8650	0.8206	0.7819	0.8280	0.8307	0.8648	0.9221	0.8286	0.9654	0.9300	0.7481	0.9080	0.8788	0.8764	0.9026	0.9140	0.9189	0.8794	0.9235	0.7889	0.7761	0.8349	0.8032	0.7461	0.8753	0.8916	0.8736	0.7627	0.9802	0.9761	0.8271	0.7961	0.9145	1.0334	0.9986	0.8015	0.6509	0.8949	0.7756	0.8340	0.7410	0.8700	0.7513	0.8039	0.8818	0.8559
QG37_04140	0.7245	0.7364	0.7982	0.7438	0.6830	0.8136	0.8158	0.7580	0.8523	0.7572	0.8776	0.7287	0.7766	0.8164	0.8463	0.8509	0.8076	0.8470	0.7175	0.7948	0.8194	0.8081	0.7909	0.7745	0.7584	0.6919	0.7613	0.8115	0.7455	0.7493	0.7477	0.7405	0.8340	0.8006	0.8575	0.8342	0.7983	0.8212	0.8414	0.8627	0.9150	0.8470	0.7413	0.9359	0.7985	0.8563	0.8456	0.8500
QG37_04141	0.7919	0.7432	0.8206	0.7828	0.8128	0.8781	0.8922	0.8065	0.7273	0.7714	0.9720	0.6848	0.7686	0.8147	0.7991	0.9375	0.8217	0.7565	0.8253	0.8809	0.8282	0.8462	0.7598	0.7843	0.8488	0.7334	0.6934	0.7928	0.6806	0.6487	0.7724	0.6669	0.7894	0.8315	0.8528	0.8060	0.7584	0.7498	0.8362	0.7304	0.7209	0.8154	0.7061	0.8833	0.8048	0.8136	0.8732	0.8385
QG37_04142	1.0259	0.9828	0.8444	0.9129	0.9639	0.9753	0.9347	1.0747	1.0006	0.9500	0.9895	0.8334	0.8073	1.0638	1.0149	0.9191	1.1250	0.9206	1.0819	0.9941	0.9801	0.9750	1.0149	0.9083	1.0173	0.9614	0.9729	0.8209	0.8178	0.7857	0.8136	0.9136	0.8952	0.9284	0.9276	0.7733	1.0133	0.9126	0.9103	0.9430	0.9106	0.9169	0.9123	0.8804	0.8575	0.9135	0.8221	0.9665
QG37_04143	1.1049	1.0614	1.0699	1.1076	1.1049	1.0780	1.1577	1.0905	1.1141	1.0156	1.0889	1.0941	1.0847	1.0001	1.0169	1.1265	1.0410	1.0591	1.0606	1.0608	1.0725	1.0515	1.1287	1.0130	1.0286	1.0147	0.9674	1.0332	0.9343	0.9115	0.9497	0.9724	1.0234	1.0481	1.0591	1.1538	1.0710	1.0569	1.1208	1.0498	1.0721	1.0858	1.0251	1.0633	1.0494	1.0495	1.1064	0.9865
QG37_04144	1.0335	0.9328	0.8445	0.8618	1.0649	0.9244	0.9948	0.9800	1.0105	0.8775	0.9189	0.8578	0.9388	0.9423	0.8767	1.0155	1.0007	0.9166	0.8945	0.9402	0.9932	0.9936	0.7925	0.8663	0.8790	0.8955	0.9267	0.8896	0.9117	0.8324	0.8898	0.9667	0.9436	0.9837	1.0269	1.0192	0.9844	1.0377	1.0195	0.8337	1.0437	0.9149	0.9632	1.0523	0.8823	1.0023	0.9752	0.9401
QG37_04145	1.0680	1.0061	0.9836	0.9689	1.0694	1.0436	1.0751	0.9890	0.9999	1.0283	1.0551	0.9865	1.0172	0.9674	1.0818	1.0855	1.0227	0.9741	1.0204	1.0683	1.0596	0.9850	1.0876	0.9712	0.9826	0.9369	0.9982	1.0041	1.0392	0.8587	0.9611	0.9551	1.0131	1.0571	1.1020	1.1335	1.0779	1.0872	1.0361	1.0240	1.0634	0.9783	1.0152	1.1485	1.0940	1.1146	1.0127	1.0544
QG37_04146	0.8246	0.7369	0.7419	0.7800	0.8128	0.7937	0.7713	0.7536	0.7865	0.6800	0.7527	0.6664	0.7120	0.7831	0.7927	0.8712	0.7974	0.7549	0.7513	0.7702	0.7797	0.7079	0.7401	0.7722	0.7640	0.7335	0.7667	0.7319	0.6934	0.6669	0.7522	0.7484	0.7434	0.8164	0.8131	0.8415	0.8370	0.8160	0.8281	0.8098	0.8543	0.7899	0.7968	0.8789	0.7886	0.8013	0.8518	0.7441
QG37_04147	0.7895	0.7743	0.8475	0.8518	0.8257	0.7079	0.7949	0.8503	0.8817	0.7819	0.7859	0.8258	0.7243	0.8915	0.7886	0.9051	0.8283	0.8311	0.9036	0.8106	0.8751	0.9355	0.9113	0.8237	0.8411	0.7710	0.7795	0.7472	0.7285	0.6554	0.8785	0.8274	0.7816	0.8353	0.8753	0.8801	0.9409	0.8456	0.7994	0.7703	0.7981	0.8034	0.8948	0.9047	0.8916	0.9113	0.8635	0.9092
QG37_04148	0.9133	0.8892	1.0048	1.0286	0.9120	0.9216	0.9264	0.8257	1.0004	0.9740	0.8685	0.8286	0.8340	0.9559	0.8630	0.8791	0.9898	0.8953	0.9689	0.8929	0.8715	0.8847	0.7639	0.8606	1.0885	0.8199	0.9642	0.8443	1.0114	1.0946	0.9338	0.8610	0.8977	1.0408	1.0868	0.8391	1.0007	0.9419	1.1656	0.9381	0.8781	1.0015	0.9532	1.0473	1.0740	1.1314	0.9299	0.9736
QG37_04149	0.7783	0.8186	0.8085	0.7975	0.7642	0.9611	0.7652	0.9349	0.8485	0.8303	0.8579	0.7318	0.7783	0.9616	0.7780	0.8021	0.8009	0.8794	0.8134	0.7795	0.8360	0.8443	0.8103	0.8226	0.8658	0.7949	0.8275	0.7256	0.7899	0.9360	0.8233	0.8157	0.8408	0.7832	0.9094	0.7897	0.8381	0.7885	0.8252	0.8864	0.8997	0.8562	0.8069	0.9461	0.8414	0.8189	0.9803	0.8195
QG37_04150	0.9503	0.8245	0.8908	0.9757	0.9439	0.9890	0.7936	0.9665	1.0907	0.8804	1.1768	0.9059	0.8651	0.9880	1.0798	1.0946	0.9983	1.1391	1.0043	1.0101	1.0635	0.9241	1.1449	0.9582	1.0249	0.9104	0.9385	0.8786	0.8857	0.8005	1.0943	1.0511	1.0472	1.1369	1.1403	1.0992	1.0088	0.9860	0.9983	1.1401	1.0954	1.0018	1.0092	1.0323	1.1343	0.9788	0.9858	0.9684
QG37_04151	1.0424	0.8206	0.8319	0.8207	0.7855	0.7520	0.6318	0.7558	0.9096	0.6679	1.0100	0.7712	0.9097	0.8809	0.8044	0.9870	0.7121	0.9578	0.8877	0.8638	1.0521	0.8003	0.9078	0.7256	0.9121	0.8091	0.7004	0.7274	0.7386	0.5596	0.7643	0.8405	0.8766	0.8146	0.8387	0.7777	0.9609	0.8422	0.8286	0.9929	0.7947	0.8629	0.7355	0.9593	0.9688	0.7242	0.7678	0.8922
QG37_04152	0.1191	0.0906	0.1510	0.1603	0.1382	0.0955	0.1509	0.1586	0.1331	0.1147	0.1385	0.1460	0.0698	0.1658	0.2109	0.1904	0.1237	0.1130	0.1398	0.1519	0.1058	0.2210	0.1042	0.0728	0.0584	0.0823	0.1668	0.1349	0.1512	0.2189	0.0701	0.1340	0.1507	0.1669	0.1030	0.2482	0.1087	0.2202	0.1823	0.1526	0.1508	0.1609	0.1835	0.2213	0.1097	0.2007	0.1279	0.1457
QG37_04153	1.0031	0.9200	0.7944	0.8378	0.7241	0.7410	0.7461	0.9466	0.7730	0.7760	0.9317	0.8240	0.9060	0.7682	0.8071	0.8291	0.8470	0.9341	0.8674	0.8115	0.9182	0.8781	0.8215	0.9951	0.9312	0.8487	0.9236	0.7824	0.8431	0.9227	0.8164	0.8238	0.7900	0.7941	0.9965	0.9847	0.9321	0.8759	0.9500	0.9277	0.9534	0.8541	0.9085	0.9219	0.9290	1.0002	1.0380	0.9748
QG37_04154	0.8513	0.8148	0.7698	0.9656	0.9129	0.7140	0.9338	0.9139	0.8633	0.7997	1.0909	0.8653	0.7965	1.0522	0.7900	0.8819	0.8598	0.9776	0.9168	0.8774	0.9349	0.8789	0.8292	0.9299	0.9022	0.9180	0.8989	0.8191	0.8399	0.7678	0.8662	0.7440	0.7575	0.8912	0.9812	0.9870	0.9164	0.8865	1.0819	0.9515	0.8254	1.0427	0.8417	0.9978	0.9162	1.0945	0.9929	0.9832
QG37_04155	0.7569	0.9291	0.5292	0.7999	0.8252	0.5809	0.8530	0.7985	0.7075	0.7315	0.5838	0.6805	0.7809	0.8107	0.7379	0.6580	0.8076	0.7849	0.6824	0.6724	0.8409	0.8420	0.6581	0.8152	0.8549	0.7329	0.7568	0.6493	0.6442	0.6311	0.6923	0.5927	0.7047	0.7767	0.7632	0.7421	0.8128	0.7738	0.7409	0.7740	0.7220	0.7014	0.7044	0.7505	0.7812	0.7095	0.6609	0.8440
QG37_04156	0.7839	0.7410	0.6378	0.7902	0.6982	0.7115	0.7449	0.7625	0.7478	0.7236	0.7177	0.7328	0.7215	0.7597	0.7281	0.7814	0.7248	0.7717	0.8180	0.7072	0.8349	0.6966	0.7617	0.8640	0.7966	0.7121	0.7417	0.7547	0.7310	0.5975	0.7704	0.7380	0.8067	0.8159	0.8612	0.8080	0.7699	0.7732	0.9289	0.7288	0.7764	0.7601	0.7619	0.8384	0.7765	0.8451	0.8360	0.7641
QG37_04157	0.9257	0.7484	0.6895	0.7243	0.7489	0.6316	0.7769	0.9928	0.7444	0.7496	0.9111	0.8507	0.8139	0.7021	0.7381	0.7306	0.7332	0.9436	0.9379	0.7379	0.8930	0.8738	0.8782	0.8979	0.7970	0.7143	0.8892	0.8179	0.8683	0.5020	0.8438	0.7854	0.8573	0.9072	0.9965	0.8503	0.9106	0.8653	1.0116	0.8484	0.9078	0.7248	0.8830	0.8080	0.7681	1.0858	0.9053	0.8488
QG37_04158	0.7614	0.7950	0.7221	0.9178	0.7732	0.8019	0.8267	0.8503	0.7453	0.8188	0.7489	0.7871	0.7460	0.8806	0.8603	0.8386	0.8116	0.9159	0.9240	0.7968	0.8690	0.8896	0.8380	0.8852	0.8269	0.7614	0.7629	0.8499	0.8316	0.7545	0.7699	0.7699	0.8448	0.9572	0.8236	0.9064	0.9674	0.9402	0.9379	0.9389	0.8637	0.8869	0.9631	0.9355	0.8483	0.9586	0.9567	0.8374
QG37_04159	1.0056	1.2133	1.0689	1.0050	1.1556	0.9322	0.8480	0.9417	1.0187	1.0411	0.8062	1.1298	1.0088	1.1735	1.0959	1.0724	1.0249	1.2305	1.2536	1.0133	1.0689	1.2168	0.9902	1.1182	1.1274	1.2453	1.0635	1.1174	1.0618	0.9882	1.0008	1.1549	1.1600	1.1597	0.9967	0.9112	1.0947	1.0714	1.1914	1.1946	1.1284	1.0443	1.1724	1.0381	1.2535	1.1023	1.2686	1.0629
QG37_04160	0.9099	0.9778	0.7961	0.9948	1.0919	0.9636	0.9484	0.9860	0.9571	0.9536	0.8663	1.0689	0.9916	1.0694	0.9950	0.9189	0.9588	1.0661	1.0017	0.9743	1.1044	1.0675	0.9512	1.0513	0.9483	0.9181	1.0504	0.8843	1.0784	1.1155	1.0199	0.9174	1.0627	0.9810	1.0511	0.9630	1.0629	1.0225	0.9177	1.1267	1.1518	0.9341	1.0055	1.2250	1.1282	0.9368	1.1325	1.0803
QG37_04161	0.8467	0.8040	0.6931	0.8890	0.8549	0.8244	0.8329	0.7647	0.8977	0.7794	0.8479	0.7673	0.6970	0.8778	0.8345	0.7741	0.8141	0.8986	0.8492	0.7368	0.9704	0.7899	0.9273	0.8686	0.7341	0.7620	0.8287	0.7959	0.7098	0.5868	0.7820	0.8317	0.7810	0.7679	0.7919	0.8241	0.8122	0.8277	0.8584	0.8612	0.8234	0.8564	0.7909	0.8429	0.8203	0.8811	0.7574	0.8186
QG37_04162	0.6287	0.4485	0.3266	0.4010	0.4986	0.5219	0.4997	0.3904	0.4871	0.4174	0.4505	0.5942	0.4819	0.5294	0.4075	0.4311	0.4596	0.4688	0.5146	0.4737	0.5066	0.4748	0.5103	0.4415	0.5240	0.4446	0.3743	0.4545	0.3343	0.4068	0.4909	0.5170	0.4362	0.4918	0.5466	0.4530	0.5144	0.5173	0.6182	0.5803	0.5174	0.6548	0.6798	0.4323	0.4510	0.5528	0.5047	0.5512
QG37_04163	0.6097	0.7008	0.5831	0.7760	0.6986	0.6864	0.7458	0.7640	0.7346	0.7055	0.7395	0.6786	0.6421	0.9134	0.7997	0.6725	0.7952	0.7005	0.7928	0.7960	0.7422	0.7337	0.7051	0.7917	0.7632	0.6881	0.7501	0.7142	0.6591	0.7420	0.7269	0.6728	0.6518	0.7279	0.6753	0.7109	0.7709	0.7334	0.7895	0.9015	0.7527	0.7579	0.7890	0.7640	0.7667	0.7563	0.7861	0.8038
QG37_04164	0.8205	0.7913	0.6456	0.8928	0.7964	0.8431	0.7941	0.7950	0.8277	0.6699	0.7603	0.7853	0.6967	0.8652	0.7832	0.8943	0.7650	0.8377	0.8200	0.7091	0.9125	0.8318	0.8423	0.8040	0.7928	0.7826	0.7453	0.6875	0.7535	0.6350	0.8527	0.7568	0.7249	0.7830	0.7608	0.8088	0.8133	0.8505	0.7574	0.8031	0.8995	0.7580	0.7639	0.8456	0.7519	0.8978	0.8645	0.8649
QG37_04165	0.7261	0.9077	0.8268	0.8843	0.9928	0.7868	0.8317	1.0178	0.9284	0.8656	0.8734	1.0403	0.9226	0.8177	0.9663	0.9578	1.0022	0.9149	1.0160	0.9059	1.0326	1.1053	1.0440	0.8812	1.0431	0.9248	1.1305	0.8408	1.0054	0.6841	1.1400	1.1329	0.8488	1.0177	1.0851	0.9818	0.9230	1.0116	1.0345	1.0581	1.0149	1.0350	0.7932	1.0121	0.9984	1.1292	1.1525	1.0123
QG37_04166	0.8715	0.7604	0.7329	0.7729	0.7795	0.7975	0.7915	0.8453	0.8095	0.7223	0.7338	0.7023	0.6617	0.8381	0.8535	0.8973	0.7775	0.8486	0.8230	0.7708	0.7353	0.7742	0.7540	0.8304	0.7957	0.8398	0.8310	0.7590	0.7337	0.7857	0.8136	0.6994	0.7864	0.7899	0.8895	0.8279	0.8125	0.8079	0.8195	0.7857	0.8145	0.8269	0.7733	0.8816	0.8351	0.9475	0.8690	0.8456
QG37_04167	0.8782	0.7652	0.7686	0.7436	0.8464	0.7932	0.6831	0.7367	0.8910	0.8370	0.7863	0.7374	0.8148	0.8262	0.8700	0.9115	0.7561	0.7924	0.9053	0.7736	0.8714	0.8863	0.7859	0.7630	0.8253	0.8788	0.8016	0.7515	0.9639	0.8030	0.7202	0.8212	0.9706	0.8681	0.7165	0.7742	0.9072	0.8763	0.9759	0.6179	0.9430	0.9420	0.8681	0.7687	0.8550	0.9293	0.7727	0.9362
QG37_04168	0.9547	0.8450	0.9020	0.7192	0.8247	0.8258	0.6810	0.8384	0.7801	0.8234	0.7683	0.8238	0.7593	0.9253	0.8773	0.7895	0.7695	1.0243	0.8219	0.7387	0.8331	0.9883	0.9152	0.9102	0.8701	0.8238	0.8541	0.8004	0.7865	0.6438	0.9085	0.8466	0.8287	0.7221	0.6079	0.7690	0.9431	0.8948	0.8484	0.7056	0.8803	0.7354	0.8231	0.9828	0.9680	0.9059	0.8906	1.0095
QG37_04169	0.9503	0.9056	0.6745	0.6732	0.9126	0.8291	0.6345	0.8697	0.9010	0.8226	0.7665	0.7808	0.7363	0.9777	0.9634	0.8147	0.8526	1.0369	0.9086	0.8577	0.8525	0.9384	0.8662	0.7524	1.0129	0.8523	0.8942	0.9538	0.7511	0.7687	0.8377	0.7753	0.9535	0.8359	0.8601	0.9246	0.9447	1.0666	0.9519	0.8965	0.9392	0.9266	0.7574	0.8976	1.0260	0.9707	1.0163	1.1225
QG37_04170	0.9001	0.9105	0.8183	0.9357	0.9256	0.8744	0.8749	0.9569	0.9078	0.8629	0.8349	0.8503	0.8375	0.9175	0.9603	0.9754	0.9031	0.9280	0.9191	0.8709	0.9143	0.8754	0.8765	0.9234	0.9539	0.9064	0.9229	0.9199	0.8513	0.9206	0.8338	0.8757	0.9264	0.9234	0.9068	0.9738	0.9257	0.9327	1.0046	0.9216	0.9257	0.9369	0.9596	0.9875	0.9844	0.9413	1.0090	0.9409
QG37_04171	0.8077	0.8457	0.7751	0.8351	0.8245	0.8664	0.8357	0.9146	0.7473	0.9401	0.7510	0.9213	0.8378	0.8887	0.8877	0.8731	0.8607	0.8759	0.8968	0.8117	0.8479	0.9722	0.8762	0.8607	0.8453	0.8154	0.8630	0.8507	0.6894	0.5887	0.6638	0.8079	0.9327	0.8351	0.9149	0.9394	0.8611	0.8291	0.9413	0.8540	0.9368	0.9729	1.0288	0.9486	0.9247	0.7922	0.9003	0.8592
QG37_04172	0.7851	0.9514	0.8879	0.9156	0.8644	0.8537	0.7467	0.9717	1.0068	0.9628	0.7372	0.9311	0.8296	0.8050	0.9015	0.7757	0.8753	0.8801	0.9124	0.8243	0.8970	0.8917	0.8967	0.8561	0.8759	0.8694	0.8789	0.8567	0.7594	0.4668	0.8904	0.8461	0.9277	0.9355	0.8602	0.9802	0.9005	0.9623	0.8387	0.8278	0.9079	0.9063	0.8548	0.9703	0.8155	0.9532	0.9529	0.8219
QG37_04173	0.7354	1.0377	0.8885	0.8437	0.7360	0.7689	0.8789	0.8458	0.9364	0.8677	0.7891	0.8674	0.8625	0.9689	0.8803	0.9654	0.9825	0.7417	0.8576	0.8224	0.9562	0.9354	0.8500	0.8421	1.0265	0.7912	0.7437	0.7878	0.7464	0.7266	0.8044	0.9102	0.8745	0.7908	0.8980	1.0084	0.9095	1.0294	0.8993	0.8835	0.9258	0.9813	0.9741	1.0289	0.9188	1.0162	0.9179	0.9199
QG37_04174	0.8918	0.8776	0.9442	0.8491	0.9282	0.8584	0.8595	1.0324	0.8601	0.8297	0.8891	0.9166	0.8447	0.9448	0.8637	0.9648	0.8127	0.8469	0.7531	0.8110	0.8777	0.8217	0.8119	0.9349	0.9472	0.7956	0.8489	0.6842	0.8106	1.0212	0.7447	0.6869	0.8018	0.8909	0.8873	0.9509	0.9157	0.9287	0.9986	0.9618	0.8606	0.9015	0.9312	0.9954	0.9175	0.9350	0.8347	0.9565
QG37_04175	0.9031	0.8451	0.8757	0.9298	0.9642	0.8276	0.9871	0.9110	0.9255	0.8951	0.9336	0.9003	0.9160	0.9320	0.9291	0.9412	0.9122	0.9243	0.9204	0.9089	1.0044	0.9692	0.9483	0.9217	0.8797	0.8693	0.9061	0.8494	0.8824	0.8102	0.8804	0.9029	0.8807	0.9592	0.8860	0.9578	0.9119	0.9521	0.9965	0.9323	0.9873	0.9440	0.9357	0.9930	0.8847	1.0075	0.9561	0.9160
QG37_04176	1.0752	1.3503	1.1603	1.0885	1.2549	1.1211	1.0543	1.2502	1.2911	1.0349	1.0187	1.0700	1.0358	1.0844	0.9669	1.0609	1.0328	1.2337	1.0393	0.9346	1.1468	1.1170	1.1286	1.1050	1.0585	1.1806	1.1287	1.2620	1.0629	0.9958	1.0662	1.2222	1.1184	1.0479	1.0219	1.1010	0.9755	1.2531	0.9619	1.1084	1.1395	1.1593	0.9094	1.0761	1.0304	1.0473	1.1829	1.0192
QG37_04177	0.8370	0.8637	0.7783	0.7177	0.8187	0.8304	0.8204	0.8903	0.8433	0.8353	0.8209	0.8061	0.7806	0.7962	0.9041	0.8410	0.7782	0.8511	0.8442	0.8370	0.8989	0.8861	0.8811	0.8647	0.8808	0.8707	0.7798	0.7966	0.7459	0.8442	0.8704	0.8030	0.8862	0.8792	0.9452	0.9231	0.8959	0.9180	0.8304	0.8286	0.8861	0.9116	0.8967	0.9088	0.9843	0.9124	0.8531	0.9338
QG37_04178	0.8338	0.7929	0.8097	0.8382	0.7359	0.7804	0.7844	0.8393	0.8406	0.7098	0.7293	0.8080	0.7181	0.8335	0.9114	0.8677	0.7792	0.8653	0.7896	0.7643	0.8862	0.8446	0.8268	0.8032	0.8378	0.7687	0.7956	0.8468	0.6719	0.7760	0.8469	0.7724	0.8491	0.7726	0.8933	0.8362	0.8136	0.8216	0.8704	0.8655	0.8760	0.8286	0.8785	0.8344	0.7689	0.8332	0.9144	0.8940
