GENE	CDC_B11096	CDC_B11097	CDC_B11098	CDC_B11099	CDC_B11101	CDC_B11102	CDC_B11103	CDC_B11105	CDC_B11112	CDC_B11113	CDC_B11114	CDC_B11115	CDC_B11116	CDC_B11117	CDC_B11118	CDC_B11119	CDC_B11200	CDC_B11201	CDC_B11205	CDC_B11206	CDC_B11207	CDC_B11208	CDC_B11209	CDC_B11210	CDC_B11212	CDC_B11213	CDC_B11214	CDC_B11215	CDC_B11216	CDC_B11217	CDC_B11218	CDC_B11219	CDC_B11220	CDC_B11221	CDC_B11222	CDC_B11223	CDC_B11224	CDC_B11225	CDC_B11226	CDC_B11227	CDC_B11228	CDC_B11229	CDC_B11230	CDC_B11243	CDC_B11244	CDC_B11245	CDC_B11246	CDC_B11247
QG37_06310	0.6717	0.6752	0.6340	0.6834	0.7738	0.7236	0.7367	0.7474	0.7896	0.7308	0.8341	0.6767	0.7084	0.7808	0.7539	0.9032	0.8005	0.7645	0.8533	0.7493	0.7161	0.7535	0.7779	0.8437	0.7496	0.6678	0.7185	0.6960	0.6923	0.5923	0.7763	0.6699	0.7143	0.7795	0.7473	0.7788	0.8160	0.8353	0.8074	0.7731	0.7471	0.8303	0.7863	0.8152	0.7942	0.8453	0.8034	0.8152
QG37_06311	0.8678	0.8247	0.8297	0.8968	0.7524	0.8181	0.8188	0.8665	0.8136	0.8036	0.8463	0.8057	0.7475	0.8573	0.8354	0.8787	0.8010	0.8635	0.8829	0.8298	0.8872	0.8232	0.8743	0.8022	0.8238	0.8164	0.7952	0.7768	0.7731	0.7369	0.8385	0.8087	0.7768	0.9480	0.8583	0.8405	0.8528	0.9207	0.9113	0.8204	0.8769	0.8200	0.8299	0.9881	0.8495	0.8961	0.8659	0.8740
QG37_06312	0.8496	0.8996	0.9197	0.9032	0.8835	0.8617	0.8734	0.9158	0.8691	0.8753	0.9127	0.7603	0.8631	0.8729	0.8039	0.8698	0.8442	0.9067	0.8927	0.8943	0.9295	0.8950	0.8512	0.8992	0.8630	0.8740	0.8285	0.8598	0.8028	0.7430	0.8107	0.8196	0.8433	0.8525	0.9463	0.8398	0.8543	0.8940	0.8932	0.8506	0.8696	0.8139	0.8315	0.9626	0.8639	0.8827	0.9088	0.9331
QG37_06313	0.9107	0.8105	0.9999	0.9015	0.8661	0.9306	0.9964	0.9557	1.0123	0.9807	1.0055	0.8062	0.9314	0.8258	0.9340	0.8191	0.9531	0.8302	0.9678	0.9551	0.9496	0.8521	0.8999	0.9243	0.9296	0.8955	0.7145	0.8856	0.9692	0.9827	0.8557	0.8243	0.9065	0.8557	0.8573	1.0330	1.0017	0.8821	0.9007	0.9377	0.9301	0.7599	0.9165	0.9181	0.9193	0.9241	0.9674	0.9612
QG37_06314	1.0028	0.8888	0.9314	1.0992	0.8104	0.9947	0.9931	0.8780	0.9542	0.9312	0.9082	0.8407	0.9741	0.7629	0.8578	1.0373	0.9247	0.8158	1.1990	0.9181	1.0143	0.8579	0.9871	1.1224	0.9950	0.8290	0.9502	0.8501	0.9570	1.1940	0.7649	0.8272	1.2044	1.0770	0.7855	1.0985	0.9809	0.9243	0.9650	0.8905	1.0766	0.8905	0.9053	1.0639	0.9599	0.9080	0.8667	1.0262
QG37_06315	0.9531	0.9738	0.8762	0.8956	0.9762	1.0998	0.9525	0.8727	1.1458	0.9331	0.9173	0.8787	0.9487	0.8896	1.0034	0.9387	0.8467	0.9589	1.0330	0.8914	1.0455	1.0007	0.9470	0.9413	0.8787	0.9185	0.9318	0.9560	0.8910	1.1188	0.9568	0.8687	0.8959	0.7834	1.0928	1.0086	1.0877	1.0728	0.9949	1.0331	1.0218	0.9673	0.9800	1.0607	0.9093	0.9062	1.0157	0.9445
QG37_06316	1.0772	0.9942	0.9205	0.9328	0.9493	0.9575	0.9767	0.9680	0.9848	0.9838	0.9375	1.0058	1.0086	1.0482	0.9126	0.9518	0.9574	0.9463	1.0844	0.9582	1.0012	0.9670	0.9196	0.9859	0.9661	0.9578	0.9129	1.0150	0.9487	0.9497	0.9562	0.9648	0.9985	0.8963	0.9807	0.9363	1.0139	0.9686	0.9146	1.0377	0.9664	1.0123	1.0503	0.7407	0.7578	0.8295	0.8503	0.7643
QG37_06317	1.0137	0.9862	1.0935	0.9826	1.0175	1.0543	1.0045	1.0129	0.9934	1.1460	1.0854	1.0099	0.9912	1.1562	1.0340	1.0012	1.0794	0.9819	1.0769	1.1004	1.1177	1.0417	1.0369	1.0806	0.9473	1.0155	1.0089	1.0458	1.0521	1.0424	1.2169	1.0250	1.0673	0.9416	1.0545	1.0249	1.1712	1.0531	0.9972	1.0336	1.0379	0.9781	1.0655	0.8945	1.0225	1.0347	1.1316	1.0832
QG37_06318	1.0593	0.9947	1.0270	0.9787	0.9928	1.0763	1.0509	1.0745	1.0531	1.0925	0.9878	1.0022	1.0718	1.0716	1.0215	0.9922	1.0407	1.0079	1.0290	1.0015	1.0351	1.0800	1.0151	1.0192	1.0064	0.9508	1.0029	1.0122	1.0004	0.9588	0.9286	1.0175	1.0557	1.0581	0.9674	1.0782	1.0118	0.9938	1.0032	0.9947	1.0472	0.9377	1.0156	0.9926	1.0163	0.9830	1.0591	1.0936
QG37_06319	0.9209	0.7803	0.9630	0.8408	0.8694	0.8520	0.9368	0.8362	0.9420	0.8753	1.1141	0.9067	0.9388	0.9408	0.9630	0.9010	0.8757	0.9487	0.8263	1.1619	0.8942	0.8185	0.9527	0.9686	0.9384	0.9286	0.8932	0.9928	0.9320	0.7993	0.8726	0.8784	1.0001	1.0304	0.8317	1.0715	1.2101	0.8037	0.8979	1.1141	1.1062	0.9009	0.7327	0.9260	0.9806	1.1100	1.0552	1.0231
QG37_06320	0.9649	0.9552	1.1090	1.0943	1.0031	1.0196	1.0231	1.0062	0.9720	1.0917	1.0218	0.9925	1.0624	1.0259	0.9639	0.9261	0.9461	0.9133	0.8972	0.9331	0.9845	0.9920	0.9458	1.0632	1.0260	0.9572	1.0933	1.0108	0.9304	0.6550	0.8559	0.8710	1.0224	1.0269	0.9843	0.9222	1.0012	0.9116	1.0937	0.9716	0.9468	1.0487	0.8408	1.0249	0.9555	1.1149	1.0585	1.0095
QG37_06321	0.8569	0.9533	0.9294	0.9526	0.9460	0.9735	1.0055	1.0110	0.9717	0.9268	0.8846	0.8381	0.9685	0.8942	0.9213	1.0029	0.9413	0.9503	0.9486	0.9782	0.9900	0.9378	0.9301	0.9079	1.0546	0.9032	0.9346	1.0066	0.8778	0.9245	0.9364	0.9162	1.0285	1.0266	0.9795	1.0257	0.9256	1.0211	0.9249	1.0126	0.9493	0.9480	1.0193	0.9241	1.0020	0.9988	0.9803	0.9301
QG37_06322	1.1166	0.9798	0.8754	0.7956	0.9504	1.0253	0.9326	0.9330	1.0333	0.9378	1.0089	0.9535	0.9300	0.9581	0.9169	0.9568	0.9410	1.0196	0.9663	0.9293	0.8563	0.9793	0.9459	0.9015	1.0791	1.0548	0.9768	1.0566	1.0089	0.9075	1.0579	0.9881	0.9449	0.9362	0.9575	0.9920	0.8340	0.9829	0.9127	0.8584	0.9184	1.0028	0.8873	0.9836	0.9105	0.9195	0.9948	0.9331
QG37_06323	0.9021	0.8565	0.7925	0.9631	0.9793	0.8926	1.0339	0.8771	0.7606	0.8853	0.8643	0.7153	0.7574	0.7936	0.7682	0.8434	0.8763	1.0355	0.8279	0.8574	0.9259	0.8870	0.7984	0.8578	0.7985	0.8244	0.9495	0.8512	0.8619	0.5756	0.8344	0.7809	0.7980	0.8691	0.7326	0.9666	0.9602	0.9435	0.8052	0.9568	0.9500	0.9453	0.7200	0.9591	0.8511	0.9715	0.9620	0.8150
QG37_06324	0.8482	0.7920	0.8965	0.7734	0.8161	0.7907	0.8453	0.7984	0.7967	0.7302	0.7597	0.6920	0.7727	0.8933	0.7007	0.8631	0.9606	0.8528	0.8620	0.7630	0.8469	0.7402	0.7993	0.7149	0.7595	0.8112	0.8992	0.7424	0.6794	0.8948	0.7584	0.8213	0.7130	0.7408	0.6736	0.7943	0.9200	0.8410	0.8643	0.8262	0.8887	0.8423	0.7051	0.9375	0.8037	0.9152	0.7740	0.8181
QG37_06325	0.8733	0.4896	0.4529	0.5229	0.6258	0.6089	0.5149	0.6062	0.5253	0.5643	0.6376	0.3944	0.3681	0.6522	0.4263	0.4501	0.4663	0.5891	0.5564	0.5335	0.5153	0.6781	0.6317	0.5381	0.6120	0.5118	0.6277	0.4512	0.4500	0.3986	0.5263	0.5182	0.5428	0.7393	0.5482	0.5073	0.5549	0.5471	0.4997	0.5383	0.7376	0.5111	0.6254	0.8110	0.5574	0.6449	0.5614	0.5623
QG37_06326	0.7695	0.7873	0.9537	0.8978	0.8938	0.9224	1.0193	0.8262	0.7795	0.9783	0.8243	0.8666	0.9254	0.8202	0.8615	1.1638	0.9203	0.8736	0.8800	0.8505	0.9350	0.9603	1.0665	0.9691	0.9195	1.0081	0.9407	0.9604	0.8161	0.7472	0.8746	0.9771	0.8955	0.9286	0.7767	0.9993	0.8480	0.7557	1.0894	0.8898	1.0739	0.9010	0.8853	0.9046	0.8248	0.9813	0.8986	0.9578
QG37_06327	0.8744	0.8749	0.8557	0.9145	0.7463	1.0462	0.9588	1.0821	0.8117	1.0040	0.9968	0.9965	0.7360	0.9198	0.9711	0.9734	0.9303	0.9736	0.8637	0.7230	0.9695	0.8913	0.9622	0.8520	0.9621	0.9457	0.8926	0.9240	0.8988	0.8648	0.8334	0.8030	0.7740	0.8686	1.1216	0.9674	1.0582	0.9618	0.8276	0.9343	0.9760	1.0383	0.9375	0.7937	0.8696	0.9422	0.9503	0.9349
QG37_06328	1.0253	0.9867	0.9647	1.0068	0.9273	0.9546	1.0165	0.9296	0.9703	0.8814	0.9841	0.9099	0.9241	1.0062	0.8834	0.9939	0.9510	0.9060	0.9904	1.0044	0.9963	0.9497	0.9555	0.9677	0.9154	0.9250	0.9814	0.9762	0.8853	0.8563	1.0169	0.9574	0.9107	0.9071	0.9907	0.9973	0.9845	0.9802	1.0075	0.9735	1.0427	0.9622	0.9828	1.0026	1.0064	1.0054	1.0483	0.9484
QG37_06329	1.0907	1.0169	1.0333	0.9620	1.0845	0.8057	0.9690	0.9808	0.9624	0.9282	0.9114	0.9845	0.8422	1.0599	1.0183	1.0731	0.9160	1.0428	0.8933	0.9810	1.0187	0.8857	0.9959	0.8873	0.9830	0.9631	1.0144	0.9744	0.9835	0.8721	1.0881	1.0602	1.0530	1.1116	0.9551	0.9239	1.0368	1.0110	1.1313	1.0324	1.0524	0.8986	1.1188	1.1441	0.9883	1.0812	0.9745	1.1185
QG37_06330	0.9528	0.9525	0.9479	0.8977	0.9998	0.9910	0.9629	0.9361	1.0539	0.8805	0.9568	0.9413	0.9561	1.0850	1.0084	1.0297	0.9283	0.9477	0.9299	0.9533	0.9897	0.9615	0.9026	0.9974	0.9042	0.8882	0.8856	0.9349	0.8650	0.9491	0.9271	0.9425	0.9845	0.9459	0.9674	0.9773	0.9512	0.9128	0.8841	1.0089	1.0426	1.0596	0.8487	0.9887	0.9407	1.0184	0.9737	0.9484
QG37_06331	0.9748	0.9912	0.9283	1.0053	0.9831	0.9832	0.9464	1.0758	1.0033	1.0884	1.0883	1.0446	0.9200	0.9652	0.9917	0.9846	0.9758	0.9640	1.0375	1.0291	1.0542	1.0421	1.0533	1.0089	0.9121	0.9298	0.9446	0.9866	0.8992	0.6457	0.8713	0.8502	0.9221	0.9728	1.0910	0.9718	0.9340	0.8557	0.9767	0.9078	0.9487	1.0160	1.0136	1.0953	0.8502	0.9017	0.8428	0.9302
QG37_06332	0.9634	0.9531	0.9114	0.8792	0.9361	0.9989	0.8168	0.8881	0.9405	0.9764	0.9570	0.9553	1.0087	0.9601	0.9632	0.9450	1.0139	0.9883	1.1260	1.0535	1.0155	0.9742	1.1600	1.0227	0.9561	1.0947	0.9910	1.0381	1.0064	1.1440	1.0653	0.9938	1.0583	0.9514	1.0961	0.9385	1.1271	1.0766	0.9424	1.0815	0.9963	1.1243	1.1253	0.9723	1.0688	1.0238	1.0480	1.0062
QG37_06333	1.0142	0.9901	0.9749	1.0174	0.9885	0.9550	0.9969	0.9630	0.9706	1.0154	1.0151	0.9032	0.8857	0.9976	0.9675	0.8516	0.9472	0.9527	1.1047	1.0147	1.0344	0.9770	0.9940	0.9459	0.9361	1.0777	0.9358	1.0691	1.0242	0.8891	1.0267	0.8894	1.1125	1.0106	0.9851	0.9680	1.0053	1.0071	1.0116	0.9724	0.9618	0.9928	0.9925	1.0231	0.9887	0.9896	1.0181	1.0022
QG37_06334	0.8784	0.9793	0.9683	1.0098	0.9332	1.1049	0.9268	0.9466	1.0042	1.0389	0.8968	0.8933	0.9090	0.8811	0.9810	0.8060	0.9059	0.9666	1.1568	1.0729	0.8449	0.9085	0.9818	1.0186	0.9501	0.9514	1.0514	0.9690	0.9164	0.8087	1.1142	1.1007	0.9987	1.1034	0.9343	0.8393	0.9603	1.1608	0.8276	0.9745	0.8897	0.9948	0.9717	0.8740	0.9787	0.8848	1.0653	0.8254
QG37_06335	0.8512	0.9975	0.9310	1.0219	0.9917	0.9820	0.9650	0.9260	0.9438	0.8711	0.9227	0.9415	0.9829	0.9847	0.9576	1.0343	0.9505	0.9871	1.0490	0.9742	1.1113	0.9783	0.9468	0.8526	0.9645	0.9861	1.0180	0.8643	0.9745	0.9967	0.8198	0.8591	1.0222	0.9927	0.9516	0.9613	0.9396	1.0259	0.9209	0.9393	0.9525	0.9144	0.9269	1.0098	0.9499	1.0781	0.9865	0.9557
QG37_06336	0.9156	0.8627	0.9269	0.9175	0.9700	0.9497	1.0049	1.0552	0.9171	0.9378	0.8379	0.9524	0.9312	0.9996	1.0426	0.9881	1.0173	0.9755	0.9323	0.9336	0.9117	0.9287	0.8801	0.9860	0.9990	0.8703	0.9493	0.9479	0.8388	0.6981	0.8259	0.9608	0.8591	0.8951	1.0014	0.9936	0.9012	0.9581	0.9549	0.8671	0.9106	0.9212	0.9736	0.9082	0.9392	0.9147	0.9980	0.9674
QG37_06337	0.9878	1.0566	0.9269	0.9232	1.0387	0.9977	0.9965	0.9613	1.0043	0.9588	0.9794	0.9118	1.0343	0.9661	0.9563	1.0057	0.9385	1.0745	0.9899	0.9748	0.9985	0.9809	0.9659	0.9318	0.9696	0.9355	0.9039	0.9743	0.9240	0.9818	1.0661	0.9675	1.0074	1.0042	0.9751	1.0705	0.9837	0.9622	0.9204	0.9498	1.0031	1.0163	0.9752	1.0266	0.9930	1.0134	1.0753	0.9885
QG37_06338	0.8950	0.9797	1.0422	0.8873	0.9018	0.9560	1.0662	0.9557	0.9499	0.8509	0.9980	0.8070	0.8696	0.8857	0.8012	0.9218	0.9797	1.0714	0.8464	0.9053	0.9924	0.9714	0.9478	1.1164	0.9171	0.9083	1.0037	0.8902	1.0083	0.6775	0.7454	1.1817	0.9530	1.0102	0.8538	0.9739	0.9062	1.0264	0.9383	0.9639	0.9412	0.9428	0.7907	1.0397	0.9484	0.9173	0.9515	0.9128
QG37_06339	0.9725	0.9803	0.9129	0.8367	0.9778	0.9833	1.0109	1.0346	0.9640	0.9735	0.8877	0.9502	1.0002	1.0536	1.0195	0.9460	0.9431	0.9849	0.9463	0.9961	1.0005	1.0085	0.8958	0.9317	0.9620	0.9512	1.0343	0.9480	0.9666	0.8821	0.8460	0.9006	1.0289	0.9838	0.9225	1.2400	1.1748	0.9884	1.0998	0.9196	0.9619	0.9981	0.9517	1.0473	0.9854	0.9629	0.9489	1.0369
QG37_06340	1.0212	1.0940	0.9476	0.8964	1.1811	0.9910	1.1606	0.9952	1.0463	1.0580	0.9805	0.8532	1.0260	0.9304	1.0404	0.9581	1.0073	0.9839	0.9431	1.0360	1.1187	1.0684	1.0696	1.1310	1.0307	0.9759	1.0853	1.0921	0.9725	0.9560	1.0129	1.0064	1.1871	0.9613	1.1118	1.1632	1.1707	1.1829	1.0979	1.0162	1.1058	1.1263	0.9459	1.3575	1.2272	1.1323	1.0032	1.0238
QG37_06341	1.0415	1.0845	1.0616	0.8568	1.0613	1.0225	1.0703	1.0891	1.0465	0.8843	1.0450	0.9155	1.0459	1.0518	1.0416	1.0132	1.0565	1.0971	1.0940	0.9672	1.1206	0.9084	1.0265	0.9490	1.0663	1.0566	1.1127	1.0523	0.9631	0.9348	0.9275	0.9194	0.9750	1.0547	1.0190	0.9928	1.0935	1.1168	1.0385	1.0672	1.0757	1.0900	1.0266	1.0826	1.0440	1.0855	1.0348	1.0685
QG37_08466	1.1509	0.9604	0.9498	1.0939	1.0048	1.1010	1.0262	1.1434	1.0124	1.0070	0.9143	1.2365	1.0145	1.1666	1.1173	0.8415	0.9778	1.0356	1.0957	1.0563	0.9524	1.2577	0.9315	1.0776	1.2180	1.1648	1.1188	1.0714	1.0061	1.1122	1.0096	0.9903	1.0760	0.9616	1.0985	0.8799	1.0823	0.8352	0.9976	1.1695	1.0973	1.0822	1.0605	0.9098	1.1220	0.9217	1.1224	0.9850
QG37_06342	1.1151	1.0176	1.1092	0.8595	1.0576	0.9669	1.0076	1.1475	0.9844	0.9440	1.0493	1.0561	1.0569	1.1173	1.0302	0.8702	1.0222	1.0212	1.0059	0.9446	1.0236	1.0743	1.0149	1.0288	1.0294	0.9704	0.9134	1.0236	0.9744	0.8587	0.9798	1.0247	1.0038	0.9610	0.9206	0.8638	0.9907	1.0415	1.0178	1.0434	1.0060	1.1017	1.0840	0.9495	0.9713	0.9335	0.9671	1.0143
QG37_06343	0.9574	1.0082	1.0304	0.9492	0.8762	1.0257	0.9820	1.0028	0.9515	1.0576	1.0209	0.9649	0.9950	0.9964	0.9353	0.9392	0.9301	0.9981	0.9872	0.9852	0.9667	1.0418	1.0115	0.9826	0.9308	0.9501	1.0426	1.0337	1.0248	0.9200	0.9973	1.0084	1.0290	0.9936	0.9479	0.9408	0.9235	1.0480	0.9248	1.0654	1.0721	1.0081	1.1040	0.8687	1.0241	1.0154	1.0668	1.0321
QG37_06344	1.1865	1.0451	1.0662	0.9755	0.9132	0.9423	1.0445	0.9536	1.0214	1.0363	1.0215	0.9639	0.8659	1.0690	0.8929	0.9753	0.8893	1.0642	1.0809	1.1456	1.1738	1.1250	1.0282	0.9556	0.8978	0.7789	1.0019	1.1005	1.0413	0.8157	1.0734	0.9213	0.9891	0.9719	1.0147	1.0218	0.9831	1.0390	0.9770	1.0870	1.0813	1.0819	0.8966	0.9126	0.9175	1.0067	1.0939	1.0334
QG37_06345	1.0264	1.0827	1.0978	0.9722	0.8925	0.9916	0.9272	0.9775	1.0488	0.9333	1.0515	1.0142	1.0026	0.9727	0.8980	0.8741	0.9116	0.9533	0.9034	0.9719	1.0148	1.0097	0.8737	0.9676	0.8978	0.9946	1.0424	0.8242	0.9734	0.9415	0.8632	0.9114	1.0063	0.9982	1.0880	0.9503	0.9669	0.8875	1.0694	0.8646	1.0834	1.0181	0.9137	1.0674	0.9853	1.1015	1.0485	1.0831
QG37_06346	1.2742	0.9831	1.1429	1.0896	1.0798	0.9615	1.0471	0.9537	1.0264	0.9874	1.1034	0.9557	1.1347	0.9821	1.0789	0.9981	1.0542	1.0728	1.0055	1.0977	1.0418	0.9307	1.1255	1.0298	1.0074	1.0183	0.9307	1.0405	1.0519	0.9948	0.9993	1.0019	1.0150	1.0733	1.1350	1.0195	1.0973	1.0269	1.0331	1.0104	1.0123	1.0759	1.0393	0.9326	0.9241	0.9428	1.2169	1.0142
QG37_06347	0.9960	0.9643	1.0241	0.9766	0.9128	1.0205	0.9116	0.8917	1.0430	1.0968	1.0092	0.9049	0.8735	0.8915	0.8889	1.0111	0.9681	0.9923	0.9668	0.9885	1.0539	0.9593	0.9410	0.9732	0.9092	0.9968	1.0996	0.8319	0.8575	0.9839	1.0284	0.9804	1.0171	0.9988	0.9014	0.9492	0.9638	0.9492	0.9624	0.9122	0.8708	0.8754	0.8822	0.9980	0.8418	0.9081	0.9130	0.9579
QG37_06348	1.0695	1.0773	1.0056	0.9906	1.0352	1.1049	1.0580	1.0955	1.1405	1.2703	1.1037	0.9575	1.0390	1.1459	0.9484	0.9961	1.0069	1.0795	1.0261	1.0076	1.0837	1.0783	0.9161	1.1023	0.9869	1.0926	1.0648	1.0640	1.0316	1.1067	1.1031	1.0650	1.1385	1.1487	1.1410	1.1259	0.9842	1.1102	1.0754	0.9087	1.0007	0.9780	0.9501	1.0242	1.0754	0.9647	0.9998	1.0332
QG37_06349	1.1219	1.0113	1.0512	1.0578	1.0596	1.0821	0.9249	1.0574	1.0359	0.9394	1.0900	0.9830	1.0781	0.9644	1.0893	1.0375	0.9747	1.0518	1.0560	1.0258	1.1207	1.0109	1.0412	1.0081	1.0620	1.0445	0.9950	0.9319	1.0980	0.9688	0.9975	0.9777	1.1208	1.0796	1.0278	0.9393	1.0848	0.9900	1.0151	0.8855	0.9836	1.0256	1.0041	1.0405	0.9302	1.0360	0.9883	1.0943
QG37_06350	0.9407	1.0033	1.0176	0.9132	0.9536	0.9257	1.0228	1.0392	1.0444	1.0211	0.9705	0.9277	0.9737	0.9860	0.9321	0.9587	1.0070	0.9412	1.0068	0.9608	1.0403	0.9756	0.9312	1.0248	1.0046	0.9035	0.9269	0.8599	0.9980	0.9958	0.8729	0.9079	0.9190	0.9883	1.0945	0.8674	1.0637	0.9113	0.7898	0.8476	0.9109	0.9548	0.8508	0.9310	0.9394	0.9832	0.9122	0.9112
QG37_06351	1.1290	1.1656	1.0834	1.0971	1.1479	1.0238	1.1223	1.0677	1.0930	1.1559	1.2183	1.0562	1.2231	1.0815	1.0738	1.1377	1.0419	1.0809	1.0957	1.0945	1.1491	1.0866	1.0265	1.0500	1.1907	1.0602	1.0406	1.1271	1.1200	0.9985	1.0270	1.0612	1.1603	1.0629	1.1299	1.0437	1.0118	1.0645	1.1313	1.0552	1.2090	1.0361	1.0055	1.1247	1.0737	1.0721	1.1323	0.9968
QG37_06352	1.1038	0.9810	1.1111	0.9949	1.0806	1.0734	1.0092	1.1356	1.0348	1.0076	1.1003	1.1607	1.1778	1.0055	1.1105	1.0654	1.0055	0.9715	1.0229	1.0010	1.0317	1.0453	1.0374	0.9968	0.9382	1.0544	0.9917	0.9976	1.0308	1.1610	0.9934	0.9724	1.1298	1.0667	1.0661	0.9396	1.1514	1.0392	1.0265	1.0524	1.1685	1.0799	1.0278	1.1185	1.0930	1.0714	1.0409	1.0511
QG37_06353	1.0852	1.0467	1.0005	0.9280	1.0540	1.1602	1.0013	1.0087	1.1808	1.0385	1.0621	1.0489	1.1367	1.0895	1.1318	1.0833	0.8779	1.0417	0.8563	1.0531	1.0169	1.0738	0.9256	1.0576	1.0737	1.1170	0.9600	1.0221	1.1457	1.2613	1.2310	1.0407	1.0580	0.9907	0.9987	1.1996	1.0557	1.1443	1.0133	1.0532	1.1279	1.0492	1.0964	0.9433	1.0759	1.0281	1.1513	1.0681
QG37_06354	1.1720	1.2273	1.1846	1.0805	1.1063	1.1504	1.2594	1.1610	1.1205	1.2699	1.2293	1.3569	1.2105	1.1489	1.0185	1.1340	1.0213	1.1691	1.3087	1.2433	1.4221	1.1934	1.2928	1.2241	1.1758	1.1089	1.2588	1.1837	1.1850	1.0109	1.1610	1.2324	1.1767	1.0836	1.0698	1.1772	1.1423	1.1680	1.3439	1.1006	1.0839	1.1154	1.2078	1.0670	1.1395	1.1370	1.1927	1.1992
QG37_06355	1.2088	1.1304	1.0943	1.0485	1.0785	1.1525	1.0846	1.0442	1.1381	1.0508	1.1015	1.2071	1.0473	0.9777	0.9192	1.0299	1.0140	1.1253	1.1883	1.2016	1.0917	1.1011	1.0327	1.0826	1.0915	1.1813	1.0520	1.1420	1.1507	1.0840	0.8934	1.0215	1.1482	1.0552	1.0915	1.2111	1.0855	1.0896	1.0710	1.0832	1.1498	1.1013	1.0509	1.1320	0.9597	1.0391	1.1358	1.1732
QG37_06356	1.1400	1.0983	1.1256	0.8684	1.0436	1.0601	1.0133	0.9216	1.0304	1.0132	0.9237	0.9706	1.0944	0.9795	0.9633	0.9255	0.9349	1.0617	0.9808	1.0782	1.1020	1.0541	1.0659	1.0967	0.9074	0.9727	0.9339	0.9020	0.8339	1.0200	1.0605	1.0027	1.0441	0.8994	1.1109	1.1057	1.0572	0.9510	1.0208	1.0006	1.0590	0.9639	0.8959	0.9296	0.9848	0.9600	0.9696	0.9968
QG37_06357	1.2075	1.1929	1.1388	1.1059	1.1039	1.1324	1.1012	1.0860	1.0768	1.2041	1.1608	1.1405	1.1630	1.1069	1.0295	1.0166	1.0592	1.1320	1.0899	1.1020	1.0632	1.1206	1.0748	1.0536	1.0933	1.1920	1.1070	1.2282	1.1697	1.0727	1.1215	1.0657	1.1421	1.1425	1.0906	1.1316	1.0916	1.0873	1.0943	1.1020	1.1408	1.1682	1.0912	1.1238	1.2070	1.0618	1.1240	1.1564
QG37_06358	0.7954	0.5676	0.5551	0.5832	0.7262	0.6218	0.5358	0.6624	0.3265	0.7595	0.7642	0.6996	0.5221	0.5589	0.6116	0.4638	0.6252	0.6583	0.6628	0.6105	0.6210	0.9029	0.6915	0.6837	0.6234	0.6339	0.6850	0.7516	0.8654	0.4832	0.5980	0.7027	0.8436	1.0064	0.7135	0.8121	0.8397	0.7541	0.7409	0.6764	0.8574	0.7256	0.6740	0.8031	0.7781	0.7059	0.8360	0.6936
QG37_06359	1.1498	0.9120	1.0500	0.8761	0.9651	0.8465	0.9200	0.9344	0.7453	1.0082	0.9406	0.9256	0.9550	0.7650	0.8540	0.8555	0.8847	0.9387	0.9448	0.9799	0.9089	0.9302	0.8265	0.9564	0.8364	0.9557	0.9591	0.9922	0.9524	0.9118	0.8449	0.9321	1.0470	1.0919	1.0665	1.1273	0.9762	0.9684	0.9819	1.0428	0.9364	1.0425	0.9499	0.9598	0.9869	0.9811	1.1059	1.0011
QG37_06360	1.2789	1.3049	1.2175	1.0937	1.2910	1.1866	1.1230	1.1728	1.1672	1.1732	1.2202	1.1833	1.1915	1.0857	1.2080	1.1058	1.1801	1.1861	1.1618	1.2107	1.0978	1.1885	1.1703	1.1673	1.2485	1.1875	1.1471	1.1570	1.1571	1.1158	1.1060	1.1540	1.1952	1.2433	1.2421	1.1921	1.2115	1.1002	1.0864	1.1511	1.1241	1.2164	1.0909	1.1186	1.2299	1.1990	1.1350	1.1372
QG37_06361	0.7769	0.6167	0.4463	0.6115	0.5508	0.5532	0.5521	0.4573	0.5698	0.5142	0.5807	0.5153	0.5595	0.5876	0.4427	0.5499	0.4569	0.4813	0.5363	0.5043	0.4349	0.5638	0.4653	0.5261	0.5199	0.5714	0.6395	0.5591	0.6185	0.5171	0.4738	0.4931	0.5410	0.7076	0.5840	0.7361	0.6569	0.6738	0.6209	0.5998	0.6825	0.7920	0.6265	0.5883	0.5470	0.5754	0.4254	0.5969
QG37_06362	1.3642	1.2044	1.0025	1.0883	1.0835	1.1717	1.0883	0.9936	1.0335	1.0392	1.0250	1.0137	1.1570	1.0672	1.0686	1.1089	1.1144	0.9939	1.1122	1.1407	1.1659	1.1338	1.1014	0.9844	1.1138	1.0638	1.0556	1.1482	1.0891	1.3201	0.9647	1.0004	1.1216	0.9474	1.0470	1.0076	1.0648	1.0408	1.0869	1.0415	1.1529	1.0557	1.1833	1.0207	0.9973	0.9846	1.0794	0.8677
QG37_06363	1.1824	1.1674	1.1952	1.0424	1.1131	1.2526	1.1492	1.1826	1.1296	1.2455	1.1900	1.1950	1.2506	1.0964	1.0609	1.0619	1.0920	1.0584	1.0700	1.1899	1.1168	1.0557	1.0825	0.9838	1.0506	1.0750	1.0868	1.1125	1.1497	1.0864	0.9896	1.0623	1.2034	1.0893	1.0715	1.1396	1.1350	1.0508	1.0701	1.0650	1.1276	1.0896	1.0292	1.1144	1.0791	1.0772	1.0948	1.0645
QG37_06364	1.3441	1.2322	1.2823	1.1953	1.2331	1.1891	1.2304	1.2329	1.1647	1.3103	1.2806	1.2736	1.1825	1.0523	1.0879	1.1178	1.1686	1.0670	1.1157	1.3240	1.1260	1.1487	1.1428	1.0613	1.1494	1.1748	1.2104	1.2563	1.2488	1.1379	1.0605	1.0471	1.1642	1.2051	1.1545	1.1222	1.1101	1.0446	1.1460	1.1462	1.2091	1.1260	1.0261	1.0945	1.1509	1.1277	1.1364	1.0950
QG37_06365	1.2063	1.0212	1.1969	0.9547	1.0853	1.1705	1.0549	1.1463	1.0474	1.0969	1.1539	0.9672	1.1175	1.0638	0.9169	0.9937	1.0135	1.0081	1.0481	1.1026	1.0079	0.9489	1.0036	0.9022	1.0193	1.0268	1.0752	0.9681	1.0084	0.9512	1.0027	1.0104	0.9972	1.1102	1.0520	1.0018	1.0951	0.9297	1.0274	1.0033	1.1697	1.0718	0.9488	1.0878	1.0182	0.9522	0.9836	1.0074
QG37_06366	1.1717	1.1591	1.2956	1.0026	1.0800	1.0652	1.0887	1.1132	1.0398	1.3622	1.0435	1.1054	1.2728	0.8908	0.8209	0.9127	0.9607	1.0073	0.9581	1.0702	1.0223	1.1575	1.0029	0.9722	1.0345	1.0786	0.9903	1.0628	1.0484	1.1516	0.9974	0.9612	1.0729	0.9201	1.0360	1.0676	1.0188	0.9767	0.9054	0.9252	1.1496	1.1114	0.9411	1.0707	0.9829	1.0471	1.0672	1.0753
QG37_06367	0.8358	0.9362	0.8202	0.7224	0.8926	0.8859	0.8237	0.9065	0.8381	0.9207	1.0683	0.8740	1.1548	1.0068	1.0273	0.7077	0.8702	0.7841	0.9634	0.9556	0.9751	0.9924	0.7959	0.8855	0.9076	0.8409	0.8074	0.9622	0.8623	0.9657	0.9253	0.9727	0.6129	0.9616	0.6893	0.6555	0.8273	0.6548	0.8244	0.7630	0.7647	0.7081	0.6856	0.9384	1.0370	1.0081	0.8496	0.8764
QG37_06368	1.1916	1.0022	1.1240	0.8712	1.0568	1.1908	1.1090	1.0116	1.0295	1.0830	1.1665	1.0450	1.1518	1.0736	1.0135	0.9473	0.9818	0.9590	0.9855	1.0317	1.0566	1.0115	1.0603	1.0506	0.9449	0.9771	0.8426	1.1077	1.0017	0.8645	0.9172	0.9389	1.0337	1.1277	0.9943	1.0842	0.8855	1.0318	0.9345	0.9801	1.0528	0.9447	0.8712	1.1385	0.9589	1.0392	1.1318	0.9811
QG37_06369	1.3679	1.2669	1.1528	1.2111	1.2734	1.2633	1.1085	1.2252	1.0117	1.2371	1.1554	0.9951	1.2111	1.0938	1.0176	1.1605	1.1152	1.0301	1.0606	1.2279	0.9231	1.0832	1.1069	0.9815	1.0076	1.1744	1.0372	1.1385	1.1797	1.0433	1.0159	1.1182	1.2144	1.0743	1.0391	1.1831	1.1324	0.9605	1.1498	1.0482	1.2091	0.9891	1.0387	1.0051	0.9868	1.0693	1.0204	0.9696
QG37_06370	1.5165	1.4457	1.2272	1.0762	1.4543	1.3050	1.1504	1.2271	1.0383	1.2611	1.2614	1.1866	1.4137	1.0107	1.1814	1.2971	1.1178	1.1917	1.1431	1.3053	1.1142	1.0290	1.1855	1.1672	1.2054	1.1988	1.0729	1.1233	1.3061	1.1440	1.0885	1.2235	1.3050	1.1724	0.9593	1.3346	1.1026	1.1989	1.2728	1.0725	1.1929	1.1778	1.0840	1.1277	1.2015	1.1763	1.0493	1.0797
QG37_06371	1.3656	1.3307	1.1246	1.0457	1.1649	1.2113	1.1765	1.2546	1.0819	1.2987	1.2529	1.1357	1.2830	1.0357	1.0083	1.0577	1.1979	1.1445	1.1131	1.3101	1.1019	1.1526	1.1390	1.1272	1.1266	1.2744	1.1213	1.1940	1.1819	1.1646	1.0641	1.1265	1.1369	1.1486	1.1034	1.1288	1.1138	1.1557	1.1730	1.0792	1.2145	1.2540	0.9806	0.9848	0.9998	1.0848	1.0203	1.0072
QG37_06372	1.2424	1.2156	1.0153	1.0725	1.0840	1.1793	1.1411	1.2664	1.1489	1.3519	1.3797	1.1691	1.2506	1.0051	1.2617	1.0941	1.0761	1.0426	1.2180	1.2590	1.0005	0.9860	1.0124	0.9511	1.1102	1.2431	1.0645	1.2566	1.2247	1.3662	1.1735	1.2758	1.0514	1.0599	1.1222	1.1187	1.1101	1.0832	1.0920	1.0635	1.0597	1.0720	0.9452	1.2024	1.0805	1.0892	1.0242	1.0955
QG37_06373	1.0571	0.8584	0.8881	0.7104	0.7477	0.8691	0.7660	0.8802	0.7610	1.0525	0.9529	0.7480	1.0561	0.8286	0.8361	0.5308	0.7384	0.6841	0.7446	0.7724	0.6829	0.8160	0.7018	0.7553	0.7272	0.7694	0.9085	0.9248	0.7936	0.7951	0.7722	0.7937	0.7929	0.9485	0.7571	0.7378	0.9705	0.6433	0.7855	0.7686	0.6858	0.8952	0.7070	0.5885	0.6154	0.5731	0.7364	0.5461
QG37_06374	1.2406	1.1990	1.1572	1.0603	1.1373	1.1108	1.1207	1.1587	1.1022	1.2580	1.3618	1.1685	1.2104	1.0769	0.9944	1.0624	1.0222	0.9798	1.0611	1.1537	1.0112	1.1188	0.9046	0.9416	1.0636	1.1011	1.0317	1.2226	1.0957	1.0782	0.8346	1.0696	1.1766	1.1408	1.0829	1.1209	1.0401	0.9692	1.1385	0.9729	1.1046	1.1764	0.9488	0.9465	0.9621	0.9961	0.8586	1.0234
QG37_06375	1.0761	1.1347	1.1347	1.0637	1.1243	1.1328	1.0864	1.0704	0.9807	1.1066	1.2947	1.0429	1.2410	1.1054	0.9333	1.0172	1.1262	0.9333	0.9768	1.0863	1.0047	0.9996	0.9451	0.9541	1.0745	1.1139	1.0494	1.0641	1.1515	0.9188	0.8329	1.0283	0.9901	0.9174	0.9504	1.0389	0.9092	0.9971	0.9817	0.9457	1.0051	0.9594	0.9593	1.0040	0.8787	0.8733	0.8341	0.9222
QG37_06376	0.7415	0.8924	0.9314	0.7555	1.0086	1.0488	0.9018	0.8632	0.8645	0.9669	1.0031	0.8567	1.0824	0.8703	0.7790	0.8891	0.8141	0.7574	0.9079	0.9260	0.7058	0.7533	0.8089	0.8870	0.9264	0.9374	0.8908	0.9262	0.7793	0.7814	0.7801	0.9542	0.5480	0.5555	0.5126	0.5123	0.6449	0.5285	0.5724	0.5070	0.6924	0.6328	0.4866	0.4607	0.6312	0.6257	0.6563	0.6615
QG37_06377	1.2907	1.1130	1.0821	0.9845	1.0195	1.2067	1.0242	1.0746	1.0831	1.2683	1.1804	1.0977	1.2568	1.0485	1.0793	1.0515	1.0741	1.0035	1.0315	1.1211	1.0298	1.1755	1.0930	1.0871	1.0614	1.0566	1.0300	1.0634	1.0454	1.1591	1.1018	1.1227	1.0224	1.0096	1.0678	1.0455	1.1166	0.9991	1.0352	1.0803	1.0418	0.9661	0.9876	0.9571	0.9990	0.9968	1.0578	1.0746
QG37_06378	1.2621	1.1824	1.1526	1.0604	1.1412	1.1999	1.1701	1.1764	1.0260	1.2125	1.1938	1.1613	1.2369	1.1163	1.0966	1.1373	1.0486	1.0922	1.0729	1.1720	1.1225	1.0826	1.1094	1.0271	1.0484	1.1415	1.0392	1.0962	1.1415	0.8903	1.0177	1.0528	1.2060	1.1323	1.1357	1.0816	1.0717	1.0550	1.0848	1.0493	1.1038	1.0449	1.0137	1.0980	1.0584	1.1105	1.0483	1.0327
QG37_06379	1.2369	1.2239	1.1083	0.9241	1.0585	1.2567	1.1522	1.1576	1.0925	1.2388	1.2782	1.2299	1.2922	1.0526	1.0852	1.0823	1.1423	1.0124	1.0351	1.2439	1.1088	1.1944	0.9460	1.0884	1.0088	1.0657	1.1151	1.1417	1.0327	0.9303	1.0669	1.1097	1.2608	1.2293	1.1485	1.2488	1.2718	1.2092	1.1585	1.1012	1.1904	1.2510	0.9478	1.0933	1.0125	1.1477	1.0161	1.0464
QG37_06380	1.0805	1.0306	1.2670	1.2275	1.0288	1.1233	1.1446	1.0252	1.1937	1.2392	1.1314	1.0944	1.3223	1.0563	1.0469	1.0456	1.1065	1.0453	1.1310	1.1894	1.0057	1.0493	1.0557	1.0553	1.1076	1.0815	1.0652	1.1770	1.1972	0.7617	0.9743	0.9168	1.1048	1.0503	1.1062	0.9685	1.1250	1.0860	1.1972	1.0124	1.0952	1.0388	0.8942	0.8615	0.9767	0.9626	0.9685	0.9401
QG37_06381	1.3000	1.2976	1.3176	1.0755	1.1750	1.1806	1.0802	1.2083	1.0281	1.2483	1.1006	1.1078	1.3486	1.0207	0.8616	1.1451	1.0570	1.0473	1.1216	1.1257	1.1995	1.1351	1.0115	1.1345	1.0552	1.0332	1.0635	1.1202	1.2836	1.0479	1.1063	0.9695	1.1840	0.9932	1.0504	1.0460	1.0802	1.0418	0.9422	1.0167	1.0304	1.0583	0.8925	1.1578	1.0756	0.9414	0.9973	1.1199
QG37_06382	1.3184	1.2211	1.2639	1.1071	1.2283	1.2070	1.1704	1.2657	1.1043	1.2296	1.2675	1.1486	1.2782	1.1251	1.0801	1.0631	1.1551	1.0530	1.1419	1.1603	1.1497	1.2143	1.0911	1.0776	1.0869	1.0938	1.1111	1.1638	1.1331	1.0964	1.1223	1.0440	1.2322	1.1854	1.1099	1.0982	1.1319	1.0604	1.1148	1.8123	1.2876	1.7783	1.1570	1.2107	1.1312	1.0641	1.0542	1.1264
QG37_06383	0.8987	0.6107	0.7574	0.4611	0.5793	0.6046	0.6472	0.4997	0.6117	0.5727	0.5679	0.3947	0.5516	0.5274	0.5346	0.5589	0.5291	0.3980	0.5765	0.6106	0.5347	0.5489	0.4949	0.4522	0.6587	0.5733	0.5858	0.5882	0.5771	0.6272	0.6126	0.6165	0.6690	0.6138	0.5655	0.6070	0.5400	0.5414	0.6436	1.0458	0.6147	1.1580	0.5667	0.5490	0.6472	0.5576	0.6266	0.7197
QG37_06384	1.0882	0.7115	0.9586	0.6617	0.7507	0.7877	0.9010	0.6183	0.6720	0.8128	0.7528	0.5610	0.7052	0.7259	0.7184	0.6988	0.7035	0.5757	0.7952	0.8053	0.6661	0.7181	0.7136	0.6022	0.8687	0.6930	0.7263	0.7725	0.6573	0.8654	0.7592	0.7033	0.7716	0.8083	0.7380	0.9187	0.6649	0.6903	0.6884	1.5282	0.8484	1.4714	0.7714	0.4992	0.6212	0.5412	0.5519	0.6873
QG37_06385	1.2869	0.9878	1.3434	1.0222	0.9438	1.1554	1.0751	1.0454	0.9992	1.1313	1.0796	0.9838	1.0390	1.0356	0.8892	1.0233	1.0066	0.8773	0.9798	1.0556	0.9811	0.9842	0.9638	0.9239	1.0209	0.9541	0.9720	1.0684	0.9514	1.0749	0.9000	0.8903	1.0559	1.1222	1.0615	0.9923	1.0301	0.8721	1.0380	2.1602	1.0766	1.8877	0.9619	0.9488	1.0016	1.0549	0.9208	0.9783
QG37_06386	1.3769	1.2614	1.4439	1.1346	1.1542	1.2360	1.0548	1.1046	1.1593	1.2322	1.2109	1.1612	1.2858	0.9274	0.8691	1.0642	1.0841	1.0954	1.0803	1.2741	1.0112	1.2564	0.9943	1.0863	1.1149	1.1913	1.1186	1.2364	1.2506	1.1400	1.1452	1.1977	1.2229	1.1964	1.1952	1.2234	1.1079	1.2452	1.1427	2.3029	1.1264	2.2124	1.1290	1.0951	1.2509	1.2007	1.1348	1.0443
QG37_06387	1.2668	1.2755	1.2122	1.1537	1.2216	1.3789	1.1620	1.0447	1.1295	1.2207	1.3442	1.2562	1.3666	1.0810	1.1422	1.1396	1.2046	1.1275	1.0765	1.3295	1.0412	1.1297	1.0568	1.1984	1.1748	1.1959	1.0429	1.2590	1.0891	1.0246	1.1284	1.1435	1.2578	1.0735	1.0984	1.2641	1.2171	1.1504	1.1641	2.3933	1.1129	2.3581	1.0328	1.1853	1.2276	1.1647	1.1088	1.1255
QG37_06388	1.2744	1.3456	1.3503	1.1838	1.1917	1.2981	1.3307	1.3864	1.3158	1.2453	1.6066	1.2941	1.5720	1.3308	1.4340	1.3323	1.3246	1.1718	1.3092	1.3228	1.3010	1.3156	1.1066	1.3343	1.1456	1.2927	1.3016	1.5323	1.4314	1.0785	1.3888	1.2408	1.1940	1.2665	1.1190	1.0780	1.2008	1.1579	1.1162	2.4694	1.2357	2.6203	1.1629	0.9974	1.3697	1.1719	1.0793	1.3650
QG37_06389	1.2523	1.1567	1.2902	1.0564	1.1337	1.1576	0.9927	1.1284	1.1870	1.2356	1.2783	1.2446	1.1976	1.1914	1.1247	1.0781	1.1172	1.0375	1.1489	1.2760	1.1674	1.0946	1.1282	1.1097	1.1146	1.0280	1.0888	1.1012	1.1583	1.1303	1.1080	1.0970	1.1954	1.1383	1.1180	1.1721	1.1146	1.1016	1.0513	2.3033	1.1103	2.2847	1.0507	1.1919	1.1122	1.0686	1.0416	1.1012
QG37_06390	1.1485	1.1090	1.1346	0.9945	1.1267	1.1643	1.1346	1.0590	1.1341	1.1701	1.1679	1.0722	1.2316	1.0689	0.9981	1.0264	1.0686	1.0090	1.0923	1.1862	1.1092	1.1891	1.0652	1.0626	1.0833	1.1181	1.1010	1.1516	1.1524	1.0149	1.0746	1.1190	1.1168	1.0309	1.0268	1.0862	1.0727	1.0595	1.1042	2.1585	1.0454	2.0591	1.0667	1.0387	1.0664	1.0510	1.0179	1.1471
QG37_06391	1.1085	1.1035	1.0783	1.0014	1.0460	1.1086	1.0997	1.1166	1.0962	1.0523	1.2406	1.0972	1.0957	1.0633	1.0433	0.9997	0.9812	1.0509	1.1388	1.2062	1.0849	1.0035	1.0363	1.0076	1.0154	0.9620	1.0823	1.0981	1.1058	1.0773	0.9992	1.0586	1.0875	1.0518	1.1183	1.0436	1.0130	1.0757	1.0984	2.2170	0.9918	2.1726	0.9537	1.1074	1.1041	1.0883	1.0988	1.0812
QG37_06392	1.3546	1.1343	1.1706	1.1559	1.1743	1.1467	1.1771	0.9957	1.2280	1.0070	1.1372	1.2173	1.1058	1.1880	1.0045	0.9903	1.1780	1.2014	1.1130	1.1526	1.2915	1.1112	1.1496	1.3229	1.2243	1.1118	1.1130	1.1850	0.9310	1.0203	1.1898	1.1023	1.2539	1.0443	0.9983	1.1318	1.0858	1.1703	1.1914	2.2630	1.1300	2.2154	0.9310	0.8948	0.7688	0.8430	0.8623	0.9921
QG37_06393	0.8983	1.1522	0.9277	0.9361	0.8816	0.9694	0.8485	0.8830	0.9985	1.0392	0.9763	0.9293	0.9364	0.8833	0.7128	0.7573	0.9276	0.9312	0.9236	0.9333	0.9126	0.9247	0.7974	0.8306	0.8094	0.8450	0.9018	0.8745	0.8995	0.8781	0.8764	0.8306	0.9009	0.8221	0.9064	0.8103	0.8523	1.0199	0.8731	1.7591	0.9072	1.7833	0.8373	0.9180	1.0259	0.8878	0.8880	0.9153
QG37_06394	1.1737	1.1639	1.0915	1.1072	0.9860	1.1808	1.1900	1.0147	1.1286	1.0705	1.1469	1.1750	1.0386	1.0292	0.9033	1.0001	1.0363	1.0853	1.0459	1.1409	1.0555	1.0903	0.9798	1.0358	1.0637	1.1172	1.0058	1.0907	1.0964	1.1379	1.0338	0.9932	1.0612	1.0893	1.0229	1.2229	1.0052	1.0224	1.1163	2.2477	1.1410	2.0849	0.9277	0.9953	1.0739	1.0461	0.9934	1.1301
QG37_06395	1.1448	1.1317	1.1238	1.0843	1.0338	1.1225	1.0769	1.0887	1.1378	1.0741	1.0910	1.1646	1.0465	1.0699	1.0105	1.1357	1.0714	1.0984	1.0787	1.0954	1.0650	1.0226	1.0037	1.0631	1.0329	1.0373	1.0720	1.1300	1.1434	0.9236	1.0056	1.0440	1.1050	1.0619	1.0469	1.0022	1.0230	1.1122	0.9835	2.2629	1.1155	2.0473	0.8972	1.0809	1.0968	1.0683	1.0741	1.0963
QG37_06396	1.0344	0.9051	1.0649	0.7025	1.0393	0.9452	0.9388	0.9108	0.9941	1.0256	1.0225	1.0126	0.9156	0.9195	1.0318	0.8790	0.9560	1.0395	1.0131	1.0097	0.8911	0.9465	0.9522	0.8934	0.9392	1.0184	0.9817	1.0403	0.8979	1.0276	1.0245	0.9622	1.0928	0.8564	1.0741	1.1570	0.9735	0.9087	0.9876	2.0784	1.0651	1.9777	0.8710	1.0337	1.0269	0.9286	1.0292	1.0209
QG37_06397	1.0483	1.0911	1.2256	1.0068	1.0374	1.1935	1.1545	1.0569	1.0280	1.1539	1.0486	1.2431	1.0992	1.0518	1.0391	1.0427	0.9940	1.0339	0.9571	1.0421	0.9367	1.0165	1.0829	1.0444	1.1572	1.0416	1.0385	1.1157	1.0406	0.9530	1.1630	1.0195	1.1851	1.0177	1.0087	1.0622	1.0223	0.9118	0.9822	2.2060	0.9855	2.0742	1.1096	1.0116	1.1104	1.0771	1.0904	1.0739
QG37_06399	0.9730	0.9697	1.0842	0.9234	0.8967	1.0269	0.9941	0.9749	0.9124	0.8915	1.0079	0.9104	1.0034	1.0015	1.0700	0.9733	0.9866	0.9717	0.9441	0.9852	1.0543	1.1033	0.9473	1.1219	0.9676	0.9173	0.9085	0.9990	1.0169	1.0655	0.9568	1.0115	1.0546	1.0472	1.0225	0.9341	0.9100	0.9412	1.0063	2.1564	0.9140	1.9354	0.8816	0.9456	1.0449	1.0704	1.0425	1.0394
QG37_06400	1.1144	0.8945	0.9500	1.0637	0.9691	1.0857	1.1296	1.0183	0.9868	1.0049	0.9648	1.0336	1.0002	0.9717	0.8996	0.9656	0.9521	0.9332	1.0380	1.0130	1.0021	0.9108	0.8563	0.9654	1.0393	0.9244	0.8869	1.0286	0.9692	0.8281	0.8949	0.8719	1.1092	0.9134	1.0299	0.9609	0.7790	1.1081	1.0863	2.2269	0.9659	1.9308	0.9893	1.2307	1.0007	1.0412	1.0219	1.0357
QG37_06401	1.0514	0.9287	0.8647	0.7138	0.9032	0.8551	0.9885	0.8892	0.8324	0.8037	0.8779	0.8905	0.9232	0.9460	0.9689	0.9428	0.8698	0.9766	0.9136	0.9353	0.9863	0.8564	0.9397	0.9021	0.9502	0.9662	0.9623	0.8008	0.8217	0.6366	1.0141	0.6890	0.8856	0.7072	0.8269	1.0053	0.7755	0.8902	0.8734	2.0701	0.8866	1.8689	0.9979	0.9912	0.9701	0.9971	1.0039	1.0880
QG37_06402	0.7163	0.7765	0.6918	0.7962	0.7885	0.8398	0.6909	0.7483	0.7028	0.8029	0.7814	1.0292	0.8425	0.8107	0.8204	0.7878	0.7712	0.6648	0.7867	0.7466	0.6813	0.6753	0.8381	0.7951	0.7070	0.6497	0.7546	0.7134	0.7042	0.6578	0.6606	0.7395	0.7092	0.6964	0.7618	0.6724	0.6956	0.5576	0.5405	1.5950	0.5852	1.3534	0.6058	1.0953	1.0208	0.9451	0.9488	0.9327
QG37_06403	1.0394	0.9719	0.9687	0.9117	1.1006	0.9651	1.0823	1.0694	0.9523	0.9448	0.8802	1.0726	1.0577	1.0196	0.9955	0.9890	0.9928	0.9550	0.9722	1.0057	0.9777	0.9228	0.8886	0.9434	1.0498	0.9616	0.8621	0.9709	0.8919	0.9221	0.8622	0.9382	1.0382	1.0731	0.9542	0.9175	0.9740	0.9074	0.8847	2.0498	0.9964	1.8833	0.8543	1.1362	1.0573	1.0927	0.9542	0.9340
QG37_06404	0.9371	0.9284	1.0413	0.9645	0.7992	0.9592	0.9417	1.0695	0.8014	1.0538	0.9744	1.0145	0.8224	0.9396	0.9149	1.0916	0.8758	0.9496	1.0694	0.8935	0.8376	1.0727	0.8940	0.8229	0.9547	0.9704	0.8283	0.8723	0.8051	1.1088	0.9478	1.0649	1.0106	1.0687	0.9389	0.9388	0.9696	1.0927	1.0555	2.0896	0.9359	2.2331	1.0424	1.2500	1.1439	1.0110	1.0549	0.7807
QG37_06405	0.7175	0.8332	0.8863	0.6307	0.7452	0.7925	0.7708	0.7236	0.6868	0.8992	0.7852	0.8763	0.7416	0.7606	0.7335	0.7733	0.7762	0.6894	0.8318	0.8632	0.8145	0.7481	0.7092	0.8192	0.8956	0.8768	0.6256	0.7534	0.5697	0.9521	0.8580	0.6957	0.8943	0.8716	0.8553	0.9201	0.9973	0.7412	0.8951	1.7282	0.8468	1.8410	0.7690	0.8716	0.9216	0.8683	0.9852	1.0337
QG37_06406	0.7166	0.7111	0.7535	0.4988	0.7105	0.6574	0.7322	0.6509	0.6639	0.7439	0.6387	0.7238	0.6993	0.7349	0.6183	0.6770	0.6611	0.6502	0.6649	0.7216	0.6554	0.5973	0.6957	0.6849	0.7488	0.7328	0.6296	0.6135	0.6708	0.8190	0.6505	0.6578	0.7672	0.8938	0.7454	0.8234	0.8782	0.7277	0.8277	1.4655	0.9134	1.6358	0.7674	0.8767	0.8146	0.8174	0.8979	1.0121
QG37_06407	1.0089	0.9939	0.9884	1.0185	0.9267	1.0195	1.0143	1.0406	0.9612	0.9184	1.0770	0.9461	0.9553	0.9317	1.0233	0.8721	0.8696	0.9590	0.9638	0.9768	0.9644	0.9293	0.9407	0.9138	0.9036	0.8875	0.9227	0.8984	0.8741	1.0718	0.8920	0.8783	0.9792	0.9564	0.9711	0.9307	0.9112	1.0483	0.9571	1.9729	0.9950	1.7955	0.8478	0.9895	0.9851	0.8714	0.9514	0.9323
QG37_06408	1.1303	1.0288	1.0510	1.0367	1.0523	1.0672	1.1190	1.0553	1.0372	1.0934	1.1102	1.0522	1.0559	1.0326	1.0952	1.0941	0.9765	1.0157	1.0423	1.0995	1.0261	0.9953	0.9986	1.0159	1.0069	1.0164	1.0490	1.0345	0.9736	1.0858	0.9458	1.0108	1.0392	1.0155	1.0838	1.0497	1.0917	1.0404	1.0511	2.1867	1.0159	1.9899	1.0354	1.0816	0.9915	1.0620	1.0958	0.9949
QG37_06409	0.9769	0.9908	1.1005	1.2266	1.1300	1.1864	1.1378	1.1195	1.0877	1.1386	1.0094	1.1537	0.9733	0.9282	1.1351	1.0831	1.0963	1.0412	1.1126	1.1282	1.0759	1.1513	1.0942	1.0729	1.0389	1.0043	0.9068	1.2131	0.8434	1.0279	0.8810	1.0338	0.9215	1.0799	1.0790	1.0691	0.9679	1.0329	1.0773	2.0594	0.9807	2.0200	1.1168	0.8760	1.1425	0.9457	1.1656	1.0298
QG37_06410	1.1043	1.0514	0.9652	0.9387	1.0650	1.0172	1.0307	1.0792	0.9622	1.0202	1.0347	0.9412	1.0263	0.9993	0.9410	1.0677	0.8838	0.9765	1.0511	1.4491	0.9840	1.0610	0.9895	0.9824	0.9634	0.9620	0.9792	0.9928	0.9306	0.8660	0.9284	0.8893	1.0036	0.9767	0.9407	0.9563	0.9055	1.0487	1.0891	1.9821	1.0230	1.9689	0.9875	0.9575	1.0775	0.9932	1.0373	1.0485
QG37_06411	1.0554	0.9632	0.9065	0.9262	1.1692	1.0041	1.0060	0.9348	0.9755	0.9241	1.0253	1.0211	0.9796	0.9577	0.9493	0.8956	0.9982	0.9210	0.8723	1.8574	1.0029	1.0134	1.0244	0.8342	0.9355	0.9966	1.0234	0.9972	1.1086	0.8551	0.9621	0.9786	0.8947	0.9623	1.0168	0.9904	0.9498	1.0074	1.0096	2.0051	0.9864	1.9593	0.9274	0.9728	0.9290	1.0571	0.9659	0.9281
QG37_06412	0.9426	0.8935	0.8663	0.9100	0.9563	1.0208	0.9691	0.7748	0.9189	0.8778	0.8541	0.9144	0.8339	0.9190	0.8078	0.9050	0.9190	0.9551	0.8265	1.6716	1.0567	0.9873	0.9359	0.9648	0.8699	0.8788	0.8543	0.8160	0.8837	0.6584	0.7575	0.8409	0.8811	0.9085	0.9187	0.9132	0.9553	0.8815	0.9234	1.8515	0.8432	1.8064	0.8553	0.9892	0.8691	0.8970	0.9402	0.9603
QG37_06413	0.9786	0.8434	0.9787	0.9423	0.8738	0.8731	0.9747	0.9040	0.8823	0.9258	1.0011	0.9717	0.8644	0.9280	0.9453	0.9690	0.8898	0.9466	0.8729	1.6993	0.8849	0.8394	0.8793	0.8930	0.8794	0.8679	0.9336	0.9066	0.8701	0.7790	0.8819	0.8196	0.8921	0.9445	0.9892	0.8639	0.9221	0.8694	0.9530	1.9985	1.0530	1.7884	0.8965	1.0503	0.9150	0.9722	0.9739	0.9964
QG37_06414	0.8487	0.7547	0.8622	0.7607	0.7526	0.9092	0.9212	0.8053	0.8041	0.7466	0.8060	0.8039	0.8176	0.7511	0.8485	0.7953	0.8135	0.7918	0.8761	1.3822	0.8181	0.8027	0.7834	0.7460	0.8531	0.8320	0.9233	0.7512	0.7139	0.7945	0.7275	0.7552	0.7714	0.7945	0.7892	0.8245	0.7830	0.8139	0.8190	1.7059	0.8170	1.5590	0.7649	0.7891	0.8306	0.8411	0.8708	0.8090
QG37_06416	1.0858	0.9598	0.9582	0.9567	0.9731	0.9616	1.0103	0.9894	1.0308	0.9475	0.9810	0.9718	1.0504	0.9720	0.9730	0.9489	0.9425	0.9626	0.9716	0.8752	0.9650	0.9495	0.9250	0.9115	0.9896	0.9545	0.8879	0.9505	0.8768	0.9409	0.7863	0.9241	0.9738	0.9201	0.9845	0.9168	0.8460	0.9739	0.9220	1.9004	1.0090	1.7604	0.8413	0.9701	0.9790	0.9250	0.9460	1.0137
QG37_06417	0.9237	0.7456	0.5660	0.6406	0.8392	0.6463	0.8217	0.7562	0.7121	0.7013	0.6458	0.6392	0.5855	0.6784	0.6890	0.6542	0.6364	0.8439	0.5529	0.6374	0.6864	0.5811	0.6429	0.6461	0.6283	0.6248	0.5955	0.5921	0.6217	0.6202	0.7220	0.6513	0.6347	0.6137	0.5449	0.5028	0.5880	0.5418	0.6214	1.2649	0.6049	1.2663	0.5308	0.5881	0.6411	0.6233	0.5175	0.7012
QG37_06418	1.0643	0.9700	0.8273	0.9345	1.0272	0.8520	0.9567	0.8780	1.0343	0.8838	0.8279	0.7312	0.7221	0.8863	0.9439	0.9179	0.9360	1.0838	0.8115	0.8524	0.9362	0.9903	0.8359	0.8542	0.8043	0.8518	0.7847	0.9121	0.8733	0.6320	0.8476	0.8891	0.8088	0.8692	0.8353	0.7711	0.7907	0.8469	0.8887	1.8246	0.8586	1.8665	0.8162	0.7933	0.9115	0.9702	1.0420	0.9339
QG37_06419	1.0989	0.8755	0.8897	0.8869	0.9145	0.8304	0.9263	1.1722	1.0682	0.8656	0.8461	0.7838	0.8794	0.8926	0.9314	0.9417	1.0062	1.0754	0.8925	0.8155	1.0613	1.0313	1.0787	1.1099	0.9626	1.0499	0.8325	1.0437	0.9482	0.8660	0.8757	1.0027	0.9967	1.0630	0.9473	0.9960	1.0273	0.9444	0.9910	2.0219	1.0866	1.9252	1.0646	0.8789	1.0499	0.9994	1.1192	0.8426
QG37_06420	1.0376	0.9617	0.8661	0.8588	0.9054	0.9594	0.9681	0.9958	0.9661	0.8923	0.9463	0.9327	0.8760	0.9659	0.9709	0.9946	0.9901	1.0252	0.9563	0.8997	1.0772	1.0065	0.9805	1.0158	1.0083	0.9858	0.9787	0.9221	0.9440	1.0870	0.9061	0.9220	0.9336	0.9559	1.0927	0.9612	0.9894	0.9470	0.9917	1.9908	0.9365	1.9575	0.8990	1.0601	0.9495	1.0606	0.9519	0.9981
QG37_06421	1.0238	0.9693	1.0131	0.9700	0.8688	0.9203	1.0022	0.8672	0.9073	0.9352	0.9267	0.9326	0.8694	0.9392	0.9001	0.9762	0.8888	0.9842	0.8643	0.9684	0.9919	0.9441	0.8912	0.8799	0.8562	0.8937	0.7715	0.7669	0.9168	0.8769	0.9352	0.9306	0.8728	0.9485	0.9361	0.9078	0.9104	0.8650	0.8321	1.8415	0.8640	1.7571	0.9447	0.9836	0.8983	0.9215	0.8521	0.8981
QG37_06422	0.9959	0.9933	1.0284	1.0403	1.0651	0.9817	1.0027	1.0970	0.9392	1.0331	1.1078	1.0278	1.0172	1.0401	1.0756	0.9934	1.0467	1.0347	1.0974	1.0108	0.9564	0.9797	1.0179	0.9150	1.0136	1.0488	1.0585	1.0160	1.0421	1.0700	0.9471	1.0203	0.0114	0.0058	0.0072	0.0066	0.0033	0.0071	0.0098	0.0169	0.0118	0.0138	0.0088	1.0513	1.0618	1.0331	1.0834	1.0497
QG37_06423	1.2184	0.9742	1.1111	1.0295	1.0279	1.1595	1.0738	1.0623	1.0452	1.0921	1.1493	1.1843	1.1969	0.9876	1.0851	1.1046	1.0571	1.0640	1.0581	1.1662	1.2086	0.9694	0.9981	1.1179	1.0653	1.0206	1.1179	1.0987	1.0587	1.3046	1.0016	0.9493	0.0053	0.0009	0.0031	0.0023	0.0000	0.0000	0.0000	0.0172	0.0039	0.0020	0.0047	1.0052	1.1708	1.2142	1.2180	0.9762
QG37_06424	1.1950	1.0628	1.1502	1.0639	1.1162	1.1419	1.1093	1.2095	1.0993	1.1593	1.1729	1.1548	1.1245	1.1706	1.0641	1.0591	1.1008	1.0900	1.1314	1.2097	1.1538	1.0966	1.0510	1.0667	1.0721	1.0403	1.0625	1.1107	1.1527	0.9767	1.0540	1.0541	0.0033	0.0054	0.0043	0.0035	0.0068	0.0042	0.0065	0.0128	0.0059	0.0075	0.0080	1.0473	1.0735	1.1352	1.0866	1.1281
QG37_06425	1.0756	1.2493	1.0172	1.2060	1.2377	1.3381	1.1939	1.4269	1.0707	1.2523	1.2266	1.0942	1.3622	0.9985	1.0263	1.0225	1.1943	1.0687	1.1675	1.2689	1.2512	1.0290	1.1679	1.1847	1.0969	1.2160	1.2811	1.1913	1.2503	0.8563	1.1561	1.0486	0.0033	0.0000	0.0000	0.0106	0.0000	0.0100	0.0101	0.0000	0.0055	0.0083	0.0041	0.9574	1.3187	1.0774	1.0271	1.1925
QG37_06426	1.2201	1.1809	1.1909	1.1264	1.2399	1.2775	1.2383	1.2225	1.1170	1.2628	1.1522	1.0957	1.2034	1.1150	1.1041	1.1796	1.1213	1.1321	1.1329	1.1841	1.1628	1.0810	1.0999	1.1038	1.1718	1.0882	1.1266	1.1206	1.1975	1.0643	1.0240	1.0602	0.4763	0.5185	0.5304	0.5326	0.4966	0.5000	0.5184	1.1235	0.5552	1.0183	0.5454	1.1933	1.1191	1.0102	1.0707	1.1673
QG37_06427	1.1486	1.0813	1.1423	1.0163	1.1742	1.1459	1.1596	1.0997	1.1160	1.1918	1.1366	1.0909	1.0687	1.1015	1.1024	1.1069	1.0583	1.0930	1.1073	1.0990	1.0266	1.1374	1.0610	1.1309	1.0456	1.0402	1.1167	1.0164	1.0863	1.0731	0.9724	1.0527	1.0901	1.0844	1.0698	1.0211	1.0467	1.1059	1.0968	2.3974	1.1284	2.1304	1.0025	1.0035	1.0274	1.1095	1.1061	1.0701
QG37_06428	0.9915	1.0117	1.0695	0.9581	0.9536	1.0943	0.9971	1.0991	0.8873	0.8600	1.0898	1.0002	1.0027	1.0770	0.9898	0.9804	0.9303	0.9659	1.1180	1.0325	0.9230	1.0783	0.8948	0.8864	0.9876	0.8319	0.9132	0.9650	1.2695	0.9166	0.7923	0.9338	1.0668	0.8759	0.8377	0.9202	0.9890	0.8825	1.1395	1.9586	1.0598	2.0450	1.1640	0.9224	0.8223	0.8854	0.8203	0.7874
QG37_06429	0.9540	0.8394	0.9442	0.8470	1.0385	1.0279	0.9901	0.9158	0.9030	0.9252	0.9261	0.7883	1.0319	0.8024	0.8717	0.9045	1.0774	0.8065	0.9617	0.8860	0.9108	0.8493	1.0507	0.9535	0.8589	0.9605	0.8270	0.8805	1.0233	0.9497	0.8913	0.9087	1.0504	0.8447	0.9134	0.9610	0.7017	0.8326	0.9081	2.0875	0.8939	1.9032	0.9798	0.8603	0.8555	0.8225	0.8421	0.8390
QG37_06430	1.0775	0.9676	0.9636	1.0600	1.0049	1.1762	1.0815	1.0003	0.9083	1.2577	1.1381	1.0263	0.9465	1.0073	0.9317	1.0359	1.0821	1.1282	1.1088	1.1371	0.9014	1.1692	1.0165	1.0702	1.0506	0.9834	1.0854	0.9180	1.0364	0.8666	0.9441	0.8150	1.0863	0.9520	1.0720	0.8952	1.1275	1.0544	0.9669	2.1770	1.1566	2.2075	1.1229	1.1375	0.9580	0.9609	1.0272	1.0470
QG37_06431	0.8399	0.7512	0.8268	0.7851	0.7810	0.8270	0.7434	0.8849	0.8184	0.7243	0.8404	0.6879	0.7940	0.8244	0.7890	0.8310	0.7778	0.8626	0.7827	0.8172	0.8133	0.8189	0.7889	0.8059	0.7877	0.7540	0.7804	0.7388	0.7205	0.7660	0.7319	0.7198	0.7683	0.7916	0.7576	0.7854	0.7830	0.7942	0.7840	1.7629	0.7628	1.5546	0.7543	0.7917	0.6821	0.7763	0.7532	0.7008
QG37_06432	0.7829	0.8834	0.6981	0.7735	0.8771	0.8276	0.9498	0.8500	0.8719	0.9390	0.7608	0.9500	0.8866	0.7822	0.7776	0.7604	0.9026	0.8826	0.9106	0.8351	0.8198	0.9294	0.7987	0.6696	0.8023	0.8007	0.8674	0.9140	0.7975	0.8985	0.8083	0.9039	1.0455	0.6999	0.9253	0.6405	0.8458	0.7816	0.7535	1.6585	0.6488	1.6702	0.6776	0.7072	0.7971	0.8906	0.9379	1.0632
QG37_06433	0.9498	1.0325	0.8871	0.8698	0.9475	1.0487	0.9208	0.9687	1.0378	1.0367	0.9727	1.1122	1.1024	0.9796	1.0358	1.0766	0.9513	0.9149	0.9847	0.8271	0.8685	0.9567	0.9779	0.9264	1.0363	0.9466	1.0259	1.0083	1.0429	1.0961	0.9931	0.9622	0.9504	0.9787	0.9839	1.0451	1.0732	1.0092	1.0609	2.0835	1.0252	1.9497	0.9096	0.8786	0.9329	0.9544	0.9658	0.9856
QG37_06434	1.0244	0.7983	0.7670	0.7748	0.7674	0.8898	0.8988	0.9772	0.7996	0.8382	0.9084	0.7819	0.7954	1.0028	0.8184	0.8095	0.7782	0.7684	0.8691	0.8556	0.9134	0.7619	0.7211	0.8248	0.8526	0.7396	0.7628	0.7506	0.8311	1.0191	0.8941	0.7624	0.9110	0.8156	0.9519	0.9733	0.8240	0.8114	1.0307	1.8551	0.9625	1.6665	0.9617	0.7460	0.8349	0.8471	0.9327	0.8231
QG37_06435	0.9402	0.8397	0.9061	0.9067	0.8404	0.8565	0.8467	0.9451	0.8334	0.8464	0.8837	0.7617	0.8386	0.8761	0.8307	0.9342	0.7966	0.8698	0.8302	0.9068	0.9006	0.9106	0.9259	0.8421	0.8914	0.9022	0.7879	0.8450	0.8081	0.5987	0.8793	0.8097	0.8486	0.9433	1.0202	0.9123	0.8788	0.8027	0.8574	1.7597	0.9289	1.7670	0.9219	0.9550	0.8344	0.8134	0.7432	0.7576
QG37_06436	0.6647	0.6474	0.9253	0.8061	0.9090	0.8111	0.8514	0.8815	1.0780	0.9627	1.0262	0.6972	0.9257	0.8696	0.8671	0.9026	0.9440	0.7353	0.7686	0.7353	0.8647	0.8882	0.9069	0.9314	0.9398	0.8526	0.9095	0.7786	0.5251	0.9230	0.6846	0.7426	0.7808	0.9559	0.9530	0.7679	0.9551	0.7486	0.8040	1.7549	0.9996	1.5235	0.6800	0.8516	0.7738	0.8802	0.7629	0.7851
QG37_06437	0.8350	0.7461	0.7014	0.7539	0.7575	0.7367	0.6758	0.9290	0.8218	0.6824	0.9426	0.8266	0.8445	0.8117	0.7634	0.7265	0.7650	0.8359	0.7578	0.7954	0.8266	0.8139	0.7679	0.7674	0.7646	0.7351	0.8705	0.8133	0.5674	1.0491	0.6321	0.6675	0.8269	0.6682	0.7982	0.6994	0.9165	0.7649	0.9087	1.7127	0.7434	1.5493	0.7151	0.7052	0.6994	0.8263	0.7369	0.8916
QG37_06438	0.8717	0.7032	0.7173	0.8082	0.6225	0.7604	0.8073	0.7689	0.7584	0.6599	0.7428	0.7195	0.7359	0.7381	0.7262	0.7834	0.7498	0.7712	0.7116	0.7083	0.8258	0.7806	0.7614	0.6231	0.6822	0.7022	0.7181	0.6867	0.6215	0.7251	0.6130	0.6407	0.6548	0.7353	0.7464	0.8615	0.6916	0.7193	0.7945	1.4778	0.8288	1.3445	0.6749	0.8586	0.5733	0.6883	0.7136	0.6897
QG37_06439	1.2286	1.1461	1.2273	1.0802	1.1922	1.2084	1.2348	1.1997	1.0979	1.2070	1.2102	1.0605	1.2027	1.1190	1.0799	1.1014	1.1065	1.0868	1.0609	1.1899	1.0829	1.1177	1.1425	1.0138	1.1227	1.1195	1.1114	1.1509	1.1031	1.0755	0.9898	1.0557	1.1178	1.1338	1.1427	1.1277	1.0907	1.0634	1.1333	2.3639	1.1454	2.2170	1.0360	1.0671	1.0445	1.0061	1.1129	1.1168
QG37_06440	1.1449	0.7699	1.1640	0.9312	1.1243	1.1441	1.0273	0.9679	0.9774	0.9897	0.9647	0.9757	1.0193	0.8721	0.9807	0.9644	0.8634	0.9732	0.8225	1.1519	0.8954	1.0656	0.8541	0.8994	0.9362	1.0991	0.9779	0.8520	0.9266	1.1328	0.8077	0.9202	0.9091	0.8087	0.9903	0.7914	0.9308	1.0169	0.9733	1.8708	1.0922	1.7967	0.9808	0.9755	0.8478	0.8884	1.0655	0.8516
QG37_06441	1.0355	0.9410	0.9599	0.9581	0.8864	0.9555	1.0432	0.9821	0.9450	0.9355	1.1665	0.8263	1.0680	0.8993	0.8938	0.9780	0.9621	0.9440	0.8676	1.0168	0.9437	0.8156	0.9218	0.9240	0.9865	0.9495	0.8435	0.9864	0.8620	0.8303	0.8302	0.9043	0.9575	0.9993	0.8711	0.9399	0.9436	0.9433	0.9360	2.0129	0.9574	1.8600	0.9918	0.9492	0.9036	0.8872	0.8950	0.9231
QG37_06442	0.8475	0.6212	0.6353	0.5701	0.6810	0.6271	0.6244	0.6873	0.6062	0.7366	0.7244	0.6755	0.8154	0.6366	0.6164	0.5616	0.6321	0.5182	0.6706	0.6115	0.6141	0.5673	0.5835	0.5790	0.6647	0.5943	0.7783	0.6653	0.6323	0.7987	0.7223	0.6265	0.6074	0.6557	0.7446	0.6227	0.6621	0.6152	0.6802	1.2464	0.6272	1.4058	0.6667	0.6307	0.6349	0.5926	0.5349	0.5757
QG37_06443	1.0669	0.8810	1.0590	0.9723	0.8265	0.9251	0.9905	1.0347	0.9303	0.8429	0.9446	0.8492	0.9253	0.9723	0.8146	0.9567	0.9194	0.7857	0.8888	0.9280	0.9904	0.8283	0.9709	1.0026	0.8397	0.8491	0.8461	0.9082	0.8868	0.6178	0.8967	0.9320	0.9599	0.9369	0.8934	0.9096	0.8112	0.9900	0.8608	1.9493	0.8768	1.7936	0.8085	1.0244	0.9364	0.9010	0.8285	0.8249
QG37_06444	1.2305	1.1172	1.1425	1.0647	1.3123	1.0343	1.3134	1.0421	1.0702	1.1919	1.1772	1.1648	1.2184	1.0406	1.0767	1.1227	1.0804	1.0892	1.1898	1.2219	1.0448	1.0617	1.1485	1.1079	1.2095	1.1910	1.1568	1.1979	1.0868	1.2164	1.0091	1.0082	1.0475	0.9947	1.0264	1.1037	0.9998	1.0803	0.9987	2.1010	1.1939	2.2047	1.0544	1.0780	0.9002	0.9958	0.9199	1.0519
QG37_06445	0.8793	0.7838	1.0545	0.7982	0.9238	0.8818	0.8242	0.9111	0.7328	0.8965	0.8946	0.8084	0.8748	0.8942	0.7414	0.8049	0.9022	0.8448	0.7906	0.8886	0.8082	0.8499	0.7981	0.9130	0.8147	0.8327	0.7458	0.8055	0.7962	1.1306	0.8316	0.8496	0.8643	0.8951	0.8709	0.8615	0.8468	0.8736	0.8838	1.8227	1.0054	1.7096	0.7989	0.9516	0.9667	0.9334	0.9336	0.8411
QG37_06446	1.2152	1.1120	1.0305	1.0541	1.2061	1.1266	1.0497	1.1925	1.1166	1.0976	1.1457	0.9919	1.1631	1.0397	1.0352	1.1113	1.1866	0.9768	1.0440	1.1922	1.0583	1.1657	1.0650	1.0813	1.0766	1.1007	1.0293	1.0940	1.0613	1.1691	1.0722	1.0589	0.9995	1.1548	1.1704	1.1933	1.1975	1.1801	1.1527	2.3328	1.1556	2.1395	1.0392	1.1780	0.9552	1.0087	1.0896	0.9982
QG37_06447	0.9589	0.6468	0.6303	0.5991	0.5455	0.4878	0.6091	0.5054	0.5995	0.6065	0.5971	0.7122	0.4850	0.6250	0.5357	0.5537	0.5600	0.5337	0.5594	0.6152	0.5278	0.5948	0.5163	0.4895	0.6086	0.4716	0.5557	0.5999	0.4912	0.4586	0.5799	0.5486	0.7969	0.5596	0.6261	0.5736	0.5908	0.5366	0.6120	0.7825	0.5168	0.8312	0.4558	0.4146	0.5652	0.5270	0.4846	0.4869
QG37_06448	1.1006	1.0380	1.0563	1.0519	0.9931	1.1127	1.0840	1.0464	1.0264	1.0442	1.0930	1.0105	1.0365	1.0738	0.9549	1.0209	1.0947	0.9523	1.0111	1.1603	1.0958	0.9792	1.0406	0.9812	0.9510	1.0205	1.0650	1.0426	0.9997	0.9791	0.9741	0.9948	0.9725	1.0396	1.0370	1.0442	1.0191	0.9931	1.0846	2.1696	0.9718	2.0109	0.9155	1.0963	1.0830	1.0654	0.9791	1.0786
QG37_06449	1.0019	0.8931	0.9937	1.1045	0.8133	0.9600	1.0159	0.9658	0.9567	0.9205	0.9619	0.9858	0.8678	0.9079	0.9366	0.9044	0.8651	0.9096	0.8395	0.9279	0.9299	0.9727	0.9334	0.8305	0.8907	1.0118	0.9431	0.9238	0.9299	0.7857	0.8888	0.9143	0.9047	0.8763	0.9953	0.9324	0.9529	0.9806	0.9643	2.0425	0.9976	1.8431	0.7809	1.0142	0.9441	0.9464	0.9854	0.9691
QG37_06450	0.9633	1.1605	0.9319	1.0624	1.0409	0.9786	1.0239	1.0670	0.8409	1.0521	1.1003	1.1951	1.2196	1.0690	1.1966	1.2015	0.9951	0.9681	1.1607	1.1300	1.0222	1.1878	1.0205	1.0609	1.0085	0.9085	1.0463	1.0955	1.0616	1.2725	0.9490	1.1194	1.0247	0.9492	1.1759	0.7634	0.8961	1.1063	0.8980	2.3636	0.9529	1.9391	1.0033	1.0315	1.2377	0.9131	0.9523	1.0630
QG37_06451	0.9756	0.9387	0.9048	1.0326	0.8788	1.0366	0.9220	1.0295	0.9638	0.9658	1.0311	0.8938	1.0095	1.0514	1.1127	1.0025	0.8627	0.8476	0.9799	1.0874	1.0290	0.9371	0.9847	1.0362	0.9782	1.0383	0.8858	0.8725	0.8805	1.1058	0.8575	0.9191	0.9671	0.9110	0.9642	0.9795	0.9157	0.9690	0.9789	2.0759	0.9535	1.8022	0.8875	0.9616	0.9833	1.0270	1.0294	1.0889
QG37_06452	1.2159	0.9673	0.7830	1.0437	1.0149	1.0130	1.1524	1.1164	0.8721	1.2005	0.9877	0.8921	1.1030	0.9138	1.0582	0.9368	0.9605	0.9425	0.9561	1.0268	0.9829	0.9713	0.9746	0.9027	0.8857	1.0435	1.1510	1.0260	0.9264	0.8866	0.9786	1.0803	0.9524	1.0159	1.0699	0.9236	1.1412	0.9947	1.1562	2.2732	1.1464	1.9291	0.9677	0.9877	0.7973	1.0109	0.9829	1.0538
QG37_06453	0.9445	0.8015	0.8765	0.8862	0.9635	0.8274	0.9312	0.9613	0.8339	0.8784	0.9614	0.8016	0.8267	0.8528	0.8028	0.9206	0.8374	0.8691	0.8154	0.7633	0.9170	0.8592	0.8595	0.8157	0.8744	0.8252	0.7430	0.7781	0.7157	0.7399	0.8348	0.7918	0.7828	0.8665	0.7191	0.8493	0.8781	0.7803	0.9164	1.8028	0.8314	1.6599	0.8654	0.9024	0.9460	0.8601	0.7463	0.9449
QG37_06454	0.6734	1.0053	0.8904	0.8004	0.8675	0.8574	0.8900	0.7838	0.7236	0.8212	1.0290	0.9396	0.8639	0.7719	0.7627	0.8136	0.8040	0.8120	0.8707	0.7665	0.8774	0.8643	0.8390	0.8114	0.7350	0.8306	1.0666	0.8583	0.8194	0.6632	0.9149	0.8578	0.8126	0.6514	0.6874	0.6320	0.6737	0.6787	0.7032	1.5886	0.7722	1.6020	0.6685	0.7146	0.9337	0.9590	0.9116	0.9945
QG37_06455	0.9362	0.8096	0.8315	0.7977	0.9416	0.9206	0.8379	0.8758	0.8254	0.8874	0.8779	0.8008	0.9119	0.8779	0.8148	0.8596	0.9095	0.8180	0.8797	0.8827	0.8544	0.8233	0.9223	0.8530	0.8707	0.8834	0.8492	0.8220	0.8063	0.7775	0.8956	0.7906	0.8170	0.8655	0.9064	0.7899	0.8098	0.9837	0.8885	1.8290	0.8546	1.6332	0.7967	0.8144	0.8391	0.9378	0.8710	0.9252
QG37_06456	0.9706	0.8667	0.9375	0.9198	0.8756	0.9290	0.8520	0.9112	0.9132	0.9133	0.9293	0.9502	0.9045	0.9116	0.9721	0.9286	0.9697	0.8640	0.9159	0.8886	0.8802	0.9095	0.9707	0.9659	0.8890	0.9386	0.9215	0.8961	0.8672	0.8387	0.9237	0.8853	0.9534	1.0220	0.9387	1.0189	0.9172	0.9557	0.9147	2.0873	0.9271	1.8643	0.8478	0.9444	0.9024	1.0159	0.9720	0.9782
QG37_06457	0.7502	0.8406	0.7580	0.7414	0.6203	0.6927	0.9800	0.8475	0.9641	0.8381	0.9196	0.7402	0.8083	0.7648	0.8333	0.8666	0.7976	0.8773	0.9235	0.8397	0.7542	0.8057	0.8139	0.8484	0.9641	0.8348	0.7462	0.7958	0.8285	0.6269	0.7597	0.7870	0.6698	0.8478	0.8369	0.9956	0.8279	0.8231	0.7288	1.7211	0.9247	1.8565	0.6604	0.8976	0.8223	0.8328	0.8844	0.7633
QG37_06459	0.8919	0.8962	0.8088	0.9264	0.8529	0.9078	0.8918	0.9173	0.9108	0.8698	0.8501	0.8225	0.9572	0.9464	0.8584	0.9242	0.8515	0.8999	0.9150	0.8317	0.9227	0.9115	0.8431	0.8869	0.8928	0.8508	0.8713	0.8130	0.8184	0.7857	0.8326	0.8653	0.8201	0.8470	0.8907	0.9205	0.8352	0.9262	0.9393	1.7912	0.9350	1.7550	0.8899	0.8669	0.8855	0.9154	0.9139	0.8577
QG37_06460	0.9251	0.8756	0.7375	0.8912	0.9061	1.0499	0.8255	0.7697	0.8646	0.7959	0.7896	0.8309	0.8901	0.9118	0.8218	0.9104	0.8054	0.8964	0.8196	0.8466	0.9737	0.8956	0.7795	0.8657	0.7758	0.8673	0.9010	0.7570	0.8949	1.0834	0.8754	0.7613	0.9663	1.0387	1.0804	0.9499	0.8627	0.9260	0.9472	1.8998	0.8621	1.8482	0.7275	0.8833	0.8178	0.9228	1.0057	0.8466
QG37_06461	0.8915	0.8928	0.8872	0.9134	0.9232	0.9143	0.9159	0.8483	0.8413	0.9543	0.8058	0.9622	0.8556	0.9500	1.0272	0.9619	0.9080	0.8671	0.9174	0.9509	1.0431	0.9980	1.0074	1.0101	0.9812	0.8808	0.9175	0.9196	0.8710	0.8982	0.8370	0.7732	1.0012	0.9512	0.9681	1.0022	0.8626	0.9804	1.0341	1.7535	0.9831	1.8619	0.7966	0.9999	0.9836	1.0163	0.9553	0.9059
QG37_06462	1.0881	1.0639	1.0352	1.0832	1.0214	1.0516	1.1265	1.1418	1.0179	1.0329	1.0799	1.0643	1.1155	1.1506	0.9949	1.0609	0.9492	0.9755	1.0519	1.0469	0.9938	1.0490	1.0197	1.0262	1.0848	1.0509	0.9600	0.9957	0.9327	0.9806	1.1934	1.0764	1.0150	0.9446	0.9613	0.9373	1.0066	0.8688	1.0115	1.9628	1.0426	1.8775	0.8718	1.0822	1.1117	1.1676	1.1807	1.1756
QG37_06463	1.2176	1.1942	0.8465	1.0037	1.1676	1.0848	1.0996	1.1052	0.9729	1.1708	1.2072	1.0481	1.1784	1.0339	1.0888	1.0291	1.0232	1.0910	1.3837	1.1034	1.0947	1.1299	1.0988	0.9889	1.1045	1.0386	1.1392	1.1110	1.1321	0.8054	1.1954	1.1446	1.2362	1.1090	0.9451	0.9483	1.0025	1.0122	0.9351	2.3056	1.1266	1.9557	1.0230	1.0228	1.0657	1.1292	1.0419	1.0316
QG37_06464	1.2272	1.0365	1.1165	1.0359	1.1301	1.0616	1.1159	1.1016	1.0861	1.0941	1.1233	1.1046	1.0646	1.1004	0.9950	1.0753	1.0477	0.9954	1.1113	1.0876	1.0940	1.1001	1.0557	1.0786	1.1167	1.1373	1.1010	1.0665	1.0572	0.9000	1.0890	1.0209	1.0281	1.0375	1.0783	1.0371	1.0434	1.0369	0.9911	2.2414	1.1129	2.1407	1.0815	1.0547	1.0422	1.0052	1.0083	1.1076
QG37_06465	1.3127	1.1037	1.2056	1.0123	0.8216	1.0264	1.1144	0.9114	0.9649	0.9758	0.9921	0.8757	0.9732	0.9277	0.9373	1.0497	0.8675	0.9579	1.0192	0.9752	0.9225	0.9214	1.0302	0.8250	0.9233	1.0673	1.0299	0.9248	0.8915	0.7190	0.8194	0.9446	0.7718	0.6609	0.9969	0.9023	0.8361	0.8408	0.7408	1.6878	0.8780	1.5342	0.6318	0.0000	0.0000	0.0067	0.0113	0.0024
QG37_06466	0.9051	1.0216	0.6860	0.7607	0.9877	0.9171	0.9640	1.0959	0.7734	0.8764	0.9792	0.8697	1.1383	1.0764	0.8595	0.8258	0.9859	0.8905	0.9610	0.9687	0.8686	0.9659	0.8994	0.8133	1.0055	0.9373	0.8327	0.9972	0.9955	0.9436	0.7704	0.9883	0.6194	0.6961	0.5982	0.7090	0.6333	0.5809	0.5525	1.4730	0.6581	1.4644	0.5960	0.7675	0.6877	0.7327	0.6899	0.7913
QG37_06467	1.0188	0.8251	0.8802	0.8551	0.9370	0.9736	0.8854	1.0516	1.0674	0.7812	0.9593	0.8714	0.8583	0.9126	0.8029	0.9422	1.0321	0.9480	0.8561	1.0537	1.0636	0.9909	0.9623	0.9746	0.9144	0.9553	0.7161	0.9630	0.7625	1.0239	0.9787	0.8754	0.9364	0.9500	0.9541	0.9440	0.9975	1.1985	1.1418	2.1825	1.0246	1.9655	0.9003	0.9798	1.0146	0.8180	1.0370	0.9522
QG37_06468	0.5941	0.7073	0.5240	0.5838	0.7296	0.7099	0.6719	0.8944	0.7483	0.7295	0.7220	0.6837	0.6796	0.6459	0.8192	0.6745	0.6540	0.6065	0.5614	0.7703	0.6302	0.6879	0.5757	0.7448	0.8494	0.6552	0.6114	0.7194	0.5578	0.8209	0.6347	0.6275	0.5386	0.8015	0.7595	0.8428	0.7720	0.7734	0.8361	1.5936	0.7693	1.4556	0.6279	0.9362	0.8223	0.8254	0.8518	0.8800
QG37_06469	0.8835	0.8704	0.9360	0.7960	0.8647	0.9239	0.9300	0.8920	0.8257	0.7977	0.8739	0.7903	0.9187	0.8186	0.8889	0.9334	0.8765	0.8544	0.8748	0.8740	0.9599	0.8626	0.9034	0.8081	0.8706	0.7890	0.8198	0.8390	0.8603	0.7099	0.8201	0.8007	0.8715	0.8471	0.8806	0.8675	0.8994	0.9041	0.9754	1.8670	0.9054	1.7763	0.8557	0.9225	0.8234	0.8708	0.8524	0.8547
QG37_06470	1.0002	0.8319	0.9457	0.8042	0.9244	0.9242	0.9860	0.8642	0.7872	0.7618	0.8240	0.9352	0.9397	1.0282	0.8167	0.7223	0.8773	0.8707	0.9637	0.7905	0.9229	0.7192	0.9515	0.7393	0.8458	0.7406	0.7656	0.8445	0.6743	0.4862	0.7731	0.7678	0.9767	0.8122	0.7453	0.7265	0.7998	0.8477	0.8194	1.8944	0.9571	1.8475	0.8851	0.7317	0.7704	1.0051	0.8450	0.7649
QG37_06471	0.7071	0.5556	0.4933	0.4913	0.5987	0.5723	0.5536	0.6126	0.4757	0.5020	0.5274	0.5707	0.6924	0.5768	0.5544	0.5607	0.4936	0.5542	0.5393	0.5541	0.6233	0.6123	0.5906	0.5863	0.6441	0.5173	0.5683	0.6425	0.5587	0.4650	0.5240	0.6102	0.8150	0.5210	0.6552	0.5357	0.6363	0.6199	0.5316	1.2811	0.6642	1.1354	0.5649	0.5722	0.7136	0.7038	0.8196	0.6601
QG37_06472	0.9278	0.8029	0.8313	0.8318	0.8289	0.7812	0.9543	0.8918	0.8662	0.7563	0.8404	0.7442	0.8394	0.8557	0.8871	0.8600	0.9020	0.8568	0.7716	0.7575	0.8134	0.8347	0.8063	0.8823	0.8742	0.7617	0.7167	0.8185	0.7629	0.7223	0.8034	0.8507	0.7896	0.8216	0.8936	0.8542	0.8901	0.8654	0.8133	1.7018	0.8624	1.6831	0.8425	0.8914	0.8385	0.8688	0.8237	0.8788
QG37_06473	0.7272	0.8651	0.7307	0.7747	0.7240	0.8919	0.7768	0.7705	0.8897	0.8541	0.8504	0.7137	0.6909	0.8589	0.8011	0.8477	0.7060	0.7868	0.8141	0.8058	0.7942	0.7000	0.7098	0.7623	0.7671	0.7935	0.8020	0.7001	0.6728	0.5611	0.7060	0.7607	0.7708	0.7650	0.8002	0.8339	0.8708	0.6311	0.9212	1.6849	0.6514	1.3304	0.6561	0.7112	0.8198	0.6337	0.7793	0.7322
QG37_06474	0.8736	0.9712	0.9929	0.8114	0.9018	0.9879	0.9244	0.9405	1.0050	1.1292	1.0563	1.0174	0.9783	0.9719	1.0173	0.9766	1.1571	0.9591	0.9753	0.9256	0.9974	1.0890	1.0057	0.9771	0.9550	0.8807	1.0304	0.9148	0.8804	0.8833	1.0340	0.9402	1.0323	1.0836	0.8998	0.9260	1.0055	1.1105	1.0222	2.0890	0.9431	1.9822	0.9292	0.9254	0.8812	1.0335	0.9981	0.9909
QG37_06475	1.0494	0.8893	0.8253	0.9870	0.9428	0.9733	0.9471	1.0144	0.8759	0.8421	0.9262	0.8792	0.8347	0.8357	0.9559	0.9964	0.8214	0.9121	0.8817	0.7951	0.9506	0.9455	0.8887	0.8711	0.8750	0.9052	0.8014	0.8349	0.8560	1.0664	1.0344	0.8776	0.8922	1.0482	1.0339	0.9291	0.9985	0.9795	0.8919	2.0297	0.9229	1.8959	0.9102	0.9606	0.9389	0.9850	0.9409	1.0268
QG37_06476	1.0907	0.9389	0.9427	1.0171	1.0516	1.1709	1.0371	1.0443	0.9830	0.8751	1.0750	0.8439	0.9127	0.9467	0.9637	0.9201	0.9422	0.9576	1.0805	1.0495	0.9371	0.9791	1.0178	1.0650	1.0506	1.1198	0.9541	0.9106	1.0012	0.7717	0.9643	1.0429	0.9996	1.1569	1.0021	0.8909	1.0951	1.0507	0.8922	2.0760	0.9750	1.9674	1.0084	0.8693	1.0681	0.8620	1.1395	1.0235
QG37_06477	1.0765	1.0888	1.0417	1.0718	1.1502	1.0145	1.0939	1.0152	0.8982	1.0176	1.1500	0.7922	1.0234	0.9888	0.8729	0.9573	0.9312	0.9833	1.0111	1.0417	1.0056	0.9570	1.0481	1.0648	1.0123	1.1403	1.1384	1.0487	0.9821	0.7005	0.9136	1.0973	0.9018	1.1747	0.9856	1.0591	1.1724	0.9614	0.8498	2.0763	1.1156	2.0335	0.9378	0.8777	1.0284	0.9065	1.0828	0.9176
QG37_06478	0.9305	0.9339	0.9154	0.8835	0.8858	0.8769	0.9823	0.9330	0.9409	0.8962	0.9417	0.8555	0.9102	0.9481	0.8247	0.9260	0.8494	0.9641	0.9644	0.8628	0.8989	0.9319	0.9076	0.9293	0.8809	0.8814	0.9471	0.8297	0.8949	0.7766	0.9472	0.9288	0.9473	0.9161	0.9352	0.9382	0.9091	0.9135	0.9832	1.8727	0.8906	1.7458	0.7858	0.9373	0.8761	0.9539	0.9759	0.8454
QG37_06479	0.7584	0.9191	0.9133	0.9743	0.8500	0.9286	1.0328	1.0741	0.9101	0.8607	1.0341	0.8924	0.9404	1.2514	0.9067	0.9032	0.7796	0.9006	0.9355	0.8501	0.9273	0.9268	0.8652	0.8121	0.9437	0.8652	0.9933	0.8894	0.8818	0.9142	1.1110	0.7568	0.9043	0.8654	0.9350	0.8796	1.0377	0.9205	0.9863	1.9262	1.0075	2.0106	0.7877	0.9887	0.9298	1.0733	1.0316	0.9843
QG37_06480	1.0729	0.9361	1.0816	0.9641	0.9856	0.9222	0.9717	0.9112	0.8974	0.8574	0.9079	1.0099	0.9952	0.9206	0.9848	0.9014	0.9436	1.0339	0.9314	0.9838	0.9078	0.9106	1.0610	1.0581	0.9355	0.9264	1.0604	1.0318	0.8642	0.6663	1.0619	0.8756	1.1194	1.0452	1.0004	1.1240	0.8967	1.0967	0.9541	2.2912	1.0036	1.9612	1.0524	1.0490	1.0017	1.0105	0.9991	0.8442
QG37_06481	0.7531	0.8645	0.7459	0.8843	0.8206	0.7822	0.8480	0.7780	0.7933	0.8039	0.8780	0.7313	0.8293	0.8789	0.8256	0.8052	0.7596	0.7341	0.8238	0.7359	0.8905	0.8402	0.7700	0.6532	0.7898	0.7491	0.7807	0.7511	0.7315	0.6929	0.7502	0.7322	0.8485	0.7929	0.7834	0.8171	0.8307	0.7523	0.7681	1.4847	0.8384	1.4191	0.7693	0.8690	0.8643	0.8322	0.8041	0.8578
QG37_06482	0.9395	1.0104	1.0465	1.1326	1.0348	1.1986	1.0630	0.9506	1.0505	1.0636	1.0365	1.0489	1.0585	0.9954	0.9837	1.2071	0.9720	0.9176	1.1244	0.9643	1.0371	1.0535	1.1492	1.3093	1.1800	1.0627	1.0348	1.0553	1.0310	0.9282	1.0471	1.0484	1.0238	0.8896	0.9391	1.0117	0.9418	1.0991	1.0660	1.1899	1.0969	0.9501	1.1232	1.2012	1.0180	1.1561	0.9244	1.0763
QG37_06483	1.0786	0.9219	0.9256	0.9339	0.9510	0.9749	0.9458	0.9755	0.9428	0.9723	0.9537	0.8908	0.9370	0.9843	0.9791	0.9374	0.9207	0.9036	1.0175	0.9570	0.8917	0.9313	0.9860	0.9821	0.8897	0.9559	1.0718	0.9828	0.8761	0.7754	0.9838	0.9792	0.9088	0.9929	0.9674	0.8948	0.9084	1.0221	0.9965	1.1001	1.0209	0.9647	0.9210	0.9822	0.9747	0.9526	0.9459	1.0035
QG37_06484	0.7973	0.7427	0.7715	0.7629	0.8131	0.8144	0.7893	0.8782	0.8532	0.6869	0.9023	0.7549	0.7824	0.9441	0.8396	0.7846	0.8845	0.8463	0.8206	0.7640	0.8422	0.8379	0.8774	0.7665	0.8672	0.7665	0.8593	0.7481	0.8507	0.8669	0.7566	0.7215	0.7719	0.8178	0.8818	0.9647	0.8671	0.7307	0.8375	1.0472	0.8659	0.8490	0.8507	0.8065	0.7455	0.7435	0.9869	0.7873
QG37_06485	0.8512	0.8380	0.8490	0.8828	0.8343	0.8858	0.8890	0.9472	0.8867	0.8145	0.8975	0.8707	0.8612	0.9209	0.8310	0.9122	0.8666	0.9038	0.8921	0.8553	0.8966	0.8571	0.9112	0.8625	0.8824	0.7900	0.8651	0.8111	0.7334	0.7711	0.7902	0.8183	0.8445	0.9328	0.8879	0.8901	0.8928	0.9133	0.8751	1.0071	0.9403	0.9301	0.8428	0.9231	0.9339	0.9071	0.9207	0.8540
QG37_06486	0.8770	0.8144	0.7932	0.8287	0.8389	0.8376	0.8541	0.8897	0.8963	0.7347	0.7925	0.7746	0.8059	0.7982	0.8190	0.9441	0.7824	0.8732	0.8557	0.8681	0.8808	0.7670	0.8963	0.7950	0.8104	0.8296	0.8130	0.7935	0.7776	0.7226	0.8566	0.8639	0.8053	0.8061	0.8798	0.8745	0.8286	0.8590	0.8606	0.9499	0.9116	0.8664	0.8649	0.9134	0.8342	0.9546	0.9145	0.9351
QG37_06487	0.8627	0.8579	0.8910	0.9863	0.9566	0.9781	0.9087	0.8660	0.9790	0.8673	0.9588	0.8842	0.8944	0.9794	0.9137	0.9503	0.9423	0.9090	0.9489	0.8357	0.9820	0.9002	0.9423	0.9718	0.9903	0.8723	0.8569	0.8530	0.8224	0.7481	0.8055	0.8356	1.0216	0.9599	0.8963	1.0265	0.9060	0.9672	0.9257	1.0024	0.9534	0.9208	0.8747	0.9718	0.8655	0.9411	0.8923	1.0243
QG37_06488	0.9544	0.9033	1.0060	0.8518	0.9088	0.8055	1.0843	0.9852	0.8836	0.9688	1.1071	1.0072	0.9466	0.8510	0.8695	1.1487	0.9165	0.8955	0.9848	0.8436	0.9619	1.0773	1.0396	0.9130	0.8211	0.9920	0.9903	0.9524	0.9544	0.9436	1.0493	0.8238	1.1109	1.0229	0.9448	1.0752	1.0427	0.7366	1.1082	1.2068	1.0399	0.8854	1.0017	1.0208	0.7932	1.0743	0.8667	1.0767
QG37_06489	0.8850	0.8784	0.9244	0.8660	0.9186	0.9207	0.9544	0.8449	0.9509	0.9263	0.8736	0.8321	0.9217	1.0072	0.9184	0.9858	0.8198	0.9231	0.8432	0.9361	0.8898	0.9341	0.8235	0.9759	0.9227	0.8743	0.9417	0.9942	0.8750	0.8809	0.9205	0.8561	1.0782	1.0553	0.9390	0.9249	0.9559	0.9654	0.9669	1.0152	0.9746	0.9122	0.9300	0.9392	0.7969	0.9495	0.8565	0.9548
QG37_06490	1.0237	1.0171	0.9926	0.9701	0.9214	1.0840	0.9161	1.0685	1.0051	1.0227	1.0770	1.0841	0.9922	0.9011	1.0065	1.0391	0.9210	1.0062	0.9929	1.0201	1.0240	0.8700	1.0066	0.9573	1.0894	0.8917	0.9591	0.9242	0.9113	1.1640	0.9611	0.8551	1.0300	0.9854	0.9882	1.0264	0.9800	1.0269	0.9048	1.1828	1.0519	0.8998	0.9967	0.9601	0.8639	1.0480	0.9497	0.9193
QG37_06491	1.0547	1.0291	1.0099	1.0394	1.0013	1.0198	1.0153	1.0077	0.9723	0.9768	1.0745	0.9832	0.9931	1.0801	0.9990	1.0582	0.9785	1.0286	1.0109	0.9624	1.0060	1.0693	1.0137	1.0216	1.0285	0.9693	1.1071	0.9594	1.0607	0.9285	1.0551	1.0296	1.0596	1.0624	1.0211	1.0827	1.0877	1.0434	1.0414	1.1083	1.0073	1.0330	1.0259	1.0041	1.0542	1.1030	0.9595	1.0044
QG37_06492	1.0396	1.0216	1.0706	0.9160	0.9563	1.0224	0.9824	0.9704	0.8312	0.9598	0.9734	0.8325	1.0054	0.9274	1.0051	0.9656	0.9946	1.0189	0.9845	0.9319	1.0092	0.8882	0.9671	0.9576	0.9726	0.9548	0.9798	0.8916	0.9324	0.9300	0.9511	0.9614	1.0015	0.9114	0.9979	0.9048	1.0375	1.0408	1.0320	1.0148	0.9543	0.9554	0.8840	0.8714	1.0032	1.0049	0.9177	1.0034
QG37_06493	0.8430	0.6965	0.8162	0.9402	0.7032	0.9073	0.8791	0.7410	0.6831	0.7837	0.7129	0.6466	0.6346	0.6571	0.5996	0.7242	0.6683	0.7960	0.6887	0.7245	0.6797	0.7375	0.8142	0.7068	0.7695	0.6859	0.6708	1.0091	0.5895	0.5781	0.7884	0.5665	1.0404	0.8989	0.7323	0.8939	0.8140	0.8698	0.9881	0.8427	0.7724	0.7645	0.8081	0.7719	0.7619	0.7609	0.7779	0.7725
QG37_06494	0.6779	0.4517	0.4210	0.3453	0.4160	0.5254	0.5289	0.3269	0.5003	0.4765	0.5027	0.4558	0.4582	0.3626	0.3934	0.4146	0.4806	0.5226	0.4277	0.4588	0.4113	0.4577	0.4766	0.3867	0.4333	0.3490	0.4436	0.4203	0.4066	0.2865	0.5093	0.3530	0.5817	0.5492	0.5398	0.5987	0.4617	0.5527	0.5379	0.7100	0.5137	0.4973	0.5232	0.5060	0.4954	0.4391	0.4062	0.5833
QG37_06495	0.9292	0.8537	0.7646	0.7246	0.8812	0.7260	0.8336	0.8316	0.7590	0.8033	0.7072	0.7696	0.7917	0.6895	0.6966	0.8308	0.7569	0.7923	0.7841	0.8328	0.7317	0.6570	0.8290	0.5877	0.6834	0.7525	0.6996	0.6604	0.7393	0.5887	0.7804	0.6725	0.8345	0.9027	0.7182	0.8837	0.8086	0.7137	0.7717	0.8583	0.8422	0.8988	0.8423	0.8356	0.6900	0.6544	0.7236	0.9000
QG37_06496	0.6358	0.7534	0.7448	0.6693	0.6730	0.6430	0.8059	0.6322	0.7755	0.7038	0.7770	0.7044	0.7328	0.6358	0.7524	0.7069	0.7334	0.7350	0.7197	0.7175	0.7187	0.5824	0.6384	0.6350	0.6996	0.6171	0.7501	0.5896	0.7555	0.8303	0.6480	0.6967	0.4964	0.5122	0.3640	0.5317	0.4711	0.5327	0.4828	0.5587	0.5053	0.4175	0.4035	0.5523	0.4550	0.4054	0.5645	0.4780
QG37_06497	1.0366	1.0809	0.9131	0.8618	0.9534	0.7336	0.9219	0.8371	0.9521	0.6574	0.9576	0.9241	0.8849	1.0826	0.9285	1.1252	0.8552	0.9382	0.9203	0.8802	0.7702	0.8436	1.0931	0.9334	0.8170	0.8262	0.8380	0.7094	0.8884	0.4895	0.7913	0.8523	0.8474	0.9314	0.7278	0.9112	0.9989	0.9361	0.9450	0.9319	1.0251	0.8761	0.8869	0.6551	0.7804	0.7433	0.8053	0.9125
QG37_06498	1.0221	0.9305	0.8680	0.9380	0.9157	0.9804	0.8489	0.8817	0.9806	0.8319	0.9246	0.9136	0.9170	1.0131	0.9612	0.9759	0.8896	0.9331	0.9273	0.9719	0.9619	0.9058	0.9585	0.9102	0.9226	0.9196	0.8256	0.8659	0.8562	0.8296	0.7731	0.9175	0.9000	0.9629	0.8554	0.9790	1.0191	0.9171	0.9401	1.0355	0.8741	0.8522	0.9114	0.9785	1.0154	1.0049	0.9406	1.0105
QG37_06499	0.8831	0.8043	0.8445	0.8351	0.8822	0.9326	0.8780	0.9797	0.9825	0.8961	0.9200	0.8622	0.9616	0.9687	1.0167	0.9520	0.9392	0.8568	0.9556	0.9273	1.0093	1.0120	1.0234	0.9038	0.9280	0.9727	0.9298	0.9095	0.8757	0.8063	1.0585	0.9478	0.8660	0.8929	0.9078	0.9540	1.0014	0.9906	0.9199	0.9756	0.9244	0.8847	0.8926	0.9382	1.0074	0.9353	1.0039	0.9005
QG37_06500	0.9384	0.8866	0.7500	0.6762	0.9072	0.8778	0.8660	0.8915	0.8750	0.8777	0.8846	0.7724	0.9118	0.8773	0.8401	0.8029	0.9026	0.9185	0.9378	0.8959	1.0179	0.9381	0.8465	0.9032	0.8386	0.8941	0.9365	0.8932	0.9154	0.9376	0.7992	0.7460	0.8747	0.8446	0.9097	0.8218	0.8639	0.8990	0.8656	0.9511	0.9614	0.8078	0.8178	0.9301	1.0105	0.9514	0.9317	0.9799
QG37_06501	1.1648	1.1733	0.9320	0.8009	1.0987	0.8941	1.0108	0.9871	1.0260	1.0554	1.2510	1.0311	0.9991	1.0393	0.9230	0.9154	1.0980	1.0410	1.1320	1.0344	1.0383	1.1264	0.9600	1.0322	0.9648	1.0880	0.9907	1.1206	1.0864	0.8445	0.9150	1.0120	0.9914	1.0859	1.1042	0.9966	1.1583	1.0009	1.0293	1.0764	1.0158	1.0431	0.9374	0.8966	1.1334	1.0509	0.9995	1.0645
QG37_08467	0.9739	1.0480	0.9241	0.9344	0.9752	0.9470	0.8113	0.9862	0.9139	0.7662	1.1060	1.1136	1.3303	1.0065	0.7928	0.9765	0.9004	1.0777	1.1421	0.9567	0.9579	0.9909	0.8500	1.0348	1.0718	0.9413	0.8944	1.1257	1.0626	1.0506	0.9280	0.8463	0.8445	0.8861	0.8553	0.6671	1.0195	0.9619	1.3005	0.9742	0.9651	0.9401	1.0496	0.7702	1.0782	0.9483	0.9456	0.8747
QG37_06502	0.9751	0.9488	0.9552	0.9743	0.9376	0.9030	0.9439	0.9306	1.0316	0.9061	0.9421	0.9453	0.9897	0.9485	0.9282	1.0081	0.9158	0.9501	0.9409	0.9193	1.0356	0.9419	0.9637	0.9561	1.0267	0.9629	0.9508	0.9019	0.8995	0.9042	0.9113	0.9277	0.9102	0.9767	1.0337	0.9515	1.0186	0.9771	0.9325	0.9832	0.9691	0.9575	0.8770	1.0230	1.0365	1.0376	1.0138	0.9717
QG37_06503	1.0756	0.9804	0.9923	1.0399	0.9524	0.7807	0.9459	1.1021	1.1230	1.1054	1.0053	1.1300	0.9281	1.0693	0.9632	0.9716	1.0123	1.0026	1.1283	0.9751	1.0539	1.0663	1.0953	0.8933	0.9364	0.9351	1.0373	0.9519	1.0133	1.1743	1.0146	0.9732	0.8763	0.8909	0.9254	0.9588	1.0992	0.8606	1.0294	1.0835	1.0251	1.0306	0.9161	1.0844	1.0883	0.9325	0.9577	0.9870
