GENE	CDC_B11096	CDC_B11097	CDC_B11098	CDC_B11099	CDC_B11101	CDC_B11102	CDC_B11103	CDC_B11105	CDC_B11112	CDC_B11113	CDC_B11114	CDC_B11115	CDC_B11116	CDC_B11117	CDC_B11118	CDC_B11119	CDC_B11200	CDC_B11201	CDC_B11205	CDC_B11206	CDC_B11207	CDC_B11208	CDC_B11209	CDC_B11210	CDC_B11212	CDC_B11213	CDC_B11214	CDC_B11215	CDC_B11216	CDC_B11217	CDC_B11218	CDC_B11219	CDC_B11220	CDC_B11221	CDC_B11222	CDC_B11223	CDC_B11224	CDC_B11225	CDC_B11226	CDC_B11227	CDC_B11228	CDC_B11229	CDC_B11230	CDC_B11243	CDC_B11244	CDC_B11245	CDC_B11246	CDC_B11247
QG37_06821	0.6686	0.4616	0.5128	0.4180	0.4679	0.4590	0.5611	0.4836	0.4626	0.3979	0.5166	0.4227	0.5475	0.4362	0.6304	0.4466	0.4823	0.4379	0.4635	0.4607	0.4177	0.4500	0.4575	0.4885	0.5719	0.4303	0.4158	0.4896	0.3466	0.6062	0.6372	0.5179	0.7085	0.5140	0.4804	0.4247	0.4932	0.5138	0.4783	0.4838	0.5514	0.4793	0.5050	0.4613	0.4785	0.5027	0.4822	0.6239
QG37_06822	0.7690	0.6596	0.6845	0.8399	0.6214	0.5946	0.7297	0.7433	0.7118	0.7347	0.7025	0.7369	0.6452	0.7534	0.7415	0.6733	0.7523	0.7966	0.7924	0.7529	0.7231	0.8242	0.8815	0.6408	0.7271	0.6451	0.9132	0.6507	0.6298	0.5126	0.7077	0.7253	0.8484	0.6973	0.7379	0.7334	0.7842	0.7365	0.6740	0.8431	0.6971	0.8428	0.7141	0.7524	0.7194	0.9103	0.7057	0.8815
QG37_06823	0.8439	0.8470	0.7730	0.9750	0.9123	0.8709	0.9685	0.9315	0.8870	0.8432	0.8491	1.0077	0.7570	0.9262	0.9025	1.0183	0.8290	0.8843	0.8845	0.7505	0.9540	0.8094	0.8973	0.7904	0.9553	0.8398	1.0119	0.7939	0.5929	0.6875	0.9183	0.9629	0.9100	0.9953	0.8263	0.8005	0.9491	0.9394	0.8824	0.8105	0.7846	1.0705	0.8494	0.9041	0.8911	0.9015	0.9055	0.8936
QG37_06824	0.9017	0.7781	0.8655	0.6467	0.7708	0.8404	0.7149	0.8283	0.8892	0.7723	0.8445	0.9084	0.7347	0.7966	0.8603	0.9139	1.0097	0.8495	0.7912	0.8571	0.8827	0.8299	0.9122	0.8299	0.8403	0.8840	0.8235	0.7333	0.7515	0.7102	0.8478	0.7714	0.1086	0.9091	0.6934	0.7258	0.7425	0.8743	0.7865	0.9971	0.9586	0.7445	0.9574	0.9284	0.8659	0.8321	0.8214	0.9900
QG37_06825	0.7094	0.7509	0.6742	0.6245	0.7412	0.7461	0.7510	0.8035	0.7631	0.6587	0.6740	0.7740	0.6982	0.7974	0.8839	0.7399	0.7416	0.7978	0.7108	0.8201	0.8825	0.7764	0.8896	0.7823	0.8444	0.6631	0.7539	0.7320	0.6434	0.6081	0.8188	0.7054	0.5336	0.7969	0.7105	0.8205	0.7121	0.9400	0.7978	0.7582	0.7673	0.9152	0.9450	0.9637	0.8212	0.7950	0.8194	0.7573
QG37_06826	0.5157	0.7526	0.4937	0.5974	0.7507	0.7176	0.5622	0.6452	0.5886	0.5500	0.7153	0.6956	0.6218	0.7632	0.6837	0.7762	0.7080	0.7015	0.7085	0.6854	0.8499	0.6244	0.6578	0.6812	0.6956	0.5134	0.7419	0.5727	0.5917	0.4720	0.6478	0.5019	0.6582	0.6264	0.8649	0.7758	0.5874	0.8012	0.7782	0.6626	0.8071	0.6473	0.6626	0.7359	0.6385	0.7424	0.5858	0.5976
QG37_06827	0.6930	0.6831	0.6913	0.6724	0.6673	0.5984	0.6531	0.6942	0.7507	0.6293	0.6320	0.6360	0.5822	0.6510	0.6078	0.7805	0.6739	0.6627	0.6872	0.9049	0.8117	0.7148	0.6145	0.7412	0.7362	0.6355	0.8419	0.6008	0.7038	0.5820	0.4022	0.6102	0.5090	0.6972	0.8029	0.6788	0.6517	0.8008	0.7343	0.6596	0.6842	0.6460	0.5747	0.6280	0.7149	0.6502	0.5964	0.6962
QG37_06828	0.5529	0.5935	0.6622	0.7336	0.5926	0.5839	0.6420	0.6243	0.8583	0.5287	0.5457	0.5774	0.6146	0.6360	0.5982	0.7119	0.5850	0.5019	0.5727	0.7174	0.6938	0.6544	0.6945	0.6212	0.7081	0.5982	0.7348	0.5491	0.6414	0.4892	0.4027	0.5796	0.4987	0.5680	0.6910	0.5571	0.6181	0.7138	0.6719	0.6816	0.5674	0.6850	0.6832	0.6360	0.6197	0.7256	0.6329	0.6577
QG37_06829	0.7172	0.7537	0.7594	0.6155	0.7207	0.7899	0.7952	0.7176	0.8153	0.8140	0.6779	0.7942	0.6611	1.0039	0.6772	0.7238	0.7403	0.6979	0.7435	0.8053	0.7034	0.7317	0.7920	0.6517	0.8476	0.7170	0.6806	0.6740	0.6435	0.6138	0.7186	0.6830	0.7426	0.7326	0.7650	0.7129	0.7836	0.6232	0.8253	0.7897	0.7261	0.6698	0.9265	0.8498	0.7532	0.8244	0.8695	0.9266
QG37_06830	0.7878	0.6514	0.5666	0.5277	0.5950	0.6345	0.5703	0.5939	0.7467	0.6569	0.6500	0.6681	0.5477	0.7043	0.7058	0.7152	0.6586	0.6725	0.6549	0.7390	0.6595	0.6620	0.7093	0.5743	0.6608	0.5517	0.5711	0.6010	0.5934	0.6814	0.5950	0.5788	0.6586	0.7347	0.6940	0.7022	0.5849	0.7375	0.7545	0.6571	0.7113	0.6559	0.5777	0.6292	0.7636	0.6073	0.7933	0.6550
QG37_06831	0.6439	0.6419	0.7166	0.6467	0.9260	0.8402	0.7741	0.8400	0.7170	0.8522	0.7776	0.5329	0.7362	0.7227	0.9720	0.8350	0.7500	0.9062	0.7081	0.7422	0.8719	0.8449	0.7742	0.8199	0.7834	0.7403	0.7975	0.7453	0.7559	0.8985	0.7385	0.7532	0.7613	0.7431	0.9445	1.0599	0.9065	0.7774	0.8863	0.8332	0.8663	0.8036	0.7666	0.7218	0.8630	0.8417	0.7959	0.8039
QG37_06832	0.8832	0.6770	0.8432	0.7281	0.8199	0.6780	0.8571	0.8841	0.7847	0.7289	0.6712	0.9099	0.8512	0.8067	0.7576	0.7260	0.9770	0.7728	0.7750	0.7400	1.1320	0.8593	0.7677	0.8280	0.8018	0.6916	0.9371	0.7925	0.7630	0.5423	0.8584	0.8879	0.8837	0.7514	0.8482	0.7884	0.8866	0.8408	0.8920	0.6797	0.9727	0.9739	0.7623	0.9294	1.0388	0.7688	0.8258	1.0010
QG37_06833	0.8266	0.7959	0.8317	0.7422	0.7445	0.7908	0.8502	0.8770	0.8294	0.7408	0.7827	0.7144	0.8432	0.8538	0.8337	0.7942	0.8230	0.9157	0.8353	0.8547	0.8603	0.8174	0.8208	0.7620	0.8061	0.7160	0.8433	0.7315	0.7091	0.7084	0.9169	0.8557	0.8445	0.8230	0.7929	0.7453	0.8319	0.8364	0.9016	0.6758	0.8371	0.8288	0.7496	0.9002	0.9406	0.8324	0.8880	0.8486
QG37_06834	0.9392	0.8270	0.9439	0.8541	0.8663	0.9873	0.9300	0.9601	0.9368	0.9287	0.8916	0.9126	0.9639	0.9521	0.8367	0.9341	0.8645	0.9162	0.8979	0.8773	0.9678	0.9283	0.9565	0.8894	0.8545	0.8614	0.9172	0.9134	0.8400	0.8775	0.8340	0.8636	0.7875	0.9006	0.8783	0.8621	0.9298	0.9408	0.9750	0.8666	0.9386	0.8176	0.8945	0.9635	0.8194	0.9465	0.9594	0.9744
QG37_06835	0.9042	0.7311	0.9546	0.8729	0.8014	1.0561	0.8382	1.0423	0.8631	0.9558	0.9602	0.8797	0.8030	0.8255	0.7361	0.9805	0.8503	0.8055	0.8469	0.9218	0.8207	0.8126	0.9359	0.7368	0.9555	1.2120	0.9546	0.8415	0.9631	0.8230	0.8258	0.8167	0.9530	0.8426	1.0597	0.9134	0.9583	0.9912	1.0870	0.9345	0.8927	0.9198	1.0245	0.9150	0.9236	0.9380	1.0107	0.8766
QG37_06836	0.9657	0.5019	0.5857	0.4064	0.5844	0.5276	0.5214	0.5788	0.6654	0.5400	0.5635	0.5284	0.5742	0.5212	0.5718	0.5610	0.6001	0.4758	0.6819	0.4795	0.5071	0.5893	0.6074	0.6600	0.6524	0.7542	0.5460	0.5154	0.4773	0.9654	0.5387	0.5633	0.6823	0.5671	0.4652	0.5936	0.5617	0.4469	0.5364	0.5466	0.5202	0.5920	0.5356	0.5712	0.6624	0.6026	0.6011	0.6059
QG37_06837	0.3730	0.6648	0.6155	0.5845	0.7327	0.7468	0.6887	0.6935	0.8139	0.7511	0.6183	0.5889	0.8080	0.7856	0.6350	0.7400	0.6577	0.6799	0.7013	0.7416	0.6947	0.6882	0.7045	0.6635	0.7337	0.8292	0.7860	0.6868	0.5494	0.8118	0.6409	0.6913	0.6567	0.7316	0.5728	0.6691	0.6769	0.4838	0.6993	0.6838	0.5904	0.7203	0.7052	0.5580	0.7262	0.6130	0.6926	0.7766
QG37_06838	1.0521	0.9737	1.0644	1.0521	1.0102	1.0073	1.0665	1.0956	1.0439	1.0692	1.0218	0.9679	0.9834	1.0187	0.9918	0.9970	0.9485	0.9315	0.9862	1.0273	1.0243	0.9496	0.9815	1.0118	0.9034	1.0541	1.0662	0.9910	0.9704	0.9576	0.9781	0.9631	0.9617	1.0265	0.9965	1.0708	1.0123	1.0515	1.0976	1.0228	1.0894	1.0163	0.9653	1.0652	1.0226	0.9746	1.0297	1.0344
QG37_06839	1.1733	1.1355	1.0506	1.0481	1.0735	1.1157	1.0366	1.0550	1.1559	1.0954	1.1804	1.0378	1.0946	1.1528	1.0311	1.0671	1.0875	1.0849	1.0739	1.1440	1.1049	1.0673	1.0594	1.0494	1.0218	1.1060	1.0743	1.0222	1.0530	0.8684	1.0628	1.0342	1.1295	1.0339	1.0688	1.0429	1.0276	1.0747	1.1282	1.0922	1.0904	1.0888	1.0690	1.1746	1.0894	1.0044	1.0153	1.1345
QG37_06840	0.8416	0.8483	0.9298	0.9508	0.9207	0.9912	1.0265	1.0646	0.9084	0.9850	0.9780	0.8960	1.1047	0.9442	0.8845	0.8673	0.8785	0.8638	0.9141	0.9946	1.0376	0.9500	0.8340	0.9776	0.8696	0.6719	0.9466	0.8968	0.8605	0.9709	0.7447	0.7772	0.8793	0.7976	0.9181	0.8510	0.8629	1.0005	0.8955	1.0028	0.7476	0.9203	0.8066	0.9155	0.6631	0.7795	0.7668	0.6182
QG37_06841	1.0275	0.9837	1.0264	0.8762	0.8872	0.9972	0.9561	0.9764	0.9617	0.9952	1.0101	0.9021	0.9603	0.9408	0.9127	1.0329	1.0050	0.9753	0.9810	0.9974	1.0154	0.9131	0.9351	0.9231	0.9757	0.9955	0.8982	0.9532	0.9099	0.8036	0.8824	0.8835	0.8692	0.9217	0.9428	0.9986	0.9569	0.9468	0.9443	0.9940	0.9934	0.9702	0.8711	1.0743	1.0241	0.9469	0.9566	0.9809
QG37_06842	0.7780	0.4680	0.4129	0.4852	0.5206	0.5304	0.5251	0.5482	0.5748	0.4888	0.5279	0.5892	0.5511	0.5246	0.5981	0.4674	0.6196	0.4691	0.6084	0.4949	0.5131	0.6095	0.5639	0.5898	0.5876	0.4797	0.5873	0.5304	0.5759	0.7311	0.5029	0.4763	0.5135	0.6159	0.5734	0.5418	0.6660	0.5736	0.5584	0.6589	0.5339	0.6727	0.5946	0.4779	0.4754	0.5570	0.5850	0.6110
QG37_06843	0.8574	0.5644	0.6199	0.6112	0.8128	0.7826	0.7101	0.7715	0.6830	0.5890	0.8170	0.8000	0.8188	0.6846	0.6703	0.7064	0.7788	0.6680	0.8084	0.5484	0.5813	0.6760	0.7370	0.7068	0.7486	0.6237	0.6392	0.6568	0.5924	0.5781	0.6542	0.6304	0.6866	0.5826	0.5586	0.6754	0.7670	0.6262	0.6103	0.4719	0.7039	0.6146	0.5885	0.6659	0.5598	0.6627	0.5831	0.5457
QG37_06844	0.8953	0.8785	0.8494	0.9521	0.8505	0.9007	0.9666	0.9045	0.9199	0.9183	0.9763	0.8562	0.8683	0.9562	0.8649	0.8940	0.8946	0.9525	0.8935	0.8794	0.8923	0.8716	0.8540	0.9349	0.9924	0.8432	0.8908	0.8308	0.8299	0.7390	0.8744	0.8176	0.9178	0.8607	0.9107	0.9396	0.8792	0.8747	0.8920	0.8573	0.8096	0.8446	0.8704	0.9930	0.8047	0.7834	0.8652	0.9055
QG37_06845	0.8132	0.9309	0.9401	0.9649	1.0331	1.0344	0.8813	0.9577	0.8428	0.9595	1.0907	0.9320	0.8477	0.8565	0.9250	0.8937	0.8883	0.9604	0.9321	1.0386	1.1036	0.9736	1.0679	0.8771	0.9590	0.8398	0.9035	0.9835	0.8374	0.7602	0.9774	0.8891	0.8856	0.9758	0.7629	0.9711	0.9885	0.8621	0.9204	0.8107	0.7913	0.8552	0.9486	0.9267	0.8123	0.7936	0.7201	0.7481
QG37_06846	1.0839	0.9933	0.9274	0.9583	1.0183	1.0098	1.0619	0.9837	0.9822	1.0240	1.0056	1.0425	0.9510	1.0322	0.9695	1.1177	0.9895	1.0059	1.0173	1.0089	1.0125	1.0980	1.0304	1.0017	1.0045	1.0097	1.0192	1.0821	0.9241	0.9994	0.9267	0.8777	1.0480	1.0218	0.9981	0.9900	1.0144	0.8910	0.9470	0.9962	0.9561	0.9413	0.9882	1.0234	1.0576	1.0513	1.0465	0.9957
QG37_06847	1.0377	0.9288	1.0206	1.0530	1.0323	1.0725	1.0496	0.9785	0.9185	0.9249	1.0160	0.9368	0.9664	1.0270	0.9426	1.0502	0.8940	1.0367	0.9355	1.0032	1.0369	1.0467	1.0020	0.9149	0.9177	1.0157	0.9495	1.0031	0.9599	0.8700	0.9611	0.9479	0.8927	1.0123	0.8963	1.0422	0.9578	1.0165	1.0583	0.9537	1.0229	0.9818	0.8905	1.0033	1.0350	0.9448	0.9350	0.9534
QG37_06848	0.9040	0.9749	0.9186	0.9361	1.0141	0.9942	0.9468	1.0437	0.9868	0.9435	1.0658	0.9313	0.9483	1.0327	1.0198	0.9144	0.9800	0.9877	0.9524	0.9622	0.9924	0.8956	0.8648	0.8958	0.9714	1.0180	1.0673	0.9805	0.7676	0.7881	0.8096	0.8834	0.9150	1.1120	0.9373	0.8494	0.8319	0.9610	0.9682	0.9576	0.9600	1.0329	0.9631	0.9414	0.9084	0.9277	0.9380	0.8851
QG37_06849	1.2263	1.0948	1.1819	1.2562	1.2316	1.1182	1.1089	1.0938	1.1623	1.2700	1.2409	1.0439	1.2006	1.1051	1.0962	1.1254	1.1431	1.1443	1.0959	1.1958	1.1688	1.1074	1.0917	1.0366	1.1137	1.0486	1.1149	1.1308	1.1240	1.0155	0.8180	1.0789	1.1854	1.1679	0.9139	1.1530	1.1083	1.1424	1.2487	1.1619	1.1094	1.1658	1.0636	1.2243	1.1530	1.2300	1.1442	1.1057
QG37_06850	1.0941	1.1119	1.0165	0.9556	1.0741	0.7528	0.9772	1.0319	1.1977	1.1186	1.0752	1.0280	0.9487	1.1875	0.9846	0.8546	0.9555	0.9432	1.0123	0.9023	0.9179	1.0508	0.9872	0.9199	1.0823	0.9589	1.0614	0.9884	1.1775	1.1482	0.9091	0.9741	1.0914	0.8539	1.0603	1.0681	0.8928	1.2587	0.9217	1.1388	0.9335	0.8604	0.9334	1.0633	1.2443	0.9286	1.0507	0.8491
QG37_06851	0.9435	1.0063	0.9847	0.9084	1.0696	0.9780	1.0220	0.9711	0.9349	0.9677	0.8441	0.9633	0.9043	1.0120	0.9720	1.0440	0.9354	0.9463	0.9654	0.9622	0.9963	0.9502	0.9696	0.9987	1.0316	0.9843	0.9367	0.9093	0.8976	0.8584	0.9379	1.0313	0.8890	0.8976	1.0172	0.9256	0.9425	1.0094	0.9981	0.9754	0.9721	0.9917	0.9973	0.9371	1.0260	0.9508	1.0368	0.9820
QG37_06852	0.7862	0.8441	0.8938	0.8733	0.7896	0.8331	0.8494	0.7927	0.8691	0.8750	0.7482	0.8159	0.9312	0.8919	0.9298	0.8725	0.8208	0.8676	0.8638	0.7524	0.8309	0.8170	0.8631	0.7993	0.8727	0.7811	0.8615	0.8046	0.8457	0.6466	0.7207	0.7788	0.8100	0.9487	0.8692	0.8119	0.8746	0.9896	0.8460	0.9072	0.8309	0.8069	0.8862	0.8667	0.8515	0.8846	0.8432	0.8835
QG37_06853	0.7350	0.7932	0.7791	0.8303	0.7119	0.7948	0.8144	0.7404	0.6515	0.7349	0.6931	0.7032	0.7559	0.7688	0.7114	0.8037	0.7365	0.7278	0.7810	0.7515	0.8236	0.8231	0.8073	0.8538	0.7457	0.7840	0.7845	0.7519	0.6089	0.7814	0.7713	0.6781	0.8493	0.7534	0.8107	0.7674	0.8094	0.8338	0.8175	0.8486	0.7752	0.7215	0.7121	0.8320	0.6817	0.8113	0.9302	0.7941
QG37_06854	0.8521	0.7786	0.7447	0.7473	0.7729	0.8791	0.8190	0.7927	0.8184	0.7230	0.8084	0.7809	0.7288	0.7599	0.7880	0.8442	0.8006	0.8477	0.8339	0.7829	0.7952	0.8229	0.8130	0.8071	0.7549	0.7597	0.8173	0.7121	0.7311	0.7378	0.8056	0.7379	0.7853	0.8179	0.8304	0.9069	0.8151	0.7724	0.8295	0.7967	0.8841	0.7410	0.7778	0.9307	0.8014	0.8582	0.8421	0.8858
QG37_06855	0.7255	0.6657	0.6819	0.6678	0.7516	0.7601	0.7037	0.7267	0.6584	0.6390	0.8156	0.6071	0.7720	0.7520	0.8488	0.7831	0.7302	0.7331	0.7620	0.7779	0.7749	0.6629	0.7604	0.7457	0.7405	0.6590	0.7702	0.6731	0.6860	0.7663	0.7289	0.6540	0.7015	0.7957	0.7961	0.7409	0.7695	0.7697	0.7787	0.7354	0.7740	0.7933	0.7658	0.8395	0.7181	0.9060	0.8939	0.8073
QG37_06856	0.8613	0.8532	0.8965	0.9080	0.8072	0.9476	0.8710	0.7827	0.9221	0.8213	0.9200	0.8171	0.8495	0.8855	0.8633	0.8122	0.8953	0.8921	0.8718	0.8188	0.8866	0.9254	0.9182	0.8517	0.8928	0.8490	0.9052	0.8653	0.8405	0.8842	0.7364	0.8770	0.8741	0.8442	0.8471	0.8503	0.9227	0.9736	0.8864	0.9056	0.9070	0.8539	0.8484	0.8966	0.8334	0.8344	0.8740	0.8742
QG37_06857	1.0621	0.8389	1.0095	0.7679	0.9592	0.9109	0.9047	0.9749	0.9088	0.9425	0.8716	0.7769	0.9238	0.9889	0.8697	0.8845	0.8042	0.8455	0.9528	0.9916	0.9248	0.9852	0.9504	0.8499	0.9440	0.8838	0.9518	0.8764	0.7978	0.6814	0.8664	0.9654	0.8424	0.9177	0.7990	1.0112	0.8987	0.8698	0.6786	0.7928	0.8487	0.9637	0.8761	0.8070	0.9506	0.8568	0.8614	0.9690
QG37_06858	0.9223	0.8921	1.0250	0.7413	1.0574	0.9990	0.9013	0.8234	0.8714	0.7852	0.8887	1.0511	0.9731	0.8666	0.8597	0.9761	0.9009	0.9787	0.9028	0.9195	0.9894	1.0068	0.7321	0.9004	0.8527	0.9524	0.8675	1.0224	0.9484	0.7329	0.8395	0.8400	0.9228	0.7561	0.7933	0.9929	0.8578	1.0218	0.6962	0.8862	0.8964	0.8350	0.7462	0.7227	0.9829	0.9626	0.7157	1.0178
QG37_06859	0.7627	0.7635	1.0824	0.7566	0.9304	0.9844	0.8154	0.8170	1.0246	0.7888	0.9360	0.7208	0.8721	0.7405	0.8433	0.9290	0.7856	0.9490	0.8996	1.0186	1.0283	0.9234	0.9303	0.7189	0.8323	0.8748	0.8413	1.0049	1.0039	0.6341	0.7768	0.9190	0.6921	0.7651	0.9574	0.9008	0.7827	0.9942	0.6881	0.7755	1.0036	0.8032	0.6934	0.8983	0.8792	1.0047	0.7061	0.9644
QG37_06860	0.9976	0.7977	0.6763	0.8792	0.8917	0.9024	1.0260	0.8105	1.0669	0.7879	0.7366	0.8719	0.9570	0.8271	0.9739	0.9471	0.9414	0.9398	0.8963	1.0229	0.8888	0.8991	0.9731	1.0018	0.8900	0.9489	0.7325	0.8502	0.7880	0.8090	0.7841	0.8501	0.8515	0.7694	0.9938	0.8991	0.7525	0.9220	0.8085	0.8634	0.8307	0.8344	0.6789	0.8155	0.8648	0.7955	0.8464	0.9532
QG37_06861	0.9464	1.0975	1.0612	1.1045	1.0790	1.0807	1.1531	1.1596	1.2137	0.9744	1.1228	0.8847	0.9658	1.0369	1.0585	1.1767	1.0941	1.0419	1.0435	1.0357	1.2239	1.1151	0.9890	1.0704	1.0195	0.9635	1.1007	1.2216	1.0410	0.9809	0.9969	1.0945	1.0340	1.0690	0.9895	0.9786	1.1267	0.8446	0.9523	1.0632	1.0725	0.9987	1.0194	1.0242	0.8598	0.9915	0.9542	0.9770
QG37_06862	1.0850	1.0560	1.2104	1.0377	1.1780	1.1552	1.1930	1.1605	1.1743	1.0718	1.1801	0.9458	1.0465	1.0675	1.1696	1.1326	1.0635	1.1028	1.1074	1.1363	1.1463	1.0550	1.1503	1.0742	1.1071	1.1576	1.0905	1.1303	1.0945	2.6917	1.7484	1.0957	1.1454	1.1287	1.0713	1.1236	1.1349	1.0863	1.2052	1.1271	1.1316	1.0920	0.9835	1.1626	1.0073	1.0246	1.0776	1.0111
QG37_06863	1.1482	1.0686	1.0672	1.0504	1.0328	1.1238	1.0647	1.0933	1.0076	1.0481	1.0535	1.0069	1.0673	1.0261	0.9814	1.0048	1.0579	1.0593	1.0069	1.1296	1.0812	1.0554	1.0422	0.9699	1.0074	1.1044	0.9937	1.0625	1.0440	0.9870	0.9279	1.0211	1.0879	1.0483	1.0256	1.0677	1.0154	1.0752	1.0630	0.9855	1.1256	1.0198	1.0356	1.0218	1.0256	1.0110	1.0183	1.0417
QG37_06864	1.2495	1.1163	1.2028	1.0480	1.1367	1.1905	1.3227	1.1446	0.9978	1.1294	1.2283	1.0953	1.0372	1.1200	1.2036	1.0241	0.9038	1.1347	1.0889	1.1928	1.2323	1.1834	1.0385	1.0634	0.9947	1.1332	1.0464	1.0503	1.0857	1.0688	1.0398	1.0653	1.1790	1.2510	1.1010	0.8878	1.0369	0.9734	1.1571	1.0352	1.1143	1.1973	1.0844	0.9977	1.0925	1.0825	1.3420	0.9443
QG37_06865	1.1710	0.9847	1.0961	0.9267	1.0507	1.1031	1.0890	1.0842	0.9973	0.9957	1.0511	0.9853	0.9642	1.0671	1.0402	1.0217	1.0150	1.0196	0.9701	1.0490	1.0242	0.9414	0.9614	0.9405	0.9801	1.0491	0.9504	1.0217	0.9900	1.0797	0.9081	0.9443	1.0173	1.0486	1.0588	0.9808	1.0886	0.9863	0.9781	0.9280	1.0833	0.9929	0.9957	0.9914	0.9024	1.0071	0.9853	0.9235
QG37_06866	1.0576	1.0506	0.9750	0.9860	0.9752	1.0675	1.0117	0.9638	1.0365	0.9288	0.9466	0.9550	0.9994	0.9686	1.0012	1.0305	0.9715	1.0021	1.0066	1.0370	0.9742	0.9464	0.9478	0.9714	0.9772	0.9497	0.9745	1.0193	0.9493	0.8406	0.9455	0.9650	1.0051	1.0265	1.0297	0.9122	0.9745	0.9720	1.0336	0.9485	0.9977	0.9897	0.9433	1.0134	0.9634	1.0447	0.9920	0.9722
QG37_06867	0.8115	0.9226	0.8193	0.8935	1.0064	0.9885	1.0120	0.9353	0.8289	1.1756	1.0770	0.9252	0.9512	0.9848	0.8219	0.7919	1.0021	0.9304	0.9899	0.9953	0.8885	0.9398	0.8726	1.1297	0.9371	1.0451	0.9414	1.0037	0.8976	0.7272	0.9677	1.0982	0.9446	0.9213	0.9793	0.9213	0.9678	0.9316	0.8737	0.8431	0.7948	0.9282	0.8532	0.8705	0.8212	0.7435	0.8108	0.8238
QG37_06868	1.2654	1.4491	1.4021	1.3306	1.2531	1.2820	1.1110	1.1069	1.2337	1.4434	1.3211	1.1934	1.2480	1.0023	0.9475	1.1000	1.0368	1.2410	1.3786	1.2663	1.0919	1.2427	1.1668	1.3945	1.2226	1.3109	1.4460	1.3572	1.4888	1.1852	1.2580	1.3514	1.0628	1.2717	1.1415	1.1383	1.2032	1.0541	1.3674	1.3278	1.3257	1.1270	1.0822	1.2894	1.2287	1.1604	1.2848	1.3268
QG37_06869	1.2691	1.1525	1.1231	1.1416	1.0273	1.1216	1.1494	1.0499	1.0861	1.1364	1.1432	1.0612	1.1026	1.1156	1.1388	1.0754	1.1270	1.0609	1.0734	1.1089	1.0125	1.1350	0.9981	1.1730	1.0740	1.0440	1.1183	1.0127	1.2064	0.9366	1.0523	1.0203	1.1860	0.6488	0.6905	0.7289	0.6274	0.6366	0.6354	0.6326	0.7048	0.6836	0.6778	0.3679	0.3264	0.3641	0.3293	0.3881
QG37_06870	1.0314	1.0498	0.9659	0.9890	0.9095	0.9848	1.0301	0.9234	0.9498	0.9374	1.0307	0.9027	1.0301	0.9480	0.8979	0.8963	0.9662	0.9634	0.8981	0.9833	0.9316	1.0032	0.9328	0.9234	0.9944	0.9792	0.9231	0.8983	0.8799	0.8418	0.8877	0.8908	0.9224	0.9063	0.9207	1.0111	1.0544	1.0162	0.9948	0.9786	0.9436	0.9597	0.9622	0.9152	0.9803	0.9512	0.8899	1.0148
QG37_06871	1.0229	1.0408	0.8966	1.0014	0.9934	0.9544	0.8751	0.9057	0.8808	0.9116	0.8670	0.9781	1.0007	0.9813	0.9482	0.9375	0.9505	0.9788	0.8998	1.0133	0.9383	0.9141	0.9601	0.7963	1.0387	0.8654	0.9326	0.9512	0.9224	0.9021	0.9068	0.9847	0.8490	0.9176	0.9562	0.8596	0.8688	1.0388	1.0112	0.8316	0.8635	0.9300	0.8145	1.0300	0.8967	1.0219	1.0292	0.8116
QG37_06872	1.0635	1.0146	1.0374	0.8929	1.2204	0.9249	1.1017	0.9296	1.0511	1.1394	1.0109	0.9132	0.9846	0.9693	0.7833	0.9637	0.9647	0.8908	0.8820	0.9623	0.9304	0.8994	0.8295	0.7712	0.8753	0.9617	0.9291	0.9831	0.6476	0.6978	0.9980	1.0537	0.9708	0.9617	0.7947	0.8067	0.8570	0.9890	0.8363	0.7718	0.8664	0.9288	0.8671	0.6562	0.7652	0.6898	0.9022	0.8426
QG37_06873	1.0411	0.9381	0.9519	1.0227	0.9158	0.9678	1.0109	1.0396	0.9074	0.9794	0.9547	0.8504	1.0894	1.0288	0.9163	0.9574	0.8780	0.9354	0.9058	0.9308	0.9181	0.9824	0.8968	0.8950	0.9437	0.9101	0.9738	0.9259	0.8990	0.8154	0.8926	0.9716	1.0292	1.0064	0.8899	0.9282	0.9575	0.9624	0.9518	0.8615	0.9551	0.9264	0.7989	0.9199	0.8661	0.9763	0.9853	0.8707
QG37_06874	0.9564	0.9759	0.8198	0.8832	0.9456	0.9332	0.9293	1.0053	0.7949	1.0037	0.8383	0.9535	1.0085	0.8956	0.9739	0.8251	0.8623	0.8444	0.7034	0.9126	0.9142	0.8330	0.9120	0.7783	0.7972	0.9142	0.8901	0.8734	0.9151	0.8860	0.9322	0.8615	0.8223	1.0336	0.7828	0.8520	0.8302	1.0217	0.7385	0.8614	0.8957	0.7738	0.7472	0.8012	0.8957	0.7846	0.7759	0.6794
QG37_06875	0.6706	0.6013	0.7861	0.7584	0.7214	0.6181	0.6751	0.7009	0.7213	0.7436	0.6285	0.6979	0.6318	0.4853	0.6510	0.6212	0.9871	0.6221	0.9945	0.7992	0.7811	0.8755	0.6906	0.5470	0.7150	0.6053	0.6126	0.6871	0.6811	0.5547	0.6549	0.6974	0.6144	0.6133	0.7117	0.7335	0.5951	0.5891	0.6212	0.6542	0.5572	0.5722	0.5968	0.6726	0.5468	0.6491	0.6682	0.6504
QG37_06876	1.0139	0.9936	0.9408	1.0114	1.0476	1.1349	1.0233	1.1277	1.1264	1.0603	1.1238	0.8934	1.0524	1.0723	1.0753	1.0374	1.0593	0.9445	1.0391	1.0185	1.0813	1.0228	1.1044	1.0389	0.9518	0.9970	0.8803	0.9832	0.9641	0.7896	0.8632	1.0689	0.9952	1.1038	1.1558	1.0825	1.0006	0.9938	1.0365	0.9707	1.0619	1.0660	0.9173	0.9653	1.0358	1.1404	1.0396	1.0595
QG37_06877	1.0956	0.9319	1.1260	1.1315	1.0901	1.0071	1.0835	0.8313	1.0480	0.9879	0.9856	0.9777	1.0499	0.9932	1.0775	1.1912	1.2305	1.1849	1.0108	1.1706	1.0407	1.0472	1.1830	0.9916	0.9847	1.0961	0.9406	0.9816	1.1051	1.0549	1.0844	1.0059	0.8293	1.1336	1.1725	1.0311	1.0806	1.0722	1.1662	0.9259	1.1654	1.1778	0.9887	0.9872	1.0866	1.0076	1.0466	0.9181
QG37_06878	1.0679	0.9458	1.0602	0.9586	0.9501	1.0190	1.0643	1.0613	0.9133	0.9199	1.0874	0.9679	0.8875	1.0579	1.0383	1.0921	0.9290	1.0459	0.9427	1.0439	1.1394	0.9040	0.9307	0.8674	0.9133	0.8968	0.8755	1.0250	1.0044	0.9075	0.9683	1.0775	1.0075	1.0111	1.0466	0.9746	0.9365	1.0847	1.0328	0.8313	1.0009	0.9157	0.7866	0.9650	0.9454	0.9058	0.9281	0.9167
QG37_06879	1.0554	0.9795	1.0063	0.9549	1.0392	0.9981	1.0286	1.0161	0.9758	1.0460	0.9940	1.0158	1.0396	1.0085	0.9383	0.9722	0.9852	0.9739	1.0625	1.0599	1.0278	1.0410	1.0049	1.0016	0.9453	1.0090	1.0037	0.9902	0.9806	0.9436	1.0082	1.0684	0.9528	1.0381	0.9671	1.0340	0.9512	0.9767	1.0636	1.0024	1.0233	0.9767	1.0158	1.0378	0.9964	1.0299	1.0162	0.9952
QG37_06880	0.9039	0.8114	0.8015	0.8141	0.8197	0.7882	0.7805	0.7951	0.8578	0.7669	0.7401	0.8590	0.7325	0.9125	0.8002	0.7778	0.8553	0.7865	0.8347	0.8999	0.8502	0.8866	0.8622	0.8250	0.8866	0.7956	0.7686	0.7639	0.7827	0.6275	0.8026	0.7974	0.8821	0.8424	0.9052	0.8245	0.8654	0.9287	0.8450	0.8591	0.7673	0.8454	0.8639	0.9234	0.8181	0.8859	0.8893	0.8964
QG37_06881	0.8964	0.9170	0.9237	0.9292	0.9522	0.8360	0.9562	0.9954	0.9718	0.8622	0.9640	0.9653	0.8335	0.9619	0.9368	1.0148	0.9642	1.0305	1.1114	1.0300	1.0254	0.9995	1.0754	1.0487	0.9825	0.9600	1.0247	0.9906	0.8953	1.0452	0.9686	0.9463	0.9350	1.0544	0.9936	1.0541	1.1014	1.0057	0.9739	0.9868	1.1659	0.9444	0.9262	0.9077	1.1004	1.0269	1.0036	0.9876
QG37_06882	0.8328	0.8016	0.6816	0.8320	0.6947	0.6913	0.8691	0.8661	0.8481	0.9377	0.7021	0.6820	0.9200	0.9245	0.7984	0.9073	0.9447	0.8866	0.9486	0.6965	0.8225	0.7875	0.9874	0.7074	0.8910	0.8221	0.8216	0.8495	0.9335	0.9354	0.8975	0.8684	0.8870	0.6934	0.7935	0.8949	0.7842	0.8476	0.7652	0.7586	0.8736	0.8538	0.9497	1.0711	0.9640	0.9536	1.1086	0.9371
QG37_06883	0.8230	0.8688	0.7316	0.8466	0.8285	0.9047	0.9196	0.8956	0.9504	0.8285	0.8597	0.9066	0.8503	1.1512	0.9595	0.9979	0.9979	0.8848	0.9766	0.6934	0.9598	1.1887	0.7895	0.8654	0.9275	0.7942	0.8556	0.8919	0.7289	0.9536	1.0974	0.9555	0.8320	0.9793	1.1232	1.0658	0.8855	1.0040	0.8235	1.0618	0.8771	0.9283	1.0112	0.9699	0.9957	0.9866	1.1138	0.9864
QG37_06884	0.8918	0.8658	0.7262	0.8168	0.8012	0.7808	0.7830	0.8400	0.8571	0.8804	0.7671	0.8913	0.7882	0.9581	0.8457	0.9543	0.7502	0.8711	1.0042	0.7940	1.0824	0.8804	0.8068	0.8447	0.7720	0.8734	0.9427	0.8744	0.7451	0.8051	0.9374	0.8129	0.8407	0.8518	0.8343	0.8530	0.9929	0.9637	0.8962	0.9278	0.9544	0.9179	0.9936	0.8530	0.8909	0.8877	0.9245	0.7866
QG37_06885	0.8634	0.8852	0.7941	0.8468	1.0201	0.8574	0.7662	0.8937	0.9070	0.8561	0.7988	0.8307	0.7364	0.9528	0.8118	0.9543	0.8105	0.9580	0.9236	0.9624	1.0783	0.9163	0.8410	0.8369	0.9145	0.9007	1.0456	0.8086	0.7572	0.7284	0.8755	0.8964	0.9517	0.8208	0.8641	0.9270	0.9172	1.0050	0.9430	0.9484	1.0218	0.9824	1.0185	0.8410	0.9699	1.0069	0.9024	0.8609
QG37_06886	0.7738	0.8354	0.8951	1.0160	0.7938	0.9196	0.9554	0.8442	0.7677	0.6790	0.7931	0.9481	0.6940	0.8522	0.9978	1.0733	0.9209	0.8823	0.9903	0.7488	1.0494	0.8894	0.8123	0.9904	0.7770	0.9329	0.8991	0.8196	0.9291	0.7005	1.0224	1.0250	0.9160	1.0601	1.0487	1.0318	1.0470	0.9748	0.8859	0.8784	0.9478	0.9525	0.7723	0.8602	0.9029	0.9287	1.0285	0.9443
QG37_06887	0.8442	0.8118	0.8005	0.8639	0.9080	0.8915	0.8847	0.8236	0.8387	0.7629	0.8122	0.8159	0.8760	0.8707	0.8598	0.8805	0.8012	1.0006	0.8996	0.8006	0.8248	0.8674	0.8636	0.8490	0.8597	0.9258	0.8473	0.7223	0.7445	0.7148	0.8844	0.7660	0.7953	0.8674	0.9229	1.0389	0.9078	0.8470	0.8020	0.9291	0.9479	0.8074	0.8849	0.9505	0.9467	0.8366	0.8331	0.8089
QG37_06888	0.7871	0.7669	0.8379	0.7637	0.8605	0.9716	0.9245	0.8631	0.7633	0.6598	0.8555	0.8852	0.7363	0.8205	0.8634	0.9407	0.7686	0.8577	0.9337	0.7342	0.9826	0.7833	0.8337	0.8305	0.8387	0.7988	0.8693	0.8500	0.7874	0.8005	1.1023	0.7433	0.8596	0.9445	1.0266	0.8567	0.8853	1.0525	0.9228	0.9358	0.8525	0.8583	0.8281	0.9447	1.0318	1.0306	0.8618	0.9015
QG37_06889	0.7845	0.8739	0.7988	0.9564	0.9048	0.8952	0.8095	0.8369	0.7959	0.8007	0.8571	0.9037	0.8639	0.8473	0.9140	0.8818	0.8021	0.9665	0.9033	0.8018	1.0013	0.8645	0.8649	0.9080	0.8936	0.8694	0.8550	0.8756	0.8539	0.6102	0.8716	0.8345	0.8316	0.8562	0.9367	0.9501	0.8713	0.9601	0.8354	0.7844	0.8382	0.8469	0.9120	0.9678	0.9738	0.9475	0.8942	0.9847
QG37_06890	0.7032	0.6100	0.6355	0.7125	0.6188	0.6511	0.6568	0.6746	0.6935	0.6278	0.7059	0.6415	0.6272	0.7488	0.7274	0.7743	0.7000	0.7030	0.6887	0.6246	0.8045	0.6668	0.6590	0.6938	0.6972	0.6672	0.6849	0.6595	0.5406	0.7087	0.6455	0.6309	0.7019	0.7314	0.6388	0.7025	0.6493	0.7422	0.6829	0.7113	0.7081	0.7275	0.6994	0.8005	0.7610	0.7466	0.7732	0.7727
QG37_06891	0.5587	0.6336	0.6246	0.6740	0.7049	0.6632	0.8450	0.7395	0.6525	0.6226	0.7532	0.5175	0.6782	0.7357	0.7331	0.6612	0.6134	0.7616	0.6673	0.5943	0.7498	0.6569	0.6678	0.8001	0.6711	0.5728	0.6776	0.6270	0.4954	0.8099	0.6141	0.6252	0.6564	0.7372	0.7112	0.6967	0.5481	0.7367	0.7898	0.6590	0.6681	0.7291	0.6877	0.7124	0.7628	0.6487	0.6175	0.7519
QG37_06892	0.4154	0.4887	0.5331	0.5052	0.4793	0.4628	0.4160	0.4512	0.5051	0.5145	0.4118	0.4829	0.5336	0.4619	0.5637	0.4101	0.4839	0.4830	0.4794	0.5260	0.4689	0.3990	0.5144	0.5013	0.5641	0.4090	0.4501	0.3578	0.4303	0.4389	0.6524	0.4931	0.4291	0.3560	0.4482	0.3786	0.4451	0.3570	0.3305	0.4142	0.3668	0.4713	0.3460	0.5083	0.5152	0.5081	0.5184	0.4995
QG37_06893	0.7259	0.7635	0.5920	0.7324	0.6980	0.7818	0.7366	0.7277	0.8084	0.6113	0.6094	0.7354	0.6671	0.7418	0.7814	0.7713	0.6848	0.6434	0.7073	0.6571	0.7066	0.8370	0.7450	0.8035	0.6818	0.6702	0.6899	0.6192	0.7307	0.6290	0.7103	0.7100	0.7446	0.7368	0.8153	0.7121	0.7451	0.7077	0.6470	0.7353	0.7108	0.7039	0.7935	0.8441	0.7505	0.7387	0.7889	0.7171
QG37_06894	0.8111	0.7509	0.8756	0.7476	0.8572	0.8793	0.8844	0.8481	0.9275	0.7767	0.8902	0.9035	0.8525	0.9239	0.8673	0.9078	0.7674	0.9178	0.8733	0.7983	0.8447	0.8535	0.9418	0.8504	0.8189	0.8283	0.9378	0.7910	0.8383	0.8287	1.0391	0.8869	0.9494	0.8475	0.9003	0.9033	0.8806	0.9059	0.8676	0.8834	0.8756	0.8337	0.7695	1.0179	0.8634	0.8914	1.0511	0.9538
QG37_06895	0.7661	0.7834	0.6533	0.7113	0.6303	0.6247	0.6688	0.6998	0.7523	0.8076	0.7417	0.7294	0.8153	0.6828	0.6423	0.7588	0.7674	0.7465	0.6390	0.7746	0.7200	0.9565	0.7020	0.8043	0.7706	0.7750	0.7896	0.8061	0.7310	0.5726	0.6508	0.6639	0.8503	0.5146	0.5699	0.5840	0.5654	0.5741	0.6910	0.6463	0.6987	0.6971	0.4815	0.6007	0.7959	0.8084	0.8966	0.7609
QG37_06896	0.9234	0.9485	0.9195	1.0047	0.9593	0.8615	0.8861	0.8110	0.9661	0.9655	0.7930	0.8770	0.8370	0.9284	0.9800	0.9630	0.8950	1.0649	1.0278	0.8657	0.9413	0.9155	0.9500	0.9832	0.9853	0.8756	0.9467	0.9814	0.8847	0.7990	0.6980	0.8437	0.9480	0.8572	0.9996	0.8705	0.8738	0.8286	0.9920	0.9766	0.8919	0.9479	0.7869	1.0034	0.9586	1.0078	0.9906	1.0257
QG37_06897	1.0372	0.9170	0.9069	0.9459	0.9897	0.9342	0.9826	0.9643	1.0113	0.9412	0.9684	0.8948	0.8503	1.0756	0.9202	0.9805	1.0049	0.9150	1.0415	0.9886	0.8919	0.9931	0.9743	0.9865	1.0164	0.9337	1.0164	0.9077	0.9877	0.8366	0.9722	0.8925	0.9806	1.0267	0.8829	1.0416	0.9475	0.9395	1.0390	0.9239	1.0349	0.9264	1.0653	0.9074	0.9824	1.0357	0.9327	1.0123
QG37_06898	0.9696	0.9452	0.9546	1.0265	0.9004	1.0022	0.9734	0.9400	0.9677	0.8578	0.9587	0.9643	0.9258	1.0000	0.9276	0.9120	0.9878	1.0147	0.9172	0.9536	1.0130	0.9863	0.9198	0.8961	0.9180	0.8978	0.8246	0.9045	0.8946	0.7023	0.9128	0.8960	0.9906	1.0398	0.9196	0.9966	1.0139	0.9978	0.9728	0.9866	1.0857	1.0173	1.0569	1.0372	1.0695	0.9895	0.9942	0.9661
QG37_06899	0.9002	0.8827	0.8674	0.8514	0.8426	0.9047	0.9699	0.8814	0.9980	0.7916	0.9114	1.0229	0.8507	0.8420	1.0151	0.8721	0.9711	0.9216	0.9235	0.9610	1.0385	0.9074	1.0285	0.9290	0.8819	0.8284	0.9080	0.9237	0.8880	0.9015	0.8120	0.8639	0.7913	0.9618	1.0258	0.9596	0.9326	0.9702	0.9697	0.9168	0.9734	0.8522	1.0072	0.9703	0.8985	1.0103	0.8843	0.9372
QG37_06900	0.7013	0.8347	0.8125	0.7095	0.7723	0.9107	0.8936	0.7783	0.8044	0.6800	0.9473	0.7452	0.7687	0.8916	0.7877	0.7912	0.8573	0.8639	0.7487	0.7301	0.8037	0.6778	0.8172	0.8267	0.7909	0.7922	0.7786	0.6773	0.7492	0.7548	0.7103	0.7824	0.8613	0.8843	0.8664	0.8767	0.7673	0.8411	0.7782	0.8926	0.8896	0.8442	0.7652	0.9006	0.8758	0.7730	0.8818	0.8247
QG37_06901	0.9035	0.9339	0.9864	1.0702	1.0412	1.0295	0.8736	0.8937	1.0693	1.0528	1.0938	0.9596	0.9296	1.0622	1.0704	1.0680	0.9106	1.0211	1.0727	0.9676	1.0627	0.9566	0.9478	0.9352	1.0042	0.9378	0.9550	1.0429	0.9984	0.9142	1.0673	0.9836	1.0557	1.0007	0.9293	1.0098	1.1026	0.9888	1.0899	0.9459	1.0331	0.8871	0.8690	1.2371	1.0197	0.9568	1.0686	1.1311
QG37_06902	0.8710	0.9241	1.0804	0.9798	0.8872	1.0137	1.0066	1.0054	0.9601	0.8764	0.9164	0.8621	0.9251	1.0004	0.8525	1.0029	0.9792	0.9263	0.9500	0.9042	0.9510	0.7749	0.9652	0.8488	1.0220	0.8646	0.9153	0.8578	0.9021	0.8936	0.9040	0.9692	1.0823	1.0278	0.9346	1.0367	0.9848	0.9521	1.1699	0.9637	0.9056	1.0140	0.9798	1.0394	0.9438	1.1210	1.0217	1.0401
QG37_06903	1.1590	0.9642	1.1560	0.9556	1.0813	0.9579	1.0125	1.0966	1.1087	1.0031	1.1347	1.1114	0.9627	0.9185	1.0327	1.0519	1.1595	1.0223	0.9875	0.9952	1.0930	1.1094	1.1720	1.0731	0.9066	1.1244	0.9213	1.0561	0.9516	0.9312	1.1574	0.9599	1.1411	1.0241	0.9894	1.1824	1.1210	1.0473	1.2231	1.0705	1.1094	1.0052	1.0163	0.9857	0.9965	1.1455	0.9771	1.0908
QG37_06904	0.9150	1.0417	0.9770	1.1135	1.0512	0.8990	0.8841	1.0370	1.0585	1.0238	0.8310	1.0338	0.8762	1.1583	0.9050	1.0403	0.9537	1.1018	1.1080	0.9118	1.0516	1.1813	1.0059	0.9543	0.9824	0.7909	0.9331	0.9069	1.0845	0.8421	0.8926	0.9691	1.1035	1.1364	0.9109	1.0641	1.2743	1.0128	0.9880	1.1035	1.1341	1.1261	0.9485	0.9598	1.1354	1.0578	1.0780	1.1634
QG37_06905	1.0705	0.9957	0.9146	0.9562	1.0391	0.9126	0.9036	0.9824	1.0107	0.9979	0.9837	0.9666	1.0011	1.1330	0.9196	0.9567	1.0748	0.9084	0.9158	0.9856	0.9589	0.9913	0.9598	1.0623	0.8783	0.8993	0.9166	0.9920	0.9616	1.0967	1.0245	0.9183	1.0319	0.9615	1.0211	0.9684	0.9518	1.0541	1.0608	1.0253	1.0554	1.0881	0.8735	1.1134	0.9898	0.9634	1.0128	1.0017
QG37_06906	0.8302	0.8121	0.7653	0.8565	0.7368	0.7627	0.8040	0.8086	0.8282	0.6993	0.7523	0.6168	0.8637	0.8090	0.8788	0.8792	0.7985	0.7800	0.8411	0.8485	0.9357	0.7346	0.8495	0.9033	0.7982	0.7939	0.7508	0.7680	0.8003	0.7748	0.7658	0.7608	0.8775	0.7788	0.8710	0.8196	0.7560	0.9289	0.7905	0.8729	0.8607	0.7800	0.7562	0.8773	0.7766	0.8970	0.8281	0.8887
QG37_06907	0.7349	0.7643	0.7313	0.7097	0.6528	0.5940	0.8407	0.7676	0.7188	0.6160	0.7547	0.5515	0.7065	0.7026	0.7560	0.8197	0.6670	0.6916	0.7649	0.6460	0.9069	0.7690	0.8236	0.7928	0.7068	0.7252	0.7636	0.6071	0.7819	0.8190	0.6686	0.6749	0.7660	0.8562	0.9025	0.6785	0.7799	0.6470	0.6380	0.8293	0.6216	0.6715	0.6745	1.0240	0.7628	0.8615	0.7789	0.8747
QG37_06908	0.5587	0.3679	0.3997	0.3914	0.2693	0.3618	0.4486	0.4145	0.3772	0.3210	0.2183	0.3813	0.4345	0.3086	0.3475	0.3724	0.3086	0.3696	0.4212	0.3801	0.3944	0.3785	0.3569	0.3336	0.3188	0.3788	0.3770	0.3413	0.4008	0.6550	0.3844	0.3501	0.3686	0.4780	0.4727	0.4411	0.4218	0.3455	0.3410	0.4322	0.4186	0.5198	0.4349	0.5469	0.4682	0.4653	0.5933	0.5483
QG37_06909	0.9153	0.7633	0.7666	0.8792	0.7741	0.9127	0.9175	0.7901	0.8580	0.6727	0.8599	0.9031	0.8974	0.8566	0.9109	0.9328	0.8670	0.7715	0.8788	0.8827	0.9589	0.8745	0.8917	0.8826	0.8387	0.8211	1.0240	0.8494	0.7305	0.8306	0.8322	0.7534	0.7940	0.8342	0.8598	0.8315	0.7244	0.9369	0.8725	0.7627	0.8774	0.8814	0.7802	0.8593	0.8007	0.9823	0.8304	0.8110
QG37_06910	0.8938	0.9524	0.8969	0.7847	0.8633	0.8043	0.8634	0.8799	0.9879	0.8099	0.8212	0.9036	1.0238	0.8397	0.8923	0.8462	0.8669	1.0479	0.8676	0.8254	0.9226	1.0147	0.8723	0.7241	0.8948	0.8486	0.8574	0.8209	0.8038	1.0597	0.7592	0.8490	0.9253	0.9358	0.9126	0.9351	0.9138	0.8532	0.8899	0.8578	0.9181	0.8741	0.9346	0.9677	0.8156	0.9318	0.9370	0.9594
QG37_06911	1.0762	1.0870	1.0530	0.7192	0.9936	1.0780	1.0219	1.0576	0.9144	0.8577	1.1336	0.9758	0.9149	0.9207	0.8641	1.0532	0.8433	0.9869	0.9035	0.9317	1.0646	0.9639	0.9973	0.8927	0.9811	0.9210	0.9869	1.0128	0.9013	1.0349	1.1443	0.8822	1.0356	1.0065	1.1374	1.2657	1.1076	1.1627	0.9424	1.0960	1.0238	1.0397	0.9646	1.0384	1.2056	1.1489	0.8953	0.9160
QG37_06912	0.9676	0.8424	0.8842	0.8526	0.8603	0.8930	0.8544	0.8983	0.9041	0.8410	0.8374	0.8601	0.8890	0.8952	0.7673	0.8858	0.8800	0.8781	0.8721	0.8560	0.8640	0.8789	0.9685	0.9194	0.8776	0.9093	0.8886	0.8556	0.8528	0.8181	0.8714	0.8505	1.0176	1.0050	0.9674	0.9479	0.9465	0.9793	1.0065	1.0020	0.9787	0.9181	0.9967	0.9904	0.9968	0.9930	1.0393	1.0325
QG37_06913	1.0186	0.9722	0.8750	0.8209	0.8417	0.8045	0.9577	0.9131	0.8093	0.7770	0.8176	0.8108	0.7817	0.9179	0.9429	0.8352	0.9548	0.8157	0.8924	0.8640	0.9526	0.9216	0.9533	0.8872	0.9037	0.9154	0.8892	0.9310	0.9269	0.8272	0.8284	0.9303	1.0176	0.9799	1.0426	1.0158	0.9512	1.0199	0.9968	1.0181	0.9385	0.8570	0.9628	0.9267	0.8459	0.9394	1.2635	1.0644
QG37_06914	1.1295	1.0486	0.9827	0.9235	0.9517	0.8862	1.0136	1.0603	0.9938	0.8865	0.7782	0.9020	0.8117	1.1079	0.9361	0.8798	0.9826	0.9302	1.0325	0.8511	0.9588	0.9723	1.0040	0.9397	0.8643	0.9362	0.8339	0.9421	0.8110	1.0430	1.0005	1.0217	0.9387	0.8473	1.0223	0.8693	0.8191	0.9604	0.9772	0.9342	0.8792	0.9440	0.9272	0.9036	0.9047	0.9361	0.9338	0.9832
QG37_06915	1.0456	0.9359	1.0524	0.9481	0.8971	0.9705	0.9985	0.9679	0.9640	0.9734	0.8866	0.8726	0.8928	0.9270	0.9446	0.9281	0.9083	0.9214	0.9132	0.9610	0.9333	0.8936	0.8962	0.9380	0.9501	0.9118	0.9976	0.9824	0.8697	0.8660	0.8940	0.8402	0.9245	0.9116	0.9776	0.9593	0.8984	0.9317	0.9592	0.9490	0.9838	0.9256	0.8890	0.9909	0.9011	0.9547	0.9698	0.9070
QG37_06916	1.0567	1.0740	1.0260	1.0244	1.0675	1.0333	1.1142	1.0015	0.9823	1.0097	1.1709	1.0182	1.1169	1.0911	1.0620	1.0607	1.1029	1.0589	1.0579	1.0679	1.0411	1.0228	1.0174	1.1400	1.0288	0.9961	0.9779	1.0153	1.0079	0.9700	0.9611	0.9928	0.9914	0.9751	1.1668	1.0436	0.9979	1.0133	1.0363	1.0214	1.0024	1.1315	0.9791	0.9608	1.0702	1.0875	1.0138	1.1026
QG37_06917	1.2585	1.1784	1.2614	1.0813	1.1722	1.1947	1.1999	1.1201	1.1116	1.1787	1.1824	1.1490	1.1680	1.1161	1.0781	1.0479	1.1339	1.1282	1.1470	1.2136	1.1430	1.1507	1.0739	1.1020	1.1182	1.1493	1.1480	1.1539	1.2292	1.0291	1.0601	1.1999	1.1616	1.1140	1.1194	1.1636	1.0927	1.1193	1.1050	1.1612	1.1816	1.1148	1.0706	1.1417	1.1247	1.1256	1.1135	1.0750
QG37_06918	1.1062	1.2206	1.2905	1.0267	1.2215	1.1170	1.1449	1.1622	1.0832	1.1864	1.2438	1.1320	1.2072	1.0625	0.9661	1.1212	1.0244	1.1839	1.0533	1.2015	1.0832	1.0935	1.0065	1.1860	1.0428	1.0938	1.0865	1.1802	1.0790	1.0273	0.9160	0.9896	1.1904	1.0220	1.1976	1.1235	1.0560	1.1104	1.1142	1.0611	1.1481	1.1164	1.0613	1.1743	1.1467	1.0139	1.0906	1.0456
QG37_06919	1.1028	1.0086	1.0709	0.9250	1.1794	1.1464	1.1061	1.0020	0.9811	1.1132	1.1032	0.9942	1.1249	1.1137	1.1256	1.0612	1.0835	0.9745	0.9906	1.1775	1.0531	1.0394	0.9918	1.0173	1.0404	1.0613	1.0207	1.0616	1.0259	0.9003	1.0820	0.9829	1.0975	0.9728	0.9440	1.0404	1.0045	0.9794	1.0279	1.0289	1.0503	1.0196	1.0148	1.0846	0.9995	1.1247	0.9723	0.9768
QG37_06920	1.2714	1.2962	1.2433	1.1804	1.2401	1.2460	1.1915	1.1677	1.2401	1.1467	1.2028	1.2032	1.2347	1.0985	1.1484	1.2378	1.1065	1.1152	1.1731	1.2351	1.1780	1.2064	1.1846	1.0980	1.1480	1.1556	1.1430	1.2453	1.1547	1.1176	1.0651	1.1618	1.1525	1.1550	1.1475	1.1769	1.2272	1.0612	1.0600	1.0505	1.1584	1.1562	1.1673	1.2493	1.1607	1.2042	1.1364	1.1567
QG37_06921	1.0602	0.9307	1.3027	0.9622	1.0668	1.3674	1.1357	0.9083	0.9884	0.8034	0.9428	0.9073	1.0907	0.9903	1.0816	0.9625	1.1305	0.9807	0.9848	1.2803	1.0802	1.0476	1.0465	1.0888	1.1588	0.9537	0.9850	1.0513	1.1934	1.2046	1.0056	1.1459	1.0503	0.9799	1.0474	1.0583	1.0772	1.1686	0.9864	1.0388	1.0344	0.9985	1.0375	1.0103	0.9923	1.1484	1.0217	1.0562
QG37_06922	1.1077	1.1103	1.0652	1.0352	0.9953	1.0902	1.1234	1.0564	0.9995	1.1951	1.0395	0.8748	1.0935	1.0903	0.9545	1.1096	1.0152	0.9795	1.0319	1.2128	1.0887	0.9897	0.9258	0.9752	1.0236	0.9836	1.0531	1.1083	0.9693	0.9685	0.9791	1.0700	1.0163	0.9772	1.0377	1.0583	1.1289	1.0324	0.9235	0.9496	1.1024	0.9909	0.9626	1.0204	1.0345	1.0425	1.0539	1.0412
QG37_06923	1.3516	1.1122	1.3238	1.3448	1.2268	1.1481	1.1572	1.0528	1.1150	1.2839	1.0649	1.1247	1.1623	1.0351	1.0205	0.9923	1.0327	1.1218	1.1520	1.1271	1.1806	1.1647	1.1318	1.0411	1.0510	1.2730	1.2996	1.0681	1.0761	1.0052	1.0911	1.2781	1.0780	1.2024	1.1734	1.1775	1.1798	1.1274	0.9805	1.2588	1.1132	1.3551	1.0461	1.1132	1.2196	1.0167	1.0287	1.1523
QG37_06924	1.1280	1.0340	0.9917	1.1205	1.0695	1.1223	1.0486	1.0561	0.9622	1.0748	1.0476	1.0640	1.1267	1.1565	1.0852	1.1771	1.0703	1.0625	1.1170	1.1032	1.0190	1.0621	1.0370	1.2105	1.0649	1.0561	1.0260	1.0815	1.0618	0.9882	1.0256	0.9993	1.1330	1.0631	1.0449	1.1708	0.9836	1.0813	1.0257	1.1163	1.1284	0.9908	1.1262	1.0074	1.1317	0.9586	1.1249	0.9968
QG37_06925	0.9350	0.9430	1.1091	0.9002	0.9289	1.0388	1.1321	1.0422	1.1673	1.0758	1.1274	1.0265	1.0355	0.9859	0.9648	0.9951	1.0270	1.0471	1.1832	0.9846	1.0586	0.9672	1.1122	1.0921	0.9360	1.1033	0.9744	1.0683	1.1738	0.8803	1.1140	0.9354	0.7205	0.9086	1.1474	0.9310	0.8494	0.9953	1.0842	1.0073	1.2740	1.1363	1.0671	0.9684	1.0175	0.9274	1.0105	1.0076
QG37_06926	0.9460	1.0108	1.2820	0.9512	1.0424	1.0929	1.1504	0.9927	1.2603	1.1544	1.1567	1.0692	1.0879	1.1856	1.0142	1.0395	0.9757	0.9990	1.3120	1.0163	1.0420	1.0013	1.2751	1.0412	0.8900	1.1511	1.0966	1.0149	1.1839	1.0515	1.1761	0.8435	0.9440	1.0946	1.2250	1.0454	0.8739	0.9602	1.3065	0.9283	1.3394	1.1090	1.1537	1.0474	0.9751	1.0907	1.1921	1.0376
QG37_06927	1.0634	1.0321	1.0545	0.9152	1.0693	0.9750	1.0563	0.9765	0.9689	0.9692	1.0681	1.1196	0.9938	1.0547	1.0101	1.0462	1.0541	1.0153	0.9644	1.0031	1.0826	0.9260	1.0401	1.0429	1.0704	1.0184	0.9543	1.1160	1.1352	0.8345	0.9807	0.8542	0.9992	1.0247	1.0004	0.9954	1.0242	0.9729	1.0257	1.0002	1.0591	1.0185	0.9522	0.9421	0.9471	1.1054	1.0590	1.0802
QG37_06928	1.1225	1.0741	1.2059	1.1065	1.0785	1.1326	1.0829	1.0177	1.0762	1.1997	1.0626	1.0864	1.1601	1.0632	1.0923	1.0045	1.0572	1.0322	1.0194	1.0220	1.0848	1.0319	0.9679	1.0780	1.0494	1.0796	1.0028	1.0282	1.1035	0.9648	1.0413	1.0573	1.1272	1.0441	1.0414	1.1143	1.0697	1.0086	1.1106	1.1169	1.0371	1.1002	0.9847	1.0498	1.0640	1.1813	1.0889	1.0897
QG37_06929	1.2022	1.0800	1.1374	1.0603	1.1079	1.1773	1.0916	1.0498	1.1222	1.2017	1.1341	1.0884	1.1399	1.0856	1.0425	1.0252	1.0615	1.0647	1.0676	1.1521	1.1614	1.0432	1.0704	1.0645	1.1042	1.0198	1.1160	1.1113	1.0363	1.0994	1.0506	1.0886	1.1610	1.0692	1.0657	1.0002	1.0725	1.0390	1.0722	1.0473	1.1036	1.0080	1.0235	1.0805	1.0786	1.1235	1.1187	1.0481
QG37_06930	1.1780	1.0998	1.1871	1.0373	1.1047	1.1235	1.0486	1.1463	1.0574	1.1790	1.0458	1.1417	1.0948	1.0270	1.0289	0.9693	0.9377	1.1080	1.1502	1.1455	1.0940	1.1560	1.0927	1.1617	1.0553	1.0789	1.1264	1.2261	1.0939	1.1476	1.1018	1.0589	1.1279	1.0521	1.1007	1.0756	1.0431	1.0007	1.1009	1.1032	1.1432	0.9948	1.0542	1.1605	1.1355	1.0249	1.0888	1.0521
QG37_06931	1.1489	1.1305	1.1105	1.0971	1.1001	1.1173	1.1486	1.1234	1.0547	1.0852	1.0796	1.0947	1.1072	1.1085	1.0297	1.0309	1.0825	1.0752	0.9962	1.1511	1.0769	1.0572	1.0489	1.0036	1.0534	1.0544	1.0395	1.1309	1.0810	0.9594	1.0022	1.0806	1.1128	1.0324	1.0673	1.0978	1.0937	1.0735	1.0484	1.0316	1.1434	1.0045	0.9625	1.0520	1.0800	1.0865	1.0911	1.0882
QG37_06932	0.9378	1.0843	1.0247	0.9872	1.0301	0.8584	1.1183	1.0595	0.8393	1.0330	0.9696	1.2490	1.0257	0.9148	1.0427	1.0212	1.1462	0.8366	0.9610	1.0185	1.0369	1.0262	1.1177	0.9252	0.8601	0.9693	1.0849	1.0965	1.1079	0.9251	1.0657	1.1037	1.2173	0.9757	0.8407	1.0012	0.9571	1.0079	0.8476	0.9537	0.9619	0.9743	0.8851	0.8698	1.0009	0.9338	0.9952	1.0440
QG37_06933	1.0056	1.1088	0.9627	0.8296	1.0728	1.0496	0.9653	0.9609	0.9158	1.0950	0.9378	0.9940	0.9874	0.8956	0.9759	0.9683	1.0526	0.9747	1.0925	1.0660	1.0362	1.1624	0.9935	1.2135	0.8950	0.9145	1.0435	0.9171	0.8276	1.7099	1.1937	0.9829	1.1557	1.0565	0.8658	0.9092	1.1561	0.9506	0.9086	1.0132	0.9138	1.0178	0.9638	1.0685	1.1758	0.9808	1.0380	1.0092
QG37_06934	1.1571	1.0766	1.0422	0.9408	1.0069	1.1045	0.9990	1.0173	0.9387	1.1629	1.0293	0.9682	1.0441	0.8236	0.9223	0.9208	0.9646	1.0288	1.0785	1.0603	0.9438	0.9422	0.9273	0.9378	1.0328	0.9290	0.8787	0.9762	1.0956	0.8390	1.0905	1.0255	0.9835	0.9552	0.8838	0.9685	1.0034	0.9048	1.0798	0.9252	0.9173	1.0446	0.8894	0.9323	1.0459	0.9515	0.8590	0.9506
QG37_06935	1.2707	0.9881	1.0242	0.9740	1.0002	1.0179	1.0705	1.0416	0.9533	0.9734	1.0082	1.0330	1.0271	1.0159	1.0378	1.0007	0.9234	0.8989	0.9407	1.0751	0.9858	0.9738	1.0076	0.8836	0.9482	0.9643	0.8996	1.0554	1.0298	0.9160	0.9892	1.0247	1.0429	1.0775	1.0378	1.0570	0.9925	1.0442	1.0793	0.9519	0.8787	0.9988	0.8843	1.0102	0.9429	1.0407	0.9098	0.9804
QG37_06936	1.3920	1.2697	1.2236	1.1366	1.3506	1.1932	1.1726	1.1770	1.1737	1.2331	1.1789	1.1997	1.1966	1.0914	1.0496	1.0625	1.2401	1.1654	1.1598	1.0917	1.2634	1.0683	1.1120	1.0957	1.0725	1.1761	1.1974	1.2053	1.1718	1.1904	1.0941	1.2009	1.2018	1.2011	1.1251	1.1740	1.1525	1.1044	1.2068	1.0035	1.1699	0.9994	1.1274	1.0321	1.0745	1.0659	1.0452	1.0509
QG37_06937	1.4259	1.3625	1.1969	1.0082	1.3143	1.3142	1.1290	1.0612	1.1830	1.1776	1.2373	1.2141	1.3762	1.0526	1.1543	1.0295	1.2205	1.2961	1.1021	1.1619	1.3498	1.0877	1.0574	1.2330	1.2468	1.1757	1.2209	1.0738	1.2680	0.9397	1.0297	1.2040	1.0174	1.1820	1.0474	1.1418	1.2162	1.0463	1.0192	1.0915	1.1933	1.1282	1.1118	1.0109	1.2222	1.2157	1.0232	1.1611
QG37_06938	1.1752	1.1665	1.1432	1.0386	1.1566	1.1878	0.9153	1.2439	1.0759	1.0720	1.2539	1.0073	1.2262	0.8663	1.1132	1.0988	1.0268	1.0011	1.0111	1.0879	1.0255	1.2009	1.0224	1.0023	1.0453	0.9484	1.0259	1.1284	1.2237	1.0409	0.9850	1.1246	1.0490	1.1379	0.9781	0.9296	1.0492	0.9327	1.0230	0.9751	0.9971	0.8792	0.9277	1.0600	0.9739	0.9428	0.9067	1.0293
