GENE	CDC_B11096	CDC_B11097	CDC_B11098	CDC_B11099	CDC_B11101	CDC_B11102	CDC_B11103	CDC_B11105	CDC_B11112	CDC_B11113	CDC_B11114	CDC_B11115	CDC_B11116	CDC_B11117	CDC_B11118	CDC_B11119	CDC_B11200	CDC_B11201	CDC_B11205	CDC_B11206	CDC_B11207	CDC_B11208	CDC_B11209	CDC_B11210	CDC_B11212	CDC_B11213	CDC_B11214	CDC_B11215	CDC_B11216	CDC_B11217	CDC_B11218	CDC_B11219	CDC_B11220	CDC_B11221	CDC_B11222	CDC_B11223	CDC_B11224	CDC_B11225	CDC_B11226	CDC_B11227	CDC_B11228	CDC_B11229	CDC_B11230	CDC_B11243	CDC_B11244	CDC_B11245	CDC_B11246	CDC_B11247
QG37_00016	32.16	35.96	19.21	12.64	27.02	31.40	36.18	41.57	32.61	33.51	23.15	32.22	29.61	35.64	34.31	37.45	31.91	42.59	37.63	31.40	23.67	31.99	31.12	31.58	35.78	27.06	25.33	30.84	27.14	11.14	19.41	32.66	29.83	39.84	26.81	29.74	21.99	27.48	26.61	38.74	43.83	35.17	23.92	21.92	20.29	28.71	22.51	31.90
QG37_00017	78.70	59.68	42.24	50.34	58.96	71.44	56.11	79.79	77.97	61.39	59.78	63.19	57.66	52.03	63.99	77.03	78.69	93.38	66.94	61.79	91.06	58.03	82.72	73.94	65.13	65.23	55.07	71.13	62.36	11.94	42.90	62.08	81.31	71.16	58.93	47.19	64.76	75.47	47.39	66.31	66.76	80.08	59.47	52.11	61.15	52.67	57.06	64.62
QG37_00018	75.54	89.07	62.93	62.38	77.75	87.80	78.58	81.75	99.22	85.92	74.40	69.43	60.50	80.53	79.19	87.09	100.04	109.12	101.45	80.13	94.07	78.00	98.15	75.50	90.05	84.81	66.00	98.88	70.24	26.74	48.23	80.01	90.46	82.16	84.11	65.78	70.92	76.48	61.13	90.04	94.53	95.51	70.80	63.46	79.37	81.83	77.19	92.25
QG37_00019	92.68	106.01	82.69	64.53	121.94	98.90	119.57	105.05	131.09	101.99	83.79	90.03	76.95	106.02	111.73	98.24	126.63	117.36	150.65	110.26	99.55	116.47	140.32	91.62	98.07	107.85	89.11	116.52	96.14	31.03	59.40	126.52	114.30	108.54	109.58	73.32	90.68	101.84	88.27	122.53	113.76	125.53	78.99	84.10	106.91	87.79	72.98	127.84
QG37_00020	94.61	105.99	47.48	57.87	82.61	68.13	91.91	95.57	84.24	91.50	65.41	91.67	82.05	85.43	74.04	80.33	98.57	129.28	100.62	86.49	81.27	94.93	96.66	92.34	103.49	87.50	84.46	108.54	72.74	22.35	41.65	111.50	113.95	86.52	94.17	71.14	82.98	87.82	77.71	98.48	108.86	114.03	78.48	74.92	79.69	94.48	87.79	122.27
QG37_00021	96.67	100.10	62.11	47.27	89.82	106.55	96.33	88.06	80.21	94.80	76.65	82.15	75.75	89.15	77.85	105.56	98.09	91.60	98.29	93.14	110.20	101.13	99.87	85.19	99.09	108.19	77.91	110.78	76.80	32.06	66.68	91.81	62.33	65.05	58.76	45.84	62.56	65.89	54.22	73.19	83.09	70.83	63.96	65.33	91.74	70.89	64.14	102.13
QG37_00022	109.19	115.11	77.35	61.85	99.41	105.53	111.05	108.16	135.29	102.84	88.31	117.05	108.05	95.76	114.15	131.29	125.94	134.10	148.84	100.38	119.23	133.46	138.50	101.47	133.99	140.00	107.38	135.06	106.55	37.24	72.15	123.16	137.38	125.65	105.98	77.91	95.82	111.26	68.70	108.28	114.92	108.64	81.01	76.45	102.13	96.91	90.09	125.78
QG37_00023	114.00	122.64	73.66	69.90	115.95	106.92	114.38	114.13	134.93	100.40	83.56	120.35	112.56	93.27	126.25	119.26	156.48	140.15	156.26	98.36	105.51	135.39	142.49	98.81	126.33	120.52	112.69	144.28	105.36	33.86	65.41	135.85	144.21	134.69	107.12	88.45	103.32	117.79	79.62	98.44	137.74	115.56	93.67	73.62	105.90	97.09	75.66	118.15
QG37_00024	94.58	125.71	73.27	79.50	114.22	107.18	85.02	111.16	118.40	100.92	79.82	94.00	89.95	86.98	96.00	125.03	136.06	150.84	128.84	120.54	146.83	128.03	127.09	106.44	115.33	122.48	89.21	130.05	96.43	28.09	70.86	92.84	142.94	138.85	101.97	99.09	97.50	110.20	80.34	119.85	123.33	120.71	85.82	88.06	107.35	117.34	90.96	150.34
QG37_00025	110.17	134.52	74.73	65.29	107.93	114.75	100.33	106.28	129.47	101.13	97.40	107.90	96.07	83.94	107.54	107.15	145.18	152.27	116.38	112.32	121.51	120.18	132.67	89.60	125.94	140.36	90.80	132.54	105.25	26.67	71.05	113.97	134.14	123.41	109.38	76.86	99.13	117.47	89.50	104.84	124.70	118.55	83.67	86.70	117.13	114.87	92.44	165.73
QG37_00026	106.81	101.65	56.14	46.96	91.73	95.85	103.42	95.05	102.95	79.18	78.42	77.45	84.40	68.14	83.92	86.42	114.47	125.84	110.69	95.64	103.01	79.44	108.91	73.21	90.89	118.53	76.98	104.61	76.67	25.91	60.04	99.16	105.28	94.08	80.52	77.36	73.38	89.45	74.14	90.10	99.13	92.94	60.44	91.78	112.84	95.09	89.56	147.46
QG37_00027	106.40	115.81	72.26	74.11	113.34	108.95	123.18	133.24	127.46	102.65	90.27	85.05	103.03	114.80	105.80	127.40	142.73	146.69	120.21	110.38	106.46	125.61	134.06	112.13	128.16	127.29	94.62	128.32	89.87	24.82	63.54	124.82	127.79	105.66	119.84	96.83	108.68	115.91	93.80	110.78	146.68	123.73	87.59	86.32	119.68	117.63	101.13	135.83
QG37_00028	109.24	106.29	51.78	53.84	89.39	102.00	93.10	98.68	106.38	74.06	67.44	70.23	81.00	86.24	80.01	105.04	122.54	134.50	105.80	94.20	90.28	102.34	98.95	85.27	102.35	118.91	90.38	107.21	74.90	29.17	60.20	94.94	116.44	99.67	97.57	87.07	91.31	88.55	67.00	102.65	124.47	99.36	94.68	84.50	91.11	84.93	83.85	115.01
QG37_00029	133.13	124.70	73.78	77.17	118.50	111.47	116.21	123.01	134.79	111.19	100.19	112.06	111.01	110.40	98.26	115.70	154.71	157.48	137.07	125.97	124.06	129.16	139.72	115.01	127.69	147.25	105.75	131.16	119.95	27.00	75.31	131.21	132.10	131.15	117.81	100.68	113.40	121.88	87.38	120.45	150.13	124.78	99.46	94.90	113.82	115.07	110.80	144.46
QG37_00030	127.16	121.66	61.51	76.65	106.28	105.76	105.23	114.85	124.98	104.82	96.81	84.81	109.59	96.13	91.93	95.45	141.72	146.96	124.24	125.21	123.90	119.67	127.73	96.91	121.30	132.93	104.28	132.44	94.72	30.09	58.02	126.85	142.11	109.18	101.65	90.85	99.37	105.83	85.61	108.07	152.23	116.71	88.20	93.58	123.75	112.21	106.48	146.07
QG37_00031	87.96	89.26	65.07	81.46	96.95	91.75	89.87	87.86	117.48	100.61	91.49	86.38	97.49	99.18	85.54	119.87	133.57	131.39	119.06	110.42	99.25	92.21	121.93	89.34	103.74	116.01	95.33	99.74	88.76	30.61	74.81	104.71	91.41	101.49	114.67	82.29	114.09	86.98	78.98	105.67	123.20	98.15	67.53	86.65	105.14	87.39	95.19	130.24
QG37_00032	97.44	112.27	57.69	73.29	97.57	96.57	89.03	98.05	98.79	89.97	83.87	82.14	83.21	97.23	103.37	88.84	129.59	135.08	122.56	86.39	106.14	101.95	126.97	73.43	97.79	114.33	75.41	105.03	98.44	18.59	69.26	89.75	111.69	110.58	84.65	74.36	105.44	104.65	69.38	103.25	113.38	95.93	89.32	89.72	106.04	89.12	84.05	126.35
QG37_00033	108.12	120.10	63.36	72.65	98.34	101.27	89.92	102.00	109.43	103.38	82.88	84.44	83.77	84.16	89.62	102.73	131.96	142.10	117.20	96.51	108.06	105.67	125.59	94.59	110.22	125.59	85.61	119.85	91.95	24.87	58.01	105.02	171.80	100.93	97.90	76.35	81.12	107.22	74.81	116.20	124.55	111.68	84.38	72.81	100.78	97.99	86.85	120.73
QG37_00034	114.82	142.59	64.35	69.21	112.84	90.15	98.13	100.71	114.44	107.80	79.51	87.78	83.33	95.70	97.95	99.28	125.08	140.16	140.80	113.63	115.42	104.82	130.35	105.05	132.39	123.87	90.89	125.34	94.93	23.22	59.92	112.54	244.22	97.05	105.41	77.56	92.04	108.21	92.81	113.20	112.51	122.75	100.73	62.37	80.98	98.33	76.16	104.35
QG37_00035	105.16	109.29	61.50	61.24	104.07	92.86	94.96	94.19	110.54	96.44	82.28	84.81	81.26	96.98	75.78	91.91	117.20	125.60	117.40	97.86	101.11	96.91	111.85	84.95	99.73	103.73	76.11	97.00	85.91	23.53	53.57	98.04	210.94	100.46	99.77	72.50	91.62	98.93	77.53	109.44	118.25	109.31	79.77	78.78	84.92	93.32	81.61	111.15
QG37_00036	111.96	101.58	71.52	57.76	89.21	95.91	103.33	113.56	102.94	118.63	86.37	79.58	95.92	104.91	106.64	88.39	111.93	147.04	118.53	102.21	106.22	106.89	109.71	80.14	127.57	129.55	82.57	111.40	90.54	27.82	65.75	106.61	229.66	81.89	92.53	69.44	99.70	97.22	73.82	109.19	141.88	87.11	71.40	86.67	99.85	102.97	92.03	128.34
QG37_00037	106.33	100.71	83.31	66.92	107.73	112.19	112.58	122.47	116.76	119.46	97.33	86.65	88.16	107.97	102.04	108.22	130.51	143.54	101.74	112.92	115.57	110.82	124.72	105.72	141.78	147.10	78.01	113.47	91.44	25.91	48.43	124.08	206.42	98.71	101.54	88.42	115.36	107.04	89.62	106.82	111.47	100.25	87.74	78.48	88.79	108.90	94.64	125.68
QG37_00038	151.20	167.58	100.54	95.43	132.51	147.45	133.92	135.31	147.98	151.06	87.80	135.31	121.40	127.62	115.71	116.08	163.79	171.28	132.67	118.57	132.46	141.82	142.80	115.40	139.59	164.99	115.89	122.25	129.50	31.23	93.05	152.78	273.34	130.15	142.26	98.97	127.14	119.76	112.60	149.97	159.17	159.56	105.92	93.27	132.73	98.05	115.11	170.35
QG37_00039	128.81	148.28	64.64	72.92	118.01	125.51	120.44	126.30	123.72	112.84	88.79	111.88	103.95	116.88	113.38	102.60	126.11	144.04	150.18	117.66	106.56	135.26	133.76	105.11	122.65	159.82	103.86	132.17	111.10	31.54	77.95	134.99	135.93	118.76	126.30	90.57	91.36	122.28	97.29	125.49	133.76	140.79	89.46	98.82	139.31	123.69	116.23	177.33
QG37_00040	65.59	108.68	54.18	53.92	91.32	89.92	88.40	85.85	81.30	90.35	65.63	97.03	81.72	67.82	83.35	73.33	104.42	107.82	108.32	96.55	75.02	84.40	96.99	73.30	95.80	112.72	77.30	85.18	71.24	20.87	51.85	112.30	123.05	98.42	105.42	74.59	74.18	101.91	75.48	95.87	111.06	126.28	70.58	88.79	116.18	104.47	104.69	144.48
QG37_00041	118.75	120.85	65.39	72.07	120.25	115.47	121.92	120.65	125.03	106.01	92.96	97.53	106.85	102.99	102.51	117.72	147.20	147.70	145.40	113.34	116.49	119.16	140.32	103.10	125.83	147.97	103.00	137.16	102.65	29.89	72.82	117.23	133.31	123.10	101.58	100.99	104.14	115.87	105.51	117.47	139.41	127.79	96.01	92.09	112.36	104.89	101.07	146.64
QG37_00042	127.47	138.57	79.48	68.27	127.65	138.28	126.20	135.83	143.36	116.40	102.57	121.31	99.43	114.96	99.58	127.96	143.40	159.68	145.91	132.82	116.70	134.26	139.63	111.51	122.54	158.27	136.54	156.48	118.33	26.52	88.44	131.45	134.48	121.00	114.39	95.41	124.15	130.13	108.07	127.30	123.95	135.99	88.14	76.11	112.03	109.56	91.93	154.21
QG37_00043	120.68	99.15	70.20	77.42	114.89	106.23	102.74	123.83	127.59	119.76	91.44	100.33	107.16	113.60	114.50	113.63	142.12	142.34	145.56	113.85	128.19	133.07	132.22	106.12	120.89	142.92	104.74	127.70	95.94	28.83	78.37	119.78	123.88	114.66	116.06	88.35	105.68	122.81	84.91	126.74	144.74	126.66	89.63	89.33	117.13	120.97	91.97	152.63
QG37_00044	136.38	126.14	75.52	63.76	119.05	102.79	111.61	123.43	116.47	123.62	103.59	107.87	97.06	121.83	83.49	109.29	135.35	138.88	131.93	111.24	121.96	137.98	131.71	97.50	116.73	154.89	93.63	115.32	105.55	32.69	80.00	116.73	127.95	114.35	113.31	89.20	107.97	116.54	94.01	123.57	138.02	133.00	86.03	90.59	104.63	94.46	108.28	139.30
QG37_00045	115.92	116.97	67.57	74.25	110.81	120.75	106.61	103.42	115.16	106.17	89.47	96.94	96.32	100.13	97.24	122.35	125.03	128.80	122.92	108.90	115.47	114.52	134.48	97.14	105.92	135.71	87.21	115.92	107.18	32.10	70.12	101.84	142.64	110.57	107.43	92.11	108.26	109.20	87.14	105.83	127.88	121.23	94.73	86.23	106.42	105.30	93.64	122.16
QG37_00046	114.86	96.67	52.83	76.10	95.94	91.16	89.11	93.88	100.01	79.97	76.02	84.60	85.69	88.28	84.99	105.14	107.50	125.13	108.09	92.10	92.10	105.88	104.22	89.94	106.40	117.70	85.97	94.68	79.88	26.16	57.75	103.01	107.37	105.87	93.62	83.21	98.33	93.48	77.92	113.79	114.35	111.61	85.84	75.62	101.43	92.54	92.90	119.76
QG37_00047	141.52	119.19	63.28	60.76	120.93	108.26	109.06	114.16	130.70	103.51	103.41	99.83	97.37	119.40	94.95	113.88	126.64	156.27	132.89	98.08	105.22	126.83	131.74	94.80	135.90	131.83	100.23	140.49	95.70	26.22	63.58	112.64	111.05	121.84	115.85	96.83	110.92	106.20	91.58	126.07	144.12	134.30	98.44	78.81	115.82	117.78	101.59	154.37
QG37_00048	87.74	103.97	59.45	56.96	82.65	93.05	83.56	97.91	113.89	76.60	87.07	84.25	89.80	101.56	99.84	118.87	121.93	127.78	112.51	103.17	95.99	109.58	99.85	89.37	113.34	119.11	84.35	108.75	92.45	24.86	65.99	97.08	108.82	109.68	101.88	79.36	97.29	114.36	75.38	86.07	118.82	112.21	78.95	87.33	107.20	106.91	96.75	116.61
QG37_00049	125.23	124.68	67.70	74.75	97.57	105.42	110.11	108.32	123.25	99.29	79.96	77.49	92.74	102.86	98.03	114.65	132.43	132.92	133.10	113.06	123.19	117.43	128.83	100.60	120.56	132.30	88.24	114.57	87.93	26.24	67.41	107.61	129.63	108.44	96.82	77.70	98.66	101.86	74.80	115.73	125.80	131.16	96.09	84.59	111.59	98.34	101.79	138.55
QG37_00050	125.22	118.26	71.57	65.86	102.47	104.97	103.27	100.13	111.24	105.94	83.68	96.91	100.86	89.00	95.61	108.72	139.79	140.20	133.10	120.41	107.97	123.56	130.96	95.11	125.59	133.19	106.51	122.68	105.04	31.52	70.07	118.16	137.77	106.87	106.67	96.45	114.45	114.31	85.50	122.31	133.31	125.33	94.74	97.31	117.48	110.05	97.36	142.16
QG37_00051	133.04	121.46	52.29	57.08	106.37	96.99	88.86	100.55	128.38	108.20	95.65	102.26	87.45	110.19	104.92	103.23	153.41	164.25	134.71	107.28	112.59	120.46	116.80	94.05	148.96	160.98	118.83	127.85	119.26	31.87	69.60	138.99	128.63	102.28	93.96	71.85	112.45	119.57	81.91	115.21	131.71	128.03	99.69	90.75	122.62	109.80	102.66	155.51
QG37_00052	112.77	115.54	59.11	63.84	107.61	102.47	107.19	116.55	128.12	103.21	88.60	90.75	94.73	95.15	106.14	114.79	136.26	140.75	124.51	113.41	114.43	119.43	136.03	99.06	124.29	131.21	89.77	140.35	94.12	33.26	71.00	121.17	135.47	109.78	94.61	84.37	100.54	117.27	83.61	121.92	136.38	118.60	95.41	101.70	116.74	100.18	99.10	143.87
QG37_00053	101.00	123.85	60.24	67.82	95.04	112.01	113.18	98.46	122.45	104.33	84.29	91.35	95.88	92.03	95.50	93.92	129.31	127.25	124.86	115.72	119.07	118.82	130.55	86.19	96.41	118.91	89.56	108.43	94.70	25.63	62.58	110.70	111.76	100.76	106.67	82.42	85.99	101.29	82.42	118.31	123.19	112.76	91.73	84.92	100.69	107.28	80.98	134.56
QG37_00054	123.33	153.17	91.31	64.11	121.62	112.73	117.46	78.34	127.95	102.54	80.26	101.07	97.67	99.34	118.38	119.20	152.12	147.15	133.55	112.44	111.21	139.25	118.51	106.97	107.37	144.28	87.99	117.58	91.29	32.20	63.95	98.24	119.86	133.44	125.01	82.45	101.15	111.66	91.84	107.93	138.93	124.07	93.09	73.54	114.99	101.15	91.66	122.68
QG37_00055	116.27	104.69	58.54	67.71	109.24	102.53	104.67	91.50	121.57	92.66	81.19	85.20	97.50	94.50	92.37	107.83	129.26	125.67	128.57	101.01	113.12	113.17	128.52	101.18	127.46	135.50	87.57	105.35	97.15	64.23	94.93	128.75	131.56	114.51	117.29	99.02	97.53	105.84	80.90	124.67	125.82	120.02	84.93	84.38	109.33	101.07	102.26	122.12
QG37_00056	119.65	124.32	70.17	56.48	99.74	107.84	110.65	111.56	123.54	101.85	84.80	91.18	95.24	101.38	104.37	109.93	135.87	153.36	126.10	109.58	112.89	114.13	126.67	95.51	113.64	141.28	94.63	128.07	85.12	27.90	68.51	127.53	131.66	103.68	102.25	90.77	95.39	112.85	90.62	118.71	140.14	122.08	90.62	85.52	115.23	113.55	100.41	132.26
QG37_00057	125.77	92.17	36.39	60.08	93.61	82.06	70.74	82.03	94.92	80.63	70.42	90.57	79.20	86.41	73.11	81.37	120.12	104.44	99.18	114.26	87.17	92.67	113.11	83.95	107.54	107.36	79.22	107.05	68.12	24.19	54.98	95.07	85.55	96.09	90.35	70.91	103.10	87.64	72.82	124.53	113.00	103.74	83.50	70.23	92.63	94.32	63.26	92.67
QG37_00058	73.47	100.38	45.44	59.62	92.60	80.40	99.08	87.17	95.26	94.33	65.75	70.04	77.87	77.20	74.98	76.95	103.80	117.57	103.55	104.47	76.48	101.58	91.11	95.58	94.46	125.20	82.19	104.94	69.90	25.64	46.18	105.51	111.20	114.91	77.09	67.34	89.15	74.31	74.28	108.98	101.96	88.77	78.36	55.37	80.07	78.60	83.06	77.14
QG37_00059	110.41	120.86	54.91	57.38	104.61	99.99	81.49	85.01	105.78	122.72	72.27	71.32	80.26	92.25	98.08	88.96	134.12	128.14	118.21	83.16	101.72	118.04	101.44	87.32	118.86	144.08	88.20	120.54	83.52	21.97	58.78	114.63	131.07	102.13	82.47	67.92	92.34	94.71	82.80	105.48	103.84	103.72	81.85	40.86	55.44	63.57	56.48	65.28
QG37_00060	123.20	131.48	62.50	66.53	90.86	102.06	92.42	92.67	92.92	127.27	77.01	73.12	84.04	89.58	95.56	91.13	140.51	126.47	115.52	86.54	114.31	114.28	108.83	99.50	113.02	133.91	91.20	113.84	93.61	25.63	53.99	104.71	127.78	112.00	81.82	72.32	95.27	115.23	68.63	91.40	113.17	109.87	74.80	44.11	73.08	72.46	75.66	86.36
QG37_00061	110.54	110.11	75.38	76.83	87.47	94.38	85.34	94.05	98.33	86.17	70.43	78.68	80.35	74.55	93.40	112.33	110.49	128.96	96.12	95.51	90.61	97.36	103.19	90.53	92.50	109.48	85.60	103.80	81.28	25.24	65.82	116.65	122.85	93.57	106.49	72.53	77.86	107.63	80.36	102.04	102.88	113.65	81.56	90.67	91.98	98.83	88.03	125.10
QG37_00062	142.19	142.14	71.76	83.63	123.65	116.66	114.30	122.12	157.02	114.52	98.49	109.15	101.42	104.85	102.43	114.88	132.20	156.70	164.82	112.09	140.44	121.61	145.79	120.29	125.35	166.34	127.29	131.54	122.74	39.00	87.03	123.11	151.83	119.44	118.71	85.24	106.24	153.60	87.26	135.65	156.40	159.64	98.74	96.96	109.74	138.58	97.84	140.30
QG37_00063	126.33	117.98	66.40	65.67	116.89	130.91	113.90	105.62	122.40	107.99	83.46	92.31	99.83	100.18	108.76	119.37	130.50	135.75	118.65	119.59	108.49	127.33	137.16	101.26	120.18	141.77	104.66	134.84	101.12	29.32	72.49	104.64	122.22	119.72	110.82	76.93	117.68	106.01	89.61	116.94	139.63	113.74	88.53	84.30	108.75	98.82	87.07	132.20
QG37_00064	130.37	119.10	57.21	63.51	86.77	109.84	104.97	102.30	109.19	93.13	91.68	92.74	100.15	108.99	94.42	107.20	141.06	137.80	116.51	112.51	112.23	116.22	133.86	113.05	129.99	128.50	83.17	131.82	105.27	20.66	69.77	129.33	124.09	115.31	97.97	91.81	102.80	117.46	94.47	112.28	123.87	128.67	94.71	87.67	115.45	96.61	112.39	135.63
QG37_00065	75.19	92.23	37.74	42.28	76.85	70.89	79.86	85.84	93.45	84.06	58.90	63.73	72.50	68.24	67.71	70.12	105.96	103.01	94.87	77.33	89.32	79.93	77.81	67.02	81.82	80.25	75.91	85.71	69.17	20.03	44.37	91.55	92.09	64.60	69.71	41.31	56.36	59.10	51.49	81.29	80.76	89.59	61.31	84.77	90.08	88.95	83.39	128.93
QG37_00066	121.86	118.50	69.35	75.24	105.30	103.24	108.38	106.12	115.78	93.56	86.62	94.33	89.18	103.24	93.50	110.58	126.33	147.86	121.79	105.78	108.78	113.23	117.36	97.26	113.72	139.95	98.36	110.26	98.14	26.42	71.18	111.67	127.99	106.80	104.12	84.78	102.98	102.06	90.00	109.93	127.51	117.37	88.51	88.27	108.39	110.63	93.92	125.50
QG37_00067	127.63	130.17	70.13	73.56	108.95	103.09	101.74	111.30	116.48	112.36	95.91	98.37	95.97	96.48	94.12	113.38	130.43	133.75	133.75	108.58	111.49	114.97	113.23	111.83	117.01	130.10	99.92	129.56	100.69	27.61	71.73	122.45	145.41	116.94	111.34	83.13	108.79	103.46	88.41	117.00	140.67	118.60	99.15	93.01	115.81	118.86	102.50	138.14
QG37_00068	107.16	105.59	64.53	66.80	97.19	92.50	87.64	98.07	107.53	90.73	72.29	82.52	84.47	85.32	94.57	86.95	120.43	121.74	110.72	100.93	102.86	92.92	103.96	94.14	98.41	109.74	75.02	99.05	75.28	33.04	69.98	107.02	107.90	102.77	93.98	77.58	84.75	97.56	78.86	103.02	115.12	94.94	81.59	85.50	109.02	92.47	85.99	110.10
QG37_00069	104.59	101.90	58.12	71.93	93.56	99.25	98.42	108.00	109.71	93.95	72.55	77.87	87.32	92.06	90.66	100.67	133.62	121.23	122.51	103.31	109.18	109.50	111.45	98.90	105.49	135.51	95.67	113.41	88.43	25.72	73.85	102.34	127.39	100.19	100.89	89.31	87.40	95.29	75.37	109.15	119.80	104.90	84.68	81.13	98.59	104.18	91.28	125.19
QG37_00070	134.46	139.44	81.64	84.99	119.74	123.84	117.92	127.78	134.12	120.15	95.72	103.82	109.18	106.67	109.49	125.79	149.78	162.54	142.05	121.61	135.39	133.18	142.78	110.19	133.81	157.48	101.70	138.05	113.96	29.92	77.09	128.25	134.74	125.30	111.13	102.71	111.09	126.64	108.54	121.95	150.93	129.23	99.21	90.96	122.32	122.59	101.42	153.73
QG37_00071	119.68	125.95	57.45	69.26	101.95	111.99	111.17	109.57	129.40	118.28	91.72	92.41	100.13	102.44	99.38	111.41	138.62	147.94	119.71	114.03	120.25	112.12	119.56	101.43	110.57	142.42	97.37	130.53	95.78	25.79	62.99	120.44	121.81	121.71	99.08	90.53	91.45	95.21	79.24	114.26	139.22	121.56	82.36	86.31	110.21	111.84	90.25	138.85
QG37_00072	98.49	122.46	61.05	72.96	102.18	110.93	101.97	108.42	121.80	105.91	74.78	94.84	102.22	108.56	94.43	103.27	121.24	123.94	137.67	118.14	109.91	117.37	103.18	95.78	104.51	135.17	81.87	117.73	108.78	25.88	59.57	112.69	114.88	106.15	108.08	80.96	100.97	92.79	68.11	103.43	115.27	112.10	79.36	75.79	106.01	93.24	76.55	121.08
QG37_00073	119.92	122.06	67.45	64.84	98.59	97.16	97.15	102.75	100.80	96.04	76.00	80.75	89.96	91.02	97.89	104.51	129.63	127.70	115.67	94.93	107.62	100.05	115.92	86.71	105.95	131.62	84.29	107.73	84.88	23.14	63.79	101.85	115.44	103.51	89.81	79.45	93.31	102.44	79.53	100.74	118.39	103.17	78.33	71.38	98.50	95.28	81.43	113.64
QG37_00074	135.43	136.39	79.36	78.92	120.62	121.36	120.47	122.97	138.43	121.93	100.03	105.93	110.84	115.25	111.31	121.66	158.08	166.66	150.82	120.91	128.95	129.36	148.40	112.50	139.68	163.83	110.68	145.60	118.02	33.12	79.49	140.10	142.53	134.68	121.37	95.16	111.68	116.12	101.22	131.59	154.20	136.52	107.71	97.19	129.92	130.45	117.55	151.71
QG37_00075	115.59	111.42	67.53	74.10	107.97	113.05	105.11	116.21	133.46	100.87	76.46	87.45	102.72	102.79	87.21	113.97	127.04	133.92	115.26	113.25	104.33	115.59	113.97	86.46	106.79	144.38	100.62	125.64	87.76	23.03	71.81	100.70	112.87	86.99	86.21	88.87	102.57	102.18	93.64	108.46	135.51	108.08	86.09	79.66	102.47	112.74	85.83	112.19
QG37_00076	120.32	127.15	71.73	71.38	116.10	120.81	104.43	117.86	123.69	108.09	88.41	95.12	103.87	110.95	103.54	118.89	135.64	147.90	125.59	115.46	116.96	124.68	127.70	99.56	123.34	146.33	97.99	129.27	91.80	28.50	69.61	120.54	125.46	113.06	111.82	92.51	103.59	113.83	87.91	121.18	136.78	116.65	101.47	95.59	115.53	119.86	102.76	137.51
QG37_00077	112.77	112.87	58.52	83.72	88.20	102.02	102.03	90.36	100.35	86.61	81.15	74.48	92.70	96.35	95.07	113.56	123.33	121.81	94.04	100.82	111.34	93.02	113.92	91.44	124.29	127.10	80.83	111.04	70.87	17.85	62.58	96.03	106.94	103.65	99.98	79.28	107.97	100.19	83.46	117.89	134.41	108.75	84.30	90.48	110.67	103.24	71.30	122.23
QG37_00078	102.10	123.36	74.82	56.84	104.16	113.64	104.26	95.31	111.56	106.10	97.26	91.28	95.42	89.41	88.77	114.09	120.72	142.26	117.09	97.33	101.47	106.78	115.91	83.31	107.46	124.33	102.52	119.96	90.55	27.23	70.93	117.48	115.81	109.76	100.15	81.16	104.23	113.98	81.33	123.69	117.43	98.43	88.20	86.73	103.17	111.61	99.25	143.36
QG37_00079	121.09	118.39	79.60	76.58	110.22	110.79	110.38	104.85	120.06	103.23	84.36	90.98	94.89	99.99	107.71	106.87	132.23	151.37	129.09	114.07	128.16	118.49	128.53	103.75	128.41	150.84	108.75	108.77	114.06	27.99	68.79	107.78	129.69	111.16	122.46	96.34	93.62	118.61	91.76	129.06	134.85	112.51	93.12	90.15	114.77	115.94	106.33	137.77
QG37_00080	121.94	136.35	63.61	74.80	103.72	116.22	111.77	105.05	131.85	104.19	87.49	104.15	110.52	113.13	112.56	106.07	144.95	150.65	138.59	105.81	119.29	132.52	135.21	108.46	120.33	149.97	111.41	121.21	88.12	32.66	70.73	113.58	121.10	126.25	122.69	94.34	106.48	114.57	107.47	137.92	148.95	131.81	96.62	86.43	110.89	129.46	97.59	143.46
QG37_00081	122.68	125.97	66.31	65.06	110.06	117.93	121.91	113.53	132.99	107.01	87.71	93.42	107.51	108.18	93.20	120.97	142.94	132.58	134.12	107.21	109.45	115.32	127.59	103.72	104.93	129.89	97.49	116.07	91.25	21.77	60.35	110.14	132.80	108.80	101.73	88.59	98.34	107.56	87.79	114.11	124.52	120.74	96.62	93.30	106.70	113.76	93.23	142.36
QG37_00082	113.11	122.91	71.35	51.82	101.70	96.88	109.17	98.81	117.00	110.34	78.45	88.39	81.86	85.58	102.09	96.10	113.52	108.65	110.23	90.40	95.85	103.92	106.22	83.45	111.64	103.33	103.23	103.20	88.47	30.52	63.22	104.24	115.15	91.01	85.76	91.76	86.38	106.36	96.57	121.95	110.69	111.55	89.58	66.75	96.13	96.07	89.75	98.70
QG37_00083	118.93	122.66	82.26	57.51	106.13	97.67	105.59	110.57	107.05	95.44	74.56	86.99	74.96	78.77	97.49	99.90	110.15	135.02	104.60	100.39	84.15	100.95	119.72	98.64	126.01	126.10	114.09	95.50	93.23	18.97	67.60	113.73	117.48	118.13	110.60	105.32	102.65	115.70	88.26	119.75	113.91	124.98	97.82	64.48	87.93	111.23	85.36	123.58
QG37_00084	108.08	116.45	73.30	65.48	101.75	100.83	102.05	105.44	109.99	90.19	74.07	98.58	70.05	81.01	92.34	104.14	107.56	123.94	104.54	88.57	73.95	84.09	104.54	77.91	126.67	136.39	105.71	105.90	96.73	28.87	65.60	101.00	116.00	120.76	95.24	91.43	116.58	89.09	88.26	121.03	100.76	103.64	90.56	58.51	75.87	93.51	88.35	140.74
QG37_00085	95.92	105.20	61.38	62.09	107.09	82.92	83.88	109.48	106.07	92.84	79.37	78.19	70.78	88.53	86.51	110.52	113.39	121.46	111.04	98.74	93.60	80.86	88.58	72.98	108.15	130.29	95.62	112.27	84.67	20.74	72.22	97.60	109.24	86.93	95.15	73.05	94.24	92.00	83.27	101.66	115.65	107.12	78.86	64.29	70.27	87.18	86.35	116.98
QG37_00086	90.53	92.54	39.64	43.23	84.69	74.68	83.64	85.25	81.91	73.88	71.25	48.44	67.63	73.44	69.40	82.13	106.74	121.71	98.35	81.84	94.04	86.15	101.20	77.51	86.48	106.28	74.48	95.70	65.52	22.30	50.41	84.46	75.83	79.57	75.34	64.98	74.07	84.35	63.02	80.37	102.72	93.11	59.16	57.79	68.95	72.63	72.67	83.72
QG37_00087	83.64	108.59	62.43	57.96	99.90	104.11	93.53	85.69	93.12	78.84	81.58	83.49	83.82	91.51	94.81	103.96	121.17	117.49	100.70	103.12	115.90	107.67	112.44	93.72	110.96	111.10	84.01	111.30	98.90	27.55	62.26	118.69	112.35	99.83	102.10	83.73	81.06	101.89	77.52	103.94	134.93	102.49	93.48	77.14	94.08	96.23	84.49	118.53
QG37_00088	109.15	108.73	58.27	66.47	109.17	98.59	106.53	102.79	115.78	92.86	73.21	89.11	83.68	95.31	91.89	104.05	120.40	139.64	125.68	102.00	108.49	94.72	119.31	93.48	106.54	122.70	89.83	109.73	78.13	25.76	65.21	111.31	120.25	102.01	91.36	79.73	92.55	101.22	79.56	104.16	135.31	113.32	83.48	87.99	104.73	105.72	87.05	135.73
QG37_00089	112.19	112.74	55.92	63.96	90.79	87.68	97.88	94.99	107.05	75.02	73.58	78.11	92.70	101.56	83.84	115.49	137.11	130.09	112.51	111.64	114.82	124.32	137.67	100.46	110.27	138.34	85.71	106.28	82.68	21.30	67.62	119.78	131.67	104.66	92.31	72.60	90.06	98.35	93.10	126.56	119.70	131.76	104.11	87.44	94.69	95.34	85.08	141.19
QG37_00090	108.03	118.02	62.30	70.56	90.32	102.20	92.62	95.76	110.54	92.89	80.68	78.59	78.04	107.38	84.14	98.41	123.18	134.02	122.87	99.84	113.39	117.20	117.65	97.57	112.25	127.07	82.85	102.17	79.24	25.17	65.51	111.77	120.02	103.27	90.02	79.01	90.39	94.35	90.12	111.68	125.75	119.83	87.39	100.34	101.41	105.52	94.48	127.71
QG37_08388	154.36	147.71	78.23	85.40	126.29	128.10	111.43	144.65	165.79	133.11	110.60	114.12	124.13	128.18	118.32	124.55	153.65	170.14	138.11	129.76	116.06	149.99	166.32	131.26	168.91	159.69	121.46	150.60	106.54	35.39	100.39	127.51	171.00	133.17	105.39	109.84	97.41	101.80	116.88	163.90	155.85	133.49	107.28	97.94	122.62	124.74	114.16	179.77
QG37_00091	117.47	137.18	67.66	70.71	102.36	97.35	95.36	102.00	105.95	90.17	68.83	81.02	82.84	89.24	114.05	96.63	138.43	156.10	114.09	99.95	113.36	98.84	126.56	92.02	117.50	128.07	83.61	123.32	111.11	32.30	68.70	105.86	124.57	95.80	105.07	82.93	93.88	100.42	85.56	127.90	142.89	149.40	101.51	77.99	107.64	109.97	101.70	130.39
QG37_00092	112.72	125.21	65.69	69.35	103.52	94.22	92.60	82.93	122.69	99.95	84.34	71.84	91.06	91.71	97.49	104.46	118.42	152.87	124.53	104.42	112.33	106.89	128.43	97.99	110.22	120.10	84.02	102.65	74.03	23.91	64.09	123.11	111.96	130.02	92.87	83.98	93.65	95.75	80.19	135.29	121.84	125.83	102.04	79.85	100.53	104.74	87.10	124.59
QG37_00093	88.29	95.17	68.00	60.64	93.59	88.77	87.21	92.62	98.96	80.55	71.11	75.02	78.46	88.72	88.35	109.80	111.98	124.83	100.04	97.52	99.10	88.54	106.65	80.81	98.14	125.17	80.48	107.62	82.31	26.32	55.26	99.76	98.62	96.74	104.84	91.11	88.25	94.83	78.07	99.73	111.74	104.33	82.39	85.13	95.77	107.22	95.31	110.51
QG37_00094	108.45	106.18	69.18	55.16	86.13	89.05	91.54	92.25	115.03	93.42	84.43	76.22	82.68	105.52	88.25	108.31	118.47	131.00	119.50	105.26	98.11	113.62	116.46	90.11	100.51	127.47	90.53	110.72	86.59	17.88	64.08	95.34	113.12	97.27	94.50	84.60	86.95	94.22	87.60	98.21	125.24	127.79	85.83	73.00	101.78	87.40	85.63	125.25
QG37_00095	102.01	111.01	61.18	62.17	99.01	94.42	90.77	96.94	105.65	91.08	69.06	84.87	67.60	91.21	91.25	102.92	125.01	129.30	106.94	95.06	99.57	109.55	114.08	82.88	114.23	109.33	86.46	107.21	85.76	22.54	66.93	113.51	110.25	101.75	95.78	77.12	93.27	103.88	84.80	108.94	117.83	107.31	84.67	83.36	99.83	103.69	100.17	123.60
QG37_00096	105.51	105.72	65.06	56.69	104.86	99.99	97.15	101.46	113.02	95.11	70.26	79.71	91.95	109.66	88.64	106.54	112.56	135.68	114.55	101.92	111.62	112.66	128.89	101.50	112.91	141.81	85.80	119.86	90.90	28.80	76.88	105.68	117.77	103.28	101.32	82.43	87.69	100.76	72.69	114.35	127.10	117.06	84.03	101.60	103.00	85.92	86.10	126.36
QG37_00097	107.88	109.34	60.34	59.10	116.56	108.33	93.60	104.18	115.20	79.22	83.25	89.64	81.98	99.01	101.32	107.39	121.98	139.17	121.28	105.27	104.93	104.03	128.05	102.88	109.18	130.22	88.60	92.34	82.20	23.87	70.14	101.43	109.80	113.38	102.01	81.27	96.75	110.69	78.12	113.81	124.42	122.89	86.92	80.70	93.97	97.66	86.07	127.88
QG37_00098	121.56	119.29	69.47	72.48	115.42	106.83	116.54	108.98	125.51	107.54	90.83	98.79	100.55	108.54	96.14	122.92	148.93	153.20	131.51	114.14	120.29	111.19	127.54	105.08	122.78	140.54	92.10	126.68	99.78	26.89	68.82	107.83	130.33	113.57	119.26	94.74	110.34	112.86	98.62	129.31	140.35	125.87	92.40	95.66	116.46	113.07	103.42	153.12
QG37_00099	95.89	104.06	57.27	64.36	98.82	93.47	100.21	97.36	122.19	86.17	95.00	94.72	89.41	104.38	96.35	103.46	133.11	129.27	133.84	102.48	107.07	104.73	121.85	90.11	99.38	134.32	90.53	109.59	90.77	23.21	55.76	97.78	116.94	115.27	91.08	81.21	79.08	87.65	86.29	110.67	137.82	125.04	78.78	100.05	98.35	97.42	78.92	139.96
QG37_00100	108.82	125.80	79.36	69.04	104.51	111.25	113.92	116.12	116.15	116.47	76.14	91.62	87.79	107.67	93.09	106.00	155.89	116.09	135.04	111.55	113.52	120.10	134.14	98.50	138.07	154.26	98.40	117.88	110.53	26.14	68.09	133.53	118.85	115.82	107.10	83.42	104.61	112.55	99.49	139.10	130.44	123.44	86.38	86.57	117.56	106.56	89.40	135.79
QG37_00101	122.89	127.69	68.07	72.65	117.37	109.31	116.67	124.62	132.33	110.84	83.41	94.27	101.82	110.14	105.62	107.51	146.14	142.38	144.05	123.62	112.30	116.38	135.50	109.95	119.73	130.81	98.13	121.11	97.76	29.68	76.64	121.16	135.42	113.55	107.42	88.55	107.62	104.19	99.53	134.17	160.02	127.85	106.51	89.74	123.37	123.61	101.70	143.32
QG37_00102	142.85	163.46	88.84	71.34	135.51	126.02	126.50	119.29	135.60	122.12	92.04	106.24	110.09	116.46	125.30	101.29	153.26	160.33	140.71	124.26	163.88	136.31	153.56	126.40	121.71	169.82	123.40	137.44	104.45	30.91	80.84	149.30	154.67	114.89	99.03	82.29	109.28	105.15	93.44	124.35	127.43	147.92	97.56	107.47	99.36	122.09	115.31	151.59
QG37_00103	134.51	133.95	77.33	70.81	112.56	113.33	126.33	121.11	129.32	125.88	91.09	93.57	104.29	97.99	105.25	110.61	134.74	141.27	141.76	106.09	134.19	98.58	151.51	105.96	126.76	163.05	102.90	119.94	100.91	34.60	79.46	133.63	162.27	132.86	106.62	90.44	103.24	126.80	69.05	121.82	140.33	143.22	106.20	95.91	134.35	116.53	97.95	168.47
QG37_00104	112.44	112.03	64.08	64.45	95.05	89.56	97.58	101.28	118.10	96.55	80.58	90.57	84.14	88.97	90.00	103.04	126.62	136.78	116.79	103.04	104.08	107.46	116.32	91.14	102.60	129.11	84.39	106.96	90.14	25.85	61.72	108.56	117.15	105.10	97.46	85.39	88.85	100.11	84.91	104.39	128.57	103.99	87.37	81.48	103.47	104.81	83.46	131.00
QG37_00105	115.84	121.83	72.76	73.35	104.50	106.57	104.25	102.26	128.06	100.08	87.23	96.25	96.22	98.44	94.44	111.19	128.70	146.61	136.05	111.37	108.97	116.06	140.96	99.36	119.78	140.81	96.16	110.15	94.68	25.93	66.83	113.22	123.57	115.05	109.70	82.96	87.01	114.86	88.55	126.42	135.67	120.05	92.51	95.99	97.98	107.25	91.18	128.84
QG37_00106	121.07	112.41	74.06	69.60	85.55	108.76	116.97	74.15	101.71	85.80	89.37	72.44	94.12	86.45	100.32	103.84	115.36	148.31	116.97	115.39	113.99	102.87	112.34	89.57	114.79	154.63	83.91	120.46	77.02	31.30	71.80	115.06	120.96	125.33	106.46	78.28	111.70	99.04	108.66	116.63	127.27	114.90	101.15	83.86	105.11	111.08	77.11	133.67
QG37_00107	125.04	128.60	72.49	74.11	110.06	116.92	116.69	104.39	122.35	110.45	103.00	92.88	97.97	105.45	93.92	107.02	146.15	148.50	124.59	123.01	109.67	117.20	127.99	101.26	118.03	138.03	98.68	127.59	102.60	26.09	74.22	118.85	136.13	113.94	109.32	88.60	104.30	111.79	92.59	115.50	136.54	124.77	91.32	87.54	113.49	113.82	97.50	135.30
QG37_00108	136.94	136.39	75.60	66.25	112.17	124.76	117.26	123.67	114.71	114.87	89.90	91.70	105.58	113.63	90.60	109.55	146.13	137.81	146.09	111.73	114.97	116.87	124.79	96.59	117.24	133.99	94.19	125.47	100.32	36.76	73.31	112.09	128.18	113.82	114.91	86.41	99.52	108.12	90.62	115.09	136.88	132.34	99.13	99.06	118.80	122.99	102.27	145.66
QG37_00109	146.57	134.91	77.60	78.83	123.69	122.16	123.44	124.00	130.00	121.67	99.51	104.72	109.54	109.83	109.40	115.41	148.91	156.04	144.50	129.05	125.98	124.91	137.77	103.73	132.35	157.25	106.10	132.87	123.78	33.80	73.25	130.89	142.91	127.86	114.80	96.20	113.57	117.00	95.11	128.66	148.98	131.76	101.96	92.86	118.48	122.50	109.77	138.85
QG37_00110	124.26	125.72	77.59	76.90	104.64	110.79	134.99	114.47	150.12	122.73	87.67	108.63	107.55	107.59	101.16	119.68	153.84	152.54	131.82	123.47	119.81	117.87	133.76	91.47	126.63	126.61	104.06	154.33	112.95	13.98	59.96	129.85	121.25	126.51	121.64	90.64	105.48	103.26	91.85	104.53	160.92	143.74	83.15	79.31	117.01	101.71	97.74	114.05
QG37_00111	124.00	124.69	93.43	80.86	132.62	112.44	113.81	112.20	131.05	111.81	112.06	114.43	87.95	105.68	103.62	114.73	133.48	167.53	123.94	118.69	132.29	121.08	114.87	85.99	134.07	146.06	96.70	138.00	119.57	33.09	61.43	113.52	139.13	114.34	107.52	88.49	96.26	122.17	111.26	114.98	134.04	109.92	90.84	98.13	106.60	107.52	112.82	135.24
QG37_00112	124.79	124.81	82.19	70.94	113.55	118.96	118.85	118.89	120.35	122.71	107.32	92.33	101.62	91.12	99.20	88.51	160.60	152.23	122.27	122.62	131.38	135.64	113.88	118.80	143.99	163.44	71.79	135.03	110.07	34.46	70.06	120.69	126.22	113.54	114.68	89.84	92.95	104.56	96.66	104.01	144.12	132.31	96.97	82.74	105.38	106.80	98.68	116.06
QG37_00113	123.01	119.30	64.70	80.74	109.12	116.43	114.06	119.52	139.40	113.16	106.93	96.59	101.08	106.14	109.93	124.41	144.36	168.52	137.28	124.27	113.25	134.84	144.44	98.50	115.78	133.26	95.16	140.29	118.49	28.38	79.76	103.98	133.38	127.51	113.28	88.14	110.95	121.68	90.07	121.52	139.16	132.94	106.47	92.54	117.00	112.88	99.94	146.44
QG37_00114	137.36	131.63	81.78	62.97	132.03	114.39	108.56	128.97	165.91	125.46	105.84	102.58	100.69	89.76	105.26	121.19	124.13	156.76	140.07	130.85	90.58	140.08	136.18	109.58	130.58	161.73	120.85	129.38	119.51	27.08	82.19	123.42	140.06	120.09	105.10	78.81	121.90	86.49	105.04	103.10	119.35	110.43	72.72	78.88	104.75	89.27	112.49	137.79
QG37_00115	108.26	110.78	66.75	58.48	98.53	91.67	101.26	104.10	107.38	97.70	84.48	81.93	94.54	90.38	87.06	99.31	127.06	129.91	116.41	107.10	107.10	112.96	116.10	96.09	101.77	121.40	92.09	104.45	97.76	26.24	61.66	106.57	124.91	102.05	96.87	79.34	93.50	92.16	83.94	104.89	122.87	106.90	82.97	78.90	108.78	96.89	83.87	127.73
QG37_00116	139.08	137.92	75.42	84.34	103.28	125.14	118.87	120.02	143.49	123.84	128.14	105.58	107.45	106.90	101.98	125.94	163.62	163.51	134.74	115.41	142.09	130.04	119.42	111.03	139.43	141.93	92.01	111.02	115.45	31.53	82.70	144.12	167.98	143.22	108.33	98.10	128.89	104.17	89.70	137.81	159.85	137.12	107.96	79.93	109.95	99.74	100.17	152.68
QG37_00117	131.54	143.72	77.54	74.20	124.98	116.76	117.18	127.05	131.63	128.84	99.83	111.82	103.62	117.09	108.28	123.37	155.23	171.11	148.85	113.44	139.76	132.90	131.49	118.66	149.91	144.49	106.81	131.52	109.08	28.11	85.13	133.25	155.94	124.39	110.55	94.13	112.59	112.35	98.25	133.23	144.00	140.74	93.74	92.07	132.36	123.48	100.49	155.34
QG37_00118	122.75	157.41	78.70	80.25	133.47	121.94	123.67	124.11	148.49	124.72	97.64	105.16	107.16	113.82	113.78	130.25	155.25	177.64	147.99	135.82	130.85	124.04	150.17	119.87	146.05	182.97	118.22	154.58	125.70	24.72	86.81	126.84	161.71	114.92	126.82	89.19	119.97	118.31	113.53	130.32	147.77	134.77	116.76	93.27	130.18	141.54	97.42	162.80
QG37_00119	132.50	132.41	69.27	75.25	110.44	101.00	108.06	119.20	131.66	117.60	96.26	115.34	115.04	99.78	97.10	115.64	140.66	159.70	139.05	112.22	117.58	117.11	130.93	108.87	111.86	127.82	87.76	129.34	104.90	24.12	70.29	118.80	135.08	123.15	113.00	95.26	106.97	128.81	95.96	118.88	149.64	125.50	102.04	91.33	108.81	109.23	93.18	147.71
QG37_00120	129.14	146.12	70.78	75.27	142.81	136.57	119.83	128.13	150.58	108.03	111.92	100.93	110.40	117.72	104.87	113.80	147.48	170.24	133.76	143.75	120.99	145.51	130.72	99.82	130.62	143.84	116.59	138.08	127.52	34.18	82.39	134.19	157.03	155.36	123.06	96.92	130.87	132.30	77.52	141.45	157.17	140.29	95.08	86.30	135.00	120.06	108.52	166.60
QG37_00121	174.63	152.54	73.18	91.71	150.43	124.05	126.45	134.88	161.40	137.97	107.31	121.52	111.02	110.16	118.67	127.85	151.68	182.91	136.61	135.94	136.64	140.04	161.52	92.13	130.59	184.49	113.24	147.09	141.11	30.24	92.91	138.89	146.10	133.43	121.28	94.91	115.49	109.28	95.91	123.50	152.51	141.54	95.90	87.32	150.08	150.59	136.09	181.57
QG37_00122	110.93	127.33	63.06	63.39	99.62	105.87	115.11	96.51	120.09	102.25	89.00	88.23	100.04	109.77	99.91	108.07	131.68	136.71	132.21	116.94	103.76	113.63	122.40	105.18	114.74	124.50	87.44	129.86	89.80	32.21	68.36	125.70	115.17	83.42	101.95	70.83	88.33	102.61	71.16	92.88	114.07	99.00	81.16	91.35	105.85	114.42	96.78	122.33
QG37_00123	112.54	107.88	70.70	67.15	94.45	101.39	97.45	98.70	97.85	85.60	82.82	84.70	91.89	87.60	86.21	100.19	117.73	121.60	118.41	102.33	99.37	95.86	113.18	88.98	110.71	130.84	86.82	110.31	94.76	24.54	62.41	103.13	108.72	97.22	102.37	78.62	92.16	96.05	75.47	98.32	105.85	98.95	84.58	79.65	97.25	98.17	92.44	115.82
QG37_00124	135.87	120.52	86.18	74.70	118.38	109.22	129.09	96.78	145.36	117.11	92.01	108.42	130.18	118.36	108.66	133.25	157.84	157.38	146.59	128.31	124.75	112.14	135.25	114.85	140.45	145.85	99.64	142.37	113.87	30.52	75.36	133.31	118.14	113.46	120.32	79.60	108.27	100.81	93.13	101.30	134.21	112.67	86.51	71.25	109.27	98.04	88.07	131.49
QG37_00125	149.48	131.59	74.72	85.52	108.89	98.11	122.66	99.93	128.76	102.75	81.17	90.66	95.38	106.50	98.57	118.35	147.15	162.52	136.50	105.61	117.58	123.09	134.70	104.39	108.30	125.82	87.95	125.54	128.54	18.52	69.81	112.91	125.42	118.65	113.72	80.00	97.84	94.32	100.56	91.19	131.75	124.14	77.58	70.48	103.40	95.56	90.02	139.54
QG37_00126	112.97	122.94	71.97	76.80	106.34	91.73	119.18	87.10	109.17	88.05	79.13	79.25	88.80	96.15	96.00	101.88	136.40	129.04	112.74	110.86	108.70	114.66	111.64	82.20	102.18	120.82	90.95	112.10	100.08	25.32	61.23	106.25	110.33	114.58	96.88	89.35	92.01	112.22	82.82	106.09	123.80	112.43	78.61	76.35	100.38	83.74	75.99	122.33
QG37_00127	111.70	110.71	66.32	76.17	107.89	91.70	95.90	113.23	120.98	101.48	74.52	70.48	84.55	102.23	101.85	96.16	118.38	135.39	123.36	106.35	120.54	119.49	119.93	102.46	112.08	137.86	87.61	118.96	104.35	26.43	69.87	102.53	118.38	117.90	106.17	79.96	88.47	99.30	87.03	110.73	127.22	120.97	90.03	89.07	99.91	88.01	93.03	121.04
QG37_00128	106.36	106.18	65.36	58.97	99.16	89.33	86.86	95.11	100.24	101.35	82.44	79.39	85.69	87.45	90.18	86.93	118.97	123.39	117.45	96.26	105.48	93.93	107.23	84.16	106.91	111.85	85.75	102.49	85.11	22.97	55.18	100.65	113.94	90.92	99.96	79.71	89.87	85.69	68.36	106.86	116.09	111.13	77.21	88.67	97.96	108.28	90.25	122.20
QG37_00129	114.48	108.89	65.97	73.21	104.51	97.07	101.61	101.02	115.77	108.53	75.35	81.95	92.75	89.50	77.55	100.63	123.20	126.14	123.32	108.82	110.58	102.00	116.67	99.61	120.63	132.32	95.68	111.79	89.90	25.20	63.33	100.89	121.36	101.82	94.40	81.99	100.77	89.39	84.07	104.98	124.97	104.07	89.91	83.24	101.47	104.50	79.30	104.53
QG37_00130	110.46	113.44	63.40	63.71	95.44	92.27	94.89	105.10	104.14	101.73	72.95	78.16	81.97	98.55	92.93	103.81	126.88	134.15	117.87	96.57	107.34	104.63	123.32	84.89	107.05	125.54	84.45	109.42	91.76	25.03	61.18	97.51	117.29	100.23	93.66	80.69	99.67	101.26	77.85	100.97	116.63	114.88	87.66	88.03	110.68	106.00	88.87	126.90
QG37_00132	112.28	113.40	69.77	60.81	100.56	108.45	99.37	89.76	105.16	79.09	77.05	94.12	86.21	101.10	90.62	86.48	123.65	135.69	114.77	93.14	135.02	111.40	127.98	110.78	107.28	121.29	107.73	114.89	81.91	35.19	67.79	103.81	137.49	112.02	87.12	100.59	84.93	96.67	80.69	120.63	116.15	148.43	104.84	73.79	107.49	106.69	84.52	157.33
QG37_00133	116.33	114.60	71.15	68.34	104.26	114.26	106.22	112.43	106.39	89.60	93.62	94.46	85.03	98.50	107.98	116.70	138.95	136.84	118.24	111.58	107.65	118.02	129.89	94.91	126.38	136.01	98.08	109.06	98.64	28.33	67.62	114.58	119.17	123.04	113.59	83.92	103.22	108.08	90.92	122.15	135.60	111.18	85.26	82.54	101.54	110.08	90.89	140.59
QG37_00134	104.94	122.32	78.66	76.74	139.34	110.77	100.47	116.53	114.57	116.46	76.56	97.37	87.12	99.54	93.97	108.70	124.97	136.14	139.53	119.25	107.84	112.18	113.33	103.09	122.17	134.64	89.88	132.35	101.85	20.64	64.75	105.94	125.17	109.35	105.01	88.66	98.67	108.91	82.89	116.34	153.81	119.12	109.24	87.85	102.63	103.65	82.69	138.43
QG37_00135	126.22	124.00	66.10	75.13	113.96	114.41	116.37	112.31	124.79	115.14	90.75	91.87	94.77	107.13	100.46	113.80	134.08	155.71	131.11	111.38	120.59	113.60	123.84	101.06	122.51	137.28	97.66	126.22	102.48	32.12	72.89	118.86	127.53	121.84	103.90	91.56	102.25	112.41	92.44	118.23	132.41	119.94	91.88	83.25	111.30	110.26	99.55	139.14
QG37_00136	109.00	114.02	71.55	61.27	118.31	120.65	116.53	101.64	122.80	113.83	96.35	88.66	81.51	100.98	91.67	115.02	149.89	146.68	121.43	116.81	113.61	113.31	136.78	101.95	106.39	121.19	91.71	123.92	82.88	25.53	64.12	118.17	127.12	113.00	110.54	89.80	103.48	104.54	81.61	113.85	131.28	117.27	83.22	95.52	103.91	126.16	91.72	130.86
QG37_00137	126.18	98.41	72.51	63.30	110.22	108.90	100.90	100.56	125.97	106.43	75.95	81.36	84.30	103.36	105.07	106.93	131.74	135.76	111.64	105.55	127.59	108.43	111.83	85.92	115.46	117.63	93.56	115.79	84.49	22.22	57.86	109.29	122.22	100.66	97.69	74.57	98.40	93.54	77.25	105.44	139.62	122.09	81.00	94.86	112.16	113.97	92.17	122.26
QG37_00138	114.65	146.53	51.09	80.25	125.14	108.45	124.82	116.77	143.34	92.46	80.13	88.30	98.54	105.89	79.82	125.32	119.59	135.97	132.86	103.89	129.16	116.12	113.24	105.88	113.27	153.83	87.49	127.36	103.42	32.57	54.78	129.89	110.57	107.37	104.38	74.82	90.38	94.34	82.01	118.27	115.32	126.78	96.89	88.89	112.59	127.75	120.63	136.85
QG37_00139	110.92	98.92	71.84	63.54	89.06	98.85	104.99	99.70	102.22	96.49	81.50	70.96	85.04	97.34	83.18	99.72	115.87	127.48	111.31	93.70	112.15	101.69	112.91	83.75	99.94	125.07	82.64	114.88	82.64	25.08	69.28	104.48	117.05	93.20	84.45	78.05	84.13	92.33	82.48	101.72	104.98	111.96	72.87	93.06	99.21	95.17	86.06	119.28
QG37_00140	110.04	100.98	56.52	50.56	98.83	97.35	101.55	91.33	102.43	86.26	77.79	67.88	87.29	94.74	84.15	106.78	130.91	133.31	123.84	107.60	98.83	103.73	108.81	92.51	116.44	119.58	88.09	103.01	80.79	30.24	64.89	99.29	102.44	103.34	95.47	84.52	75.72	91.27	85.11	101.87	120.84	91.89	76.57	78.33	93.94	105.57	86.20	116.80
QG37_00141	122.78	108.60	58.33	65.05	109.48	104.05	110.04	89.46	105.93	109.72	87.08	94.56	103.99	110.36	95.79	124.30	119.56	122.35	125.69	97.94	111.88	121.12	128.47	87.69	126.29	132.91	82.45	106.04	93.44	32.86	64.78	97.09	112.48	112.77	111.08	74.90	95.76	100.67	101.01	114.34	145.57	121.85	89.03	108.18	109.40	107.72	86.68	126.95
QG37_00142	124.19	123.82	68.17	77.22	109.52	113.35	108.10	115.34	126.04	107.02	86.02	91.54	104.67	95.67	96.94	117.20	133.77	141.12	125.32	105.17	123.17	109.25	130.95	92.48	112.53	136.04	90.22	118.52	93.71	24.96	69.81	103.44	118.86	113.46	110.26	90.47	94.78	111.03	82.77	106.67	144.48	114.71	89.46	84.66	105.42	106.61	93.27	123.44
QG37_00143	152.21	137.08	93.26	69.49	135.65	131.85	134.57	143.51	133.84	115.93	95.83	114.89	110.51	110.28	95.76	103.84	189.69	157.15	167.00	112.95	124.87	133.09	142.50	101.70	130.34	166.39	95.25	150.67	114.78	28.21	96.44	129.41	122.44	113.63	107.79	90.30	107.54	104.57	90.86	150.04	150.57	134.24	109.37	64.18	92.35	77.51	73.87	104.51
QG37_00144	123.46	129.58	76.70	75.77	111.17	118.27	107.51	126.78	128.40	110.70	90.60	100.85	109.99	105.56	112.50	123.26	149.71	154.37	135.75	129.35	133.87	120.99	133.14	106.95	126.56	149.73	91.58	133.88	111.48	26.99	66.70	118.59	129.08	123.35	108.12	90.13	108.34	105.57	85.19	118.72	148.32	113.25	85.36	98.69	103.15	127.81	93.36	143.75
QG37_00145	137.65	125.61	70.37	69.90	105.21	112.88	113.42	127.98	124.58	117.39	97.59	102.70	97.21	99.31	96.07	120.62	151.21	145.93	126.59	122.62	116.05	115.63	130.55	103.60	118.53	142.19	100.75	137.47	103.86	30.13	65.92	124.05	121.25	123.15	111.16	85.01	103.48	107.16	89.96	119.98	139.33	124.24	96.09	93.09	108.33	111.27	85.56	135.61
QG37_00146	116.54	136.92	54.93	56.52	88.71	89.70	90.12	76.94	120.94	103.21	70.45	90.07	86.97	81.69	69.44	75.94	125.97	117.12	118.68	89.52	102.68	104.55	105.00	88.12	99.93	132.11	78.82	112.70	104.74	25.11	65.63	102.98	120.39	121.12	99.74	99.43	119.07	144.83	92.72	139.07	162.41	140.40	91.83	67.62	84.86	69.08	69.20	102.02
QG37_00147	113.13	107.11	56.12	66.86	88.52	93.85	93.67	104.86	112.10	101.83	77.33	84.74	90.45	104.63	79.00	106.75	110.34	119.18	118.78	95.20	109.28	99.89	104.94	102.39	103.47	135.83	79.00	117.66	82.68	21.92	57.87	102.03	97.14	100.30	89.30	69.84	92.24	85.11	77.20	89.76	99.84	89.08	85.96	71.02	83.00	95.56	80.96	110.06
QG37_00148	107.65	106.75	65.60	55.68	99.95	100.28	101.38	100.78	116.35	87.21	81.71	77.10	87.79	94.21	88.62	98.47	117.05	120.05	105.81	97.01	94.87	99.29	112.93	87.77	101.34	116.44	89.36	102.82	79.82	28.85	58.79	98.09	112.77	99.46	83.46	78.23	91.22	101.58	72.06	100.37	108.88	109.62	68.33	84.33	100.80	93.42	86.66	114.83
QG37_00149	98.02	105.14	51.79	41.65	90.40	110.97	93.92	104.61	121.46	86.43	72.07	74.48	92.64	92.61	98.57	90.98	109.16	136.33	107.18	102.12	96.58	111.14	110.13	96.85	94.23	120.28	78.03	97.31	82.31	23.96	55.98	100.33	63.29	87.96	90.94	74.57	64.52	91.73	64.61	99.51	98.85	103.77	71.72	30.18	45.88	38.96	36.16	53.43
QG37_00150	94.41	96.23	54.40	43.36	88.00	87.51	113.94	95.38	110.71	85.54	68.40	83.22	102.04	98.44	100.98	101.44	124.44	138.34	115.12	109.99	98.99	93.49	108.86	98.20	92.62	143.03	80.75	117.23	92.28	25.57	60.25	92.21	87.94	94.30	81.19	77.83	71.67	81.34	62.99	98.09	110.21	86.77	76.18	28.52	44.35	41.24	35.92	40.89
QG37_00151	122.82	109.09	59.78	59.37	79.63	86.55	86.97	98.63	113.49	90.66	77.15	75.31	77.56	94.98	88.72	90.52	130.36	125.17	114.24	101.03	110.83	98.73	112.84	87.56	108.72	104.21	83.27	116.06	70.71	22.77	69.50	101.18	114.52	92.77	90.00	80.89	79.31	64.22	73.76	111.45	108.17	96.73	75.23	56.66	62.13	85.71	68.12	108.07
QG37_00152	91.46	91.50	53.02	59.94	87.22	76.36	84.95	91.41	94.99	76.84	70.45	68.57	73.27	83.48	76.46	94.27	105.41	117.97	103.44	88.33	98.97	82.23	101.79	80.57	98.08	106.63	76.77	86.10	67.72	21.09	49.54	83.54	82.15	88.35	93.05	76.29	76.31	93.25	65.75	93.37	120.96	93.75	74.54	77.41	90.60	93.62	76.66	102.72
QG37_00153	120.87	123.55	55.98	66.28	93.27	117.40	96.02	100.93	105.16	97.22	69.53	61.70	94.48	97.20	98.76	108.97	134.78	116.90	113.24	99.97	101.98	92.61	114.69	88.32	98.42	119.40	91.59	110.46	106.29	27.04	59.85	100.48	118.08	104.04	87.21	79.87	95.84	113.15	88.70	115.40	133.84	113.90	88.12	70.87	105.17	124.26	99.14	132.17
QG37_00154	125.14	117.08	53.36	48.31	89.45	105.60	103.66	80.28	118.61	89.79	79.91	79.01	91.85	100.82	96.62	115.33	131.77	122.82	117.28	108.73	122.94	102.84	103.48	74.73	100.25	126.04	108.03	114.16	94.56	29.93	60.99	104.57	107.94	119.70	79.53	86.20	100.78	105.99	75.97	128.19	129.32	119.21	94.65	79.50	112.81	104.76	87.28	138.13
QG37_00155	75.32	82.70	35.95	52.29	68.89	74.42	79.43	69.53	65.05	71.30	58.71	63.38	69.03	88.06	70.96	85.22	100.93	93.57	67.62	71.47	69.86	80.46	106.85	64.05	76.31	89.20	67.75	71.19	53.33	22.33	38.48	74.14	89.43	81.36	75.78	71.84	72.28	80.83	67.07	88.89	101.42	87.29	73.94	62.88	81.85	79.55	85.40	102.41
QG37_00158	98.95	103.93	62.76	57.94	87.12	95.26	94.08	98.07	101.40	80.96	78.31	76.06	82.77	87.06	101.82	101.78	115.95	137.39	98.54	86.48	103.00	103.40	117.53	91.60	98.63	128.75	85.59	104.90	87.16	21.62	56.80	99.73	112.63	105.26	95.78	78.77	87.32	97.55	73.24	107.40	120.90	110.42	87.05	83.85	92.61	100.09	82.75	112.91
QG37_00159	113.61	120.39	69.31	67.06	103.42	97.73	100.76	92.85	125.97	96.84	72.79	91.44	85.66	96.70	87.82	114.78	125.31	150.34	132.68	109.10	111.70	100.61	120.30	94.30	106.67	128.81	94.00	106.76	88.47	23.04	66.80	106.99	123.62	101.38	102.35	76.90	98.73	121.11	85.02	107.11	127.61	119.87	79.40	88.51	96.87	95.16	90.89	127.15
QG37_00160	114.15	150.97	87.67	76.27	116.98	121.33	129.75	113.11	136.97	109.09	100.49	105.44	104.99	108.49	109.46	126.29	138.65	155.94	143.33	107.70	150.58	104.32	160.39	129.01	135.99	157.08	107.92	129.58	122.43	30.68	72.99	141.99	135.43	119.20	114.51	84.05	106.12	101.06	92.48	136.44	131.75	139.53	116.42	90.91	120.05	115.70	100.70	159.53
QG37_00161	126.68	114.62	70.64	75.33	146.09	117.95	116.12	128.81	126.33	126.60	90.61	112.28	98.78	103.56	111.71	117.64	167.04	139.12	170.21	120.45	115.87	128.31	158.08	119.12	131.11	148.39	99.12	132.14	131.87	23.39	86.01	136.78	112.55	122.06	119.90	85.20	108.45	114.54	85.23	136.47	113.31	148.97	106.95	85.16	107.36	110.57	77.15	132.14
QG37_00162	146.23	116.04	61.89	72.73	110.27	107.47	116.25	118.59	123.32	99.10	88.33	88.91	96.02	101.55	107.94	111.92	128.94	164.32	134.55	125.81	118.86	132.48	144.08	116.58	130.99	151.91	91.05	126.69	100.74	44.30	86.56	111.51	113.39	112.46	117.71	88.33	92.54	111.66	94.05	103.62	147.12	133.44	96.74	100.89	99.87	108.15	91.35	142.20
QG37_00163	131.34	129.82	73.64	82.72	116.97	109.18	112.19	125.01	132.56	110.43	95.14	111.08	99.97	118.94	106.49	134.44	128.02	142.88	139.61	120.25	115.28	124.49	137.54	116.13	141.28	148.39	95.43	142.74	100.88	33.90	71.51	137.29	128.33	123.74	117.13	88.61	110.84	125.14	95.42	125.86	142.58	146.36	95.49	90.61	131.57	123.89	105.96	159.42
QG37_00166	89.79	118.81	54.01	56.77	96.14	81.08	97.24	96.37	105.60	93.69	81.89	85.14	96.95	100.22	83.80	95.64	122.18	141.08	129.13	101.12	98.98	95.09	113.62	95.06	103.28	117.27	84.42	109.73	87.89	28.62	52.09	111.04	116.59	93.56	92.19	73.27	78.32	118.24	75.82	104.99	120.15	129.26	92.43	71.46	103.64	83.28	93.07	123.96
QG37_00167	90.63	112.84	57.84	60.05	102.01	74.33	84.28	102.06	107.92	84.82	82.95	84.83	101.88	81.96	106.93	101.99	116.18	136.71	122.17	107.09	102.37	104.79	132.27	75.64	120.03	122.68	91.24	114.22	86.16	28.86	49.74	101.52	98.94	83.45	94.86	80.69	79.44	99.44	68.97	106.17	111.45	99.29	86.29	64.87	108.69	90.54	74.27	126.16
QG37_00168	107.71	101.17	62.51	60.62	93.80	98.96	97.02	122.94	116.41	111.72	88.32	88.05	95.67	85.30	109.91	100.03	150.45	134.14	99.41	114.95	106.81	96.80	111.09	78.42	104.97	125.86	77.01	108.73	80.02	29.56	63.06	96.58	117.85	107.30	97.61	81.72	88.84	87.30	86.02	126.05	129.74	114.12	85.94	80.02	98.32	102.03	70.74	138.81
QG37_08389	135.19	108.71	65.56	56.61	97.10	107.94	113.18	115.85	125.46	100.14	93.39	102.19	87.00	82.22	114.83	101.10	154.78	135.61	116.39	113.19	122.51	104.54	99.96	88.44	103.68	133.10	85.86	96.03	80.35	28.74	56.83	111.08	116.00	103.24	94.25	98.07	98.68	112.61	86.54	114.76	108.54	110.06	94.14	77.78	97.06	105.53	90.56	122.10
QG37_00169	104.38	88.01	57.67	44.71	81.68	80.30	80.22	82.74	93.79	82.34	73.29	74.99	73.25	73.86	76.92	87.53	116.35	104.34	94.58	89.77	89.07	95.31	91.73	75.26	78.60	86.06	84.53	88.84	69.26	20.50	52.28	93.20	79.33	89.06	86.25	65.15	75.15	67.71	74.63	104.62	109.92	82.98	63.99	79.69	79.16	93.27	71.49	103.15
QG37_00170	80.56	70.85	47.06	51.38	82.17	63.59	76.69	77.31	70.97	68.92	67.33	60.30	62.58	60.54	69.23	79.39	95.10	92.30	96.91	71.72	68.29	67.08	80.03	57.18	68.17	93.67	67.78	80.82	65.53	18.03	45.56	77.23	87.53	71.75	81.65	69.20	67.06	84.41	61.33	77.85	94.20	72.35	50.07	54.21	70.50	72.86	62.25	79.85
QG37_00171	68.57	86.43	41.47	41.36	66.28	53.52	64.44	55.85	66.27	67.35	50.83	47.73	50.55	59.31	52.88	68.10	77.08	82.32	72.74	53.46	67.14	58.91	63.79	53.05	56.93	75.32	40.63	68.69	54.56	17.33	36.42	49.18	59.37	62.65	65.10	57.54	57.04	74.10	51.26	65.01	76.58	56.32	43.33	44.21	53.13	55.08	43.13	69.72
QG37_00172	143.84	151.67	78.44	67.79	114.20	107.74	102.70	122.23	114.51	126.24	92.33	93.21	109.69	120.93	97.95	113.64	150.62	154.87	138.80	134.91	117.68	105.53	161.87	105.27	131.85	178.25	105.22	129.74	136.27	31.90	65.81	141.51	135.68	139.41	113.23	111.18	123.46	116.61	93.36	114.84	146.41	133.99	89.27	88.18	109.05	110.35	117.96	142.09
QG37_00173	140.75	158.46	85.45	76.78	115.16	123.27	112.73	106.17	132.77	126.43	87.62	108.78	122.94	115.64	108.39	112.90	149.33	171.40	163.86	116.22	126.97	130.48	144.50	114.51	139.92	148.02	111.33	154.12	129.98	27.76	74.51	150.31	159.25	119.44	107.23	102.50	122.76	115.28	96.19	126.99	138.26	164.90	102.87	101.26	127.15	109.76	105.21	144.60
QG37_00174	148.74	165.98	99.17	69.09	132.93	120.26	117.73	126.84	136.71	131.32	105.84	115.48	109.00	114.37	113.72	127.93	156.18	193.84	174.80	135.53	145.12	132.48	149.02	97.00	151.37	146.42	116.43	153.68	117.70	33.07	88.52	163.56	145.01	139.81	117.33	104.90	124.21	118.45	106.51	121.59	124.51	159.09	109.07	103.35	119.99	134.20	102.92	164.80
QG37_00175	146.47	146.44	95.87	88.38	121.96	141.13	133.61	118.41	141.96	110.54	119.71	114.66	116.12	113.71	123.02	127.51	156.78	171.41	149.43	122.37	118.12	111.98	124.93	123.44	134.04	166.13	126.67	156.90	112.50	32.16	71.76	146.25	149.35	111.85	115.41	87.11	104.58	108.79	101.73	131.40	166.59	157.92	111.79	97.52	120.23	122.79	111.39	151.90
QG37_00176	90.68	107.34	52.31	58.88	91.98	96.95	80.29	91.78	110.15	87.09	71.87	84.86	78.27	83.91	82.56	109.54	120.29	108.60	108.92	101.62	110.06	117.24	120.82	82.28	108.16	134.65	88.68	107.28	84.12	23.55	52.85	116.52	101.32	114.71	99.72	75.82	94.65	98.96	80.90	97.91	95.04	106.39	85.77	80.32	98.35	88.77	91.87	127.67
QG37_00177	131.11	126.11	68.77	65.88	117.01	132.05	110.28	117.87	127.35	110.69	89.56	99.68	102.66	100.87	98.98	120.04	139.44	135.16	135.82	114.05	118.51	122.57	124.20	100.67	116.53	139.77	103.70	123.83	104.02	31.69	72.81	119.96	123.51	116.97	108.70	90.57	114.72	105.14	90.79	119.64	131.94	120.11	94.35	82.90	110.80	111.65	99.71	145.36
QG37_00178	108.32	125.87	85.12	58.50	110.20	123.22	118.38	102.61	133.58	100.24	91.22	99.35	91.76	92.73	92.67	116.01	142.78	150.65	141.25	112.21	108.59	118.48	108.99	93.81	123.62	132.03	116.55	139.63	101.28	20.30	65.70	99.49	114.69	116.38	121.22	79.82	114.52	89.75	95.95	107.89	132.71	115.80	83.58	77.27	106.52	112.92	86.56	144.43
QG37_00179	116.13	130.62	61.88	61.67	102.65	112.62	101.94	93.50	117.53	81.25	74.86	95.21	82.46	84.62	94.89	105.59	122.58	132.50	135.93	94.85	85.70	116.31	104.38	92.17	109.89	132.66	93.18	116.08	97.94	28.85	51.24	96.35	110.39	105.52	102.83	84.23	93.23	84.68	75.55	104.11	128.56	96.21	78.24	58.79	90.97	77.45	71.60	97.62
QG37_00180	117.47	112.17	67.40	68.54	112.94	119.43	97.31	105.49	112.64	97.46	93.54	86.64	93.77	95.74	87.73	120.20	123.19	134.11	133.73	108.27	100.14	117.13	130.29	106.99	103.89	125.91	95.07	117.99	85.12	32.62	64.73	105.27	109.54	102.82	104.01	78.84	91.69	90.91	96.40	116.28	127.34	105.26	81.03	79.68	110.41	101.94	92.26	105.69
QG37_00181	68.59	75.21	40.31	39.54	74.97	82.21	66.47	71.94	65.47	76.75	57.05	59.95	70.25	56.40	53.76	65.87	77.84	91.04	71.73	75.38	69.94	61.83	74.22	57.21	75.37	86.44	58.38	76.30	51.90	19.69	42.48	63.54	120.73	70.97	59.05	41.44	62.05	66.85	51.99	57.52	71.67	76.12	48.83	69.03	87.03	83.30	75.87	132.32
QG37_00182	123.37	118.49	68.36	69.69	113.43	114.88	113.72	120.68	118.72	101.07	86.40	91.53	97.02	99.35	103.27	113.47	143.16	151.26	139.62	115.82	117.61	111.62	131.86	98.93	119.75	141.91	100.52	122.07	94.55	27.39	71.45	110.86	131.63	115.83	108.84	91.87	102.38	110.78	90.90	124.27	131.01	121.24	89.49	93.84	100.86	114.68	98.72	137.61
QG37_00183	121.50	132.50	79.65	71.49	107.93	120.16	121.08	121.41	133.95	110.07	94.57	98.33	108.29	112.84	115.30	111.19	159.33	148.59	152.51	113.90	107.13	135.92	128.67	115.15	125.96	127.57	104.30	142.24	97.68	29.43	62.73	124.51	129.52	128.82	102.68	87.99	127.15	114.07	76.69	116.37	131.65	123.20	92.61	89.60	122.41	118.14	110.37	131.90
QG37_00184	108.90	98.87	67.01	70.48	88.27	101.69	92.24	95.57	104.40	94.13	89.08	81.44	86.66	84.14	101.85	103.24	108.32	135.28	115.05	111.72	103.89	120.03	121.27	99.37	110.14	120.02	86.42	116.33	88.46	26.11	57.83	105.22	103.99	104.60	96.74	84.97	97.52	96.45	80.36	115.23	129.15	108.23	92.35	85.26	100.78	98.08	89.80	115.36
QG37_00185	129.58	123.99	60.58	75.54	91.26	116.15	109.61	118.53	139.44	101.05	87.75	106.15	103.89	107.67	111.01	116.84	136.16	140.79	128.61	111.34	114.38	121.19	123.10	105.97	114.07	147.11	101.89	119.22	93.82	25.70	70.56	99.65	120.65	126.07	123.01	82.18	117.75	110.53	80.05	109.33	132.95	111.33	88.93	88.91	98.39	116.19	106.61	139.96
QG37_00186	102.37	112.49	59.94	60.71	96.44	92.23	88.46	85.04	104.52	87.81	79.81	76.42	73.65	93.63	85.31	96.70	115.81	123.36	106.34	104.35	109.66	100.45	116.61	88.50	107.19	126.51	94.30	106.00	87.62	22.09	64.65	92.88	111.04	104.08	88.62	79.17	96.29	89.34	82.57	101.31	120.47	116.55	70.34	76.93	102.94	100.10	86.74	125.09
QG37_00187	101.73	110.09	56.30	63.34	105.71	92.36	96.41	88.30	109.40	86.19	76.72	80.07	82.96	82.61	88.94	109.59	107.29	132.15	123.18	88.39	118.71	104.54	115.69	116.80	109.27	129.08	93.00	127.12	84.60	16.44	64.07	102.26	103.84	110.19	101.55	78.81	82.00	106.38	78.58	95.85	118.89	124.81	91.16	66.71	79.85	84.97	70.60	134.23
QG37_00188	111.32	103.30	68.87	72.04	115.90	115.56	105.24	90.50	116.65	107.42	83.82	77.03	85.75	89.70	81.75	102.47	123.72	129.15	118.53	91.08	80.57	119.60	128.72	79.30	89.09	128.96	73.60	104.12	74.14	21.93	58.02	107.65	115.99	131.91	94.95	82.46	97.63	92.96	81.76	108.28	119.78	151.69	94.84	84.56	84.44	106.75	93.40	135.45
QG37_00189	111.49	108.02	61.07	54.27	100.50	90.15	94.05	92.81	124.10	98.97	76.91	81.85	70.08	92.58	88.73	96.15	136.40	124.07	105.16	97.81	105.20	103.71	118.67	94.74	120.30	125.57	78.01	95.08	106.07	24.96	59.27	99.14	102.92	113.59	83.29	86.20	91.66	87.77	85.68	103.64	142.03	101.43	75.78	79.29	103.57	111.69	93.35	139.98
QG37_00190	107.47	101.65	55.68	61.36	102.24	90.96	98.39	88.12	125.33	88.39	69.99	75.57	66.38	104.54	89.14	107.51	127.36	117.14	117.39	79.90	99.38	98.82	117.90	93.65	110.29	111.17	85.23	100.95	85.33	26.86	53.29	87.99	113.49	106.16	90.40	88.98	82.31	98.00	89.51	99.63	131.83	109.44	81.11	78.54	90.73	105.48	86.21	128.09
QG37_00191	91.46	109.53	55.63	54.29	99.42	89.33	88.61	95.44	110.66	80.08	73.18	74.29	77.64	84.44	91.56	106.90	116.02	130.08	115.27	87.34	109.13	108.29	103.37	83.19	97.62	115.42	81.45	89.64	75.19	28.96	62.82	95.35	112.09	101.95	89.49	77.88	91.32	94.94	75.97	100.01	112.89	101.82	83.83	78.11	97.45	97.04	81.19	119.78
QG37_00192	113.06	121.18	60.57	69.20	111.59	97.05	110.73	97.08	121.18	102.46	84.32	95.33	85.64	97.75	91.76	113.79	132.71	138.61	135.46	106.21	117.52	102.19	131.94	103.56	119.08	127.24	105.89	110.38	107.19	28.96	77.29	115.75	126.21	119.85	98.39	89.14	99.79	114.57	88.59	117.22	131.16	119.71	91.39	88.82	115.03	111.74	95.45	134.45
QG37_00193	104.42	101.99	68.55	56.99	102.76	104.38	88.36	90.13	118.33	94.23	83.38	92.16	96.20	79.80	84.36	80.75	108.49	129.30	119.37	90.62	108.74	108.82	104.84	101.13	115.42	123.69	85.57	98.08	91.76	26.37	58.74	92.92	136.36	115.20	82.67	73.04	74.93	101.80	83.24	114.21	130.21	118.27	79.66	78.04	89.45	109.24	91.54	118.11
QG37_00194	90.41	97.59	62.27	52.09	88.51	86.62	85.86	107.07	112.51	90.51	77.80	89.15	84.29	86.47	87.96	114.06	142.59	131.97	122.38	98.18	105.77	109.44	112.74	86.37	105.96	130.43	94.69	108.11	94.14	22.62	67.22	126.14	100.84	114.47	92.09	88.96	90.20	108.63	89.32	92.22	125.87	112.64	77.05	64.92	93.24	95.31	69.65	118.93
QG37_00195	82.83	102.45	54.38	52.46	85.65	95.84	104.74	102.88	102.11	77.40	68.44	76.01	72.07	75.57	83.03	110.82	133.97	117.60	117.96	72.80	90.35	104.68	99.81	73.24	102.26	123.89	95.06	92.15	76.32	18.79	61.50	82.30	109.44	99.40	88.85	96.30	88.38	91.68	70.00	115.11	103.63	93.61	68.89	72.25	89.85	76.45	74.08	109.58
QG37_00196	66.54	58.66	40.41	34.28	57.50	47.93	45.22	48.74	47.75	37.65	38.49	44.01	43.65	48.28	56.37	54.89	60.69	67.74	74.35	45.14	45.56	63.62	55.83	48.64	71.97	70.00	53.33	49.43	38.41	10.26	32.73	71.10	41.48	58.54	56.38	48.45	49.42	45.99	32.79	59.13	56.90	61.63	44.42	47.15	58.82	61.19	51.34	89.60
QG37_00197	110.58	104.49	58.35	78.09	101.20	95.86	90.74	79.77	98.99	96.51	61.87	89.32	76.18	84.03	81.41	88.68	108.76	145.05	125.35	80.27	109.85	89.65	123.52	81.29	119.50	141.48	101.56	111.59	72.85	28.35	61.67	88.90	102.17	101.59	87.62	79.50	80.12	110.16	67.63	101.94	130.62	117.75	77.12	90.83	97.07	105.26	99.41	107.19
QG37_00198	101.55	120.88	59.58	75.03	79.67	95.69	101.66	92.82	115.36	77.14	72.51	63.08	82.87	93.26	95.40	116.88	125.00	142.53	130.30	95.49	101.39	108.80	119.80	101.69	121.19	134.57	88.62	129.08	81.69	22.39	52.85	118.61	127.33	104.88	100.95	89.55	87.40	95.14	90.62	116.26	115.97	115.72	82.95	84.42	110.06	94.57	101.51	134.06
QG37_00199	106.46	110.99	57.74	62.56	91.44	93.18	95.77	98.15	109.11	84.32	71.97	84.60	76.04	98.62	97.86	100.79	124.95	142.39	125.03	90.07	106.35	116.26	116.20	101.36	115.10	127.31	92.05	112.32	87.84	24.96	53.93	103.33	120.50	100.32	102.37	80.14	95.78	103.13	89.28	97.99	113.97	112.26	89.48	78.31	96.34	97.78	90.66	135.54
QG37_00200	110.30	113.86	65.60	57.79	100.00	90.15	91.86	98.32	98.43	95.76	71.68	81.98	71.51	88.25	98.66	107.01	144.28	152.75	125.18	99.34	106.84	114.63	118.18	104.34	106.20	130.07	91.81	117.73	91.20	28.44	62.34	108.95	119.46	110.18	105.59	80.50	92.77	98.79	87.02	117.53	129.23	109.78	84.82	91.68	103.23	106.63	91.56	125.67
QG37_00201	120.49	126.84	71.37	90.19	115.21	128.96	113.60	119.81	137.71	114.22	84.83	101.84	95.30	109.34	105.68	125.47	146.60	153.77	141.29	111.49	125.20	128.11	142.26	109.40	133.32	154.65	94.48	137.74	105.28	25.92	71.07	122.43	140.08	120.88	110.65	96.02	113.73	124.27	106.72	131.93	139.21	130.26	91.49	107.16	127.30	118.74	102.09	143.08
QG37_00202	101.78	104.61	53.79	71.16	97.46	98.56	93.66	102.24	112.85	85.28	77.49	70.32	91.26	84.78	79.37	99.34	122.44	123.68	114.19	92.95	107.13	92.01	114.54	81.59	103.79	118.14	92.01	93.97	80.91	21.07	60.65	97.24	109.89	91.81	93.38	71.57	87.29	96.07	77.87	104.84	122.94	111.22	78.19	81.33	92.79	101.64	75.67	108.00
QG37_00203	117.68	133.51	84.36	90.59	116.06	115.58	113.42	119.44	130.24	102.00	96.74	102.09	100.25	114.00	114.74	122.37	138.04	159.21	143.92	130.36	114.19	130.91	145.86	110.73	124.33	142.29	101.44	124.53	114.72	32.54	69.65	126.33	143.95	132.44	103.65	97.21	123.70	121.60	98.93	116.79	141.64	124.18	98.69	95.75	128.27	114.83	109.68	171.34
QG37_00204	104.86	112.25	70.77	63.40	99.64	103.13	90.17	110.50	102.52	97.98	85.57	90.66	81.16	101.36	100.67	105.26	114.43	138.17	128.36	117.29	114.27	96.19	130.16	88.62	122.71	128.44	93.95	105.36	97.61	20.76	70.97	104.80	116.86	111.93	103.48	80.64	101.25	113.46	87.91	108.76	140.45	127.20	84.90	72.63	101.51	102.86	102.11	123.48
QG37_00205	140.34	121.72	57.26	68.50	118.68	101.59	106.06	114.88	120.45	106.29	100.40	84.86	91.76	109.58	91.98	110.02	133.41	155.04	140.46	97.08	125.16	119.54	129.66	108.64	122.84	130.88	91.76	124.85	107.55	24.49	67.48	127.55	137.95	127.50	122.25	95.42	93.44	111.11	91.81	106.49	145.60	120.59	75.13	90.30	110.82	112.84	84.81	139.45
QG37_00206	127.58	118.05	69.32	70.88	109.75	106.67	125.51	115.89	108.12	105.02	81.68	86.08	106.11	100.84	89.58	124.68	138.01	144.97	135.10	101.29	126.63	121.21	119.34	120.96	134.03	138.89	111.64	129.31	92.40	29.80	70.17	116.96	128.87	117.73	102.03	113.50	109.14	114.39	89.94	119.40	143.45	139.03	93.97	100.25	108.33	111.35	109.42	137.79
QG37_00207	121.43	118.10	57.59	72.06	101.72	116.33	127.54	117.88	112.15	96.63	72.22	98.48	95.15	101.75	90.98	111.81	137.39	153.33	121.02	91.67	121.90	109.61	130.65	95.39	110.94	132.12	100.73	126.88	95.90	24.59	74.55	113.55	125.41	99.95	108.32	81.11	102.11	110.07	96.62	119.59	129.53	126.67	75.96	99.30	102.73	104.88	114.01	124.03
QG37_00208	122.65	116.42	50.41	57.39	108.09	115.54	119.57	111.61	120.67	104.57	75.48	88.11	99.21	118.33	102.14	126.74	136.76	147.90	129.68	99.76	97.81	98.71	113.66	83.49	117.73	129.52	106.76	131.40	75.11	29.06	76.71	112.78	129.57	99.45	104.32	80.10	116.79	103.93	96.62	126.16	123.50	102.86	70.80	86.49	102.41	112.46	100.53	128.43
QG37_00211	107.25	115.63	60.62	61.09	106.71	94.84	90.79	102.49	107.06	98.69	90.59	82.59	89.74	97.10	98.39	104.95	134.67	145.14	122.26	97.13	107.97	117.88	118.30	93.28	123.79	142.16	89.71	118.29	91.51	24.52	66.40	113.61	123.76	110.29	117.62	85.80	92.22	100.36	86.41	98.55	116.96	109.56	81.23	77.79	99.65	100.54	90.06	129.71
QG37_00212	126.52	120.00	78.19	90.56	116.89	108.14	104.85	113.63	136.16	124.55	89.29	112.78	102.04	103.76	104.34	114.99	141.04	148.54	140.57	119.92	124.42	127.97	135.29	112.09	127.89	165.09	96.47	128.33	108.40	31.30	74.98	136.42	145.51	138.39	110.57	102.75	114.31	107.98	109.83	125.85	155.10	128.65	98.67	96.89	114.20	118.10	104.99	152.93
QG37_00213	121.54	123.92	60.19	69.34	109.85	109.61	94.81	111.44	118.06	107.92	95.37	98.92	97.41	104.35	102.59	103.16	138.10	146.12	124.38	108.11	115.26	118.46	125.24	93.43	112.69	148.36	92.11	103.74	104.49	26.01	65.63	113.53	120.55	105.68	101.94	89.53	107.17	109.95	84.38	106.62	137.77	114.41	80.80	81.06	97.95	103.28	102.26	131.78
QG37_00214	119.71	110.10	63.65	60.40	90.52	98.10	93.29	126.77	114.59	99.77	77.01	75.00	103.69	102.17	88.48	98.31	136.84	116.64	128.41	111.82	117.44	98.13	124.29	100.33	118.08	127.18	90.67	122.59	102.32	17.79	60.51	112.88	139.01	109.02	107.41	90.01	97.41	118.91	90.70	114.97	117.41	105.57	85.83	92.66	109.65	111.07	101.56	135.41
QG37_00215	130.45	84.74	50.85	47.04	72.98	83.03	78.77	85.00	77.03	75.17	56.39	66.01	76.35	77.81	70.55	74.77	108.45	90.60	99.20	84.23	82.42	97.59	95.47	66.75	82.65	106.39	72.40	95.25	75.80	29.82	63.99	91.15	129.66	92.86	89.73	68.75	96.55	86.84	67.97	97.71	103.77	102.67	73.90	79.40	100.72	89.30	81.27	99.90
QG37_00216	93.91	95.62	63.87	54.46	90.86	89.12	78.44	85.12	98.35	90.09	77.48	77.97	79.64	84.57	85.45	92.18	122.17	109.49	116.51	99.43	96.27	102.11	98.49	80.33	103.47	113.35	77.58	100.89	91.48	25.74	59.91	102.88	114.65	95.30	84.65	75.43	84.34	81.19	75.64	100.38	104.03	97.86	73.37	70.11	85.03	94.25	81.70	113.01
QG37_00217	115.75	107.67	71.10	68.52	99.53	110.63	109.32	100.91	114.61	98.42	87.63	81.65	89.47	97.43	96.70	105.73	136.32	131.41	116.76	105.32	105.22	105.03	120.19	87.74	112.08	125.73	89.73	102.92	82.41	26.29	63.91	102.91	120.63	102.06	101.60	89.08	87.26	100.63	87.97	108.15	127.78	121.76	97.31	82.00	98.14	98.32	81.00	111.50
QG37_00218	121.37	121.07	71.16	63.02	100.11	111.13	98.31	119.70	109.30	113.36	84.80	92.54	98.61	106.35	89.82	90.88	143.40	134.29	120.88	105.55	132.80	124.10	127.22	93.12	104.88	133.73	80.84	105.57	90.11	22.63	69.16	114.87	126.88	106.16	89.65	70.43	85.37	98.06	68.56	108.53	141.36	111.85	89.17	84.63	106.41	104.09	86.00	122.65
QG37_00219	74.50	96.27	52.47	43.64	71.98	83.65	81.97	72.40	88.72	79.04	67.60	59.82	70.40	65.13	66.31	76.33	84.17	87.85	99.32	70.18	77.61	77.80	86.02	61.69	85.52	89.20	57.23	73.75	54.79	14.95	48.30	80.17	92.68	77.80	70.84	60.29	76.04	70.23	58.24	87.70	92.88	90.45	60.36	58.30	79.89	74.03	52.38	80.83
QG37_00220	85.36	80.28	48.88	52.38	65.57	77.16	78.15	75.15	88.41	64.12	68.25	59.85	60.28	81.13	87.43	71.33	109.07	107.48	90.32	81.46	86.24	77.14	86.91	71.90	73.26	92.21	59.17	75.35	59.56	15.31	34.44	83.32	91.20	80.76	69.78	66.58	79.38	76.74	64.63	82.33	102.54	91.64	64.27	67.27	74.22	79.01	76.42	93.03
QG37_00221	95.11	78.41	32.21	51.66	63.24	67.85	62.77	67.02	74.30	58.25	50.73	40.55	58.21	56.61	60.36	80.82	102.46	85.02	100.96	62.85	77.49	70.62	77.91	67.55	64.88	90.27	67.45	74.11	41.73	23.82	48.32	80.42	69.42	67.78	55.76	55.30	57.68	71.90	57.91	66.73	83.60	69.76	54.94	49.60	72.79	54.13	67.22	92.59
QG37_00222	58.16	69.32	32.05	39.68	56.70	53.66	56.37	52.86	64.07	47.38	46.64	37.62	51.95	49.58	48.35	64.12	70.03	67.52	65.79	54.79	52.39	50.96	70.34	44.20	54.62	72.80	48.91	60.40	55.29	21.33	34.45	59.66	68.93	53.83	42.85	44.34	52.89	59.78	43.10	60.56	60.73	67.39	48.37	50.98	48.87	51.13	41.76	80.38
QG37_00223	742.70	2182.97	812.10	1681.80	1745.61	1647.86	886.17	825.26	909.74	2067.13	1798.98	676.42	1214.14	1991.26	1934.83	2464.71	1156.04	3532.15	3024.68	1495.65	632.58	529.85	2512.00	1814.04	2140.40	2834.60	1484.17	1290.76	1506.70	400.53	1144.40	2721.65	12.54	307.57	274.14	236.72	254.40	273.02	202.18	341.20	308.16	330.28	303.26	456.22	527.92	481.25	456.67	607.35
