GENE	CDC_B11096	CDC_B11097	CDC_B11098	CDC_B11099	CDC_B11101	CDC_B11102	CDC_B11103	CDC_B11105	CDC_B11112	CDC_B11113	CDC_B11114	CDC_B11115	CDC_B11116	CDC_B11117	CDC_B11118	CDC_B11119	CDC_B11200	CDC_B11201	CDC_B11205	CDC_B11206	CDC_B11207	CDC_B11208	CDC_B11209	CDC_B11210	CDC_B11212	CDC_B11213	CDC_B11214	CDC_B11215	CDC_B11216	CDC_B11217	CDC_B11218	CDC_B11219	CDC_B11220	CDC_B11221	CDC_B11222	CDC_B11223	CDC_B11224	CDC_B11225	CDC_B11226	CDC_B11227	CDC_B11228	CDC_B11229	CDC_B11230	CDC_B11243	CDC_B11244	CDC_B11245	CDC_B11246	CDC_B11247
QG37_03756	1.0985	1.0883	1.0968	0.9953	1.0869	1.1125	1.0936	1.1630	1.0089	1.0415	1.1147	1.0561	1.0982	1.0527	0.9594	1.0814	1.0179	1.0137	1.0406	1.0641	1.0189	1.0248	1.0327	0.9595	1.0659	0.9915	0.9818	1.0016	1.0158	0.9348	1.0021	1.0065	1.0247	1.0099	1.0118	1.0559	1.0437	1.0190	1.0627	0.9783	1.0641	1.0063	0.9872	1.0007	0.9831	0.9730	0.9945	1.0070
QG37_03757	1.0458	0.9114	0.9076	1.0168	0.9033	0.9749	0.9541	0.9647	0.9562	0.8871	0.9414	0.9339	1.0408	0.8584	1.0822	0.9916	0.8839	1.0280	0.9781	0.9423	0.8683	0.9632	0.9662	1.0264	0.8295	1.0051	0.8332	0.7973	0.9192	0.7469	1.0130	0.8668	0.9277	1.0286	0.9276	1.0333	0.9027	0.9955	0.9881	0.9549	0.9779	0.8207	0.9423	0.8991	1.0035	1.0307	0.9390	0.9019
QG37_03758	0.8039	0.7002	0.5961	0.7564	0.7274	0.6647	0.9008	0.7235	0.6232	0.6837	0.9046	0.6934	0.7336	0.7928	0.6546	0.8277	0.8173	0.6569	0.8447	0.8057	0.8138	0.8171	0.7732	0.7465	0.7617	0.7749	0.7228	0.6184	0.8032	1.2343	0.9162	0.7341	0.7689	0.6430	0.7289	0.8025	0.6649	0.8158	0.7308	0.7575	0.9031	0.6789	0.6687	0.6859	0.8051	0.6682	0.7163	0.7573
QG37_03759	0.9195	0.8502	0.7923	0.8725	0.8577	0.9083	0.8762	0.9942	0.9238	0.9482	0.8037	0.9501	0.8416	0.9382	0.8223	0.8733	0.8740	0.8782	0.8771	0.8631	0.9096	0.9618	0.9985	0.9281	0.9433	0.8690	0.8835	0.8096	0.7831	0.7114	0.9202	0.8636	0.8831	0.8942	0.8571	0.8772	0.8721	0.9693	0.8388	0.8711	0.9496	0.8751	0.9499	0.8783	0.9381	0.8700	0.9883	0.9554
QG37_03760	0.9299	0.8123	0.8720	0.7813	0.8673	0.8818	0.9236	0.8136	0.8501	0.8915	0.8297	0.8287	0.9063	0.8485	0.8986	0.9316	0.9555	0.8342	0.7972	0.8523	0.9489	0.9127	0.8638	0.9255	0.8817	0.7491	0.8670	0.7879	0.7694	0.7017	0.8314	0.8078	0.8240	0.7898	0.8882	0.9356	0.8456	0.8999	0.8910	0.9461	0.8884	0.8954	0.9384	1.0342	0.9358	0.8421	0.9060	0.9425
QG37_03761	0.8517	0.8144	0.8296	0.8335	0.8084	0.8359	0.8174	0.8825	0.8971	0.8079	0.7953	0.8050	0.9172	0.8333	0.7975	0.9418	0.7648	0.9366	0.8668	0.8440	0.9574	0.8530	0.8114	0.9097	0.8933	0.8945	0.8658	0.8583	0.8894	0.8390	0.9053	0.8178	0.8601	0.8372	0.9141	0.9641	0.8457	0.9627	0.9136	0.9259	0.9759	0.9441	0.8171	0.8880	0.9679	0.9290	0.9494	0.9429
QG37_03762	0.7893	0.8013	0.8990	0.7740	0.9269	0.8713	0.8835	0.9193	0.8200	0.7826	0.8082	0.7618	0.8993	0.7984	0.9824	1.0273	0.8897	0.9606	0.8653	0.8638	0.9575	0.9543	0.7842	0.9243	0.8670	0.8873	0.9127	0.7688	0.8084	0.6732	0.7245	0.9037	0.7529	0.9539	1.1209	0.9579	0.9116	1.0162	1.1555	0.8533	0.7910	0.8798	0.8605	0.8893	0.9168	0.8297	0.9816	0.8617
QG37_03763	1.1028	1.1293	1.0660	0.9880	0.8791	0.9606	1.0888	1.0039	0.9824	1.0687	1.0899	1.0186	0.9460	1.0083	0.9858	1.1036	1.0121	0.9403	0.9650	1.1308	1.0736	0.9478	0.9570	1.0142	0.9141	1.0737	1.0689	0.9779	0.8796	0.9112	0.9863	0.9846	1.0144	1.0482	1.0488	1.0282	1.0715	1.0072	0.8834	0.9641	0.8672	1.0054	1.0532	0.9837	1.1384	1.0018	1.1000	1.1465
QG37_03764	0.9422	0.8470	0.8625	0.8947	0.8670	0.9302	0.9814	0.9382	0.9500	0.8868	0.9788	0.8501	0.8588	0.8764	1.0256	0.9368	0.9516	0.9436	0.9475	0.9699	1.0124	1.0064	0.9601	0.9672	0.9472	0.9418	1.0050	0.9636	0.8917	0.7772	0.9014	0.8854	0.8413	0.9387	0.9845	0.9173	0.8738	0.9408	0.9181	0.9965	0.9979	0.9461	0.9884	0.9683	1.0831	0.9478	1.0133	0.8985
QG37_03765	1.0781	0.9502	1.0132	0.9252	0.9531	0.9578	0.9945	0.9947	0.9391	1.0016	1.0242	0.9998	0.9983	0.9995	0.9398	0.9578	0.9527	1.0526	1.0005	0.9505	0.9833	0.9725	1.0148	0.9390	0.9165	0.9032	0.9569	0.9463	0.9965	0.9600	0.9630	0.9459	0.9546	0.9815	0.9261	1.0307	1.0502	1.0100	0.9730	1.0010	1.0008	0.9642	0.8672	1.0494	1.0656	0.9736	0.9177	1.0168
QG37_03767	0.8460	0.8316	0.8967	0.7763	0.8257	0.8190	0.9524	0.9298	0.8251	0.8757	0.8060	0.7789	0.8444	0.8748	0.7695	0.8383	0.8257	0.8141	0.7926	0.8427	0.8782	0.8897	0.8679	0.8841	0.8387	0.8661	0.8476	0.8599	0.7860	0.8521	0.8973	0.7834	0.8299	0.9042	0.8400	0.7870	0.8565	0.8158	0.7856	0.7723	0.8528	0.8445	0.8811	0.8033	0.8427	0.8909	0.8297	0.8423
QG37_03768	0.9580	0.8535	1.0148	1.0001	0.9127	0.8977	0.9417	0.9104	0.7882	0.8793	0.8248	0.8236	0.8088	0.8826	0.8082	0.8327	0.8765	0.8952	0.9012	0.8938	0.9051	0.8911	0.8784	0.9556	0.7766	0.8687	0.8210	0.7713	0.9184	0.8172	0.8004	0.8369	0.9138	0.9130	0.8352	0.9035	0.8189	0.9117	0.8651	0.8719	0.9629	0.9972	1.0006	1.0031	0.9702	0.9962	0.8085	0.8217
QG37_03769	0.6811	0.7987	0.7399	0.8346	0.7147	0.7737	0.7798	0.7145	0.8579	0.9393	0.7777	0.7470	0.7794	0.7950	0.7209	0.6181	0.8538	0.8549	0.7897	0.8500	0.8724	0.8392	0.8160	0.8379	0.7419	0.7480	0.7139	0.8176	0.8924	0.9124	0.8754	0.7932	0.8219	0.7440	0.9345	0.7693	0.8567	0.7368	0.9087	0.7681	0.8794	0.8996	0.9555	0.6856	0.8029	0.8404	0.9122	0.7338
QG37_03770	0.7834	0.6024	0.5514	0.6942	0.6424	0.5177	0.7087	0.5830	0.9194	0.7310	0.6763	0.5377	0.7635	0.5889	0.7138	0.6590	0.6803	0.7043	0.6207	0.7015	0.6813	0.7798	0.5882	0.6343	0.8224	0.5713	0.6886	0.6220	0.5711	0.6572	0.7060	0.5780	0.6442	0.6229	0.7841	0.6882	0.6470	0.5929	0.7437	0.6823	0.6117	0.6406	0.7604	0.6942	0.8870	0.8038	0.7423	0.7817
QG37_03771	1.0081	0.8724	0.8879	0.9560	0.9128	0.8502	0.9745	0.9543	0.8436	0.8893	0.9249	0.9157	0.8070	0.8831	0.9212	0.9868	0.9714	0.9064	0.9545	0.9681	0.8922	0.8610	0.8896	0.9650	0.8923	0.8786	0.9043	0.8448	0.8516	0.7699	0.9510	0.8750	0.8790	0.9127	0.9021	0.9007	0.8645	0.9572	0.9374	0.9175	0.9216	0.9464	0.8636	0.8680	0.9483	0.9015	0.8793	0.9832
QG37_03772	0.2429	0.1677	0.1413	0.1432	0.1969	0.1679	0.1799	0.1831	0.1500	0.1635	0.1788	0.1727	0.1695	0.1455	0.1580	0.2073	0.1434	0.1925	0.1483	0.1709	0.1847	0.1585	0.1701	0.2006	0.1708	0.1637	0.1660	0.1362	0.1176	0.1549	0.1568	0.1546	0.1250	0.1334	0.1316	0.1258	0.1223	0.1343	0.1365	0.1212	0.1222	0.1109	0.1372	0.1533	0.1974	0.2096	0.1709	0.2008
QG37_03773	0.7922	0.9440	0.6557	0.7851	0.8943	0.8476	0.8361	0.7489	0.7921	0.8362	1.0603	0.8172	0.8381	0.7928	0.8156	0.9117	0.9350	0.8635	0.7662	0.8338	0.8493	0.7827	0.8712	0.8350	0.8507	0.9082	0.9178	0.8195	0.8663	0.5750	1.0278	0.8717	0.8959	0.8637	0.8476	0.7754	0.7119	0.8263	0.8220	0.9280	0.9524	0.7398	0.8397	0.9062	0.9172	0.8403	0.7572	0.7893
QG37_03774	0.9225	0.8701	0.7612	0.9459	0.8716	0.8329	0.8782	0.9054	0.8818	0.7699	0.9443	0.7488	0.7946	0.8405	0.9161	0.9613	0.8294	0.9417	0.9084	0.8352	0.8959	0.8761	0.8501	0.7822	0.8841	0.8225	0.9082	0.8351	0.8200	1.0558	0.9698	0.8869	0.9394	0.9484	0.8593	0.9457	0.8827	0.9176	0.8861	0.9373	0.9384	0.7946	1.0515	0.9564	0.8955	0.9294	0.8256	0.8407
QG37_03775	1.2067	1.1579	0.8864	0.8189	0.9049	1.0735	0.9829	1.2841	1.1588	1.1336	1.0523	1.0714	0.9302	0.9514	1.1195	1.1648	1.0194	1.1945	1.2184	0.9462	1.0710	1.1972	1.1461	1.1091	1.0530	0.9669	1.0009	1.2113	1.1291	1.3431	0.9993	1.0606	1.0599	1.2013	1.0515	1.1612	1.2293	1.0456	1.1168	1.2963	1.1307	1.1905	1.0094	0.9495	1.1054	1.1725	1.0913	1.1444
QG37_03776	0.9788	1.0339	0.9014	0.9573	0.9956	0.9506	0.8663	0.8859	1.0462	0.9240	1.0649	1.0306	0.9570	0.9947	0.9311	0.9276	1.1300	0.9842	0.9635	0.9719	1.0120	0.9618	1.0282	1.0335	1.1349	0.8604	1.0966	1.0026	1.1228	1.2413	0.9291	1.1265	0.9374	0.9409	1.0291	1.1143	1.0768	1.1207	1.1249	1.0178	0.9758	1.0214	1.0107	0.9359	1.1032	1.1016	1.0519	0.8864
QG37_03777	1.0709	1.1789	0.8859	0.9890	1.0600	1.1430	1.0832	1.0431	0.9195	0.9864	1.1496	1.2097	0.9916	0.8869	1.0173	0.9297	0.8910	1.0015	0.9758	0.9909	1.0008	0.9956	1.0319	0.9769	1.0161	1.0271	0.9869	0.9381	1.0666	1.0440	0.9879	0.9225	1.2015	0.9266	1.0293	1.0707	1.0690	0.9239	1.1273	1.1491	0.9784	0.9597	1.1576	0.7869	0.7623	0.8543	0.7878	0.8733
QG37_03778	1.0446	1.1337	1.1661	1.1126	1.0278	1.3663	1.0590	1.1398	1.0427	1.0652	1.2243	1.1758	1.1422	1.0950	1.1380	1.1456	0.9510	1.2520	1.0598	0.9664	1.0467	1.1275	1.1219	1.0657	1.2465	1.1380	1.1704	1.0621	1.1721	1.2795	1.0739	1.0244	1.0492	0.8989	1.1646	1.0288	1.2570	0.9144	1.0743	1.1565	1.2796	1.1310	1.1583	1.1383	0.8972	1.0656	1.0207	0.9091
QG37_03779	1.0594	1.0009	1.0038	0.9393	1.0385	0.9606	0.9912	1.0197	0.9711	0.9556	1.0007	0.9910	0.9460	0.8712	0.9376	0.9259	0.9402	1.0105	0.9479	0.9335	0.9891	0.9525	0.9312	0.9524	0.9732	0.9716	0.9433	0.9868	0.9760	0.8160	0.8309	0.9366	1.0476	0.9743	0.9332	0.9462	1.0158	0.9368	1.0706	1.0239	1.0359	1.0066	0.9512	0.9820	0.9910	0.9865	1.0589	1.0086
QG37_03781	0.9915	0.8729	0.9728	0.9619	0.8938	1.0323	0.8663	0.9023	0.9075	1.1098	1.0333	0.9073	1.0199	0.9823	0.9906	0.8954	0.8488	0.9105	0.9041	0.9526	0.8856	0.9455	0.9531	0.8443	0.8548	0.9293	0.8567	0.9183	0.9925	1.3004	1.0498	0.8208	0.9295	1.0299	0.8903	1.0603	0.8239	1.0047	0.9945	0.8615	0.9922	1.0320	1.0042	0.8722	0.9741	0.9539	0.9633	0.9496
QG37_03782	0.9297	0.9924	0.9105	1.1012	0.9582	0.9037	1.0044	1.1408	1.0224	0.8502	1.1826	0.9661	0.9455	0.9738	0.9863	0.9597	0.8324	0.9054	0.9865	1.0915	0.8705	0.8856	0.9935	0.9559	0.9074	0.9706	0.8214	0.9967	0.9344	1.1270	1.0321	0.9267	0.9986	0.9234	0.9785	0.9612	0.8981	0.8627	0.9610	0.9303	1.0205	0.9191	0.9656	1.0431	1.0341	1.1059	0.9442	0.9851
QG37_03783	0.7007	0.6641	0.7723	0.7673	0.5632	0.6696	0.6771	0.7569	0.7328	0.6604	0.6609	0.4565	0.7523	0.7387	0.8895	0.7431	0.5945	0.6648	0.6026	0.6848	0.8137	0.6425	0.7571	0.7592	0.6276	0.6143	0.7355	0.6934	0.7463	0.4871	0.6369	0.6058	0.7776	0.7863	0.7783	0.8530	0.8319	0.7211	0.7541	0.6435	0.7466	0.6841	0.5241	0.6534	0.6451	0.6584	0.6646	0.5779
QG37_03784	0.8121	0.7672	0.7838	0.7489	0.7695	0.7805	0.7337	0.7748	0.7902	0.7302	0.7293	0.6643	0.8313	0.8003	0.8144	0.7995	0.6793	0.7697	0.7131	0.7399	0.8017	0.8364	0.7733	0.7440	0.7166	0.6874	0.8036	0.7468	0.7637	0.7602	0.7885	0.7462	0.8165	0.8226	0.8261	0.8647	0.6980	0.8063	0.8123	0.7524	0.7906	0.6938	0.7262	0.8208	0.7622	0.8062	0.8630	0.7554
QG37_03785	1.0437	1.0309	1.0060	1.0174	1.0761	1.1182	1.0286	1.1108	1.0684	1.0402	1.0823	1.0553	1.0534	1.0467	1.0769	1.0695	0.9778	1.0267	1.0211	1.0857	1.1275	1.0628	0.9999	0.9964	1.0490	1.0322	0.9993	0.9610	0.9884	0.8445	1.0108	1.0253	1.0745	1.0401	1.1033	1.0819	1.0447	1.1344	1.1321	1.0495	1.0983	1.0415	0.9978	1.0355	0.9312	1.0521	1.0269	0.9960
QG37_03786	0.9088	0.8615	0.9692	0.9898	0.8891	0.9141	0.9488	0.9604	1.0112	0.8265	0.9963	0.8624	0.9290	0.9653	0.8874	0.9387	1.0454	0.9481	0.9961	0.9599	1.0276	0.8992	0.8305	0.9513	0.8568	0.9096	0.9188	0.9465	0.9985	0.9463	0.9718	0.8256	0.9874	0.9211	0.9213	0.9267	1.0063	0.9698	0.9533	1.0144	0.8688	0.9583	0.8911	1.1170	1.0536	1.1200	0.8983	1.0042
QG37_03787	1.1562	0.9535	1.1090	1.0672	1.0480	1.0797	1.0474	1.1542	1.0295	0.9498	1.1036	1.0594	1.0247	1.0027	0.9794	0.9908	1.0239	1.0498	1.0798	0.9998	1.0371	1.0109	1.0989	1.0139	0.9045	0.8828	0.9510	0.9759	0.9576	0.7151	0.9853	0.9844	1.0729	1.0058	1.0373	0.9788	1.0155	1.0335	1.0691	1.0630	1.1109	1.0651	1.0835	1.0329	0.9945	1.0571	1.0175	1.0447
QG37_03788	1.0044	0.9610	0.9683	0.8832	0.9193	0.9147	0.9087	0.9157	0.9322	0.9184	1.0139	0.8719	0.9566	0.9116	0.9321	0.9134	0.9400	0.9203	0.9438	0.9505	0.9507	0.8944	0.9159	0.8467	0.9478	0.9724	0.9142	0.8780	0.8758	0.7614	0.9142	0.8134	0.9720	0.9013	0.9547	0.9426	0.9126	0.9477	0.9512	0.8776	1.0103	0.9185	0.9102	0.9846	0.9545	0.9424	0.8373	0.9949
QG37_03789	0.8174	0.8431	0.9065	0.8617	0.7916	1.0023	0.8779	0.6573	0.9473	0.7761	0.7963	0.7480	0.8700	0.8745	0.8471	0.7763	0.8409	0.8072	0.8812	0.9145	0.9127	0.7961	0.7683	0.9005	0.9299	0.8026	0.9197	0.8725	0.7728	0.5041	0.7379	0.9121	1.0267	0.9424	0.8487	0.9516	0.9032	0.8905	0.9425	0.7701	1.0064	0.8095	0.7382	0.8312	0.8196	0.8430	0.8457	0.9309
QG37_03790	1.1600	1.1044	1.0377	1.0436	1.0689	1.1205	1.0639	0.9466	1.1162	1.0055	1.1066	0.9555	1.0215	1.1128	1.0571	0.9893	1.0643	1.0191	0.9848	1.1202	1.0341	1.0337	1.0115	0.9735	1.0773	1.0234	1.0435	0.9982	0.9985	1.0764	1.1282	0.9721	0.9633	1.0649	1.0611	1.1407	1.1509	1.0972	1.1265	1.0118	1.0564	1.1014	1.0374	1.0342	1.1155	1.0198	0.8643	0.9461
QG37_03791	0.7866	0.7738	0.7279	0.7786	0.8004	0.6827	0.7956	0.8044	0.8427	0.7842	0.8402	0.7196	0.8226	0.7838	0.8204	0.8330	0.8696	0.8032	0.7795	0.7798	0.7751	0.7128	0.7251	0.8476	0.7829	0.8265	0.7641	0.7696	0.7828	0.6084	0.7553	0.7595	0.8790	0.8282	0.8019	0.7693	0.7434	0.7274	0.7834	0.7290	0.8496	0.7445	0.8303	0.8950	0.8153	0.8600	0.8106	0.9120
QG37_03792	0.8570	0.8323	0.8044	0.8977	0.8494	0.8640	0.8432	0.9242	0.8429	0.8130	0.8055	0.8249	0.9031	0.8815	0.9176	0.9916	0.8688	0.8555	0.8546	0.8853	0.9634	0.9742	0.9131	0.8639	0.9272	0.7395	0.8215	0.7547	0.7861	0.7120	0.8411	0.7954	0.8437	0.8702	0.8263	0.8378	0.9324	0.8774	0.8901	0.8820	0.9308	0.8222	0.7720	0.9373	0.8076	0.8897	0.8781	0.8786
QG37_03793	1.0525	0.9333	0.8211	1.0501	0.9488	1.0983	0.8764	0.9159	0.9886	0.9092	1.0332	0.9626	1.0404	0.8492	0.8513	1.0730	0.9987	0.9261	1.0055	0.8638	1.0297	1.0025	0.7826	1.0362	1.0598	1.0147	0.9543	1.0076	1.0682	1.0479	1.1257	1.0804	1.0128	0.9944	0.9464	1.0375	0.9757	0.9675	1.1024	1.1419	0.9560	1.0307	0.8956	1.1941	1.0063	1.1033	0.9628	1.0978
QG37_03794	0.9991	0.9507	0.9564	0.9602	0.9682	0.9692	0.9236	1.0161	0.9437	0.9700	0.8612	0.8655	0.9538	1.1279	0.9759	0.9306	0.9436	0.9699	1.0020	0.9419	1.0172	1.0039	0.9446	1.0262	0.9195	0.9394	1.0737	0.8547	0.8280	0.9457	0.9516	0.8791	0.9758	0.9375	0.9746	0.9440	1.0086	0.9704	0.9976	0.9751	1.0920	1.0146	0.9101	0.9930	1.0511	0.9623	1.0664	0.9322
QG37_03795	0.8404	0.8040	0.8628	0.8538	0.8444	0.8421	0.9123	0.9380	0.8827	0.8778	0.8791	0.9863	0.9066	0.9528	0.9429	0.9351	0.9189	0.9420	0.9050	0.8444	0.9604	0.9042	0.8642	0.8620	0.9211	0.8739	0.8838	0.8567	0.8599	0.7717	0.8806	0.8480	0.8370	0.9022	0.9163	1.0021	0.9305	0.9607	0.8552	0.9608	0.9479	0.8484	0.9303	0.9367	0.9085	0.9243	0.9340	0.9254
QG37_03796	0.4582	0.3177	0.3316	0.2714	0.2682	0.2500	0.2782	0.2783	0.3096	0.2352	0.2431	0.2979	0.2740	0.3408	0.2878	0.2907	0.2941	0.2855	0.2630	0.3132	0.2415	0.2985	0.2222	0.2797	0.2516	0.2447	0.2451	0.2681	0.2359	0.3986	0.2966	0.2342	0.2775	0.2600	0.2854	0.2591	0.3010	0.2467	0.2673	0.2589	0.2208	0.2045	0.2064	0.1633	0.1526	0.1521	0.1307	0.1547
QG37_03797	0.2190	0.4364	0.3981	0.3897	0.3059	0.4312	0.3469	0.4052	0.3340	0.4226	0.4245	0.4756	0.4235	0.4457	0.4513	0.4955	0.3316	0.4121	0.3838	0.3263	0.3233	0.3647	0.4433	0.2921	0.4294	0.4074	0.4475	0.4336	0.3747	0.4683	0.3184	0.2893	0.4075	0.4101	0.5282	0.2745	0.4344	0.3702	0.2844	0.3011	0.3659	0.3365	0.3336	0.4365	0.2953	0.3051	0.3034	0.3093
QG37_03798	0.4331	0.5540	0.6054	0.5549	0.4479	0.6237	0.4863	0.5805	0.5549	0.5868	0.6333	0.7317	0.6613	0.5108	0.6525	0.6102	0.6111	0.6320	0.5608	0.6034	0.6157	0.5335	0.5800	0.5213	0.5633	0.5681	0.6782	0.5433	0.4648	0.6511	0.6056	0.4785	0.6477	0.6050	0.6964	0.4437	0.6623	0.5067	0.4494	0.4190	0.5093	0.5629	0.4944	0.2529	0.2062	0.2803	0.2285	0.2461
QG37_03799	0.9152	0.8745	0.7340	0.7174	0.8308	0.8291	0.8730	0.8904	0.8700	0.7878	0.7926	0.8620	0.8700	0.8383	0.8530	0.9155	0.8991	0.8857	0.9512	0.8994	0.9408	0.8530	0.8854	0.8559	0.8479	0.8411	0.9253	0.8396	0.8726	0.7178	0.9583	0.8201	0.8337	0.8665	0.8652	0.9289	0.8919	0.9645	0.9224	0.8121	0.9621	0.8869	0.7925	0.7995	0.8815	0.8968	0.7910	0.7981
QG37_03800	0.8852	0.9287	0.7788	0.9823	0.8640	0.8278	1.0562	0.9239	0.8830	0.9190	0.9385	0.7824	0.9084	0.9189	0.9431	0.9853	0.8243	1.0107	0.9964	0.9165	0.8781	0.9180	1.0618	0.9051	0.7485	0.9978	0.9692	0.8061	0.9597	0.7624	0.7795	0.9168	0.8215	1.0302	0.8090	0.8657	0.8407	1.0013	0.9184	1.0142	0.9543	0.8784	0.9100	0.8195	0.9711	0.6745	0.8345	0.7967
QG37_03801	0.9172	0.8082	0.7440	0.8132	0.8691	0.8895	0.8673	0.8541	0.8908	0.7600	0.8210	0.8838	0.8534	0.8561	0.8164	0.8145	0.8516	0.9153	0.8212	0.8683	0.8759	0.8342	0.9348	0.8597	0.7699	0.8558	0.8910	0.7761	0.7507	0.7602	0.8837	0.8261	0.7875	0.9119	0.9542	0.9369	0.7856	0.8768	0.8264	0.8764	0.8616	0.8910	0.9226	0.9304	0.9130	0.8881	0.8818	0.9767
QG37_03802	0.9044	0.8599	1.0186	0.8531	0.9592	0.9544	0.9444	0.9349	1.0209	0.9747	0.8993	0.7896	0.9504	0.8729	0.8489	1.0234	0.9134	1.0475	0.7965	0.8565	1.0648	0.9759	0.8737	0.9009	1.0822	0.9149	0.9411	0.8121	0.9051	0.8481	1.1004	0.9116	0.9298	0.9016	0.9112	1.0065	0.8237	0.9872	0.8517	0.9524	0.9539	0.9921	0.9505	0.9346	0.8994	0.7559	0.9705	0.9098
QG37_03803	0.9486	1.0897	0.9269	1.2005	1.1659	1.0536	1.0230	1.1909	1.1664	0.9944	1.0336	1.0049	1.1557	1.0495	1.0924	0.9942	0.9822	1.0287	1.0948	1.1230	1.2975	1.1298	0.9286	1.1443	1.1951	1.3290	1.1893	1.1131	1.0752	1.1379	0.9055	1.2013	1.2280	1.2513	0.9487	1.0989	1.1736	1.1557	1.0377	1.1708	1.1505	1.2179	1.0086	0.5018	0.6146	0.5420	0.5798	0.6288
QG37_03804	1.0937	1.1268	1.1372	0.9542	1.0336	0.9239	0.9768	1.0271	1.0371	1.0310	1.0056	0.9144	1.0898	1.0662	0.9625	1.1395	1.0198	1.0678	1.0561	1.1729	0.9648	1.0672	1.0581	1.0331	1.1018	1.0246	1.0570	1.0541	1.0548	0.7329	0.9263	0.9922	1.0391	1.2226	1.1424	1.0995	1.2208	1.1324	0.9752	1.2241	1.1152	1.1495	1.0724	0.4383	0.5671	0.4990	0.5713	0.5516
QG37_03805	1.2276	1.0212	1.0874	1.0301	1.0139	0.9034	0.9703	1.1981	1.0680	1.0016	1.0554	0.9779	1.0675	1.1333	0.9998	1.0739	1.0045	1.0737	1.1522	1.0608	0.9517	0.8553	1.0044	0.9351	1.0865	0.9482	1.0665	1.0758	0.9501	0.6932	0.8913	1.0074	1.1303	1.0975	1.2272	1.2796	1.1483	1.2553	0.9179	1.0911	1.0699	1.1272	1.2679	0.8605	1.0920	0.9798	0.9523	1.0791
QG37_03806	1.0413	1.0421	0.9857	0.8985	0.9911	0.9294	0.9365	0.9935	0.9519	1.0499	0.9194	0.9922	1.0452	0.9896	1.0108	1.0517	0.9675	0.9498	0.9875	0.9217	0.9619	0.9907	0.9562	0.9629	0.8838	1.0039	0.9513	0.9391	0.9629	0.8618	0.9274	0.9549	0.9904	1.0455	1.0646	1.0866	0.9901	1.0390	1.0687	1.0193	0.9654	1.0156	0.9971	0.9938	0.9934	1.0592	1.0086	1.0727
QG37_03807	0.9298	0.9049	0.9856	0.9834	0.9030	0.9260	0.9649	0.8855	0.9387	0.8831	0.9354	0.8536	0.8976	0.9771	0.9675	0.9741	0.9528	0.9232	0.9346	0.9382	0.8835	0.9761	0.8701	0.9562	0.9341	0.9125	0.9237	0.9815	0.9012	0.7775	0.9213	0.8782	0.9423	0.9438	1.0105	0.9202	0.9454	0.8841	0.9714	0.9980	0.9061	0.9009	0.9440	0.9631	0.9882	0.9547	0.9229	0.9888
QG37_03808	0.7644	0.7747	0.7924	0.7854	0.7329	0.8354	0.8288	0.9154	0.9064	0.8671	0.8188	0.9183	1.0580	1.1323	0.9847	0.8572	0.8905	0.9331	0.9776	0.8529	0.8878	1.0001	0.9023	0.9137	0.8932	0.8269	0.8418	0.7774	0.8434	0.9427	0.7595	0.9037	0.8109	0.8573	0.9723	0.8908	0.8548	0.8162	0.9120	0.9040	0.9803	0.9210	0.8397	1.0022	0.9712	0.9684	1.0615	1.1286
QG37_03809	0.9446	0.9245	1.0024	0.9340	0.8643	0.9375	0.9001	0.9702	0.9567	1.0113	1.0384	0.8488	0.9178	1.0098	0.9890	0.9875	0.8767	0.8482	1.0683	1.0660	0.8803	0.9729	1.0002	1.0676	1.0978	0.8971	0.8614	1.0327	0.9260	0.8666	0.9562	0.9348	1.0022	0.9031	0.9812	1.0806	1.0230	0.9352	0.9335	1.0408	1.0610	1.0036	0.9877	0.8944	0.9384	1.0915	0.7931	0.9677
QG37_03810	1.0355	0.9261	0.9008	0.9795	0.9483	1.0823	1.0473	0.9411	0.8853	0.9507	0.9751	0.9155	0.9208	0.9768	0.9352	0.9195	0.9466	0.9961	0.8950	0.9269	0.9400	0.9107	0.9203	0.9297	0.9025	0.8855	0.9013	0.8785	0.8842	0.9318	0.8306	0.8899	0.9552	0.9244	0.8811	0.9578	0.9419	0.9859	1.0551	0.8939	0.9363	0.8979	0.8947	0.9025	0.9395	0.9181	0.9275	0.9625
QG37_03811	1.0343	1.0254	0.9509	1.0279	1.0263	1.0240	1.0415	1.0193	0.9647	1.0147	1.0141	0.9647	1.0226	0.9723	0.9255	0.9719	1.0185	0.9862	1.0119	1.0402	0.9769	1.0334	0.9894	0.9928	0.9684	1.0026	0.9486	0.9703	1.0046	0.9460	0.8965	0.9613	0.9799	0.9984	0.9992	0.9574	1.0161	0.9579	1.0487	1.0841	1.0395	1.0146	1.0132	1.0179	0.9565	0.9630	1.0084	1.0445
QG37_03812	0.9540	0.9125	0.8530	1.0100	0.9269	0.9629	0.9769	0.9866	0.9276	0.9711	0.9863	0.7835	0.9148	0.9663	0.9760	0.8218	0.9384	0.9081	0.9667	0.9920	0.9828	0.9250	1.0024	0.9358	0.8869	0.8655	0.9804	0.9721	0.8988	0.8081	0.9421	0.9382	0.9627	0.9645	0.8637	0.8593	0.9039	0.9298	0.8890	0.9342	0.9236	0.9152	0.9997	1.0285	0.9965	0.9246	0.9858	0.9479
QG37_03813	1.1572	1.0802	1.0657	1.0111	1.0180	1.0674	1.0171	1.0149	1.0904	1.0555	1.0741	1.1601	1.0689	1.0335	1.1149	1.0748	1.1212	1.0752	1.0834	1.0452	1.0965	1.0832	1.0696	1.0694	1.0537	1.0336	1.0498	1.0147	1.0431	1.1046	1.1269	0.9886	1.0721	1.0304	1.0472	1.0389	1.0295	1.0294	1.1482	1.1013	1.1566	1.1089	1.0472	1.0072	1.0740	1.1162	1.1030	1.0706
QG37_03814	1.1239	1.1291	1.0040	0.9558	1.0755	1.0127	1.1226	1.1652	0.9429	1.0884	0.8646	0.9651	1.0100	0.9736	1.1036	0.9647	1.1020	0.9831	1.1531	1.1487	0.9903	1.1872	0.9688	1.2992	1.1079	1.0501	1.0132	1.1543	1.0719	0.5990	0.9823	0.9378	1.0136	1.0563	0.9915	0.9240	0.9519	1.1610	1.2827	1.1150	1.0717	1.0918	1.1165	0.4580	0.5489	0.4627	0.4902	0.4104
QG37_03815	1.0258	1.1006	0.8559	0.9703	0.9618	1.0317	0.9433	1.0418	1.0357	0.9643	1.0072	0.9062	0.9216	0.9460	0.9816	0.9962	0.9474	1.0117	0.9507	1.0191	1.0194	0.9719	0.9847	0.9455	1.0320	1.0260	1.0242	1.0078	0.9448	0.8045	0.9124	0.9271	1.0206	0.9866	1.0242	0.9986	1.0750	1.0480	1.0213	1.0132	1.0601	1.0659	0.9989	1.0098	0.9905	0.9913	1.0104	0.9965
QG37_03816	0.8373	0.7662	0.9080	0.8942	0.9144	0.8860	0.8882	0.8032	0.8451	0.7706	0.8207	0.7135	0.8168	0.9004	0.8577	0.8665	0.8421	0.8811	0.8743	0.8397	0.8519	0.8499	0.8058	0.8194	0.8412	0.7857	0.8689	0.8504	0.7637	0.8433	0.9279	0.7554	0.8788	0.8213	0.9068	0.9142	0.8679	0.8277	0.8963	0.8650	0.8206	0.8317	0.9316	0.8863	0.7465	0.8009	0.7882	0.8259
QG37_03817	0.9551	0.9350	0.8457	0.9174	0.9372	0.8583	0.8985	0.8700	0.9831	0.8515	0.8133	1.0332	0.8110	1.0052	0.9509	0.9620	0.9666	0.9582	0.9855	0.9789	0.9591	1.0614	0.9743	1.0315	0.9679	0.9379	0.9974	0.9582	0.9991	0.8345	0.9390	0.9110	0.9071	1.0326	1.0207	0.9728	0.9073	0.9132	1.0350	0.9570	0.9429	1.0143	1.0395	1.1556	1.1164	1.0549	1.0790	1.0275
QG37_03818	0.8468	0.8318	0.8825	0.9356	0.8962	0.8706	0.8614	0.8625	0.8169	0.7905	0.7687	0.7501	0.7714	0.8188	0.9145	0.8552	0.8286	0.8832	0.8633	0.8304	0.8642	0.7806	0.8561	0.9267	0.8190	0.8362	0.9073	0.8227	0.8664	0.9903	0.8683	0.8610	0.8813	0.8786	0.8961	0.9046	0.9104	0.8959	0.8612	0.9496	0.8561	0.9026	0.9324	1.0557	0.9408	0.9483	0.9328	0.9173
QG37_03819	0.8325	0.9172	0.8076	0.9148	0.8155	0.8049	0.8698	0.8334	0.8850	0.8455	0.8343	0.8504	0.8540	0.9611	0.8690	0.8905	0.8080	1.0296	0.9608	0.8149	0.8931	0.8300	0.9112	1.0314	0.8598	0.8552	0.8647	0.7745	0.7988	0.7108	0.8385	0.8713	0.9501	0.9118	0.9695	0.8244	0.8633	1.0038	0.9363	0.9363	0.8839	0.8861	1.0153	0.9207	0.9693	0.9821	0.8876	0.9524
QG37_03820	0.7777	0.8419	0.7962	0.8034	0.8825	0.8891	0.8749	0.7745	0.8969	0.8467	0.8031	0.8054	0.8160	0.9129	0.8890	0.9062	0.9215	0.8868	0.9782	0.7998	0.9673	0.9463	0.9229	0.9177	0.8813	0.8668	0.8529	0.7249	0.7943	0.7369	0.8621	0.8449	0.8419	0.9154	0.8296	0.9247	0.9558	0.9209	0.9773	0.8698	0.9051	0.9136	0.8325	0.9974	0.9418	0.8877	0.9888	0.9313
QG37_03821	0.8456	0.8554	0.7293	0.8973	0.9363	0.8588	0.8763	0.8312	0.9903	0.8426	0.8221	0.7483	0.7685	1.0038	0.8234	0.9370	0.9405	1.0463	1.0885	0.8356	0.8939	0.9385	0.8246	0.9430	0.7692	0.8330	0.9963	0.7957	0.8752	0.6760	0.7411	0.8448	0.9570	0.9873	1.0572	0.9352	1.0109	0.8084	0.9929	1.0017	0.9407	0.8730	0.7372	0.8813	0.9123	0.9799	0.9033	0.8850
QG37_03822	0.7007	0.6983	0.7542	0.7821	0.7749	0.7689	0.7156	0.7704	0.8230	0.6911	0.6578	0.7799	0.6549	0.8708	0.8017	0.8398	0.7136	0.8765	0.9020	0.8265	0.8023	0.8481	0.8552	0.8245	0.7516	0.7973	0.6693	0.6875	0.7088	0.5938	0.8738	0.7399	0.6834	0.7170	0.8741	0.7327	0.8162	0.8211	0.7876	0.8235	0.8218	0.8414	0.7420	0.7921	0.8490	0.8442	0.7826	0.8357
QG37_03823	0.7241	0.6643	0.5832	0.6063	0.7501	0.6976	0.7773	0.7432	0.6512	0.6555	0.6757	0.6075	0.6706	0.8436	0.6496	0.8276	0.6940	0.7389	0.7795	0.8079	0.7404	0.7708	0.7801	0.7480	0.6993	0.7548	0.6965	0.6845	0.6187	0.6244	0.6524	0.6840	0.6688	0.6840	0.6843	0.7592	0.7594	0.7578	0.6769	0.8326	0.7186	0.7470	0.7144	0.7765	0.6502	0.7657	0.8056	0.7639
QG37_03824	0.9646	0.8000	0.8859	0.8237	0.9266	0.7797	0.8682	0.9015	0.8338	0.9116	0.8085	0.8638	0.8288	0.9246	0.8223	0.9005	0.7550	0.8442	0.8410	0.8257	0.8633	0.8581	0.7998	0.9200	0.8355	0.8059	0.8192	0.8019	0.7840	0.7487	0.7143	0.8511	0.9013	0.8793	0.8015	0.8503	0.9616	0.9340	0.8880	0.9193	0.9313	0.9228	0.9633	0.9378	0.9365	0.8397	0.9246	0.9448
QG37_03825	0.8624	0.8574	0.9147	1.0497	1.0233	0.8756	0.9965	1.0174	0.9037	0.8423	1.0313	0.9337	0.8771	0.9933	0.9509	0.8879	0.9270	0.8949	0.8499	0.8311	1.0394	0.9137	1.0996	0.9764	0.8882	0.8925	0.8617	0.9840	0.8736	0.7754	0.9983	0.9161	0.9046	0.9960	0.9677	0.9676	0.9518	0.9461	0.9364	1.0175	0.9626	0.8534	1.0125	0.8215	0.9790	0.9963	0.9620	1.0254
QG37_03826	0.9305	0.7718	0.8224	0.7670	0.7652	0.8710	0.7759	0.8376	0.8518	0.7929	0.8587	0.6762	0.7737	0.8205	0.8091	0.7578	0.8239	0.7249	0.7705	0.8411	0.8373	0.8074	0.7292	0.7506	0.8646	0.7390	0.8567	0.6623	0.7940	0.8254	0.7875	0.8145	0.8367	0.8447	0.9105	0.8513	0.7183	0.8880	0.8430	0.8192	0.8974	0.7649	0.7773	0.8664	0.8783	0.9930	0.8520	0.8563
QG37_03827	0.2616	0.2023	0.2072	0.1416	0.1452	0.2078	0.1592	0.1253	0.1394	0.1193	0.1949	0.1438	0.1978	0.1788	0.1708	0.1077	0.1428	0.1542	0.1521	0.1809	0.1296	0.1164	0.1412	0.1473	0.1304	0.1635	0.1583	0.1315	0.1654	0.4632	0.1656	0.1436	0.1301	0.1525	0.1459	0.1521	0.1167	0.1252	0.1277	0.1286	0.1896	0.1392	0.2276	0.1725	0.2229	0.3358	0.2429	0.3133
QG37_03828	0.1423	0.4653	0.4821	0.4001	0.3292	0.4034	0.3332	0.3964	0.4068	0.3425	0.2842	0.3605	0.4252	0.4832	0.3421	0.3252	0.4505	0.2821	0.3732	0.4383	0.4359	0.3772	0.3596	0.4336	0.5290	0.2852	0.4195	0.3717	0.3950	0.4022	0.4068	0.4712	0.4324	0.3691	0.4232	0.3658	0.3957	0.4923	0.4489	0.2986	0.2862	0.3765	0.3176	0.4552	0.5124	0.6946	0.5524	0.6206
QG37_03829	0.9554	0.8797	0.9475	0.9331	0.9051	0.9822	0.9066	0.8559	0.8415	0.9012	0.8845	0.8742	0.9950	0.8615	0.9056	0.9224	0.9064	0.8247	0.8711	0.9439	0.8724	0.8512	0.8407	0.9560	0.8848	0.7930	0.8619	0.8902	0.8390	0.9803	0.7571	0.9083	0.9723	0.9094	0.8418	0.8773	0.8899	0.8285	0.8873	0.7783	0.9196	0.8744	0.8524	0.8667	0.8649	0.9116	0.9287	0.7824
QG37_03830	0.5899	0.6058	0.5285	0.5438	0.5588	0.6393	0.6031	0.6539	0.4369	0.5020	0.6757	0.5449	0.5323	0.5670	0.3886	0.5988	0.6062	0.5035	0.5350	0.4875	0.5563	0.6277	0.6418	0.5304	0.5346	0.5963	0.6853	0.4889	0.6231	0.5326	0.4772	0.5581	0.7262	0.5102	0.5450	0.4470	0.5030	0.5449	0.4956	0.4555	0.5184	0.6433	0.5505	0.6226	0.4708	0.5817	0.6178	0.7051
QG37_03831	1.3748	1.1201	1.1681	0.8918	1.1184	1.1461	1.2432	1.1740	1.0420	1.2390	1.3140	0.8090	1.0266	1.1326	1.0436	0.8922	0.9860	1.0658	1.1085	1.0536	1.2001	0.9282	0.9917	0.8852	1.0661	1.0967	1.0210	0.9885	1.0823	0.8736	1.0965	1.0116	1.0383	1.1901	1.0852	1.0966	0.9424	0.9263	1.1106	1.0917	1.2179	1.1234	1.0351	0.9923	0.9648	1.1094	1.0199	0.8965
QG37_03832	0.9170	0.8893	1.0042	0.9877	0.7812	1.0028	0.9830	0.9364	0.8813	0.8130	0.9514	0.9692	0.9122	0.9720	0.8318	0.8829	1.0440	0.9080	0.8164	1.0066	0.8759	0.8871	0.9357	0.8670	0.9074	0.8103	0.8613	0.9311	0.8988	1.0646	0.7515	0.8349	0.9361	0.8362	0.8793	0.9298	0.9101	0.8275	0.8843	0.8478	0.9172	0.8724	0.8667	0.9410	0.9242	0.9187	0.8495	0.8735
QG37_03833	1.1906	0.9413	1.2019	1.0124	1.2308	1.1727	1.0587	1.0087	1.0139	1.0491	1.0867	0.9279	1.0230	0.9429	1.0146	1.2939	1.1401	1.0334	1.0773	1.0826	1.0851	0.9055	1.0568	0.9805	0.9293	1.0704	0.9646	1.0430	1.0873	1.1840	0.9900	0.9653	0.9688	1.0585	1.1102	1.0803	1.0280	1.0016	0.9539	0.9057	0.9945	0.8959	0.8753	1.0387	1.0227	1.0475	0.8950	0.9167
QG37_03834	1.1854	1.0070	1.1349	1.0103	1.0578	1.1173	1.0993	1.0490	1.0167	1.0633	0.9752	1.0140	1.1336	0.9477	0.8758	0.9115	1.0484	1.0287	1.0678	1.0813	1.0917	0.9499	1.0404	0.9665	1.0279	1.0270	1.1108	0.9944	1.0771	0.9379	0.9638	1.0105	0.9787	0.9880	1.0419	1.0191	0.9684	1.0063	0.9550	0.9404	1.0302	0.9873	0.9638	1.1117	0.9703	1.0517	0.8724	1.0073
QG37_03835	0.9200	0.9019	1.0037	0.9319	0.9325	0.9577	0.9524	0.9271	0.9123	0.9768	1.0201	0.9435	0.8378	0.8520	0.9527	0.9577	0.8883	0.8325	0.8720	0.9257	0.8517	0.9077	0.8231	0.7787	0.8859	0.8867	0.8619	0.8764	0.8684	0.7884	0.8583	0.8485	0.9170	0.9188	0.8874	0.9729	0.8912	0.9235	0.9440	0.8048	0.8045	0.8394	0.8097	0.8442	0.8846	0.8169	0.8982	0.9008
QG37_03836	1.1766	1.0909	1.2056	1.0879	1.0909	1.1628	1.1102	1.1171	1.0080	1.0654	1.0573	1.1303	1.0859	1.0193	0.9436	1.0235	1.0742	1.0537	1.0243	1.1852	1.0729	1.0418	0.9993	0.9989	1.0258	1.0796	1.0414	1.0490	1.0546	1.0761	0.9288	1.0235	1.1245	1.0769	1.0896	1.0922	1.1063	1.0269	1.1128	1.0616	1.1251	1.0670	0.9839	1.0952	1.0667	0.9564	1.0542	0.9966
QG37_03837	1.0678	0.8435	0.9302	0.7573	0.8461	0.9759	0.7530	1.0493	0.8999	0.7649	1.0348	0.7250	1.0172	0.8283	0.7927	0.9410	0.8198	0.8825	0.8289	0.9316	0.8902	0.8801	0.7819	0.8672	0.9865	0.8663	0.7450	0.7934	0.7143	0.6896	0.7651	0.7299	0.7699	0.8655	0.9264	0.8173	0.9565	0.9014	0.9936	0.8477	0.9528	0.9497	0.7149	0.8791	0.8523	0.8934	0.8407	0.7429
QG37_03838	1.0665	1.0138	1.0809	0.9796	0.9929	1.0620	0.9724	0.9749	0.9767	0.9512	0.9952	0.9442	1.0300	0.8644	0.9854	1.0737	0.9597	0.9862	0.9688	1.0276	1.0644	0.9710	0.9862	0.9276	0.9974	0.9654	0.9569	0.9680	0.9492	0.8794	0.9639	0.9075	0.9891	1.0683	0.9166	0.9392	0.9511	0.9811	0.9669	1.0026	0.9971	0.9329	0.9481	0.8752	0.9885	0.9775	1.0244	0.9351
QG37_03839	1.1286	1.0706	1.1555	1.1418	1.1643	1.0797	0.9182	1.2128	0.9711	1.0637	1.0936	0.8927	1.0281	1.0125	0.9618	1.1911	0.9811	1.0180	0.9640	1.0925	1.2275	1.0737	1.0310	1.0561	1.0670	1.0068	0.9492	1.0792	0.9295	1.0821	1.0342	0.9895	1.0207	1.0246	1.0688	1.1916	0.9643	1.1134	1.2259	1.0681	1.0966	1.0573	1.0588	1.0828	1.0717	0.9934	1.0381	1.0017
QG37_03840	1.0535	1.0814	1.0460	0.8518	0.9901	0.9359	0.9952	0.9357	1.1209	0.9702	0.9132	0.8980	0.8610	0.9743	0.9557	0.9587	0.9816	0.8841	0.9876	0.8706	0.9562	0.9351	0.9955	0.8710	0.9928	0.9144	0.8997	0.9464	0.9340	0.9933	0.8733	0.8866	0.9864	1.0170	0.9887	0.9821	0.9835	1.1329	1.0881	1.0065	1.1006	0.9064	0.8668	1.0233	1.0230	0.9901	1.1141	0.9477
QG37_03841	1.0945	0.9178	0.9254	0.8655	0.9874	1.1078	0.9019	0.9192	0.9788	0.8246	0.9419	0.9857	0.8949	0.8956	1.0324	0.8631	0.8660	0.9245	0.9627	0.8729	1.0058	0.9352	0.9517	0.9759	1.0704	0.9605	0.9152	0.9701	0.9047	0.9006	0.9241	0.9478	0.9130	0.9597	0.8059	1.0625	0.8362	0.9792	0.9787	1.0178	0.9839	0.8060	0.9152	0.9450	0.9299	1.0159	1.0776	0.9252
QG37_03842	0.9599	0.9033	0.8034	0.8498	0.8527	0.8806	0.8216	0.8767	0.8467	0.8153	0.8344	0.8115	0.8283	0.8493	0.9010	0.8870	0.8973	0.9190	0.9373	0.8532	0.9385	0.8542	0.8996	0.8237	0.8787	0.8947	0.8720	0.8294	0.8432	0.7123	0.8473	0.8459	0.8570	0.8820	0.9216	0.9621	0.8784	0.9074	0.8955	0.9056	0.9249	0.8768	0.8691	0.9488	0.9187	0.9112	0.9355	0.8335
QG37_03843	0.7961	0.8983	0.9261	0.9036	0.9310	0.8703	0.8924	0.9531	0.9514	0.9209	0.8731	0.8721	1.0049	0.9758	0.9837	0.9586	0.9144	0.7981	0.9120	0.9588	0.9660	0.9135	0.9826	0.9376	0.9721	0.8641	0.8560	0.8896	0.9592	0.8318	0.8948	0.9117	0.9747	0.8749	0.9502	0.8599	1.0267	0.9561	0.9009	0.8734	0.9336	0.9723	0.9177	0.9434	0.9438	0.9637	0.8851	0.9797
QG37_03844	1.0127	0.9449	0.9232	0.9969	0.9567	0.9638	0.8784	1.0008	0.9619	0.9518	0.9836	0.8754	0.8954	1.1127	0.8674	0.8215	0.9064	0.9373	1.0267	0.9834	1.0484	1.0336	0.8700	0.9859	0.9300	0.9101	0.9805	0.8717	0.7960	0.9485	0.8862	0.9679	0.9730	0.9118	0.9094	0.9756	1.0213	0.8206	1.0927	0.9615	0.9864	1.0921	0.7995	0.9453	0.8835	0.9318	1.0098	0.9240
QG37_03845	0.8858	0.8290	0.8531	0.8214	0.8361	0.8756	0.9288	0.9337	0.9481	0.8226	0.8213	0.8188	0.9140	0.9142	0.8447	0.9562	0.8731	0.9094	0.8228	0.8633	0.9297	0.8932	0.9129	0.8018	0.9489	0.8556	0.8548	0.7707	0.7666	0.8857	0.8542	0.7979	0.8538	0.9326	0.8656	0.9571	0.8701	0.9446	0.8593	0.8459	0.9746	0.8868	0.8946	1.0006	0.8687	0.9935	0.9322	0.9562
QG37_03846	0.9128	0.9308	0.8169	0.7992	0.8766	0.9810	0.8287	0.7636	0.9223	0.8150	0.7781	0.8445	0.8800	0.9210	0.8732	0.8688	0.8870	0.9395	0.9884	0.8936	1.0176	0.9014	0.9205	0.9066	0.9845	0.9179	0.9038	0.8086	0.8639	0.9333	0.9266	0.8674	0.8503	0.9798	0.9162	0.9404	0.8707	0.9556	0.8309	0.9774	0.8964	0.9992	0.9071	0.9015	0.8986	1.1283	0.9819	0.9360
QG37_03847	1.0232	1.0346	0.9270	0.9993	1.0800	1.0915	0.9705	0.9109	1.0246	1.0528	0.9520	0.9287	1.1420	1.1159	0.9779	1.0705	0.9669	1.0540	1.0645	0.9679	0.9242	1.0231	1.0079	0.9982	1.1153	0.9465	0.9767	1.0287	0.8466	0.6778	1.0460	1.0285	1.0089	1.0973	1.0670	1.0472	0.8953	1.0372	0.9409	0.9833	0.8789	0.9992	0.9943	1.1874	0.9779	1.0962	0.9547	1.1710
QG37_03848	1.0562	0.8927	0.9409	0.9003	0.9292	0.9551	0.9168	1.0082	0.9685	0.8247	0.9100	0.8417	0.9985	0.9285	1.0231	0.9812	1.0470	0.9985	1.0171	0.9785	0.9729	0.9492	0.9502	0.9988	0.9631	1.0522	0.9642	0.9142	0.9513	0.8706	0.9992	0.9441	0.9884	1.0345	1.0208	0.9604	0.9836	0.9231	0.9801	0.9752	1.0152	0.8918	0.8976	1.0254	0.9382	1.0598	1.0031	0.9860
QG37_03849	0.7794	0.8441	0.9445	1.0196	0.8662	1.0101	0.8905	0.8436	1.0121	0.8347	0.9377	0.8011	0.9314	0.9475	0.8711	1.0474	0.9190	0.9653	1.0581	0.9997	0.9936	0.9105	0.9881	1.0072	0.9572	0.9384	0.8305	0.9042	0.7773	0.8269	0.8844	0.8805	0.9107	0.9343	1.0514	0.9337	0.9264	0.7971	0.9644	0.9813	0.9798	0.8774	0.9612	0.9617	1.0012	0.9393	1.0381	0.9797
QG37_03850	0.9179	0.9875	0.9306	1.1479	0.9685	1.0987	0.9707	0.8790	1.0458	0.9072	0.9708	0.7266	0.8905	1.0307	0.8907	0.9988	0.8461	1.0166	0.9359	0.9453	0.9899	0.8220	0.9558	1.1273	0.8607	0.9616	0.9101	0.9172	0.9423	0.8954	0.9472	0.9954	0.9739	0.8615	1.1192	1.1457	0.9396	0.8325	1.0406	1.1362	0.9979	0.9962	0.9686	1.1390	0.9401	0.7872	1.3695	0.9918
QG37_03851	0.8795	0.8697	0.8717	0.8287	0.8626	0.9505	0.8708	0.9122	0.9255	0.8298	0.9311	0.8666	0.9174	0.9304	0.8738	0.9877	0.8792	0.8946	0.8517	0.7964	0.8803	0.7851	0.8603	0.9013	0.9235	0.8685	0.9092	0.8881	0.8918	0.7939	0.8876	0.7953	0.9205	0.9777	0.9702	0.9279	0.9475	1.0196	0.9866	0.9636	0.9237	0.9455	0.8865	1.0191	0.9794	0.9725	1.0113	0.9537
QG37_03852	0.7039	0.7221	0.7201	0.7567	0.8248	0.8297	0.7873	0.6520	0.8488	0.7632	0.9364	0.8033	0.7991	0.8078	0.8074	0.8476	0.8215	0.7324	0.8274	0.7002	0.9539	0.8481	0.7674	0.7801	0.7457	0.7809	0.6414	0.6384	0.7675	0.6663	0.7012	0.7117	0.6837	0.8334	0.6125	0.6672	0.7339	0.7890	0.6909	0.8669	0.8556	0.8356	0.8630	0.7848	0.7926	0.8573	0.6137	0.8724
QG37_03853	0.9702	0.7206	0.8115	0.7992	0.8299	0.8961	0.9252	0.8208	0.8969	0.8606	0.8670	0.7219	0.9619	1.0824	0.7816	0.8506	0.9507	0.8708	0.8720	0.9361	0.8920	0.8707	0.8861	0.9445	0.8232	0.8511	0.8541	0.8212	0.8177	0.8439	0.8228	0.8293	0.8246	0.9262	0.8542	0.8254	0.8725	0.9368	0.8621	0.9300	0.8605	0.8585	0.8653	0.9850	0.8327	0.9251	0.8247	0.8984
QG37_03854	1.1212	1.1970	1.0583	1.0544	0.8996	0.9787	0.9813	1.0060	1.2691	1.2094	1.0982	1.0356	1.1788	1.0638	1.1031	1.1974	0.9513	1.0020	1.2074	1.2008	0.9519	0.9362	1.0301	1.0735	1.1111	0.9616	0.9810	0.9109	1.0237	0.8909	1.0858	0.8764	1.2034	0.8926	1.0301	1.0924	1.1483	0.9900	1.0501	1.1340	1.0560	0.9167	1.0253	0.9532	0.8904	1.0291	1.1771	1.1681
QG37_03855	1.0063	1.0139	0.9718	0.8137	0.9784	0.9443	1.0520	0.9324	1.0107	0.9936	0.9838	0.9196	0.9517	1.0522	1.0081	1.0379	0.9055	0.9616	1.0227	1.0315	0.9898	1.0346	1.0210	0.9448	0.9249	0.9694	0.9312	0.9328	0.8949	0.7469	0.8953	0.9895	0.9848	0.9691	0.9243	1.0247	1.0458	0.9444	0.9963	0.9428	0.9791	0.9262	0.9148	0.9233	1.0004	0.9657	0.9697	1.0938
QG37_03856	1.0102	0.9912	0.9750	0.9867	0.9804	1.0210	0.9750	1.0268	0.9508	0.9559	0.9819	0.9535	0.9478	1.0598	0.9959	0.9577	0.9546	0.9766	1.0410	0.9901	1.0183	1.0031	1.0197	1.0088	0.9624	0.9376	0.9312	0.9516	0.8922	0.8218	1.0138	0.8578	1.0063	0.9780	1.0180	1.0322	0.9400	0.9920	0.9268	0.9929	1.0071	0.9988	1.0082	1.0682	0.9783	1.0377	0.9907	0.9776
QG37_03857	1.0385	0.8670	0.8179	0.9332	1.0069	0.8667	1.0431	0.9017	0.9632	0.9949	0.8873	0.9576	0.9432	0.9518	0.8770	0.8631	0.8916	0.8780	0.8049	0.8701	0.9515	0.8337	0.9258	0.8505	0.8797	0.9624	0.8011	0.9448	0.8718	0.7263	0.7987	0.8202	0.9586	1.0411	0.9571	1.0450	0.9435	0.9450	0.9914	0.9032	0.8957	0.7540	0.8491	1.1069	0.9316	0.8783	1.0574	0.9264
QG37_03858	1.0051	0.9374	0.9866	0.9697	1.0086	1.0411	1.0466	1.0668	1.0300	1.0328	1.0594	0.9703	1.1242	1.0051	1.0698	1.0712	0.9898	1.0559	1.0606	0.9753	1.0316	1.0653	1.0819	1.0639	1.0667	0.9202	0.9260	0.9804	0.9390	0.8809	1.0168	0.9414	1.0411	1.0382	0.9708	1.0030	0.9931	1.0791	1.1184	0.9503	1.0169	1.0071	0.9829	1.1565	1.0087	1.0396	0.9799	1.0581
QG37_03859	1.0330	0.9428	0.9458	0.9363	1.0056	1.0215	1.0135	0.9546	0.9650	0.9598	0.9992	0.8737	0.8565	0.9483	0.8293	0.8757	0.9572	0.9715	1.0012	0.9998	0.9747	0.9559	0.9964	0.9672	1.0713	0.9750	0.9514	0.9510	0.8775	0.8809	0.9658	0.8977	1.0205	1.0042	0.9991	0.9795	0.8582	0.9643	0.9296	0.8985	1.0610	0.9312	1.0106	1.0798	0.9829	0.9673	0.9244	1.0019
QG37_03860	1.1874	1.0373	1.0386	0.9372	0.9528	1.0267	1.0210	0.9879	0.9369	1.0333	0.9754	1.0154	0.9572	1.0678	0.9693	0.9983	1.0199	1.0175	1.1544	1.0370	1.0474	0.9719	0.8588	0.9374	0.9494	1.0773	1.0555	0.8777	1.0268	0.8384	0.9666	0.9098	0.8999	0.9955	0.9860	0.8577	0.9754	0.9613	1.0722	0.9397	1.0362	1.0464	1.0376	1.0321	1.0217	0.9436	0.9734	1.0562
QG37_03861	1.1313	0.9719	0.8900	0.8761	0.8247	0.9405	0.9693	1.0152	0.8841	1.0131	0.7603	0.9668	0.9966	1.0201	0.9849	1.1660	0.9538	0.8694	0.9707	0.9227	0.9947	1.0169	0.9435	0.9450	0.8795	0.8491	1.0100	0.8335	1.0004	0.7523	0.9451	0.8328	0.5172	0.9286	0.7907	0.8723	0.8438	0.9386	1.0115	1.0103	0.8683	1.0116	1.1012	0.7905	1.0189	0.8984	0.8940	1.0537
QG37_03862	1.1265	0.8719	0.7370	0.9786	0.8428	0.8928	0.8717	0.9073	0.9484	0.8329	0.6376	0.8368	1.0315	0.9918	0.8806	1.1537	0.8431	0.7776	0.8695	0.8747	0.9095	0.9957	0.8435	0.8159	0.8094	0.7733	0.9092	0.9528	0.8505	0.6220	0.8905	0.8145	0.6023	0.9569	0.9008	0.9513	0.9091	0.8509	0.8182	1.0756	0.8046	1.0795	0.9853	0.9417	0.9798	1.0074	0.9656	1.0863
QG37_03863	0.9782	0.8341	0.8124	0.9731	0.9038	0.9157	0.8885	0.8801	0.8541	0.8209	0.8170	0.8497	0.9026	0.7848	0.8685	0.9980	0.7725	0.8529	0.8207	0.8853	0.9193	0.8696	0.8565	0.9271	0.8563	0.7953	0.8231	0.8082	0.7319	0.6823	0.7587	0.8578	0.8063	0.9089	0.8399	0.9834	0.8572	0.8578	0.8136	0.8396	0.9267	0.8952	0.8687	1.0666	0.9276	0.8878	0.9216	0.8855
QG37_03864	0.8004	0.7975	0.9839	0.8502	0.8578	0.9780	0.8230	0.7900	0.9546	0.7008	0.8321	0.7399	0.8878	0.8751	0.8091	0.7518	0.7772	0.8683	0.8064	0.8933	0.8715	0.8856	0.8887	0.7583	0.7860	0.7509	0.7393	0.8391	0.8111	1.0191	0.9246	0.7847	0.8982	0.8141	0.8175	0.7576	0.8026	0.9912	0.7864	0.8521	0.9519	0.8780	0.7095	0.9745	0.8824	0.9607	0.8789	0.7540
QG37_03865	0.9568	0.8630	0.8895	0.9568	0.9255	0.8915	0.9041	0.9170	0.9807	0.7308	0.7731	0.7711	0.8558	0.8423	0.9479	0.8690	0.8589	0.9286	0.8794	0.8498	0.8784	0.8122	0.8384	0.7784	0.8347	0.9242	0.8035	0.7213	0.7817	1.3110	0.9302	0.8691	0.8856	0.8886	0.6950	0.7367	0.8862	0.8223	0.8326	0.7878	0.8354	0.9135	0.7737	0.9133	0.8825	0.9447	0.8439	0.7930
QG37_03866	0.9834	0.8650	1.0301	0.8464	0.8190	1.0564	0.8540	0.9805	0.9244	0.8954	0.9471	0.9424	0.9149	1.0157	0.8566	0.9183	0.9058	0.8739	0.9649	0.8447	0.9673	0.8059	0.7158	0.8222	0.9291	0.8621	0.9711	0.8624	0.8068	1.1319	0.9460	1.0030	0.9504	1.0111	0.8406	0.8506	0.8988	0.8823	0.9326	0.8053	1.0710	0.8430	0.7531	0.8501	0.9834	0.9034	0.9839	0.8344
QG37_03867	0.7447	0.6977	0.7012	0.8390	0.7550	0.7887	0.7513	0.7894	0.7911	0.8191	0.7770	0.7053	0.6506	0.8613	0.7167	0.7128	0.7094	0.8291	0.8605	0.8899	0.6583	0.9082	0.7220	0.6379	0.7507	0.7082	0.6795	0.6913	0.5988	0.6784	0.7339	0.8814	0.7908	0.7163	0.8048	0.8022	0.6539	0.7287	0.9498	0.5643	0.7296	0.6369	0.7223	0.7000	0.6613	0.5092	0.5562	0.6754
QG37_03868	0.8911	0.8672	0.8594	0.8660	0.9275	0.7756	0.9533	0.9273	0.8754	0.9301	0.8826	0.8295	0.8993	0.8840	0.7224	0.8701	0.9184	0.9595	0.9402	0.9705	0.8776	0.9036	0.8300	0.9067	0.7958	0.9775	0.7869	0.8941	0.8116	0.7317	0.8876	0.8658	0.9353	0.9121	0.9219	0.9010	0.8375	0.8397	0.6971	0.7696	0.7454	0.9437	0.8258	0.9761	0.8604	0.8821	0.8784	0.9088
QG37_03869	1.1161	0.9866	0.8884	1.0873	1.0702	1.0145	0.9636	0.9727	1.0293	1.0449	0.9342	0.9150	0.9414	1.0247	0.8485	0.9102	1.0018	0.9615	1.1272	0.9319	1.0303	0.9587	0.9652	1.0124	0.9667	0.9886	1.0906	1.0179	0.8495	0.6696	0.8432	0.9090	1.1459	1.0606	0.8310	0.9222	1.0328	0.8599	0.9457	0.8280	1.0436	1.1390	1.1150	1.1956	0.9100	1.0625	0.8878	0.8752
QG37_03870	1.0188	0.9800	1.1177	0.9372	0.9658	0.9589	1.0882	0.9040	0.8763	1.0895	0.7552	0.9320	0.8548	0.8903	1.0297	0.9760	0.9135	0.8995	0.9389	0.9851	0.8441	1.0615	0.8947	1.0183	0.9832	1.0322	0.8585	0.9308	1.0837	0.7854	0.9076	0.8458	0.8579	1.0150	1.0352	0.9836	0.9031	0.8258	1.0216	0.8533	0.9944	0.8563	0.8738	0.8674	1.0628	0.9470	0.9809	0.8263
QG37_03871	0.9705	0.9483	1.1064	1.0317	1.0508	1.0178	1.1212	0.9123	0.9750	1.0294	1.1223	0.9107	0.9198	0.9356	1.0936	0.9310	0.9549	0.8618	0.9333	1.0209	0.8139	0.9581	0.9082	1.0523	0.8154	0.9516	0.9554	1.1062	0.9653	0.9685	1.1283	0.9228	1.0712	1.1594	0.9591	0.9410	0.8145	1.0047	0.8937	0.8203	1.0061	0.8562	0.9548	0.9788	1.1633	1.0419	1.1306	1.0124
QG37_03872	0.9701	0.8938	1.0417	0.9447	0.8826	0.8553	0.9492	0.8702	0.9676	0.8889	0.9716	0.8410	0.9860	0.8688	0.8259	0.9138	0.8581	0.8077	0.8353	1.0024	0.7963	0.9122	0.8179	0.8576	0.9536	0.9268	0.9496	0.8509	0.8761	0.8357	0.9927	0.8282	0.8965	0.9215	0.9769	0.8524	0.8699	0.9337	0.8563	0.8804	0.9399	0.8061	0.8607	1.0810	0.8213	0.9094	0.8359	0.9689
QG37_03873	1.0737	0.8992	1.0003	0.9530	0.8493	0.9868	1.0377	0.9255	0.8890	0.8838	1.0468	0.9071	0.8514	0.8139	0.9820	0.9753	0.9004	0.9744	1.0106	0.8020	0.9275	0.9920	0.9354	0.8136	0.9220	0.9721	0.8641	0.8540	0.9674	0.8497	1.0280	0.8515	0.9592	0.8718	0.9485	0.9910	0.8836	0.9803	0.9098	0.9820	1.0329	0.8750	0.9252	0.9783	0.9624	0.9423	0.9360	0.9454
QG37_03874	1.0127	0.9651	1.2174	0.9840	1.0606	1.1679	1.1148	1.0735	0.9902	1.0150	1.1183	0.8997	0.9674	0.9425	1.0723	1.0657	0.9640	1.0408	0.9940	0.9898	0.9795	0.9903	1.0264	0.9586	0.9339	0.9826	0.9420	1.0001	0.8491	0.7736	1.1068	0.8859	1.0374	0.9919	1.0331	0.9564	0.9314	1.0037	1.1360	1.0351	1.0074	0.9946	0.9535	1.1194	0.8995	1.0705	1.0004	1.0241
QG37_03875	0.8841	0.7800	0.8560	0.8468	0.9293	0.9028	0.8575	0.8335	0.8542	0.8750	0.8857	0.8044	0.9027	0.8926	0.7886	0.8468	0.8929	0.8376	0.7374	0.8626	0.9266	0.9055	0.9473	0.7920	0.8250	0.8537	0.7574	0.8373	0.7482	0.7102	0.6518	0.8437	0.8625	0.7942	0.7938	0.8457	0.9634	0.8557	0.8718	0.7599	0.8353	0.8131	0.8104	0.8558	0.9004	0.8835	0.8655	0.8166
QG37_03876	1.0238	0.9390	1.0562	0.9472	1.0106	1.0965	1.0499	1.0116	0.9882	0.9606	1.0224	1.0054	1.0327	1.0167	0.9738	0.9945	0.9437	0.9503	0.9676	1.0608	1.0525	0.9941	0.9279	0.9708	0.9767	1.0037	0.9472	0.9551	0.9591	0.8506	0.9327	0.9465	0.9922	1.0375	1.0125	0.9926	1.0139	0.9541	1.0295	0.9607	0.9511	0.9061	0.9054	1.0419	0.9464	0.9394	0.9807	0.9536
QG37_03877	1.0555	1.0039	0.9041	1.0051	0.9680	1.0331	0.9830	1.0407	0.9493	0.9976	1.0685	0.9140	1.0481	0.9627	0.8984	0.9076	0.9446	0.8345	0.9230	0.9775	0.9987	0.9160	0.9229	0.9730	0.8900	0.8758	0.9337	0.8951	0.8787	0.8139	0.7991	0.9328	0.9025	0.9492	0.9820	0.9827	0.8896	0.9784	0.9614	0.8851	0.9141	0.8863	0.8135	1.0015	0.9919	0.9583	0.9255	0.9364
QG37_03878	1.2323	1.2152	1.1384	1.0518	1.1684	1.1433	1.1342	1.1708	1.0369	1.1486	1.1787	1.1023	1.1050	1.1479	1.0886	1.0682	1.1701	1.0984	1.1004	1.2236	1.1529	1.1371	1.0915	1.0773	1.0695	1.1330	1.1377	1.1392	1.1392	1.1052	1.0198	1.0800	1.1097	1.1541	1.1105	1.1663	1.1332	1.0419	1.1894	1.0854	1.1716	1.0967	1.0878	1.1653	1.0618	1.1557	1.0484	1.0966
QG37_03879	0.9800	0.9274	0.8641	0.8753	0.9051	0.9414	0.9323	1.0031	0.9241	0.9092	1.0528	0.9432	0.8817	0.9191	0.9629	0.9641	0.8812	0.9518	0.9506	0.9346	0.9477	0.9004	0.9731	0.9296	0.8643	0.9075	0.9608	0.8571	0.9412	0.8209	0.8974	0.9107	0.8904	0.9472	0.9781	0.9627	0.9863	0.9596	0.9879	1.0053	0.9520	0.8900	0.8076	0.8571	0.8670	0.9623	0.9019	0.9510
QG37_03880	1.1093	1.0292	1.0788	0.9629	1.0263	1.1072	1.0996	1.0370	1.0632	1.1449	1.0089	1.0325	1.0671	1.1130	1.0212	1.0487	0.9673	0.9965	1.0576	1.0965	1.0040	0.9357	1.0109	0.9845	1.0169	1.0038	1.0682	1.0503	0.9923	0.9345	0.9757	0.9430	1.0417	1.0421	1.0085	1.0338	0.9935	1.0266	1.0347	0.9988	1.1053	0.9877	1.0095	0.9947	1.0322	1.0375	1.0708	0.9782
QG37_03881	0.9270	0.8470	0.8868	0.8107	0.8200	0.9817	0.9129	0.8854	0.8932	0.9117	0.8257	0.7578	0.8817	0.8836	1.0585	0.8974	0.8627	0.9094	0.8217	0.9372	0.9745	0.9528	0.8515	0.7782	0.8564	0.8155	0.8929	0.9484	0.9388	0.7745	0.7735	0.8429	0.8620	0.9653	0.8889	1.0019	0.9304	0.8009	1.0552	0.8410	0.9419	0.8808	0.8244	0.7907	0.8421	0.8472	0.8611	0.7972
QG37_03882	1.0369	0.9359	0.8907	0.8500	0.9618	0.9084	0.8910	0.9529	1.0062	0.9570	0.8493	1.0490	0.9685	1.0346	0.9600	0.9386	0.9793	0.9905	1.0075	1.0480	0.9649	0.8959	0.9740	1.0023	0.9795	0.9690	0.9887	0.9570	0.9306	0.9509	0.9271	0.9233	0.8841	0.9471	0.9572	0.9759	0.9082	0.9537	1.0666	0.9430	0.9839	0.9886	0.9518	1.0153	0.9871	1.0403	1.0479	0.9721
QG37_03883	0.9604	0.9038	0.8120	0.8647	0.9582	0.9177	0.9522	0.8480	0.8876	0.9010	0.7143	0.9215	0.9606	0.9527	0.9237	1.0183	0.9744	0.9673	1.0254	1.0025	0.8771	1.1513	1.0269	0.8895	0.9502	1.0703	0.9156	0.9775	0.9892	0.9091	1.0275	0.9394	0.8730	0.9586	0.9849	1.0591	1.0111	1.0343	0.9774	0.8297	1.0651	0.8734	1.0000	1.0155	0.8712	1.0230	1.0124	0.8949
QG37_03884	0.9419	0.8568	0.8171	1.0261	0.8904	1.0240	0.9140	1.0287	0.9286	0.9979	0.9246	0.9231	0.8694	1.0650	0.9752	0.9647	0.9015	1.0291	0.9872	0.9627	1.0116	0.9898	0.9882	0.8487	0.9213	0.9325	0.9702	0.9829	0.8571	0.9657	0.8377	0.9386	0.8213	0.9889	0.9827	1.1046	0.9954	0.9716	1.0306	0.8560	0.9289	0.8826	0.8060	1.0378	0.9517	1.0064	0.8777	0.9323
QG37_03885	1.0389	0.8965	0.8996	0.9633	0.8898	0.9242	0.9876	0.9765	0.8702	0.8209	0.8629	0.9266	0.8438	0.9753	0.8461	0.9758	0.8447	0.8358	0.9532	1.0149	0.9371	1.0242	0.8789	0.9130	0.8932	0.8541	0.8379	0.9343	0.8763	0.9415	1.1469	0.9090	0.9358	1.0233	1.0300	0.8673	0.8981	0.9551	0.9613	1.0285	1.1071	0.9708	1.0186	0.9471	0.9797	0.9126	1.0304	0.9542
QG37_03886	0.9706	0.8550	0.7821	0.9378	0.8351	0.8785	0.8118	0.8728	0.8152	0.9059	1.0164	0.7018	0.7464	0.9731	1.0046	1.0449	0.9926	0.8721	0.9245	1.0879	0.9610	1.0289	0.7805	0.9501	0.8232	0.7875	0.7459	0.9873	0.9420	0.8897	0.8990	0.9651	0.7699	1.0444	1.0202	1.0340	0.9776	1.2005	0.9705	0.8005	0.9369	0.9268	0.9560	1.0070	0.9081	0.8902	0.9895	0.7613
QG37_03887	1.0075	1.0560	0.8710	0.9626	0.9975	0.9263	1.0302	0.9596	0.8416	0.9303	0.8211	0.9258	1.0136	0.9021	0.8929	1.0218	0.9875	0.8680	0.9238	1.0034	1.0741	0.8899	0.9670	1.0140	0.9245	0.9344	0.8777	0.9324	1.0035	0.8184	0.9660	0.8969	0.9877	0.8927	1.0054	0.9049	0.9160	0.8884	0.9794	1.0155	1.0546	0.9548	1.0332	0.9832	0.9864	0.9165	1.0995	1.0147
QG37_03888	0.9191	0.9180	0.9131	0.9200	0.8509	0.8748	0.9325	0.8351	0.9074	0.9564	0.8630	0.9167	0.9092	0.8698	0.9353	1.0209	1.0043	0.9050	0.8675	0.9494	0.9934	0.9546	0.8356	0.9002	0.9712	0.8924	0.9608	0.8412	0.9343	0.7872	0.8554	0.8776	0.9359	0.9131	0.9761	0.8337	0.9329	0.8831	0.8852	0.9315	0.8885	0.9591	0.9303	1.1236	0.9121	1.0051	0.9047	0.8473
QG37_03889	1.0613	1.0874	1.1468	1.0590	1.0790	0.9891	0.9560	0.9572	1.0285	1.0853	0.9526	1.0119	1.1158	1.1092	1.0488	1.0838	0.9892	1.0868	1.1117	1.0167	1.0361	1.0808	0.9996	1.0819	1.0162	1.0379	1.0186	1.1126	1.0670	0.9051	1.1038	0.9855	0.9411	0.9433	1.0313	1.0146	1.0829	1.0573	1.0813	0.9177	0.9032	1.1071	1.0185	1.0903	1.1160	1.1279	0.9817	1.0147
QG37_03890	1.0066	0.9647	0.9323	0.9512	1.0092	0.9344	0.9303	0.9485	0.9336	0.9134	0.9059	0.9545	0.9061	0.9948	0.9042	1.0332	0.9417	0.9793	0.9960	0.9618	0.9755	0.9465	0.8967	0.9054	1.0343	0.9423	0.9192	0.9493	0.8150	0.8854	0.9396	0.9117	0.9841	0.9581	0.9120	0.8516	1.0016	0.9668	0.9864	0.9317	0.9867	0.9650	0.8630	1.0605	0.9425	0.9309	0.9091	0.9894
QG37_03891	1.0776	0.8642	0.9740	0.9870	0.9009	1.0140	0.7480	0.8604	0.9749	0.8589	0.9823	0.9641	0.9691	0.7841	0.8084	0.8451	0.9407	0.7359	0.8536	0.9282	0.9319	0.7454	0.7708	0.8970	0.7927	0.6969	0.8484	0.7251	0.7970	0.7032	0.7150	0.7411	0.8752	0.7150	0.6824	0.8566	0.9365	0.9478	0.8230	0.9012	0.8866	0.6748	0.7738	0.8025	0.8068	0.8503	0.7398	0.8613
QG37_03894	0.9174	0.9660	0.9470	0.9346	0.9890	0.9537	0.9724	0.9505	0.9468	0.9516	0.9306	0.9208	0.9708	0.9741	1.0120	0.9464	1.0070	0.9391	0.9481	0.9449	0.9620	0.9885	0.9435	0.9362	0.9510	0.8718	0.9403	0.9641	0.9099	0.9685	0.9133	0.9101	1.0151	0.9409	0.9619	0.9152	0.9257	0.9852	0.9476	0.9020	1.0001	0.9876	0.9401	0.9812	0.9843	0.9682	1.0056	0.9959
QG37_03895	0.8324	0.8398	0.8526	1.0395	0.8611	0.9687	0.9789	0.9710	0.8271	0.8505	0.9350	0.8684	0.9480	0.8346	0.9925	0.9001	0.8696	0.8961	0.8713	0.9042	0.9512	0.9201	0.8751	0.9414	0.8896	0.8696	0.8210	0.8534	0.7975	0.8339	0.9003	0.8945	0.9566	0.8890	0.9501	1.0010	0.9520	0.8147	0.9453	0.9636	0.9511	0.8798	0.9067	0.8704	0.9524	0.9344	1.0157	0.9122
QG37_03896	1.0256	0.9675	1.0524	0.9661	1.0160	0.8347	1.1083	0.8423	0.9668	0.9079	0.9076	0.9002	0.7192	1.0131	0.9295	0.8475	0.8796	0.9815	0.7917	0.9334	0.9226	0.9607	1.0579	0.8472	0.9248	0.8158	1.0364	0.8782	0.8637	0.8524	0.9081	0.9439	0.8678	1.0206	0.8660	0.9301	1.0871	0.8844	0.7629	1.1732	0.8755	0.9375	0.7171	0.9805	1.0142	1.0095	0.8883	1.0711
QG37_03897	0.9797	0.9726	0.9519	0.8107	1.0097	0.9660	1.0602	0.9270	0.9422	0.8813	1.0382	0.8839	0.9182	0.8541	0.8562	0.9592	0.9573	0.8984	0.8515	0.8361	0.9974	0.9542	0.9829	0.9796	0.9443	0.9225	0.8910	0.9012	0.8526	0.9654	0.9657	0.9143	0.8607	1.0074	0.9948	0.8688	0.9107	0.8918	0.8712	1.0288	0.9523	0.9573	0.9463	0.9096	1.0784	1.1308	0.9454	1.0414
QG37_03898	0.9041	0.8710	0.8419	0.9164	0.8008	0.9655	0.9721	0.8166	0.8539	0.8233	0.7480	0.7148	0.7750	0.8953	0.8844	0.9421	0.8616	0.8998	0.8712	0.8891	0.8491	0.8567	0.8225	0.8225	0.8914	0.8775	1.0459	0.7794	0.9105	0.9072	0.8724	0.8879	0.8540	0.8461	0.7930	0.8956	0.9774	0.8970	0.8968	0.8126	0.9114	0.8135	0.7535	0.7888	0.8333	0.8773	0.9373	0.9702
QG37_03899	1.1589	1.2169	1.0448	1.1181	1.2046	1.2045	1.1326	1.1787	1.0203	1.0513	1.1768	1.0656	1.1415	1.0361	1.0621	1.0477	1.2831	1.1823	1.2050	1.1278	1.0344	1.1708	0.9778	1.2220	1.1517	1.2344	1.1009	1.1711	1.0826	0.7032	1.1437	1.0220	1.1841	1.0542	1.0839	0.9557	1.0638	1.0412	1.0062	0.9975	0.9946	1.0400	1.0853	1.0237	1.0796	1.0903	1.1843	1.1979
QG37_03900	1.0996	0.9793	1.0041	0.8874	1.0059	0.9879	0.9591	0.9486	1.0152	1.0165	0.9122	1.0042	1.0118	0.9917	0.8623	0.9942	0.9941	1.1297	1.0070	0.9882	0.9991	0.9977	0.9543	0.9733	0.9984	0.9170	1.0097	0.9045	0.9713	0.8748	0.9632	0.9700	0.9137	0.9748	1.0033	1.0312	0.9925	0.9752	0.9626	0.9801	1.0051	1.0138	0.8565	1.0599	1.0887	1.0223	1.0284	1.0558
QG37_03901	0.9850	0.9378	0.8940	0.8909	0.9444	0.9743	0.8888	1.0069	1.0046	1.0361	0.8866	0.9661	0.9684	1.0785	0.8915	0.9761	1.0508	1.0102	0.9759	0.8489	0.9906	1.0077	1.0015	0.9749	1.0002	0.9552	1.0379	0.9940	0.9715	0.9942	1.0675	0.9984	0.8001	1.0753	0.9860	1.0433	1.0435	1.0597	0.9340	1.0269	1.0349	1.0430	1.0786	0.9725	1.0379	1.0147	1.0585	0.9816
QG37_03902	1.1627	1.0252	0.8752	1.0034	1.0579	0.9862	0.9434	1.0740	1.0713	0.8836	1.2607	1.0914	1.0521	0.8962	1.1311	0.8927	0.9863	0.9472	1.0653	1.1045	0.9683	0.8336	1.1072	1.2066	0.9915	1.0126	0.9329	0.8823	0.9843	0.8027	0.8263	1.0360	0.0073	0.9802	0.9462	1.0435	0.9623	1.0167	1.0563	1.0422	0.9589	1.0016	0.9719	1.0471	1.0680	0.9344	0.8892	1.1065
QG37_03903	1.1428	1.3043	0.8583	1.0703	1.2088	1.0021	1.0878	1.0998	1.1017	1.0694	1.1356	1.1179	1.0920	0.9163	0.8531	1.0122	1.1691	0.8676	0.9791	0.9755	1.1984	1.1027	1.0436	1.0416	1.0597	1.0348	0.9551	0.9990	1.2443	0.9097	0.6917	1.0199	0.0000	1.1337	0.9335	0.9060	1.0786	1.0785	1.0938	0.9950	0.8828	0.9727	1.0617	1.2476	1.0246	1.0779	1.0606	0.9823
QG37_03904	1.0957	1.1533	0.9970	1.0057	1.2840	1.1230	1.1557	1.1085	1.1112	1.0524	1.0594	1.1678	1.0512	1.0871	1.0005	0.9475	1.0227	0.9789	1.1170	0.9975	1.0386	1.1729	1.0940	1.1643	1.0169	1.0935	1.1108	1.0999	1.1333	0.7178	0.9828	1.1194	0.0016	1.0163	1.0811	0.9000	1.0117	1.1052	1.1452	1.0172	1.0343	1.1485	0.9514	1.1194	0.9917	1.0615	1.2275	1.0915
QG37_03905	0.9651	0.9269	0.8614	0.8660	0.9210	0.9354	0.9927	0.9794	0.8808	0.9362	0.9964	0.9094	0.9564	0.9259	0.8802	0.8549	0.8675	0.8849	0.8201	0.9520	0.8989	0.9106	0.8657	0.9543	0.8005	0.9357	0.9351	0.9198	0.8826	0.8972	0.8803	0.8587	0.0068	0.9875	0.8641	1.0364	0.9757	0.8721	0.8656	0.9257	1.0149	0.9348	0.7924	0.8858	0.8411	0.8586	0.8655	0.9217
QG37_03906	1.1449	1.0051	1.1735	1.1095	1.0890	1.0586	0.9420	0.9501	0.9002	1.0081	0.8324	1.0836	0.8097	0.9803	0.9156	0.9300	0.9898	1.0575	0.9450	1.0358	0.9212	0.9965	0.9860	0.9459	1.0306	0.9667	1.0267	1.0035	1.0621	1.0264	0.8343	0.9310	0.0001	1.0008	1.0864	0.9965	1.2459	1.0089	1.0257	1.1357	1.0457	1.0105	0.8793	1.1626	1.0921	1.1045	0.8940	1.0471
QG37_03907	1.0752	1.1348	1.2246	0.9933	1.1964	1.1046	1.2285	1.0728	0.9921	1.1885	1.0863	1.0936	1.1004	1.1776	1.1553	1.0567	1.0313	0.9912	1.0334	1.0906	1.0180	1.0759	1.0559	1.1570	1.1559	1.0410	1.1042	1.0638	1.0435	0.9063	0.9853	1.0458	0.0054	1.2807	1.2158	1.1274	1.3131	1.1271	1.2286	1.2313	1.2049	1.1303	1.2336	1.0156	0.8987	1.1829	0.9970	1.0583
QG37_03908	0.8653	0.9787	0.8784	0.8102	0.9578	1.0388	0.7941	0.9030	0.9498	0.9387	0.9415	0.9886	1.0623	0.9259	0.8546	0.8005	0.8529	0.8796	0.9457	0.9438	0.9169	0.8192	0.7598	0.8175	0.9617	0.8840	0.8680	0.9538	0.9845	0.9524	0.8390	0.8896	0.0148	0.8640	0.8904	1.1321	0.8660	1.0160	0.9567	0.7754	0.7701	0.9064	0.9212	0.9718	0.9441	0.9294	0.9145	1.0172
