GENE	CDC_B11096	CDC_B11097	CDC_B11098	CDC_B11099	CDC_B11101	CDC_B11102	CDC_B11103	CDC_B11105	CDC_B11112	CDC_B11113	CDC_B11114	CDC_B11115	CDC_B11116	CDC_B11117	CDC_B11118	CDC_B11119	CDC_B11200	CDC_B11201	CDC_B11205	CDC_B11206	CDC_B11207	CDC_B11208	CDC_B11209	CDC_B11210	CDC_B11212	CDC_B11213	CDC_B11214	CDC_B11215	CDC_B11216	CDC_B11217	CDC_B11218	CDC_B11219	CDC_B11220	CDC_B11221	CDC_B11222	CDC_B11223	CDC_B11224	CDC_B11225	CDC_B11226	CDC_B11227	CDC_B11228	CDC_B11229	CDC_B11230	CDC_B11243	CDC_B11244	CDC_B11245	CDC_B11246	CDC_B11247
QG37_07934	133.00	135.16	88.02	74.93	98.54	112.66	105.76	124.74	109.06	105.00	111.21	118.88	105.41	105.50	110.66	106.54	139.31	155.86	140.66	144.37	124.18	120.84	129.35	101.09	115.87	162.72	121.55	164.84	113.23	36.76	68.71	133.56	147.55	130.14	106.07	98.01	111.99	104.56	105.04	117.08	150.65	121.24	81.61	93.54	118.66	117.07	107.34	164.00
QG37_07935	119.77	121.54	65.88	75.02	112.20	116.62	109.40	118.63	118.17	100.64	92.99	108.21	108.16	86.79	109.84	122.29	128.74	121.74	108.46	120.39	106.54	101.58	122.82	95.58	116.57	145.72	90.73	133.12	108.18	27.54	63.69	114.15	148.39	143.87	104.00	88.02	115.10	116.23	92.69	119.73	137.86	130.14	91.62	90.39	110.95	97.17	91.11	146.82
QG37_07936	127.97	139.21	78.00	68.38	115.36	127.25	122.66	116.02	136.53	113.00	89.66	120.89	92.67	95.63	109.37	93.92	156.21	132.61	128.59	113.62	117.50	113.16	115.75	106.75	132.43	145.29	101.27	127.53	124.10	32.55	82.53	130.03	126.57	146.87	117.02	106.69	129.17	100.98	95.54	125.04	132.64	139.45	84.50	67.01	97.71	75.01	74.49	121.95
QG37_07937	140.43	148.09	87.34	77.70	123.31	133.73	130.11	118.50	137.35	119.57	99.37	114.35	122.04	111.40	116.71	128.36	156.19	175.05	141.49	143.36	132.54	130.90	142.29	115.43	136.93	164.83	118.17	145.18	125.26	39.67	83.94	127.48	163.19	127.74	126.75	104.85	114.90	132.89	104.89	140.31	160.05	138.53	103.05	98.94	120.30	130.49	111.56	161.13
QG37_07938	138.79	139.80	78.33	71.85	123.68	119.80	115.15	117.34	134.83	112.66	87.07	106.54	103.29	111.91	101.38	112.75	145.36	167.12	140.41	119.73	122.82	126.77	140.91	115.63	130.78	159.29	105.68	134.23	109.18	32.96	77.43	138.82	145.43	128.09	111.41	91.83	112.57	106.61	94.50	128.15	159.27	134.95	103.97	94.27	123.04	107.74	109.84	146.65
QG37_07939	132.72	126.38	78.77	83.83	112.84	120.62	132.00	117.19	132.65	106.33	90.46	107.67	111.25	121.87	110.62	116.81	133.68	162.86	148.44	127.77	116.87	128.58	139.06	118.50	122.82	171.82	107.29	120.64	113.09	36.52	81.60	146.80	135.30	140.80	120.73	96.11	116.79	119.58	104.94	132.66	152.21	135.25	104.62	97.02	139.40	120.24	107.19	159.21
QG37_07940	136.52	129.94	94.36	74.34	123.77	121.63	115.37	112.47	137.51	129.72	98.39	100.37	110.06	94.01	112.51	138.54	138.54	153.23	138.65	133.32	129.73	130.94	135.84	95.83	119.02	127.44	103.91	146.50	128.44	34.65	90.41	133.20	159.10	136.81	116.80	100.15	126.28	110.54	123.23	133.63	146.96	139.20	113.97	88.65	129.52	107.68	112.44	134.54
QG37_07941	130.12	121.11	74.11	70.33	111.47	115.88	107.05	111.17	123.65	118.31	91.13	98.40	102.56	101.90	98.11	111.04	139.01	145.75	130.35	119.46	113.31	116.73	123.18	96.72	125.38	139.37	102.00	131.43	103.62	37.88	81.49	124.12	121.07	115.72	104.53	89.52	106.40	110.08	87.99	113.78	136.15	118.34	95.86	82.15	116.23	108.22	98.84	140.81
QG37_07942	143.43	143.80	79.98	74.43	124.94	128.71	124.68	126.91	137.24	128.74	101.54	110.20	111.32	108.97	97.85	116.49	143.01	158.26	139.15	128.73	124.77	125.06	134.70	116.67	136.45	158.09	110.65	142.53	121.71	32.84	79.22	130.44	150.20	127.13	110.07	95.66	112.10	112.81	98.21	126.92	144.59	132.47	98.62	96.77	117.10	116.15	105.40	139.41
QG37_07943	162.76	161.66	100.82	67.06	135.59	130.94	119.65	113.25	135.03	129.26	105.38	116.37	114.88	113.35	94.93	102.24	153.93	152.83	129.48	126.27	124.11	134.96	123.27	104.02	129.22	148.73	110.71	149.53	132.55	31.83	79.36	125.41	149.81	124.94	102.01	95.65	98.19	108.39	80.59	111.02	119.92	124.52	96.30	60.25	99.53	95.54	92.78	117.22
QG37_07944	110.96	78.55	38.58	34.51	73.96	74.18	59.51	68.23	52.84	69.11	61.54	62.61	69.25	55.98	46.09	58.08	77.71	63.00	66.76	65.04	47.39	47.77	56.03	77.68	69.14	89.25	54.00	65.84	68.22	22.68	48.95	58.33	78.91	71.65	65.24	40.01	60.20	52.78	52.10	61.04	49.39	83.36	56.84	66.32	80.89	77.65	76.81	108.48
QG37_07945	151.75	125.11	76.96	58.91	120.21	123.46	111.16	136.89	127.93	111.18	81.97	87.78	105.64	100.32	76.22	129.75	135.98	146.88	146.22	118.60	123.00	126.79	103.55	85.54	129.90	148.41	113.54	136.49	125.82	39.78	74.45	113.66	144.54	117.33	111.41	98.27	96.67	121.09	92.10	106.54	124.78	122.32	79.53	78.71	107.28	91.51	86.88	137.36
QG37_07946	142.47	134.34	86.99	69.24	121.64	126.86	132.69	123.80	131.60	122.10	99.88	100.65	115.29	107.67	97.05	132.51	143.40	154.77	130.52	127.82	134.95	135.69	135.08	103.25	128.51	141.74	98.88	133.40	117.26	30.91	68.37	127.31	139.40	119.49	107.99	97.73	112.56	116.80	101.29	123.17	144.57	130.07	94.42	89.24	109.51	106.61	94.05	134.98
QG37_07947	133.48	143.02	79.32	66.81	115.89	111.51	127.44	114.07	120.78	103.92	93.91	96.24	111.30	98.48	98.80	115.81	143.07	143.20	125.75	133.33	127.25	123.20	134.03	89.64	120.20	150.40	110.64	122.01	106.72	25.89	67.49	123.49	132.63	107.24	103.10	101.99	113.92	112.37	86.06	122.66	133.24	120.36	89.22	84.56	111.50	104.09	88.74	138.06
QG37_07948	158.78	142.58	87.38	69.65	152.49	138.11	124.33	113.47	125.18	116.58	97.09	116.32	97.63	117.44	102.67	124.31	151.80	170.94	124.65	131.69	138.49	141.84	144.83	107.10	132.46	162.54	119.87	142.29	96.95	27.76	81.33	134.71	147.27	101.21	116.29	79.89	127.56	114.70	83.51	124.76	153.41	131.26	112.91	99.55	104.44	120.66	83.78	130.39
QG37_07949	142.35	139.18	81.06	80.70	131.48	132.92	128.36	123.91	135.00	117.62	101.93	104.25	122.47	110.44	109.52	119.10	146.95	154.83	145.09	134.34	123.54	125.62	133.83	105.90	127.36	153.06	100.08	139.17	110.86	34.63	68.74	129.58	144.86	120.58	113.57	90.79	109.79	110.01	99.48	123.03	158.94	132.26	96.99	95.80	125.63	118.25	103.83	142.30
QG37_07950	153.66	134.14	77.78	74.62	126.32	121.98	117.67	124.93	133.17	112.42	105.62	105.27	100.04	109.19	102.92	121.24	154.61	169.97	146.16	123.25	130.94	114.53	132.20	110.61	135.25	155.29	106.43	140.03	106.96	31.41	76.71	124.73	142.32	118.35	116.18	102.61	112.24	112.46	91.82	129.97	144.04	119.43	98.14	90.06	114.02	109.96	110.45	136.81
QG37_07951	92.27	60.59	46.17	37.86	62.40	59.86	65.46	72.41	65.59	71.06	46.49	53.31	50.36	60.16	65.79	58.59	70.95	68.39	63.52	61.14	61.09	67.14	67.29	53.88	66.58	73.62	53.32	63.51	44.28	20.58	30.55	63.52	74.32	54.10	53.43	39.79	41.36	53.89	49.18	73.16	70.18	55.85	47.55	50.32	54.03	43.31	51.97	68.29
QG37_07952	129.60	128.83	81.68	76.23	121.46	120.65	116.55	118.75	133.45	121.31	97.41	105.95	97.96	105.25	104.60	120.38	144.45	150.55	136.54	124.89	115.89	121.45	134.83	97.98	119.58	141.09	108.65	137.02	105.43	35.14	75.55	140.42	135.54	124.80	116.66	90.72	102.56	109.69	95.25	127.32	135.46	124.43	82.75	89.63	109.04	118.88	102.24	131.91
QG37_07953	144.26	133.20	79.58	84.27	117.25	135.62	142.05	133.55	147.34	124.30	95.72	110.50	114.81	103.38	116.19	132.19	150.68	151.61	143.64	137.87	125.80	139.18	142.56	111.40	152.01	156.44	112.78	151.96	136.25	30.81	94.59	144.21	159.46	120.49	112.11	97.74	117.39	111.71	106.95	134.23	150.81	152.38	111.02	84.43	118.17	125.73	124.81	139.82
QG37_07954	114.35	107.33	63.59	68.34	101.58	98.88	117.20	107.38	119.75	103.88	84.72	88.65	98.49	99.75	98.63	93.08	125.88	145.16	118.72	112.40	99.35	112.90	118.10	84.41	117.77	135.18	87.77	120.58	93.87	23.89	68.93	129.84	114.10	112.70	96.73	85.82	85.05	96.14	86.12	114.75	136.33	119.04	88.92	77.90	98.14	116.21	95.29	120.00
QG37_07955	114.13	96.65	39.28	52.20	74.05	87.44	89.73	80.67	88.61	62.90	62.06	64.09	82.08	83.46	75.06	95.67	89.43	124.73	95.61	85.42	91.84	95.50	95.71	68.95	91.21	110.05	75.85	73.50	69.63	18.75	50.40	84.95	92.38	96.50	80.85	66.99	72.71	77.80	65.41	72.42	111.13	85.49	82.31	60.87	94.39	92.95	73.45	102.30
QG37_08482	104.60	131.40	83.33	66.41	123.14	114.70	118.58	140.44	114.97	116.79	89.49	95.05	101.19	99.16	103.49	113.18	152.29	132.48	133.01	110.52	127.68	122.05	115.41	111.26	117.33	115.01	88.56	121.36	108.95	34.99	66.70	118.23	141.04	131.62	103.45	92.23	98.16	104.32	75.45	124.08	108.67	92.08	83.62	85.79	121.22	109.45	96.33	138.03
QG37_07956	113.66	123.92	65.53	64.04	104.91	95.61	98.86	103.11	106.57	102.13	87.95	85.16	95.59	101.01	98.37	104.05	123.63	143.23	122.07	104.80	109.54	101.75	112.61	96.96	116.39	116.36	97.32	122.29	86.84	26.39	68.36	109.49	112.47	103.23	98.30	82.53	91.05	97.30	84.55	104.24	143.52	119.36	86.19	87.87	91.45	105.82	79.31	128.62
QG37_07957	130.57	122.00	82.60	67.41	106.70	111.65	117.10	109.50	127.73	111.96	91.79	97.54	99.03	93.61	101.66	115.01	141.53	151.06	134.73	116.27	116.45	111.38	127.55	109.86	123.63	152.27	101.33	129.60	105.25	29.57	71.52	123.71	129.43	113.32	111.40	93.35	91.24	109.02	101.13	113.51	129.26	117.16	84.48	83.57	103.07	116.38	97.53	128.75
QG37_07958	114.69	128.00	72.48	73.91	104.07	119.21	116.01	114.92	132.25	109.01	90.35	97.37	97.17	112.92	105.32	109.31	140.22	152.76	137.37	123.08	120.47	114.16	140.58	105.43	126.07	141.95	104.17	133.07	107.55	29.00	72.89	115.94	137.25	122.13	101.51	90.83	101.40	108.47	97.05	124.17	137.86	132.63	84.76	89.10	112.21	115.95	96.28	142.03
QG37_07959	125.07	88.72	62.61	54.34	76.54	72.99	73.07	65.22	99.69	79.95	53.47	62.47	78.19	67.67	53.77	92.14	101.40	83.32	92.30	80.53	61.24	95.60	92.97	60.97	85.23	98.52	61.42	89.49	68.19	27.65	37.13	81.66	129.72	90.68	79.55	67.11	66.87	78.76	75.12	92.77	89.90	76.60	53.91	67.88	83.95	79.04	93.85	119.08
QG37_07960	128.01	130.68	74.75	67.05	112.44	109.58	114.82	106.93	123.48	109.59	98.08	93.82	91.36	97.29	103.74	111.89	125.35	150.17	131.19	109.39	111.20	115.33	128.27	105.62	116.25	151.47	97.76	120.29	93.39	29.20	65.70	120.88	127.46	114.25	102.75	86.86	95.88	103.16	87.46	116.29	138.79	138.98	84.39	77.90	104.81	110.06	97.11	127.11
QG37_07961	127.73	115.79	61.86	64.85	97.35	99.46	102.88	102.95	105.31	94.50	75.64	88.16	88.33	94.03	90.26	105.09	117.77	130.01	125.57	96.92	111.48	108.87	119.47	93.67	112.90	118.41	92.66	115.40	91.01	27.75	72.35	111.94	126.93	104.80	98.19	80.69	92.58	100.31	86.51	104.47	125.19	111.21	82.17	94.85	96.95	104.87	89.38	131.09
QG37_07962	125.12	136.89	73.98	70.08	112.65	107.22	105.68	119.53	134.89	106.05	90.11	87.06	102.23	107.91	104.96	122.44	162.98	143.82	129.38	123.85	103.46	125.18	134.08	105.97	105.75	140.40	92.22	133.34	108.05	28.41	63.19	112.95	136.36	113.50	113.34	87.59	100.16	96.04	91.20	123.75	143.09	123.22	88.82	93.50	106.08	116.66	94.55	152.61
QG37_07963	116.48	122.27	74.72	63.54	115.18	108.85	130.87	100.16	124.58	109.93	94.08	94.38	105.84	103.35	99.78	115.02	155.95	163.47	130.04	116.68	126.34	133.63	134.23	101.58	121.40	131.05	95.51	134.71	109.05	30.64	67.85	125.92	139.37	119.56	107.25	92.65	119.45	119.90	85.67	123.12	140.92	127.70	91.43	95.99	104.57	95.32	104.50	143.36
QG37_07964	106.11	105.28	53.89	70.30	94.29	90.11	84.35	99.11	118.32	76.48	76.67	76.46	83.46	93.17	92.34	80.42	112.13	98.45	105.52	88.43	110.06	103.52	111.64	83.18	96.14	121.57	76.12	89.97	101.49	25.01	57.85	92.57	128.40	93.62	77.07	63.16	80.87	80.05	73.86	85.72	93.60	93.79	65.55	54.83	83.74	93.80	74.30	119.02
QG37_07965	107.55	99.67	53.57	55.69	96.32	93.63	99.47	98.49	111.31	86.04	72.28	96.12	78.65	88.04	86.37	80.74	118.14	106.04	124.84	94.51	102.27	105.80	100.51	69.40	81.44	132.91	78.00	99.47	91.73	27.33	62.86	93.55	113.91	80.61	68.73	45.04	78.42	72.58	61.05	81.72	79.29	71.03	64.49	54.41	63.47	73.37	69.17	111.16
QG37_07966	124.78	95.69	51.90	55.15	99.74	96.22	91.81	93.41	110.02	83.53	73.60	97.32	98.12	78.93	83.58	86.92	126.84	118.79	124.90	95.86	98.64	107.38	118.19	75.51	94.05	122.31	82.64	96.72	104.71	27.47	63.65	108.76	113.08	92.55	79.02	55.60	91.10	83.77	73.85	93.62	87.07	75.30	70.04	70.98	76.25	100.04	68.56	115.93
QG37_07967	108.55	114.80	65.75	66.21	102.53	112.78	117.69	115.56	117.85	84.93	90.91	91.19	103.73	93.23	97.90	102.34	125.32	127.36	135.57	114.21	112.89	104.87	113.09	93.17	117.22	133.01	85.69	120.07	98.08	26.29	60.60	109.16	136.00	108.83	97.80	84.68	97.04	105.56	75.13	116.80	135.92	108.46	87.45	82.27	100.37	108.28	94.84	125.01
QG37_07968	141.49	114.80	73.19	65.02	110.79	97.12	98.18	105.70	115.36	105.06	90.22	90.27	88.95	94.41	96.46	90.05	111.02	134.81	119.74	110.69	126.83	117.99	111.08	102.36	120.25	151.28	93.33	123.72	97.69	35.84	58.08	106.70	112.58	96.58	97.20	79.38	86.79	90.02	92.94	109.12	108.88	121.73	79.11	84.00	93.99	93.36	85.03	105.23
QG37_07969	99.84	97.77	64.81	61.66	98.19	88.53	100.04	106.61	106.32	88.58	76.31	76.78	86.48	92.83	86.95	110.34	113.78	127.07	111.15	105.86	117.70	111.61	123.11	89.73	108.81	127.31	85.10	121.80	89.91	28.28	64.05	113.18	122.95	107.12	90.91	74.51	92.50	110.84	85.94	100.46	128.43	115.81	72.38	87.04	96.94	100.38	92.91	117.42
QG37_07970	101.01	89.93	70.18	57.49	92.53	98.24	113.21	97.37	110.00	79.14	80.31	77.47	82.27	99.58	91.15	109.40	118.29	104.55	124.99	113.43	97.42	105.56	111.26	75.29	97.99	124.73	80.50	111.77	107.08	30.11	62.51	91.52	136.33	117.38	88.40	55.10	93.93	99.93	88.08	114.90	109.44	118.57	76.24	84.07	90.04	95.29	85.38	121.27
QG37_07971	113.93	121.98	63.99	57.10	108.66	101.69	102.75	116.75	135.62	99.14	94.87	90.22	103.84	95.59	99.28	113.26	131.89	144.41	132.23	130.94	122.17	104.99	133.42	120.16	123.14	136.91	96.23	120.57	96.43	24.95	73.38	111.31	128.66	120.73	111.36	90.86	113.99	102.99	89.27	107.80	138.54	112.39	88.32	86.42	100.34	103.14	104.80	142.03
QG37_07972	118.43	112.97	62.71	72.28	90.53	100.57	107.54	87.17	127.25	101.69	95.61	94.17	90.32	105.48	92.60	100.74	121.02	151.87	122.51	116.15	114.01	104.45	122.28	113.62	127.07	118.87	123.51	126.50	101.74	25.74	72.30	111.66	117.93	109.01	88.09	100.21	111.17	111.76	87.94	117.04	136.88	113.53	92.63	69.13	59.27	67.22	50.15	84.42
QG37_07973	110.77	110.76	61.90	64.55	90.04	91.06	94.96	107.91	108.64	93.08	87.99	80.86	98.97	94.44	89.48	101.11	118.00	125.93	114.94	102.76	106.79	108.89	99.47	89.14	108.19	109.49	98.62	111.58	96.12	24.27	64.51	103.02	117.83	110.17	93.26	86.78	96.73	99.59	90.12	115.92	131.16	120.27	89.43	77.52	101.29	97.61	71.42	121.61
QG37_07974	82.14	118.57	39.72	58.20	87.27	83.35	84.75	79.90	117.51	81.68	72.52	83.34	83.35	83.64	77.23	92.24	91.61	103.43	89.98	84.20	87.51	99.06	98.41	89.32	100.25	111.18	74.39	85.02	66.35	18.90	53.89	91.66	93.36	97.05	101.14	79.90	98.83	89.27	68.81	89.95	106.52	93.76	65.79	77.59	87.61	97.43	87.08	103.99
QG37_07975	140.25	117.06	67.66	51.18	118.82	111.37	100.75	107.24	114.95	98.31	76.83	83.16	91.89	98.22	94.92	100.95	134.51	124.94	121.91	99.99	111.76	106.78	111.44	96.48	117.26	124.19	103.19	120.25	82.22	28.38	58.92	96.07	123.18	112.77	102.43	92.22	98.33	115.24	76.72	113.07	142.39	128.52	83.20	77.27	90.29	91.93	66.41	120.79
QG37_07976	104.89	102.91	67.54	59.53	89.49	92.39	98.60	102.31	99.04	80.13	76.06	77.47	77.57	82.92	75.18	87.56	118.58	143.53	113.34	100.66	74.98	92.81	105.88	86.84	85.90	126.61	73.63	95.34	85.05	33.53	49.15	88.68	100.23	98.34	85.53	66.52	90.37	91.93	72.84	104.76	124.56	97.92	75.91	82.32	95.24	82.45	80.54	112.35
QG37_07977	102.17	98.30	52.20	50.97	85.34	82.95	78.86	99.90	105.25	83.13	70.53	79.77	75.55	86.30	93.59	97.83	119.52	94.94	99.04	100.13	92.54	101.21	107.61	98.03	82.36	110.77	84.77	99.63	74.85	27.97	51.21	86.81	107.70	115.93	95.90	72.87	106.07	106.46	77.43	99.73	112.07	88.53	84.04	73.12	104.30	110.73	84.61	104.44
QG37_08483	131.08	160.32	73.06	74.86	148.88	122.53	103.83	121.86	149.39	135.32	99.32	129.11	145.61	116.03	107.93	131.50	153.94	155.89	157.72	136.10	129.35	151.83	156.79	111.64	139.85	172.31	105.75	176.04	124.54	39.67	82.88	120.25	174.88	129.88	139.39	104.32	132.04	116.22	89.06	150.38	153.32	146.49	113.06	81.40	136.01	123.40	97.86	144.69
QG37_07978	138.15	135.37	80.82	70.60	116.81	122.24	129.58	119.56	126.89	119.11	98.57	106.97	120.59	105.80	101.75	120.20	152.04	153.24	144.49	126.19	121.59	124.25	131.85	109.83	134.48	152.03	101.25	130.39	113.21	28.74	75.56	130.66	132.65	125.14	115.34	100.86	114.02	108.57	89.11	118.91	135.57	119.57	92.71	95.37	110.68	118.20	96.63	145.30
QG37_07979	134.74	125.18	94.99	66.47	113.26	93.11	127.54	104.14	126.77	98.57	95.08	98.64	103.85	106.81	104.13	120.30	131.27	166.66	133.39	109.47	101.84	107.45	133.62	105.99	113.89	136.73	88.15	135.63	116.69	27.41	82.75	120.58	135.32	122.00	111.10	69.42	94.90	100.53	96.44	94.17	111.62	100.98	87.71	82.48	100.60	84.12	98.73	131.80
QG37_07980	152.26	149.98	75.50	85.60	128.61	110.54	124.78	119.03	163.42	136.79	111.61	116.63	107.48	122.46	113.46	136.55	159.32	157.88	154.74	130.72	162.84	143.25	147.56	116.03	128.23	180.82	132.15	154.82	127.03	39.32	81.46	142.96	173.71	129.47	119.85	102.29	118.00	129.15	95.96	150.97	170.54	139.06	97.35	103.45	135.05	125.74	119.30	167.56
QG37_07981	115.73	118.54	67.35	67.79	103.07	103.73	109.12	113.46	127.20	96.47	86.56	99.37	95.58	105.47	99.32	112.00	129.87	153.88	119.01	107.44	111.86	113.56	123.59	102.23	109.65	135.42	93.18	119.97	96.99	28.51	72.06	120.21	132.65	119.52	106.80	81.22	97.94	100.11	91.84	114.81	131.78	129.59	89.96	89.86	104.97	107.66	96.09	136.03
QG37_07982	105.78	101.70	64.92	65.70	89.96	92.20	100.31	100.78	119.68	102.41	88.39	88.82	93.93	98.84	97.30	116.39	133.92	139.54	126.67	122.75	106.21	105.18	122.04	93.58	119.51	135.46	93.67	117.80	93.78	31.64	63.78	122.01	107.88	111.98	103.40	91.13	99.93	111.64	93.38	114.24	129.19	122.80	87.10	88.74	101.50	113.42	102.00	140.56
QG37_07983	108.99	95.10	53.46	65.40	99.94	92.34	89.13	93.68	108.37	83.82	77.09	72.16	80.30	84.73	87.22	107.61	126.83	125.23	113.46	91.77	101.33	103.59	106.34	77.76	99.56	120.52	83.13	93.13	88.95	25.06	71.27	91.72	108.77	96.10	101.99	75.59	82.79	97.81	71.98	107.97	118.21	104.61	79.88	88.00	95.72	100.48	88.38	113.09
QG37_07984	98.26	117.97	73.67	56.83	111.05	129.54	107.13	113.10	117.47	81.25	88.03	85.57	91.12	114.88	96.05	121.95	135.68	156.32	109.96	111.62	102.41	117.69	123.28	95.49	115.13	129.61	83.31	99.70	111.52	28.94	55.77	98.58	112.72	114.62	111.47	82.81	101.10	111.97	69.46	115.00	169.30	100.18	81.88	93.51	97.18	107.47	89.80	110.30
QG37_07985	133.17	140.02	60.20	71.70	112.18	99.40	109.89	124.94	120.27	102.29	95.76	94.70	100.73	120.67	93.29	102.57	145.80	138.22	128.12	109.82	114.03	103.62	113.63	107.20	115.24	140.18	116.99	128.61	112.92	23.39	66.01	121.43	150.82	119.59	98.44	82.89	91.30	68.68	80.29	124.72	133.46	117.60	90.88	93.67	96.11	121.08	110.20	120.52
QG37_07986	116.39	130.29	67.32	73.58	100.84	108.40	132.14	105.81	108.05	112.11	96.67	86.36	94.87	111.67	93.52	104.76	138.00	137.89	110.92	109.62	105.95	106.02	113.22	106.12	128.32	136.79	103.95	119.77	112.51	28.11	65.58	126.86	149.41	129.27	107.20	91.38	100.31	93.86	91.42	116.47	136.98	124.07	93.56	86.60	103.01	122.08	95.70	113.40
QG37_07987	105.96	103.66	56.74	71.36	85.11	93.38	90.23	98.64	97.14	74.51	73.39	70.66	82.40	91.79	81.84	99.83	117.14	118.01	96.26	97.03	97.14	97.57	109.91	87.28	100.41	111.58	79.42	102.41	79.87	21.09	62.89	96.75	94.76	96.18	97.91	83.28	86.31	87.88	78.95	98.69	119.10	98.57	75.65	80.47	90.11	93.09	81.63	107.57
QG37_07990	102.26	89.45	56.07	59.45	87.33	87.61	76.36	101.16	95.76	80.47	70.83	70.40	78.40	81.52	69.91	104.05	114.77	115.39	103.31	82.62	104.83	85.54	106.28	69.36	90.29	107.53	69.11	89.28	69.44	18.43	48.15	89.97	95.72	84.29	92.13	82.40	67.91	88.89	59.97	98.53	109.21	100.49	63.37	72.75	87.79	84.87	82.55	101.17
QG37_07991	122.60	142.13	85.22	77.97	133.59	139.43	126.79	134.78	136.57	131.01	97.52	117.19	111.14	118.75	107.16	134.47	113.91	155.26	135.31	133.48	145.59	128.92	128.68	98.14	115.06	161.76	105.84	118.25	111.00	29.80	70.59	131.17	139.62	133.32	101.25	85.84	109.33	112.68	82.68	124.25	136.73	111.52	105.36	103.67	130.22	123.79	115.20	154.37
QG37_07992	110.82	122.40	77.45	65.48	131.06	129.64	119.78	113.22	124.40	128.17	107.61	101.09	94.73	113.22	99.29	105.83	125.60	147.30	123.11	140.29	124.06	138.29	128.87	124.20	114.57	154.47	103.61	130.40	108.36	28.52	89.42	109.61	147.29	131.89	120.71	87.24	118.03	102.81	85.14	137.30	163.05	132.25	111.11	112.94	124.43	126.41	104.75	187.50
QG37_07993	108.25	91.14	51.87	52.15	80.77	86.92	95.74	79.89	93.11	74.40	69.89	68.04	65.38	78.50	65.30	77.98	100.43	95.40	100.70	87.59	76.89	102.73	99.26	82.91	89.85	94.32	73.84	93.19	71.63	18.08	53.40	84.00	112.51	92.33	79.45	69.26	86.80	74.63	69.84	103.15	108.58	96.22	71.21	101.18	116.21	101.04	104.51	157.15
QG37_07994	41.41	80.56	45.72	39.41	64.45	71.46	68.70	62.57	75.76	62.99	56.70	51.01	58.60	57.36	44.35	68.10	70.16	76.22	85.26	74.17	68.28	71.11	73.39	66.99	59.83	81.02	57.65	67.63	65.76	14.36	43.80	72.30	86.38	67.02	63.90	43.86	61.85	61.03	50.69	71.97	83.81	68.11	47.99	78.39	86.77	83.67	63.32	108.48
QG37_07995	101.78	86.33	57.85	56.95	86.40	95.34	100.88	97.96	118.09	87.68	71.21	73.48	76.60	97.77	100.83	105.79	130.86	126.57	110.45	102.08	99.97	85.17	120.57	91.80	100.87	124.72	72.16	111.15	71.28	23.13	57.64	83.77	107.27	95.80	93.85	68.13	92.61	93.74	74.27	108.57	104.99	88.88	77.51	86.27	87.72	88.50	78.32	99.20
QG37_07996	121.46	115.14	69.47	87.53	123.01	127.79	128.04	126.84	105.92	97.19	88.29	72.68	91.67	86.79	103.23	121.69	132.09	148.36	107.54	116.35	99.56	120.88	112.92	82.72	117.35	113.88	100.74	119.40	91.24	29.67	54.84	100.61	150.31	122.91	101.31	81.44	93.44	114.54	78.17	121.84	139.25	149.44	98.49	79.17	95.87	77.97	88.27	131.96
QG37_07997	118.43	122.85	70.74	75.74	108.62	106.72	112.70	102.57	112.19	104.18	89.36	91.36	99.77	101.80	99.44	101.86	134.67	141.78	118.96	111.82	113.33	109.46	118.56	90.95	110.43	137.17	91.73	121.63	94.72	25.45	63.99	112.93	123.50	108.53	101.32	95.40	89.65	106.09	88.13	115.99	135.03	117.02	83.27	85.43	103.45	107.72	90.09	127.39
QG37_07998	114.71	119.61	67.94	67.85	101.15	102.91	101.44	112.25	118.34	105.95	91.50	92.42	100.30	105.60	84.05	102.08	129.19	133.61	126.32	97.01	119.37	109.85	127.53	99.26	119.62	143.15	89.87	133.53	102.85	27.87	63.82	121.52	127.20	113.26	94.37	90.28	84.89	96.41	89.61	116.95	129.21	115.71	87.53	87.42	99.40	97.59	89.24	127.45
QG37_07999	107.53	102.00	63.16	61.97	88.30	113.62	103.78	101.21	98.81	87.81	89.49	87.06	83.89	82.01	84.41	105.66	128.45	127.39	108.95	93.95	101.33	100.65	105.16	86.77	105.99	122.45	87.71	114.80	95.04	27.05	63.22	107.67	117.18	97.37	87.26	76.94	86.67	96.42	69.93	93.02	116.80	100.87	78.25	72.97	91.90	96.00	76.78	107.56
QG37_08000	123.31	119.95	71.96	74.46	109.65	106.51	116.53	114.85	117.18	113.22	95.68	92.82	102.33	103.97	94.27	113.05	138.59	150.11	126.43	123.96	114.66	115.06	121.39	100.11	121.19	132.84	96.95	130.53	107.47	29.23	67.95	112.03	125.25	118.26	106.55	85.00	99.93	105.08	89.23	123.49	139.55	123.82	85.84	94.87	104.59	106.25	95.20	131.70
QG37_08001	118.59	101.38	57.89	48.10	106.20	85.59	111.57	101.75	119.86	88.70	78.69	107.00	91.35	91.94	84.20	112.09	128.92	137.89	122.21	107.01	93.42	100.99	101.57	84.60	115.50	120.91	75.15	102.60	102.26	24.40	55.15	107.87	126.69	103.30	106.14	66.56	82.00	102.91	67.97	97.92	109.18	101.42	79.70	76.04	95.58	82.26	78.38	119.06
QG37_08002	120.63	144.44	60.15	63.34	113.08	100.86	123.44	121.76	132.16	109.63	89.22	120.66	112.22	87.66	80.98	111.76	139.30	142.63	115.88	97.33	99.39	113.49	104.23	97.25	120.45	122.67	78.33	131.19	102.86	23.81	79.98	111.74	129.62	107.22	98.93	61.09	87.16	86.26	89.84	117.03	125.84	109.48	77.13	70.51	103.89	98.93	85.71	126.06
QG37_08003	107.24	107.54	69.38	59.71	96.42	103.18	106.05	98.18	104.19	88.95	78.92	77.79	88.78	88.01	84.10	98.69	119.69	125.06	114.66	103.27	98.88	88.80	105.74	83.59	102.23	119.14	79.94	98.50	84.00	22.63	53.60	96.28	94.06	91.15	82.54	68.65	76.57	94.71	70.52	98.14	123.57	100.27	72.92	74.73	89.69	101.99	86.54	109.84
QG37_08004	130.77	129.84	72.92	73.98	105.05	123.91	113.20	123.30	132.20	119.10	109.36	83.68	106.25	109.84	78.98	99.07	154.94	143.21	127.47	100.94	99.56	118.24	129.01	87.99	122.07	132.08	94.47	113.48	110.12	32.09	60.89	105.93	112.87	113.43	87.00	90.00	88.61	106.34	95.48	111.52	136.08	98.54	76.50	106.00	105.45	102.74	117.22	142.24
QG37_08005	147.00	145.81	73.65	88.03	129.39	139.08	123.98	121.63	131.79	126.44	96.41	98.62	124.35	118.49	114.04	139.82	154.96	146.62	127.96	116.30	119.88	121.57	134.28	94.96	140.95	132.35	98.64	127.30	123.23	32.56	70.50	133.05	131.72	129.30	96.72	105.85	94.85	121.92	91.37	125.67	143.15	112.52	84.40	93.08	109.02	106.09	108.88	138.10
QG37_08006	152.69	149.11	78.67	77.55	118.98	141.40	120.76	135.93	133.40	127.67	115.47	107.85	115.89	115.68	118.61	132.08	162.36	140.10	145.12	120.45	123.97	125.37	137.96	116.82	120.90	153.44	121.29	137.14	102.71	29.11	73.24	119.56	152.72	113.74	112.95	93.21	92.44	108.32	102.40	133.57	135.43	122.77	87.10	74.38	107.50	100.36	89.41	131.87
QG37_08007	147.18	133.20	74.49	62.65	100.58	113.70	114.03	118.56	113.66	104.32	112.01	87.07	102.02	96.05	108.41	114.63	129.24	151.93	127.41	116.56	114.07	90.71	132.82	97.46	119.99	134.82	112.41	134.28	90.14	22.45	55.02	117.00	128.10	99.35	92.10	93.53	79.38	101.67	90.21	122.65	144.44	123.07	90.42	87.05	110.04	92.61	90.67	124.63
QG37_08008	120.29	107.40	78.11	71.74	93.85	93.65	107.39	105.13	116.31	111.38	85.89	72.62	91.67	106.96	75.03	99.70	139.28	137.01	123.69	107.60	108.24	93.50	117.10	75.77	112.24	120.54	89.17	132.81	90.85	22.62	66.73	96.35	118.12	73.93	83.61	79.83	79.90	87.02	75.98	94.86	124.38	100.41	70.65	88.88	101.19	95.13	77.20	118.32
QG37_08009	149.45	139.71	74.78	67.11	106.03	116.76	113.03	120.18	133.08	119.34	102.37	92.93	113.86	101.36	89.23	106.89	151.89	131.69	133.71	110.16	119.47	115.79	116.21	100.95	105.24	147.93	106.69	130.24	104.74	24.51	72.42	122.16	147.45	55.90	46.68	35.92	44.62	47.09	43.47	61.84	76.02	68.61	51.21	78.83	90.39	90.57	77.88	128.95
QG37_08010	83.51	79.32	40.28	42.59	72.45	67.24	62.01	71.25	72.24	71.17	50.34	48.95	66.36	48.51	48.30	72.30	94.98	96.66	62.72	71.71	64.08	72.89	80.13	61.85	68.20	86.49	48.56	79.80	64.67	18.32	37.63	63.10	106.48	67.95	55.55	50.54	61.79	61.68	49.23	82.60	88.88	58.75	46.36	39.44	50.01	66.86	70.31	75.25
QG37_08011	176.18	146.86	96.63	91.41	135.40	144.05	145.91	152.45	136.88	138.66	107.17	127.98	113.77	117.47	109.17	145.52	184.58	183.25	154.27	138.77	126.63	154.34	161.27	117.58	149.19	165.13	113.43	168.13	115.94	44.43	77.02	155.66	173.39	128.09	126.08	95.11	121.50	116.37	90.74	130.21	157.10	135.40	100.80	95.24	136.02	108.85	103.08	148.73
QG37_08012	142.58	130.77	71.49	53.62	112.92	105.40	94.28	124.06	108.95	112.96	96.09	87.66	100.85	75.84	85.03	77.57	106.57	120.72	125.57	96.21	99.04	100.23	89.00	85.05	105.19	110.05	68.74	113.46	94.16	22.01	54.70	112.62	138.80	88.34	79.68	57.56	82.78	76.80	60.90	65.85	104.02	92.95	59.58	77.57	95.21	94.09	77.48	120.30
QG37_08013	118.45	115.55	67.73	59.68	94.81	99.64	101.86	99.69	103.64	89.37	89.58	74.86	96.09	87.09	85.46	109.19	116.29	115.24	105.20	101.42	102.51	97.85	112.65	83.22	98.40	106.99	87.49	103.72	87.32	23.00	52.09	96.70	106.50	96.26	85.99	77.65	95.33	87.92	72.19	105.83	117.37	104.89	74.22	86.31	92.22	99.44	82.75	109.46
QG37_08014	153.57	131.16	52.06	60.28	91.02	112.96	117.48	98.75	126.60	95.55	99.57	90.74	109.15	94.30	91.77	110.77	144.81	140.61	118.15	110.89	112.53	109.38	119.11	92.65	124.17	128.45	91.00	115.96	86.16	24.92	62.67	106.65	121.51	97.35	90.89	93.42	87.74	95.74	78.95	112.20	136.19	134.98	80.38	95.99	101.19	87.88	87.97	132.05
QG37_08015	144.01	136.39	61.96	55.18	91.78	112.60	107.18	102.63	117.21	94.94	91.51	83.32	109.68	105.60	99.20	94.16	138.37	135.87	116.66	102.94	93.12	102.81	119.16	81.22	130.79	134.06	88.90	130.62	102.80	17.85	61.55	120.39	96.03	92.94	101.05	89.48	86.68	104.40	91.10	118.42	134.21	118.76	81.79	90.48	87.40	87.72	87.33	132.85
QG37_08016	142.98	152.96	84.04	80.53	118.92	133.35	128.24	149.66	145.30	120.88	98.98	107.72	122.84	111.95	101.40	123.49	145.91	166.86	143.56	140.01	130.43	128.33	134.72	93.58	126.42	155.57	106.18	125.92	111.74	30.59	80.76	112.22	127.57	141.51	113.37	104.82	114.88	108.94	109.66	139.54	170.27	144.07	104.88	94.83	116.17	114.41	121.60	130.91
QG37_08017	136.53	135.11	100.98	67.97	123.30	123.45	108.39	124.93	145.57	145.93	102.33	93.87	101.21	115.39	105.62	130.93	160.55	166.45	147.48	139.68	115.95	129.48	163.38	102.48	127.43	179.30	117.55	146.49	112.50	29.64	84.01	125.84	142.93	117.07	132.14	108.11	127.12	141.99	93.25	146.39	175.21	145.40	112.17	72.47	114.09	112.70	107.32	131.36
QG37_08018	140.62	138.70	76.40	86.02	144.33	116.54	136.01	129.45	132.81	110.76	109.39	101.54	104.79	118.27	118.50	123.76	157.40	150.74	149.90	134.60	118.29	141.10	136.44	96.15	130.01	152.06	111.55	130.03	109.78	33.39	90.63	127.47	153.92	130.13	118.03	85.26	119.60	113.74	104.38	124.10	186.67	132.12	68.55	105.09	142.04	126.40	117.22	144.93
QG37_08019	170.85	165.37	93.21	76.27	128.27	125.23	114.36	138.90	140.00	115.83	107.41	111.00	102.87	100.75	112.26	147.04	155.63	182.07	174.60	149.87	124.91	135.95	135.52	105.02	146.18	158.93	107.45	131.39	94.91	28.79	85.77	126.35	138.09	142.20	140.33	89.24	108.34	128.81	96.35	137.12	183.87	131.35	91.91	94.61	124.57	122.57	110.29	144.43
QG37_08020	148.07	146.17	91.42	79.22	132.13	125.79	124.55	123.61	128.96	116.53	97.34	120.29	111.11	104.01	129.64	143.36	166.72	159.25	130.41	110.92	129.44	131.11	129.79	97.82	124.18	176.79	104.72	163.88	118.30	31.64	88.47	152.81	149.04	136.28	123.82	91.34	113.39	110.62	112.53	126.11	158.50	132.60	105.01	103.07	129.14	123.28	114.04	131.65
QG37_08021	150.04	157.58	78.02	67.26	124.68	111.50	128.77	107.73	126.33	127.81	95.62	120.63	97.60	92.46	133.74	132.28	156.29	144.04	130.11	112.03	100.36	117.15	114.93	105.58	141.39	180.43	86.73	159.10	128.65	32.13	67.58	140.14	131.35	120.14	115.12	89.42	112.29	111.58	98.53	141.32	140.89	123.41	106.33	73.87	95.40	100.62	87.79	102.27
QG37_08022	166.65	161.81	95.76	66.53	144.71	121.95	144.62	120.30	141.54	128.70	115.31	123.66	121.21	109.38	146.34	133.71	164.49	148.33	137.51	134.86	109.12	141.15	130.98	100.57	158.23	182.53	111.54	169.48	138.44	38.15	72.60	138.55	146.70	124.77	110.01	97.26	125.51	110.46	89.99	128.97	139.38	136.94	97.89	94.35	121.41	111.21	111.89	120.81
QG37_08023	114.40	124.06	70.22	65.53	98.53	97.33	99.21	103.13	109.07	93.86	92.17	81.81	105.00	98.11	86.22	98.14	125.84	131.36	119.14	113.42	106.26	105.76	130.56	93.65	105.19	106.73	82.70	112.71	79.16	22.89	71.67	100.34	98.74	97.61	91.91	79.78	103.05	93.66	70.17	102.97	121.37	101.57	76.48	83.62	102.77	105.12	86.96	116.79
QG37_08024	167.52	139.24	91.34	80.95	132.35	130.71	115.26	107.70	138.59	131.25	94.57	105.56	123.26	104.09	120.46	125.64	157.72	152.41	147.54	125.21	116.57	140.37	152.34	106.15	136.55	169.78	79.98	157.78	108.41	21.83	65.92	120.76	149.46	103.57	127.16	95.21	108.17	114.69	76.27	129.41	144.35	107.27	90.20	96.59	119.00	123.11	96.41	149.82
QG37_08025	158.59	149.09	88.13	89.93	136.23	137.74	114.02	127.96	135.76	117.78	98.02	130.71	125.46	122.13	109.88	118.83	151.27	168.28	144.81	126.22	130.84	125.78	148.17	121.55	129.94	170.08	129.71	150.93	120.70	36.65	70.83	128.72	154.20	126.73	117.94	112.59	114.29	117.69	96.01	110.80	161.77	130.28	104.60	94.99	106.94	133.54	109.51	122.11
QG37_08026	149.90	108.99	70.66	56.70	95.52	100.41	116.51	94.41	91.10	81.20	73.93	90.24	95.82	96.02	85.46	103.80	113.48	122.74	118.07	91.28	95.85	86.10	133.13	85.14	92.36	128.11	89.45	110.28	82.94	26.26	72.18	105.69	128.15	103.10	94.92	70.11	93.33	111.38	83.85	117.13	90.43	110.59	66.81	88.41	100.25	91.41	86.57	113.67
QG37_08027	128.14	104.43	60.82	68.84	112.92	121.47	120.65	92.60	112.25	86.35	102.89	87.84	97.85	93.18	93.11	104.92	135.39	138.98	117.77	110.70	113.93	104.81	130.47	90.21	107.14	129.96	98.59	114.33	98.34	25.75	66.20	106.15	123.60	110.31	96.49	73.09	86.53	110.17	94.55	114.28	117.79	111.47	81.73	81.83	106.32	101.79	90.91	121.20
QG37_08028	131.42	118.41	61.20	62.23	121.01	121.43	106.90	121.96	127.82	102.36	98.28	101.68	97.82	97.92	99.73	108.41	149.18	128.14	124.09	112.77	107.70	109.42	143.74	74.70	120.62	127.58	98.55	114.67	102.63	25.90	60.53	114.51	123.54	110.40	100.56	78.67	95.14	89.95	96.14	112.68	152.19	123.86	82.28	81.40	97.58	95.62	100.90	125.04
QG37_08029	119.12	109.86	58.77	67.15	102.83	107.79	105.74	103.58	108.95	102.06	79.00	95.41	91.74	94.85	96.82	98.59	122.60	125.83	118.03	93.18	113.17	105.05	109.91	99.32	108.69	128.60	87.31	110.76	81.83	29.81	54.39	98.04	119.42	101.85	107.66	88.23	92.39	96.42	83.44	100.52	114.03	103.57	81.88	76.36	89.19	93.08	83.60	115.94
QG37_08030	143.64	149.60	86.75	67.70	112.00	109.75	119.89	130.53	116.70	125.25	110.52	87.29	121.69	107.85	94.43	142.58	126.91	154.38	148.23	109.63	115.47	121.44	123.56	106.33	120.77	132.97	96.65	126.44	103.54	37.01	85.21	125.13	137.29	118.43	117.12	94.14	121.05	107.47	81.58	130.10	130.43	125.50	90.01	102.42	117.73	127.05	106.45	124.59
QG37_08033	129.28	117.74	54.52	63.51	104.53	116.14	108.98	109.20	137.90	115.37	83.67	96.11	100.14	110.94	93.26	121.42	138.15	154.46	133.67	128.79	115.54	113.16	114.39	91.51	130.24	116.35	95.02	106.99	75.05	25.36	72.03	98.35	116.34	108.75	99.14	80.82	91.51	83.41	91.95	90.63	146.86	102.67	77.51	68.04	102.67	91.19	97.60	133.52
QG37_08034	127.83	130.58	69.05	74.28	111.23	116.42	113.54	121.08	130.00	108.01	94.45	98.83	101.28	105.09	96.07	108.72	140.37	145.68	135.99	121.23	119.18	126.14	126.67	100.65	120.55	144.25	97.04	129.04	99.98	25.79	64.61	124.23	130.02	120.82	108.62	98.10	109.38	108.19	88.40	117.25	137.21	118.11	90.42	85.37	110.53	107.09	97.66	138.10
QG37_08035	142.86	124.67	71.53	63.13	107.89	113.79	135.35	132.81	134.60	116.97	88.39	95.83	108.26	104.19	92.13	109.98	148.81	156.65	142.24	137.15	108.33	121.58	119.91	96.40	120.49	149.18	94.85	125.30	89.60	27.83	76.47	139.44	119.88	90.45	102.85	94.86	101.18	125.36	101.04	127.58	147.02	116.36	88.48	93.30	89.81	120.71	107.18	134.21
QG37_08036	113.80	94.56	59.44	51.99	95.03	63.12	98.61	94.52	99.23	63.20	80.83	66.04	77.28	72.09	70.77	86.14	101.56	125.17	101.45	82.89	78.56	79.32	84.81	77.68	97.93	97.74	75.94	101.14	77.57	18.25	48.24	84.28	82.19	96.85	85.82	64.23	83.09	88.15	71.10	97.19	112.74	90.95	71.32	69.68	82.11	80.76	71.50	103.74
QG37_08037	29.16	66.76	41.08	29.87	63.87	49.46	67.81	65.22	73.67	59.43	61.79	51.70	50.23	55.99	54.99	66.29	80.50	67.62	84.32	60.14	59.31	52.77	52.76	50.34	73.97	65.52	60.64	69.28	45.84	17.14	35.09	61.67	62.42	70.54	66.59	49.58	55.22	56.14	48.17	69.74	80.97	72.61	52.44	48.86	63.48	64.84	50.41	78.18
QG37_08038	127.40	114.08	61.98	60.55	100.29	113.99	107.60	113.78	118.66	104.31	79.36	91.96	94.81	96.02	79.30	107.75	132.70	135.80	118.85	98.31	100.25	106.19	108.47	91.18	103.12	129.10	94.51	121.63	84.05	52.82	94.25	109.25	108.96	104.09	82.38	78.70	84.63	95.19	74.34	115.91	134.17	105.88	81.46	82.54	84.99	89.64	84.23	121.31
QG37_08039	114.36	101.59	53.45	65.87	85.05	88.39	100.98	79.95	116.98	71.28	80.85	73.77	97.30	80.66	93.62	86.38	119.66	137.57	116.21	97.66	85.18	85.30	133.37	85.98	110.20	139.45	81.54	117.81	87.48	19.26	67.36	98.77	114.42	99.73	82.55	90.70	99.78	98.82	68.97	81.85	104.71	96.76	80.38	78.45	86.54	104.34	85.09	139.92
QG37_08040	130.06	117.93	73.26	66.79	100.45	111.96	105.17	111.88	114.61	106.33	100.36	79.18	95.90	103.82	103.00	115.79	138.62	143.69	139.13	110.05	110.39	117.64	124.19	101.71	115.31	138.91	102.35	115.89	97.61	31.56	66.25	103.59	125.93	111.34	99.69	87.34	94.44	103.47	85.17	113.18	145.66	123.24	90.35	88.75	100.24	109.87	95.26	126.95
QG37_08041	139.30	145.27	103.30	68.23	157.75	129.44	119.89	131.84	137.51	147.18	96.75	101.44	124.50	98.31	121.22	135.57	147.75	164.49	160.99	138.30	135.57	134.04	132.29	119.77	126.66	173.02	124.56	161.64	103.23	36.55	64.70	150.49	146.02	152.31	126.68	84.49	125.75	110.12	112.66	118.07	171.06	139.47	105.45	95.89	123.44	129.57	117.06	153.37
QG37_08042	163.51	148.30	91.15	70.13	129.98	119.99	137.95	138.00	133.45	156.17	109.85	101.39	108.33	120.65	120.07	134.07	159.21	162.42	151.95	143.65	137.83	130.77	133.88	114.14	141.23	159.48	123.27	175.15	126.12	29.31	78.07	129.75	142.96	114.89	126.94	74.20	116.03	120.11	114.96	124.92	166.60	163.98	106.99	92.29	124.00	111.52	113.69	173.89
QG37_08043	118.26	121.04	52.93	68.03	108.53	115.10	99.53	111.39	93.42	105.96	80.05	83.87	88.37	87.08	95.19	80.32	144.20	147.03	110.80	105.66	102.42	108.57	136.11	78.91	94.10	126.45	100.61	139.91	87.68	29.73	71.54	102.18	91.51	91.75	88.47	68.05	91.99	95.06	79.88	95.29	134.09	114.51	79.37	58.31	76.18	80.49	71.25	105.66
QG37_08044	108.37	136.23	58.84	81.38	91.55	112.70	108.01	131.28	105.70	130.77	75.78	91.16	92.12	89.50	87.00	102.26	146.65	153.26	117.46	97.95	91.44	107.56	131.21	94.50	96.61	121.21	82.48	121.91	86.47	28.74	64.94	102.85	99.85	104.45	87.82	70.66	100.87	104.82	79.99	117.26	119.20	122.52	80.67	68.06	106.17	82.48	78.23	117.55
QG37_08045	113.08	111.43	68.62	66.45	101.33	104.83	104.32	112.99	109.30	100.87	77.32	80.91	87.90	81.74	76.31	106.92	132.27	133.88	109.37	103.31	110.79	101.95	119.41	87.92	103.93	129.05	92.89	116.45	89.65	25.87	56.42	104.29	118.70	103.47	107.16	88.62	94.94	108.05	74.34	93.95	128.56	107.24	82.10	72.01	94.96	89.39	79.07	121.74
QG37_08046	112.57	118.39	66.98	75.52	103.95	106.90	106.96	109.77	116.68	101.29	86.87	89.44	98.79	89.12	99.12	109.44	126.39	145.41	125.77	118.63	109.40	114.85	126.96	96.47	117.53	142.02	86.36	126.43	109.08	31.20	60.61	115.81	123.90	113.67	107.63	84.31	97.10	105.73	85.13	114.84	142.10	121.41	88.75	82.24	104.21	103.32	98.20	130.00
QG37_08047	139.48	121.47	70.27	73.06	118.95	117.33	118.00	107.62	120.72	102.79	85.58	93.53	84.95	76.47	105.47	100.97	134.61	150.29	119.66	121.01	120.03	125.77	114.47	103.84	116.14	151.65	94.81	129.47	108.19	28.60	72.10	125.82	125.32	113.92	109.30	95.16	95.22	96.22	86.16	108.48	135.65	128.15	95.56	96.25	111.35	104.23	93.46	134.17
QG37_08048	140.28	119.60	68.21	79.39	124.78	96.35	117.52	113.00	121.91	116.82	83.32	83.92	89.83	103.89	104.70	109.14	140.88	168.91	145.54	117.21	117.87	120.06	117.43	118.50	133.99	151.80	102.57	120.77	88.90	27.30	65.61	115.54	118.17	104.86	113.40	95.92	104.44	97.11	79.97	145.89	127.90	119.77	103.65	92.89	114.17	106.06	99.25	120.97
QG37_08049	113.78	111.34	58.49	73.49	102.81	101.27	98.12	96.47	109.00	90.66	82.12	83.86	83.34	99.34	91.34	95.18	117.54	141.01	120.41	95.57	95.96	109.36	103.17	84.53	115.40	125.16	85.05	115.37	75.91	23.52	54.11	105.33	110.03	97.49	99.23	86.86	90.76	87.29	75.81	106.35	122.04	114.28	80.69	80.15	89.93	90.07	96.87	120.33
QG37_08050	69.95	85.54	37.30	51.66	66.23	84.31	96.93	80.77	89.56	80.19	56.60	55.53	84.83	64.83	63.03	97.59	93.98	98.26	93.23	78.46	87.72	68.39	81.81	74.85	93.07	92.29	63.42	101.10	78.94	22.31	45.27	88.18	82.03	94.03	69.18	74.96	68.69	81.31	65.20	90.87	91.50	85.38	72.42	67.35	72.04	73.90	84.19	92.27
QG37_08051	106.93	115.34	62.12	67.38	105.11	104.34	112.67	115.05	116.69	118.99	96.41	101.60	101.59	96.00	102.36	106.85	136.45	138.08	135.67	112.00	120.37	106.90	123.05	94.97	113.77	132.25	93.20	117.68	94.92	31.89	60.96	111.87	121.44	117.14	117.13	99.23	93.42	110.08	89.83	121.68	135.43	116.44	91.30	97.45	105.77	108.32	98.11	134.21
QG37_08052	126.10	130.91	72.68	84.05	120.07	126.28	118.57	112.82	134.02	118.98	98.17	131.12	86.48	105.66	121.94	116.83	129.30	150.38	135.18	122.28	123.23	125.74	146.07	113.42	111.28	146.39	91.58	133.70	111.72	32.12	76.66	116.14	139.48	103.07	108.91	90.75	111.23	111.82	109.17	121.29	144.71	120.38	97.60	97.13	100.52	110.91	104.59	124.08
QG37_08484	157.41	134.73	79.11	83.19	133.47	141.38	144.66	107.54	150.20	104.76	95.80	126.91	112.43	108.08	114.70	106.19	148.55	167.62	136.61	141.04	144.73	117.85	150.76	122.26	119.57	183.28	102.11	152.61	97.16	38.49	90.09	140.93	132.55	118.91	95.76	78.53	103.15	109.16	107.30	134.68	133.43	131.68	91.23	95.34	106.20	111.66	83.70	126.80
QG37_08053	130.15	150.80	80.20	75.97	110.95	110.65	105.25	97.94	130.02	120.99	122.88	97.21	88.99	105.29	111.49	109.30	152.66	150.13	141.91	112.90	117.94	123.80	139.10	101.88	144.43	172.06	131.92	158.86	117.92	37.10	76.38	153.50	171.60	121.26	107.43	89.67	125.87	114.55	95.10	123.82	150.89	138.02	101.70	94.29	117.03	136.44	122.51	179.09
QG37_08054	111.97	97.35	55.01	62.41	100.10	109.59	96.04	86.20	96.98	64.50	76.33	66.11	74.02	101.81	107.69	93.23	111.24	106.48	119.03	101.17	95.49	105.26	112.56	92.11	91.98	124.74	94.64	98.61	89.52	19.13	61.90	104.87	116.61	105.57	98.72	88.52	97.63	92.42	77.71	110.95	103.59	112.79	79.43	80.69	87.76	105.47	74.24	117.60
QG37_08055	102.85	98.12	55.75	64.52	90.82	98.70	93.57	85.04	98.66	82.53	74.33	75.41	78.31	88.53	79.00	93.20	115.19	122.52	111.67	95.46	101.51	91.81	103.21	84.03	92.43	114.72	84.12	104.47	88.68	24.38	58.91	101.13	110.05	96.86	107.84	75.78	90.70	99.48	81.61	91.07	108.44	102.17	81.36	74.13	87.45	98.52	81.77	112.61
QG37_08056	112.79	101.16	73.88	64.96	94.51	92.50	110.81	99.59	100.14	97.40	70.57	81.12	103.01	106.39	90.58	100.65	120.12	118.39	107.62	96.09	104.00	100.77	121.75	85.95	103.65	126.38	93.61	114.33	79.40	20.17	57.45	102.76	112.67	94.87	103.99	68.67	90.07	93.67	82.20	113.23	111.27	122.48	78.08	84.51	89.22	95.97	86.79	114.47
QG37_08057	65.38	80.58	36.58	40.47	58.49	53.40	75.43	72.16	73.18	58.51	48.34	52.20	48.93	65.13	53.24	72.57	80.23	80.59	78.87	55.37	63.83	54.44	61.42	48.72	64.81	75.05	49.30	77.81	56.47	9.88	33.93	57.96	74.89	56.56	64.41	49.53	70.69	68.33	56.07	71.66	75.39	71.47	59.09	54.57	59.49	52.20	46.04	74.72
QG37_08058	132.16	104.95	68.22	73.29	94.84	106.34	101.19	92.84	114.63	109.68	74.81	86.96	83.05	101.96	96.42	120.32	135.65	145.34	132.47	109.12	105.44	93.76	123.10	85.97	114.53	127.92	114.62	123.39	96.65	37.64	56.64	105.17	98.54	106.24	99.65	96.45	94.98	93.81	95.17	130.26	138.08	134.56	81.73	76.44	99.90	106.24	87.57	149.98
QG37_08059	98.04	92.69	51.28	64.78	93.04	92.20	89.63	96.59	104.90	85.84	74.87	85.86	70.02	82.21	88.45	100.18	107.96	129.08	118.76	116.99	81.80	88.08	106.62	87.51	97.06	115.86	97.90	115.47	79.98	26.40	61.98	91.63	80.88	88.66	80.29	68.24	88.15	90.55	78.82	114.10	97.84	110.81	62.57	64.96	91.71	83.72	75.45	114.38
QG37_08060	113.10	107.93	55.88	63.26	106.36	103.57	115.88	107.52	113.68	105.10	105.18	80.43	96.94	91.94	92.35	107.74	123.77	139.54	135.12	119.42	104.81	109.71	126.34	100.03	112.92	132.01	100.51	114.72	95.00	25.39	65.37	106.63	111.63	112.18	91.80	98.62	89.68	109.97	89.22	119.93	124.16	124.05	89.71	88.55	105.81	99.57	96.37	129.64
QG37_08061	113.49	107.69	59.23	65.77	84.42	93.10	95.51	92.92	103.71	96.32	69.44	71.06	74.02	64.41	88.31	115.71	129.15	126.19	107.99	90.34	89.99	92.98	100.19	76.24	101.83	126.11	88.25	95.51	82.72	25.94	50.58	95.56	118.02	100.97	80.99	68.56	99.83	91.38	75.49	90.12	114.08	89.26	87.10	70.41	112.97	100.69	78.97	124.35
QG37_08062	92.79	98.62	51.07	54.68	93.41	85.49	89.09	96.46	95.04	72.53	71.21	76.76	77.58	76.92	88.65	93.09	122.60	134.03	104.82	89.70	105.25	98.91	94.30	78.91	92.22	112.53	76.52	98.86	75.58	26.50	52.04	88.05	105.31	96.31	95.76	73.31	83.55	91.74	63.97	105.39	127.40	105.37	75.44	81.50	107.10	101.05	74.12	115.13
QG37_08063	116.77	116.44	67.10	74.16	103.52	106.41	108.90	108.53	125.96	91.57	80.84	96.56	94.04	99.61	105.52	108.01	127.28	137.27	123.15	100.80	110.91	114.62	136.34	110.66	111.97	140.66	97.29	110.86	94.56	27.39	64.21	115.44	121.52	108.66	98.33	89.92	92.70	117.57	86.63	115.63	131.63	111.30	91.35	84.18	98.15	111.79	104.04	137.44
QG37_08064	108.15	113.86	48.94	65.11	104.31	107.28	111.17	84.22	114.47	70.88	60.85	80.21	82.85	98.82	98.50	104.32	144.80	136.84	117.35	123.20	104.81	111.33	130.33	81.36	115.87	132.12	88.31	119.01	98.16	26.94	68.65	116.83	111.72	80.83	102.20	72.61	76.89	108.92	83.05	110.80	120.53	117.96	90.02	58.62	101.28	100.73	108.19	109.87
QG37_08065	105.43	106.67	61.40	71.84	96.09	94.79	93.13	95.68	102.11	92.11	82.53	76.68	84.75	90.80	85.05	100.00	115.28	134.82	106.74	88.19	101.93	99.28	113.83	82.18	98.61	122.50	86.51	95.14	83.31	23.24	60.19	105.60	105.01	98.10	96.28	72.96	94.92	90.49	71.49	104.44	111.40	105.01	83.35	88.74	97.69	99.37	91.46	108.56
QG37_08066	107.20	108.50	66.62	65.23	99.60	97.29	90.08	86.86	100.85	86.39	74.29	79.13	75.80	82.95	88.21	94.98	115.09	130.48	107.47	102.50	100.47	102.93	113.94	90.22	104.76	125.98	88.35	105.69	83.83	27.52	59.00	99.56	123.85	101.47	93.92	86.55	91.97	101.98	85.25	108.44	121.47	100.70	76.65	86.42	99.35	97.60	87.98	120.77
QG37_08067	114.92	113.91	59.50	65.84	101.33	111.63	104.57	108.45	121.06	89.98	80.80	80.42	91.10	105.45	99.99	115.99	132.70	139.65	126.04	106.56	109.97	112.65	128.59	95.14	113.03	133.88	99.18	120.13	93.31	33.09	68.19	109.00	118.63	103.07	106.03	88.53	97.28	111.90	78.93	116.74	133.68	122.64	94.64	92.20	109.58	90.80	90.73	139.59
QG37_08068	104.05	110.82	66.08	72.18	111.76	102.57	92.93	107.89	115.86	91.37	96.64	90.18	93.27	95.71	103.89	109.92	129.95	139.89	129.87	103.31	109.10	123.28	125.22	102.03	114.85	133.87	104.60	112.68	100.25	29.37	68.00	124.21	127.37	110.53	108.84	86.69	104.68	106.94	92.05	112.35	125.01	119.61	91.43	80.77	100.04	109.98	89.87	128.25
QG37_08069	94.31	100.17	54.99	66.12	103.18	93.96	102.31	119.18	79.47	84.35	84.90	72.30	92.47	81.57	88.87	90.94	114.81	124.21	97.87	85.56	104.12	88.24	114.86	96.03	96.36	93.52	76.83	92.65	73.15	27.49	46.09	92.74	113.64	89.07	90.55	77.73	94.49	88.47	73.16	114.48	103.81	97.64	72.10	51.62	77.21	97.89	64.58	131.48
QG37_08070	131.14	123.22	87.72	82.30	126.55	126.41	114.10	124.36	131.13	118.53	91.08	91.18	106.85	116.96	115.07	105.51	137.79	166.33	133.16	127.87	116.43	123.69	141.68	110.51	135.73	145.63	102.09	153.04	128.37	32.21	81.86	123.38	128.28	110.36	110.37	93.97	102.12	119.46	85.26	113.37	139.95	124.67	115.58	97.80	115.74	109.59	117.52	162.39
QG37_08071	135.17	139.09	61.14	74.28	109.28	120.02	104.50	116.52	119.71	111.54	90.41	116.20	98.78	97.20	99.33	97.91	148.84	137.37	128.66	113.36	113.55	137.34	124.62	97.52	128.02	154.51	90.65	143.41	114.44	35.96	73.22	128.39	139.34	130.82	95.28	79.69	110.61	139.40	86.73	124.47	102.47	131.13	116.98	84.28	137.59	102.19	97.50	151.57
QG37_08072	38.56	55.90	28.64	21.22	34.51	36.73	39.00	29.79	39.44	40.87	26.88	42.25	37.58	38.04	33.78	39.77	55.51	47.58	47.54	47.48	38.31	37.90	43.05	39.37	44.08	51.32	31.84	41.20	35.94	13.30	23.83	42.86	58.66	49.24	29.71	23.73	43.74	39.23	30.12	46.45	37.92	41.70	34.58	13.89	31.81	24.23	25.04	36.95
QG37_08073	125.12	129.35	71.06	79.09	113.29	112.73	115.47	120.35	123.70	104.87	94.49	93.60	100.09	112.32	106.43	125.94	142.85	158.83	141.69	127.43	119.49	116.59	133.61	107.25	137.57	144.39	101.74	133.72	97.02	23.61	66.52	117.47	124.22	112.99	111.41	85.41	102.63	105.59	98.94	122.53	143.75	131.54	93.08	91.23	108.89	117.63	94.14	143.92
QG37_08074	114.72	119.21	67.44	67.28	99.19	101.06	103.40	105.15	118.36	98.66	85.16	86.14	93.81	93.16	100.80	110.18	129.26	138.96	125.78	102.52	106.57	114.90	117.24	95.81	112.07	132.45	92.86	110.46	87.75	25.36	67.46	108.55	122.03	105.38	99.17	81.63	99.22	99.69	83.35	111.20	125.88	119.25	83.08	83.98	104.98	104.88	87.67	134.35
QG37_08075	113.16	115.63	62.76	68.90	88.93	99.25	93.01	109.16	107.09	94.94	82.16	70.60	82.70	92.54	99.06	106.13	123.36	146.31	115.96	95.99	121.82	103.12	107.05	72.80	105.82	115.42	83.16	116.07	94.68	18.09	65.29	110.26	95.90	102.37	99.03	74.82	97.44	105.19	69.21	96.45	113.17	110.16	75.86	77.59	93.59	94.67	88.12	127.23
QG37_08076	118.67	100.27	61.47	58.00	96.06	99.02	97.03	99.53	95.78	88.07	69.44	77.66	81.51	87.53	85.07	101.31	124.26	122.74	117.72	105.89	105.43	100.05	105.83	92.49	103.18	122.28	83.86	110.78	85.43	27.86	63.08	104.62	112.21	101.89	94.92	74.68	89.70	101.24	78.20	104.54	115.62	108.29	80.53	79.25	87.79	100.44	90.35	112.32
QG37_08077	113.59	107.27	54.05	73.43	92.69	86.17	96.31	93.29	105.29	91.34	83.85	84.02	91.23	99.95	91.22	101.97	119.47	126.28	109.45	92.45	114.16	90.95	106.25	77.32	102.08	123.62	93.76	100.78	85.76	20.65	58.80	83.50	115.52	102.64	90.20	91.83	91.64	97.10	70.32	93.24	101.69	100.75	78.17	79.37	103.41	87.63	92.34	111.99
QG37_08078	113.96	99.54	66.79	81.83	103.45	108.62	104.11	111.06	107.53	97.35	91.15	86.54	91.42	94.56	94.29	121.02	129.86	142.74	122.53	124.02	118.65	119.46	121.85	99.56	114.26	140.71	96.43	134.75	106.97	33.34	63.30	106.32	132.40	117.65	96.52	92.20	98.67	100.40	95.23	108.53	145.98	119.20	82.87	78.07	106.61	107.72	83.89	143.47
QG37_08079	133.76	122.85	77.46	70.13	116.26	127.71	112.27	119.64	123.36	103.96	92.79	91.53	107.27	105.97	108.01	119.56	137.25	152.35	125.88	115.75	112.42	113.90	137.38	96.95	119.66	150.58	95.76	139.42	99.33	29.82	74.55	117.11	118.10	122.01	110.49	84.65	110.99	104.80	103.01	116.30	137.02	125.44	90.52	82.18	115.23	117.16	88.37	137.27
QG37_08080	144.05	145.76	85.13	81.40	128.99	127.59	128.21	126.63	142.43	130.08	108.44	108.61	117.01	107.98	115.67	126.51	150.28	162.23	141.58	136.44	124.38	135.08	136.73	104.34	128.70	166.86	107.88	148.10	112.93	32.23	74.44	134.01	142.57	135.13	114.85	106.98	109.53	117.24	100.63	134.53	155.03	138.79	104.20	98.84	124.57	122.37	114.26	148.83
QG37_08081	132.96	139.99	68.05	76.88	121.63	114.60	104.57	126.96	138.36	109.01	108.18	104.82	95.97	104.55	96.09	115.09	148.38	150.40	125.35	118.30	111.64	140.88	138.50	94.22	112.43	156.00	104.52	147.24	104.50	29.02	78.40	129.23	139.52	125.58	88.29	100.95	107.77	118.02	96.72	112.72	144.54	124.84	84.24	93.11	104.50	107.12	104.20	145.76
QG37_08082	130.17	138.14	70.13	89.42	121.52	110.59	112.45	126.28	138.71	123.30	85.20	104.30	103.82	112.45	96.32	100.84	138.38	138.55	135.66	106.70	127.83	131.60	136.37	105.82	136.41	138.19	94.78	115.30	115.84	30.41	67.39	126.73	131.91	109.09	115.98	87.91	114.28	110.59	89.77	128.41	128.02	117.33	102.16	89.75	113.70	112.48	109.38	137.26
QG37_08083	128.93	120.45	75.19	70.18	113.99	105.07	116.39	110.56	117.16	104.30	87.31	85.06	97.81	104.61	96.26	112.83	137.63	148.43	132.54	120.90	110.84	102.82	127.76	104.24	117.53	137.79	90.50	128.05	95.48	29.22	70.66	129.53	115.56	109.79	104.73	88.36	99.98	118.01	86.06	119.13	128.91	123.78	89.07	93.46	107.92	101.28	104.96	130.60
QG37_08084	95.38	98.06	54.19	61.95	97.29	102.16	100.66	93.25	102.29	83.76	67.46	85.79	81.99	88.39	90.72	96.52	121.31	129.11	111.81	93.80	95.38	102.35	106.40	92.99	111.15	119.63	79.05	103.84	84.22	26.19	64.29	105.05	109.09	98.01	99.34	80.02	86.20	91.04	80.45	90.11	111.28	96.93	76.84	89.22	92.22	92.24	87.35	110.80
QG37_08087	83.49	81.71	49.03	63.33	79.91	91.70	81.28	87.14	89.45	72.73	68.54	72.44	75.53	78.96	74.21	82.05	111.20	121.05	91.10	75.29	87.16	100.22	93.42	85.08	96.85	93.20	69.27	94.89	72.13	16.87	65.57	91.33	111.98	95.23	80.40	71.24	91.36	89.74	72.33	81.61	106.64	98.76	72.95	82.30	73.41	91.57	74.80	109.56
QG37_08088	76.30	76.92	31.61	44.72	61.35	64.32	57.20	68.00	69.20	62.20	45.85	51.20	59.19	60.14	61.39	56.08	82.61	75.33	72.50	72.42	66.26	73.21	70.24	49.00	61.71	63.50	54.57	69.37	53.99	21.08	53.24	59.74	66.36	70.27	49.63	57.20	57.28	53.29	54.12	81.29	80.54	66.56	61.55	59.03	67.64	60.96	57.24	86.53
QG37_08089	100.76	99.90	56.17	59.87	94.85	92.59	91.12	96.57	109.13	89.40	73.95	83.02	77.25	85.05	85.37	99.87	118.36	139.01	123.96	99.55	105.45	96.78	106.88	94.45	106.63	121.15	80.05	104.69	85.35	25.71	57.06	99.03	120.45	92.39	86.37	80.82	86.14	99.09	74.29	105.36	131.44	114.23	84.67	79.10	100.21	108.14	88.65	121.84
QG37_08090	103.85	116.96	65.77	62.84	95.07	101.66	112.30	114.00	131.84	105.95	79.18	86.88	91.64	97.03	103.69	106.44	130.40	144.07	130.54	116.16	111.48	109.52	120.97	97.03	116.46	128.69	91.42	113.35	85.24	25.39	64.77	120.30	109.14	116.52	98.94	83.06	107.26	105.88	84.38	110.80	123.31	116.46	95.43	77.17	99.52	105.29	107.47	132.67
QG37_08091	117.35	128.80	68.71	66.05	101.99	100.34	115.77	109.69	121.09	101.97	83.39	90.95	99.08	99.78	101.91	114.21	133.64	159.90	130.81	114.87	115.83	116.91	132.01	110.25	118.56	138.91	95.20	117.01	90.33	30.33	66.97	114.16	139.76	104.18	111.77	87.98	100.21	112.39	91.13	121.63	134.34	117.93	95.47	95.89	107.06	109.90	99.18	149.05
QG37_08092	86.52	88.74	70.67	68.20	76.82	124.91	92.29	114.02	108.86	88.95	83.67	87.82	85.69	92.15	100.47	119.84	128.38	145.77	117.71	91.84	115.09	103.18	120.41	88.67	114.13	135.39	87.57	109.66	104.65	19.48	75.44	75.60	116.25	100.50	99.42	86.79	89.99	101.84	83.46	111.07	117.66	113.19	86.55	85.59	96.26	105.53	88.16	130.51
QG37_08093	91.71	97.42	57.21	60.24	92.83	98.16	95.94	100.91	93.88	80.75	76.62	80.81	71.56	80.89	78.37	102.76	116.02	123.70	111.93	90.06	96.16	90.61	104.36	90.22	97.81	115.17	81.00	105.79	71.85	23.27	56.52	85.47	102.47	97.17	87.25	69.52	81.22	90.80	69.86	99.38	110.26	99.31	70.80	72.78	99.07	92.22	85.72	114.58
QG37_08094	132.44	104.06	69.31	47.60	100.75	92.53	92.12	95.93	99.65	88.33	82.91	74.33	93.49	75.69	96.28	110.12	128.78	128.85	103.10	96.28	100.77	124.14	109.16	90.26	115.82	143.04	97.26	127.89	87.27	24.26	55.78	110.45	115.93	106.25	89.25	72.62	78.67	111.07	84.65	90.37	104.90	102.65	75.80	75.73	90.00	89.34	89.95	133.89
QG37_08097	104.89	115.68	65.93	44.85	97.69	90.60	118.22	120.74	136.76	112.42	73.39	95.52	95.28	96.02	111.68	104.95	123.33	129.98	129.53	106.21	104.20	105.60	135.52	86.75	118.16	136.44	99.92	117.45	99.03	27.00	73.08	120.92	130.59	108.80	109.23	95.56	118.28	115.65	87.41	112.89	113.97	114.04	88.66	92.67	106.36	113.61	104.15	151.17
QG37_08098	130.75	135.87	76.35	70.29	116.11	120.63	124.72	117.51	135.91	107.55	98.53	97.27	110.49	108.03	110.79	116.56	151.91	157.41	149.93	122.80	115.19	123.97	137.65	112.67	122.93	140.97	98.10	133.99	110.06	29.27	78.07	131.47	141.43	122.58	119.98	97.04	112.10	121.96	102.43	125.98	135.20	124.92	92.60	97.59	118.21	121.68	110.16	149.85
QG37_08099	147.13	141.79	83.54	78.02	129.41	128.16	131.46	125.84	134.71	122.67	107.42	102.22	108.97	118.49	106.79	122.19	158.56	167.20	149.65	127.91	128.03	132.77	150.67	117.26	140.14	152.39	110.16	143.51	115.82	30.16	71.81	129.48	147.80	130.79	114.22	99.94	107.94	115.53	95.98	132.81	159.41	134.94	104.44	102.38	127.91	127.63	107.42	157.31
QG37_08100	141.22	139.07	84.61	78.26	120.94	112.59	134.88	109.77	111.47	110.13	94.95	96.17	100.86	101.54	104.26	108.91	148.39	155.50	134.66	126.82	124.71	125.77	130.24	103.51	117.19	153.51	104.45	151.38	96.76	32.60	84.06	143.40	130.10	132.19	110.73	90.58	110.66	100.39	96.93	124.07	133.98	122.83	94.83	95.19	118.18	109.68	105.65	126.63
QG37_08101	139.80	123.06	75.55	71.46	121.94	110.94	110.56	105.77	138.58	128.82	84.99	97.63	93.89	102.66	95.05	114.31	145.49	149.52	131.92	119.25	112.14	116.78	134.87	115.74	115.40	137.19	121.11	140.23	99.72	32.14	60.05	121.20	132.81	118.74	78.05	77.03	81.48	92.60	88.88	115.95	118.47	124.07	72.74	68.50	105.88	110.95	86.26	149.63
QG37_08102	134.67	118.98	67.61	71.12	118.93	115.40	129.31	117.62	118.30	117.25	95.09	88.80	112.84	103.51	105.81	108.00	153.79	143.38	129.68	123.06	109.03	111.06	120.72	115.55	132.35	149.46	104.34	115.82	90.45	24.65	85.94	119.20	132.36	108.59	95.74	85.48	101.62	113.44	93.72	124.19	137.85	136.36	81.18	97.63	98.23	109.32	104.99	125.48
QG37_08103	125.11	109.67	71.50	71.25	98.74	114.22	101.28	114.08	123.65	105.24	95.23	86.41	99.34	111.95	92.36	120.49	136.77	135.01	130.44	113.55	111.99	125.30	122.74	90.79	113.56	137.36	96.08	120.34	95.46	25.14	63.94	120.02	121.79	107.29	105.21	76.89	106.35	108.05	86.64	122.39	126.10	108.86	90.21	92.42	104.44	102.85	84.46	129.84
QG37_08104	123.13	127.40	79.09	72.97	97.44	113.11	98.42	109.36	114.05	101.35	77.60	88.83	94.66	100.38	89.26	114.21	147.29	136.99	119.74	127.71	115.51	116.85	119.59	103.92	132.54	139.27	95.68	118.79	107.87	28.84	78.65	111.56	122.02	127.15	111.64	98.12	88.62	114.39	92.28	122.25	132.00	116.09	88.81	95.17	116.10	99.55	94.03	122.16
QG37_08105	103.40	103.01	67.47	72.78	104.99	96.66	100.75	105.18	114.34	94.22	88.43	91.94	87.04	107.69	87.83	113.84	128.58	136.80	110.36	100.11	106.26	105.52	113.10	103.86	109.25	133.40	82.37	107.77	83.32	29.82	54.86	105.56	123.24	97.39	97.87	84.24	96.82	102.03	87.68	102.81	119.12	100.31	90.94	77.15	99.74	99.33	90.10	128.06
QG37_08106	125.62	129.98	75.88	65.97	118.18	104.96	96.63	117.81	120.42	96.20	88.92	82.83	98.61	90.13	106.27	108.75	131.75	148.56	134.60	114.48	113.48	127.07	119.09	103.85	130.98	153.21	98.60	129.17	85.63	20.86	65.51	114.57	122.53	108.24	113.25	93.52	110.18	117.65	92.54	106.81	141.54	120.79	95.37	96.77	109.19	105.56	88.96	133.44
QG37_08107	124.32	113.44	66.55	66.22	98.36	103.18	107.89	119.55	99.18	91.38	87.73	76.90	89.47	98.55	84.48	101.80	115.00	130.28	125.36	103.70	109.26	102.32	122.86	87.56	121.90	128.01	99.39	116.74	84.38	30.65	67.98	111.70	128.68	107.92	102.64	81.64	96.79	109.66	84.39	100.18	136.56	111.34	95.66	76.44	100.29	95.29	84.39	119.14
QG37_08108	94.06	93.55	44.20	73.18	85.65	86.82	86.14	115.97	100.97	78.58	71.95	58.68	74.34	92.94	83.60	111.03	115.44	115.76	101.94	79.56	91.98	80.20	92.88	69.32	104.11	93.50	79.52	92.87	75.64	26.49	37.59	91.85	119.34	98.89	88.63	75.39	69.86	94.81	75.97	89.33	118.89	93.86	88.03	80.44	91.54	83.69	77.42	105.41
QG37_08109	127.81	127.33	71.01	57.85	97.80	106.68	92.98	85.74	99.12	102.38	69.42	76.09	72.03	101.67	71.36	95.59	126.05	165.29	123.14	100.44	106.23	89.80	112.64	89.53	89.02	134.16	72.47	97.40	84.42	36.21	71.25	102.37	91.49	112.88	84.93	82.73	86.24	93.34	67.65	121.54	133.70	115.41	70.50	74.29	93.45	100.75	96.45	132.81
QG37_08110	98.69	85.21	58.63	50.05	79.88	69.05	83.03	72.97	87.79	80.25	60.04	70.93	64.84	69.47	64.80	76.08	98.23	100.24	90.10	71.73	80.23	79.16	83.42	81.10	88.81	80.93	75.23	87.71	71.72	17.43	51.50	88.68	100.55	71.71	88.83	66.61	75.15	82.31	65.05	75.05	104.76	101.95	67.72	64.59	77.05	79.02	68.06	96.97
QG37_08111	60.42	65.96	35.21	27.48	45.31	55.26	60.95	67.95	54.07	53.68	48.11	62.52	57.19	49.45	48.89	50.04	64.80	80.98	69.02	62.74	53.74	56.68	66.27	63.75	50.10	77.43	49.01	42.48	48.46	16.58	40.24	55.33	102.60	67.07	55.52	60.72	59.38	71.13	52.69	61.74	73.33	77.71	59.40	64.77	72.15	66.73	65.36	93.62
QG37_08112	112.53	93.29	62.56	53.21	105.48	81.07	90.79	93.72	86.88	92.80	81.83	72.65	74.72	86.42	93.51	91.44	115.59	119.72	104.65	95.72	89.39	99.86	100.24	87.93	95.78	102.33	77.52	102.10	77.25	13.95	68.01	85.47	110.09	101.58	104.53	93.69	96.51	93.77	70.22	103.75	137.64	124.57	88.94	81.20	92.44	89.03	95.45	130.07
QG37_08113	107.13	101.07	55.70	55.93	109.79	72.08	97.41	101.63	113.86	101.85	83.04	74.36	74.71	100.79	89.34	96.93	127.47	122.98	111.16	91.89	108.00	104.97	99.00	84.78	116.87	123.12	85.61	110.85	76.89	18.07	59.65	95.96	107.33	105.82	90.14	72.55	91.90	100.04	88.67	122.51	133.37	116.91	91.50	80.45	95.99	98.09	103.02	141.88
