GENE	CDC_B11096	CDC_B11097	CDC_B11098	CDC_B11099	CDC_B11101	CDC_B11102	CDC_B11103	CDC_B11105	CDC_B11112	CDC_B11113	CDC_B11114	CDC_B11115	CDC_B11116	CDC_B11117	CDC_B11118	CDC_B11119	CDC_B11200	CDC_B11201	CDC_B11205	CDC_B11206	CDC_B11207	CDC_B11208	CDC_B11209	CDC_B11210	CDC_B11212	CDC_B11213	CDC_B11214	CDC_B11215	CDC_B11216	CDC_B11217	CDC_B11218	CDC_B11219	CDC_B11220	CDC_B11221	CDC_B11222	CDC_B11223	CDC_B11224	CDC_B11225	CDC_B11226	CDC_B11227	CDC_B11228	CDC_B11229	CDC_B11230	CDC_B11243	CDC_B11244	CDC_B11245	CDC_B11246	CDC_B11247
QG37_04018	124.44	132.38	87.05	91.72	116.95	112.49	129.48	121.74	145.14	97.53	90.85	113.91	122.29	116.25	104.87	101.12	151.63	168.63	138.51	127.03	140.58	139.58	121.87	103.80	137.34	158.53	108.38	132.93	123.05	24.58	51.42	140.72	0.11	135.58	137.23	110.88	121.68	0.00	107.15	132.07	156.71	139.71	92.70	96.08	130.24	131.69	125.16	138.45
QG37_04019	109.39	135.77	93.11	85.55	127.65	112.77	136.73	118.51	138.46	106.09	100.07	104.40	132.64	120.87	105.77	102.07	155.32	201.59	144.01	143.51	126.42	172.47	137.31	112.12	152.55	176.82	113.26	134.80	111.53	26.97	49.45	131.27	0.60	147.41	113.54	101.53	121.96	0.32	102.30	159.38	163.07	131.78	97.95	97.97	121.80	122.20	107.58	155.41
QG37_04020	137.43	132.71	82.52	81.54	119.31	112.96	118.49	121.49	131.24	105.55	87.88	120.76	114.48	103.12	112.64	113.50	158.93	154.41	140.27	141.37	139.57	130.75	127.32	119.27	144.87	140.72	121.65	137.75	102.85	28.23	64.28	143.39	0.74	129.05	118.21	97.78	108.97	0.22	95.47	123.78	139.12	117.93	88.55	100.63	126.49	113.22	104.57	135.78
QG37_04021	117.53	112.81	67.51	85.48	135.32	90.91	101.13	102.86	121.78	103.35	87.35	109.83	104.50	99.15	88.21	129.40	105.34	156.56	109.70	116.12	103.60	116.31	122.58	102.42	123.94	144.49	86.09	131.48	100.08	22.88	50.03	121.84	0.00	100.17	114.80	85.20	107.09	0.00	91.75	113.69	122.74	103.97	89.83	62.64	122.57	104.58	78.57	136.15
QG37_04022	139.39	146.25	89.27	78.27	121.24	98.18	124.18	131.61	136.21	125.78	94.31	121.79	118.19	134.71	118.37	114.48	142.57	157.97	131.68	131.43	115.17	135.48	126.03	125.59	138.98	158.41	119.24	129.24	130.44	29.58	62.28	132.31	0.00	132.26	120.38	101.43	108.06	0.00	108.69	127.75	160.43	127.96	106.44	95.11	129.21	114.19	103.53	157.64
QG37_04023	113.75	138.60	83.32	65.00	109.09	87.20	120.02	120.06	111.75	120.66	88.43	100.61	96.81	100.94	89.32	123.22	130.76	147.80	121.09	126.96	113.98	120.05	146.56	108.54	115.70	147.52	93.97	127.44	113.51	23.85	70.21	109.09	0.00	96.38	110.08	95.02	77.52	0.00	91.94	105.84	138.40	121.14	92.92	89.82	112.57	107.56	103.42	148.25
QG37_04024	143.04	139.57	90.45	82.57	135.03	154.14	136.09	132.28	141.62	131.49	109.70	109.14	136.39	124.09	123.94	131.01	148.35	183.79	156.04	145.15	134.11	132.67	160.03	122.73	139.62	185.26	115.23	149.56	128.43	30.36	53.95	141.80	0.48	117.53	101.95	91.78	98.46	0.00	82.15	110.19	138.84	119.95	93.71	86.50	96.66	99.00	88.52	137.16
QG37_04025	92.06	111.22	70.79	68.09	111.10	108.83	97.39	115.44	120.69	97.30	89.80	83.12	92.26	90.03	100.90	95.95	111.34	128.22	117.00	101.66	104.26	98.70	125.34	84.99	100.46	120.59	89.22	127.50	92.90	16.49	50.47	96.84	0.00	114.01	107.52	88.47	103.24	0.00	84.11	94.32	144.72	111.25	83.45	91.61	94.31	108.07	98.42	133.86
QG37_04026	127.37	126.47	68.39	76.15	109.71	118.28	93.77	106.41	114.82	103.22	91.58	91.06	102.89	92.01	100.59	118.51	127.96	141.07	106.48	99.63	115.50	95.92	115.59	92.61	106.07	137.32	89.40	123.18	99.45	20.91	59.22	99.37	0.49	112.97	105.96	78.44	103.83	0.00	88.89	106.45	138.25	111.68	77.57	80.29	99.84	107.93	91.48	127.77
QG37_04027	132.45	134.94	67.90	74.46	121.80	107.90	125.19	106.86	140.56	120.28	90.61	98.77	100.34	103.45	93.69	107.52	151.78	151.14	132.65	120.56	132.69	147.21	132.36	100.50	123.12	157.25	108.60	147.18	102.58	19.74	61.61	116.67	0.45	127.12	119.26	101.10	117.69	0.26	95.61	113.78	145.49	121.59	102.01	92.77	117.22	111.46	102.84	124.04
QG37_04028	111.49	118.75	68.86	80.19	114.37	110.75	110.56	113.32	137.18	112.16	111.12	80.94	96.18	109.67	91.21	91.29	145.62	143.85	129.12	112.13	97.01	119.37	111.15	102.78	120.40	145.02	91.34	118.34	93.26	21.79	55.04	120.05	0.01	112.78	104.46	93.94	91.47	1.01	81.58	104.26	140.04	127.84	84.59	99.37	108.67	113.74	103.50	136.02
QG37_04029	139.90	113.72	86.04	71.55	125.69	105.35	98.47	112.11	111.60	91.26	91.39	107.80	107.38	102.67	102.91	123.13	132.74	152.28	133.33	121.16	123.28	118.78	150.96	103.26	131.70	163.43	94.13	139.30	108.06	21.54	45.10	127.57	0.00	128.82	105.01	82.20	114.86	1.00	101.84	135.24	154.96	159.35	110.12	101.32	126.68	127.58	95.80	143.11
QG37_04030	113.10	97.96	54.57	50.43	79.62	99.14	86.16	83.58	102.41	88.70	75.80	82.19	74.54	82.84	70.48	108.90	109.84	119.78	126.35	88.55	97.75	97.02	116.42	80.51	93.30	112.22	96.12	100.16	93.04	22.53	38.91	113.94	0.00	106.95	92.92	79.65	93.32	0.86	77.36	95.11	118.53	105.20	74.01	75.95	95.74	107.50	74.74	101.21
QG37_04031	103.53	95.49	58.27	62.36	99.72	98.54	87.69	87.22	95.48	83.65	73.69	88.73	66.85	93.53	77.60	80.64	103.49	133.68	113.51	98.76	114.36	91.75	115.64	79.77	97.38	125.26	68.02	118.27	75.74	13.56	38.78	117.15	0.18	89.81	94.00	90.03	90.34	0.85	81.43	105.82	102.10	100.46	75.12	46.10	66.02	56.00	61.41	70.56
QG37_04032	105.50	92.88	58.99	62.89	97.18	98.58	101.11	90.48	115.89	81.30	76.76	75.28	76.52	104.87	85.51	100.62	113.55	129.35	127.43	105.10	114.78	102.92	109.77	87.52	95.54	139.07	92.72	114.89	77.17	20.48	54.25	111.75	0.00	90.77	97.69	77.42	80.85	0.05	80.01	107.74	134.64	99.20	80.08	74.20	96.43	83.54	92.56	101.85
QG37_04033	100.06	86.54	67.40	66.77	97.15	94.57	91.58	76.39	108.35	78.73	80.43	70.36	71.72	85.63	79.68	102.41	125.81	127.53	112.86	90.11	104.36	95.67	110.59	83.69	113.91	104.38	81.34	101.49	65.93	16.49	42.59	121.93	0.00	84.85	100.29	76.11	80.58	0.00	89.45	96.79	117.48	89.13	74.39	84.44	90.87	81.80	99.07	110.83
QG37_04034	93.27	88.90	53.96	63.88	100.67	87.19	86.33	86.70	94.81	79.66	74.29	79.40	68.97	81.38	89.07	94.02	117.46	139.65	94.87	93.53	93.70	85.78	101.31	95.15	94.71	124.23	74.15	101.46	75.94	19.55	39.16	87.64	0.00	108.04	87.01	88.73	83.44	0.80	76.66	98.38	113.91	103.01	74.11	83.49	100.61	77.07	80.36	93.26
QG37_04035	104.13	103.91	55.50	51.70	91.61	125.89	91.96	107.11	95.02	89.19	65.86	72.69	82.09	88.73	95.59	103.07	141.86	147.06	102.89	97.55	106.19	109.50	121.14	83.70	109.58	124.72	70.47	110.85	91.24	12.86	39.05	99.25	0.34	93.35	101.81	77.75	109.19	2.74	91.59	100.42	137.99	101.40	86.18	72.43	108.16	76.97	82.42	104.21
QG37_04036	131.41	106.80	60.52	61.77	98.77	101.85	98.55	117.65	107.46	92.74	70.21	82.58	81.80	87.40	82.63	106.46	139.00	148.58	105.83	104.96	108.98	101.69	119.90	94.74	103.58	117.61	75.79	100.28	94.78	11.66	47.98	101.60	0.98	92.06	109.82	85.11	111.30	1.12	84.48	110.75	121.48	123.39	87.28	86.63	97.35	93.10	95.06	113.50
QG37_04037	119.58	104.48	59.22	64.70	97.81	100.29	99.56	94.80	112.33	84.69	84.18	82.03	80.32	88.82	87.13	98.44	115.45	135.96	113.60	99.65	102.64	99.64	114.10	88.00	105.21	121.71	86.19	108.82	87.45	20.63	40.28	103.17	0.51	102.46	95.94	86.52	90.85	67.38	79.50	105.57	118.20	101.35	80.60	81.84	90.85	96.02	82.26	121.78
QG37_04038	119.11	114.49	82.94	66.06	111.85	102.91	97.31	127.48	121.28	100.55	82.98	84.89	88.59	111.17	101.24	126.15	124.87	131.69	136.72	112.35	108.96	120.17	130.01	102.42	106.72	118.09	92.89	125.79	116.55	22.74	55.95	111.93	0.85	115.85	123.43	93.13	100.08	115.88	99.98	118.66	127.38	127.38	91.97	91.54	106.07	109.57	96.52	124.52
QG37_04039	111.25	100.55	56.22	64.31	94.09	101.61	92.93	100.73	101.62	98.53	81.16	81.71	75.83	91.38	87.19	94.74	120.27	128.72	109.26	101.67	102.31	101.55	103.98	97.54	95.73	112.73	83.58	105.48	82.87	21.96	43.29	103.82	100.86	95.01	95.25	78.73	91.49	90.13	85.73	99.43	120.06	97.82	77.60	71.35	90.39	95.29	84.84	119.69
QG37_04040	117.91	123.62	83.58	69.63	120.66	118.79	107.51	108.72	120.99	105.83	86.23	89.40	101.01	108.91	103.50	106.57	139.22	135.12	133.37	123.05	109.50	116.05	130.15	92.44	111.94	137.78	102.31	115.78	97.99	18.27	56.12	112.91	131.23	113.18	113.64	97.23	105.51	105.74	85.43	116.93	135.92	118.69	82.94	81.56	116.35	104.52	93.47	154.85
QG37_04041	100.34	96.33	52.32	59.05	86.32	86.12	95.12	89.28	102.94	89.56	79.62	83.28	86.85	75.99	99.29	94.26	116.24	109.33	96.56	84.42	99.79	82.77	98.48	73.49	93.62	94.67	74.95	87.95	73.26	19.01	39.04	93.52	87.38	89.73	88.40	77.83	91.57	96.20	86.96	121.61	116.96	119.80	88.54	86.78	100.65	105.26	105.11	113.38
QG37_04042	118.56	105.49	50.66	67.38	108.40	103.40	97.46	108.15	146.96	95.66	75.16	74.34	82.44	100.00	82.11	98.41	130.73	131.31	110.25	99.73	112.20	98.67	126.46	94.24	106.56	135.23	94.33	134.38	83.69	22.41	47.69	100.92	114.23	112.28	92.07	87.33	100.77	100.56	69.34	115.47	126.95	120.43	86.11	57.49	70.78	67.16	45.65	72.98
QG37_04043	110.87	86.89	52.54	64.24	82.12	93.97	83.62	87.98	109.99	80.03	70.89	64.85	71.91	80.90	83.48	99.44	110.88	134.28	103.79	85.48	99.48	80.76	101.71	82.03	101.58	119.90	77.43	104.97	81.84	15.05	40.52	101.22	91.26	89.10	94.26	74.96	86.40	94.40	71.38	101.35	99.88	102.36	68.90	75.24	78.62	88.13	84.34	124.02
QG37_04044	95.06	111.85	59.16	60.94	88.91	102.84	105.81	100.75	99.98	86.90	80.54	71.82	78.49	93.58	95.05	93.00	119.64	119.46	113.64	87.97	106.65	92.52	124.32	80.00	84.35	123.32	81.86	93.78	64.48	16.81	45.70	101.86	104.39	105.93	87.38	89.17	81.85	87.42	81.01	98.95	117.50	106.65	68.32	74.86	109.29	96.69	96.74	111.46
QG37_04045	66.78	72.65	55.30	49.73	67.69	71.78	82.58	69.41	94.17	79.64	45.05	55.80	68.79	70.49	63.92	84.65	90.80	99.44	83.37	74.38	73.32	68.00	76.59	67.03	76.94	84.74	61.54	82.12	59.96	16.07	41.41	79.35	82.97	73.88	65.61	69.04	67.01	70.47	66.81	86.64	89.31	99.60	69.90	68.71	83.78	91.75	81.91	105.09
QG37_04046	115.75	129.86	66.06	65.94	115.13	93.91	116.58	108.72	122.97	79.24	90.67	76.66	105.00	118.75	110.82	114.59	150.90	151.73	138.58	108.38	126.48	116.10	137.12	104.68	131.33	131.72	121.06	132.57	95.28	23.50	70.63	113.83	118.08	117.15	95.83	78.84	98.79	112.99	87.33	121.23	124.15	125.22	93.28	83.56	107.86	125.81	98.28	140.82
QG37_04047	120.85	114.28	69.38	62.38	108.23	95.47	99.79	102.42	115.39	93.68	78.83	95.60	88.05	101.21	92.56	109.36	122.52	139.51	119.48	100.71	105.47	113.04	132.10	99.56	112.84	134.83	101.07	118.16	104.05	26.43	70.02	119.70	121.16	108.51	99.86	80.02	95.91	100.94	83.31	113.23	129.01	123.68	91.04	76.35	105.60	101.73	96.64	134.88
QG37_04048	124.70	121.01	67.82	70.52	93.00	119.67	105.20	108.54	135.79	87.79	79.90	110.11	93.36	93.06	127.77	100.07	125.39	154.40	146.65	102.50	115.04	120.15	111.54	110.13	138.17	152.96	84.64	122.00	119.89	25.37	69.81	118.62	122.79	123.48	112.51	90.50	98.60	120.73	89.09	135.36	132.60	141.62	92.98	92.39	117.97	118.27	106.95	160.20
QG37_04049	100.98	96.87	57.38	61.18	83.54	98.68	95.24	94.33	114.51	96.63	77.88	82.37	84.31	101.40	99.50	102.57	128.52	136.45	112.79	88.33	109.56	109.77	101.15	81.39	118.90	127.56	74.82	103.02	84.09	26.81	70.75	96.90	119.36	92.53	92.21	81.17	96.00	110.97	77.30	98.63	108.11	98.55	74.16	76.66	96.45	92.47	83.34	127.59
QG37_04050	100.27	113.72	62.30	66.48	106.75	102.43	100.93	110.47	114.47	82.34	76.57	85.14	75.81	88.46	83.56	113.82	129.21	133.30	122.19	93.20	110.50	111.59	120.96	84.21	108.28	129.31	94.94	100.00	85.53	22.44	60.75	91.84	113.37	92.97	103.31	87.31	104.45	103.88	92.53	116.83	134.86	113.60	92.15	83.35	98.64	104.77	80.22	118.98
QG37_04051	95.97	108.07	60.07	61.04	86.50	93.13	101.52	103.29	111.51	90.10	77.88	98.31	89.15	95.63	87.45	99.67	121.59	131.72	125.13	90.92	110.70	104.88	117.62	87.51	101.09	138.25	80.91	116.43	85.18	22.79	68.50	107.41	117.13	98.28	106.31	74.60	86.59	105.33	75.30	110.97	131.76	111.56	79.88	69.87	110.89	98.66	87.20	131.81
QG37_04052	124.66	139.94	77.86	84.35	111.30	126.79	122.80	137.19	140.81	113.48	90.84	109.61	104.72	116.67	117.98	127.59	149.75	154.83	150.13	121.33	118.52	129.27	135.77	115.43	148.29	154.49	112.90	134.62	113.45	22.64	81.77	125.66	140.10	131.18	121.71	104.19	111.84	126.14	106.15	130.43	144.47	146.43	101.51	93.49	135.11	122.75	115.88	157.47
QG37_04053	117.00	130.89	68.29	60.36	112.09	109.86	105.00	116.41	123.27	108.56	75.79	82.86	90.67	104.39	99.27	108.72	126.01	146.49	113.85	106.56	114.16	108.45	110.52	93.86	118.47	144.48	96.60	119.72	95.32	31.84	63.05	111.83	127.50	108.40	110.88	93.76	99.12	109.50	86.87	122.13	147.74	121.59	88.37	83.22	112.95	103.15	95.22	135.96
QG37_04054	94.11	92.62	47.72	54.39	76.52	74.73	89.04	83.05	103.11	89.62	65.91	68.96	94.07	69.03	84.81	86.88	106.64	119.81	118.21	90.56	104.07	101.36	122.86	82.79	82.26	94.98	79.82	84.90	83.98	20.72	60.28	93.44	72.84	105.03	88.44	76.05	81.92	86.58	66.52	74.75	83.51	74.93	65.64	70.20	94.23	89.30	80.18	112.54
QG37_04055	124.53	117.61	66.23	77.15	98.51	100.01	112.94	109.48	115.84	95.51	82.78	90.19	98.80	98.86	101.29	119.35	136.14	160.87	137.08	102.42	118.92	118.23	120.92	96.21	102.35	129.37	99.05	126.64	100.15	29.25	65.48	109.54	125.16	107.72	101.92	95.23	113.34	118.95	95.63	110.18	128.00	126.57	86.50	95.37	115.84	106.52	95.42	137.87
QG37_04056	99.21	112.46	54.81	62.34	87.03	102.67	92.83	98.65	99.81	83.89	74.97	79.79	89.08	98.74	93.30	98.07	119.31	132.06	121.53	95.97	113.32	102.66	111.15	87.51	106.70	115.26	83.55	106.73	89.11	25.75	56.97	102.38	116.12	112.41	91.33	81.06	91.08	100.55	83.60	112.81	129.00	107.45	74.81	84.25	97.20	96.94	82.61	128.59
QG37_04057	105.38	98.06	64.94	74.59	89.83	95.07	113.78	119.28	117.44	91.16	78.80	86.23	84.97	96.06	97.58	121.24	131.41	118.99	143.06	111.08	112.38	95.60	115.02	96.16	103.75	123.12	99.90	123.21	84.01	20.89	60.93	120.76	108.87	138.18	125.49	125.64	101.93	100.43	98.15	120.61	150.69	126.73	95.92	103.12	116.96	108.29	95.71	135.27
QG37_04058	113.74	103.91	69.21	74.68	100.26	109.89	97.60	115.16	113.41	86.41	85.07	89.12	82.66	106.96	99.14	118.63	116.59	110.89	118.32	112.41	117.30	86.15	124.05	98.37	102.98	121.63	97.80	115.95	86.02	30.88	58.75	126.31	105.19	125.29	123.39	103.18	75.69	103.73	95.32	108.06	140.94	117.29	99.06	90.64	117.82	101.52	93.46	157.94
QG37_04059	124.65	118.77	60.22	60.89	101.55	107.29	113.74	101.61	121.24	92.61	77.59	79.61	87.00	93.22	87.19	100.19	127.55	134.87	136.79	106.83	119.82	112.85	112.80	94.88	116.41	118.30	82.96	118.72	92.85	24.62	61.36	101.73	119.26	112.47	95.38	88.03	98.70	100.22	80.90	121.94	136.02	114.26	81.01	93.71	110.36	109.66	95.18	126.64
QG37_04060	125.13	122.93	70.21	71.42	109.69	108.27	110.55	115.17	126.29	103.14	88.73	101.66	94.09	97.14	101.07	119.84	135.96	152.46	142.24	116.93	117.23	119.37	135.37	102.25	124.57	149.00	98.49	131.20	105.25	28.19	71.56	128.31	130.78	119.86	108.93	93.72	95.08	107.77	91.95	118.47	150.16	128.92	96.68	89.44	117.97	114.13	101.02	140.49
QG37_04061	89.83	99.35	54.86	65.87	96.00	83.97	84.55	86.78	96.98	77.45	64.54	72.73	83.65	80.24	84.54	88.18	102.14	128.79	109.67	89.05	95.01	92.06	102.80	79.87	90.48	114.10	68.68	97.12	73.35	21.38	55.15	93.57	91.43	90.63	92.26	69.99	87.47	93.11	65.63	91.21	107.49	94.35	66.45	79.58	87.44	95.34	70.98	111.84
QG37_04062	103.67	126.11	69.21	68.03	98.34	118.62	103.96	116.93	118.05	97.71	91.96	88.63	84.34	103.49	103.99	112.48	132.16	148.25	128.43	101.52	120.68	112.59	141.05	100.78	113.45	145.63	97.41	129.72	113.13	29.14	73.15	112.61	123.99	125.85	96.00	99.26	101.91	107.64	86.59	112.09	124.78	118.50	90.36	84.66	104.17	111.75	100.13	146.89
QG37_04063	153.07	131.63	82.77	74.88	106.40	114.00	107.57	100.68	130.67	94.96	98.69	90.56	105.22	97.23	106.99	120.40	135.83	142.13	134.71	118.85	138.00	125.86	115.71	104.50	115.19	137.54	117.39	148.51	93.05	23.64	74.87	120.56	140.92	118.31	103.26	92.51	115.66	119.92	83.59	138.48	148.65	112.37	101.47	89.05	114.56	114.35	97.84	130.75
QG37_04064	101.28	108.15	68.04	69.69	111.82	97.63	103.05	100.59	115.98	97.74	77.22	94.98	82.75	95.31	94.20	97.05	135.10	136.53	131.67	114.55	119.03	107.90	108.95	88.70	108.87	142.93	88.39	111.07	88.74	26.24	64.11	108.42	109.99	105.28	92.23	73.67	95.19	102.36	94.29	99.02	122.95	113.58	84.95	95.47	117.21	103.79	94.58	127.36
QG37_04065	121.66	115.80	69.40	77.54	106.96	99.75	100.23	108.47	116.43	101.82	84.13	82.98	92.77	96.81	96.72	113.68	120.41	145.65	114.82	107.23	119.44	112.44	113.24	97.72	113.22	128.62	90.99	114.16	93.68	38.32	75.57	114.44	124.74	109.81	101.15	83.96	92.85	104.62	83.04	104.88	115.62	113.93	85.02	84.35	93.56	104.68	89.23	135.09
QG37_04066	113.83	105.31	64.42	57.93	89.17	102.42	108.08	94.47	105.77	90.02	76.53	80.91	83.89	94.66	91.55	107.25	122.01	120.93	108.39	103.00	94.71	112.20	107.49	90.38	97.00	113.92	83.09	103.10	78.61	27.75	61.31	107.44	115.87	105.91	96.49	84.94	98.17	97.69	83.87	109.86	120.59	108.90	77.63	92.35	103.75	99.60	98.66	123.06
QG37_04067	83.55	98.13	63.42	59.12	92.19	77.46	91.36	92.68	91.40	87.90	74.57	68.89	77.42	85.70	84.92	94.15	101.20	110.46	94.96	86.03	105.03	86.13	94.45	79.06	93.69	108.38	74.22	94.08	85.07	21.47	58.12	90.07	84.80	88.05	95.66	79.69	83.65	94.33	69.00	93.37	97.08	86.19	64.31	68.32	77.57	103.40	90.98	121.22
QG37_04068	149.90	120.90	69.81	65.09	108.71	90.15	98.57	118.88	120.64	107.90	87.01	92.03	86.14	101.87	97.11	123.96	148.77	145.24	135.42	119.68	128.17	120.83	120.93	89.62	123.85	165.66	103.54	122.26	98.24	28.11	79.92	138.48	122.40	118.33	114.29	90.38	108.23	118.55	83.96	134.34	141.94	128.72	101.41	92.32	103.20	132.78	120.17	140.45
QG37_04069	155.31	127.56	71.26	84.95	128.08	118.25	122.34	102.64	139.90	135.06	85.45	95.60	91.28	113.99	110.54	126.10	160.73	158.19	167.35	126.34	131.06	116.08	147.31	105.88	138.42	152.67	104.35	148.88	115.50	29.02	76.92	129.04	142.74	142.35	108.05	100.77	121.73	109.42	87.55	127.18	152.55	117.19	107.65	81.56	108.89	115.72	104.86	156.01
QG37_04070	122.91	131.77	69.15	72.71	113.16	109.16	114.47	113.76	122.75	108.74	92.53	98.79	89.94	107.74	96.65	109.86	135.91	150.25	134.05	114.81	127.75	124.53	127.49	102.87	114.34	142.22	104.94	123.94	98.66	33.22	68.86	114.25	135.20	115.78	110.77	89.51	101.09	110.69	93.47	116.16	145.74	125.40	91.28	89.84	109.91	114.00	100.62	141.70
QG37_04071	133.19	132.87	74.76	76.42	121.57	118.19	119.26	125.12	124.91	116.55	95.79	104.90	109.59	106.06	108.87	124.62	150.04	157.08	146.71	118.18	129.11	125.05	139.32	104.35	126.98	150.82	108.15	138.44	110.74	32.49	72.73	125.53	145.43	124.01	117.30	93.56	108.96	113.91	98.17	128.81	147.49	133.03	101.38	89.59	120.07	117.28	112.07	143.47
QG37_04072	126.60	124.49	69.59	74.02	109.76	107.77	111.67	112.39	123.74	96.98	91.96	88.12	100.53	97.70	104.87	119.60	143.24	142.39	131.60	118.00	116.06	117.21	131.39	104.01	124.47	135.00	96.52	118.01	101.97	27.93	67.97	122.34	112.60	123.31	111.97	96.99	109.11	122.57	96.83	111.30	143.52	118.55	89.97	91.59	100.46	107.08	101.61	121.65
QG37_04073	56.04	50.95	16.35	24.63	40.27	34.72	37.82	32.56	39.91	33.07	29.14	26.12	28.84	36.53	30.39	32.78	48.54	38.19	40.32	43.86	37.65	33.32	38.32	26.95	37.98	45.48	36.44	33.86	35.85	11.91	22.24	45.31	55.64	43.32	31.34	33.32	36.82	44.10	29.59	41.37	48.56	49.45	26.62	54.60	62.78	52.29	46.14	72.65
QG37_04074	63.75	59.30	27.47	32.30	55.24	60.86	48.12	60.18	62.13	54.63	42.03	45.72	44.86	56.98	48.38	61.57	68.06	50.27	65.63	54.39	53.44	53.08	51.01	36.75	38.68	74.68	48.75	58.73	44.14	15.56	28.37	64.69	93.19	75.07	75.61	46.97	74.03	71.74	55.40	89.19	80.04	101.06	70.84	59.42	88.28	70.28	78.56	97.84
QG37_04075	78.18	85.54	36.97	51.50	78.36	83.63	72.62	89.27	89.01	63.76	64.88	61.67	69.93	79.01	69.03	87.86	95.11	92.82	93.18	68.38	86.20	75.50	95.37	86.16	82.80	97.27	76.24	92.11	71.23	26.54	50.69	79.41	85.31	91.15	85.22	66.08	70.75	74.99	70.18	78.23	99.94	90.38	63.05	68.14	87.59	74.63	74.85	101.71
QG37_04076	64.44	35.37	28.43	33.32	33.96	31.29	24.03	33.60	51.71	34.78	32.42	45.56	43.37	43.24	27.48	37.48	43.69	48.08	31.01	41.81	41.91	40.32	37.30	35.47	32.02	39.57	35.18	36.86	23.42	8.42	23.63	32.53	38.12	51.80	27.90	36.19	40.63	36.10	35.86	35.60	39.22	40.59	35.37	9.96	8.10	10.67	8.80	10.12
QG37_04077	41.70	54.26	33.17	39.19	51.37	48.26	49.60	47.48	56.56	46.88	42.55	47.31	48.74	58.99	44.29	57.14	68.35	67.58	54.39	50.89	52.61	56.41	59.76	48.93	52.58	57.87	44.85	57.42	48.79	15.69	32.16	53.70	67.40	59.89	55.32	47.70	56.13	60.56	41.62	65.43	68.74	57.41	54.26	46.12	54.66	52.04	39.36	72.35
QG37_04078	99.62	88.08	43.56	48.37	87.66	68.31	92.33	103.48	103.90	100.63	76.15	81.62	92.23	85.54	87.32	91.01	111.95	121.55	122.71	82.14	79.39	86.88	104.99	83.71	107.72	94.44	86.06	89.18	85.13	22.54	51.62	97.84	120.15	81.60	76.96	77.02	91.81	95.41	70.51	100.64	94.97	88.51	68.08	61.67	94.77	103.62	57.85	151.28
QG37_04079	123.93	97.44	63.32	56.24	91.95	88.58	101.49	109.52	108.73	90.10	75.45	77.93	85.36	96.18	88.91	93.46	132.15	145.14	109.89	92.38	87.68	80.08	120.81	101.24	119.79	101.98	86.23	88.52	82.90	25.60	56.37	92.69	100.23	91.21	89.23	74.80	76.30	78.64	63.21	114.29	105.90	110.07	77.87	67.50	96.82	92.21	82.62	123.01
QG37_04080	101.17	95.07	46.77	67.36	84.45	83.68	79.24	87.18	115.88	78.69	74.41	70.62	62.01	78.95	84.03	86.72	113.34	104.01	114.51	88.03	85.86	87.59	124.54	90.19	94.03	97.29	68.56	81.15	78.87	28.14	46.93	89.42	101.71	83.90	90.75	85.92	70.46	93.49	69.14	98.15	93.95	98.33	72.41	74.20	82.37	90.12	81.91	103.74
QG37_04081	85.41	104.25	44.57	67.36	86.70	103.10	103.43	88.37	112.62	89.22	73.29	77.62	85.65	86.95	76.54	100.73	111.76	107.68	113.39	93.88	99.42	109.73	118.17	97.31	100.83	105.07	80.21	95.15	86.26	13.07	52.85	86.93	111.35	93.62	105.32	100.21	84.35	94.19	92.31	117.22	112.39	112.39	97.35	75.55	95.98	87.19	78.24	111.90
QG37_04082	133.61	116.24	52.17	73.07	89.71	111.03	112.30	108.08	119.47	94.41	78.39	77.91	102.79	108.10	89.22	103.76	136.08	128.40	131.25	106.06	122.19	120.25	125.01	118.49	96.24	121.14	98.03	119.62	88.48	19.76	58.44	96.61	114.26	114.28	116.24	80.52	103.53	98.18	99.85	125.64	133.08	136.63	88.19	88.94	114.06	107.01	80.58	132.90
QG37_04083	102.10	101.29	50.25	57.14	81.05	89.96	74.13	83.46	110.88	88.60	63.73	79.53	56.42	92.60	90.34	92.87	111.60	134.33	99.07	75.07	72.77	97.51	114.25	89.98	101.69	101.54	64.97	94.32	94.46	24.59	50.99	90.01	76.03	86.36	74.12	67.45	82.67	83.29	67.53	83.13	117.50	89.16	67.51	70.37	96.38	74.25	73.31	98.28
QG37_04084	88.61	115.52	58.33	61.42	82.95	86.75	88.18	91.16	115.84	102.73	72.46	76.83	71.49	96.34	88.62	89.13	103.40	124.35	104.80	84.68	112.33	113.47	118.42	93.17	105.70	134.12	64.36	105.12	86.97	20.13	54.39	106.46	109.47	107.99	76.09	75.36	80.36	97.55	85.60	90.91	127.64	86.84	91.07	65.80	92.51	83.10	72.95	120.42
QG37_04085	80.03	102.93	53.27	60.47	86.51	82.27	103.24	83.98	107.84	74.15	73.96	70.69	84.93	78.62	84.37	104.07	101.20	128.65	103.70	96.43	109.21	99.25	133.56	87.27	101.73	135.68	91.70	106.26	91.51	25.59	56.90	110.64	105.27	107.02	97.26	78.42	86.05	94.84	78.71	93.65	114.66	106.10	76.07	76.78	92.83	92.76	87.34	144.97
QG37_04086	108.83	75.02	50.84	62.10	72.74	89.37	80.69	90.83	104.97	76.63	70.18	68.49	69.30	80.14	81.29	73.85	102.01	120.70	94.82	102.26	105.64	97.61	121.04	79.76	117.05	102.94	59.26	104.71	65.61	15.85	49.42	88.35	94.51	98.53	60.09	79.06	82.76	103.08	76.12	104.21	117.19	103.02	78.11	71.74	95.20	78.79	82.60	100.55
QG37_04087	143.37	118.26	59.87	70.82	119.37	114.09	124.32	122.67	117.86	95.51	117.93	97.66	101.34	106.59	105.20	114.44	142.48	159.40	124.28	119.60	119.37	131.94	124.24	108.85	133.44	134.82	105.56	135.88	91.18	27.88	72.11	129.78	136.17	115.15	78.87	91.83	94.68	100.96	90.33	133.15	142.99	132.06	79.60	78.82	94.50	79.60	82.26	127.62
QG37_04088	110.62	111.69	69.51	71.17	90.56	86.87	84.07	107.83	119.76	83.44	82.85	85.91	87.15	105.63	96.33	101.93	136.48	146.29	127.79	107.16	110.23	110.14	119.57	115.91	118.62	149.33	86.40	111.45	102.45	23.85	67.45	118.43	122.56	100.13	88.38	92.19	92.00	112.95	81.33	107.05	113.18	101.51	86.20	80.21	86.04	113.45	87.67	132.79
QG37_04089	118.17	122.19	72.59	67.02	109.13	111.70	108.59	118.79	132.41	91.79	86.61	81.17	92.87	96.97	87.43	117.45	132.77	157.97	147.85	108.27	139.67	111.38	131.45	114.82	124.14	141.71	90.42	124.88	109.09	21.09	71.48	114.36	125.79	122.83	89.87	86.93	96.35	106.45	78.42	101.22	113.31	98.69	88.61	78.47	99.58	121.86	110.13	124.95
QG37_04090	131.69	123.25	71.23	71.62	103.05	94.17	102.49	103.34	132.13	97.47	82.96	89.88	99.83	95.40	110.48	124.50	123.67	148.17	146.31	103.32	104.79	118.60	122.30	105.41	115.18	121.98	104.68	110.37	101.38	26.74	61.18	114.94	115.42	119.36	99.40	81.50	99.01	99.14	91.15	119.31	114.34	114.17	84.34	92.15	111.56	106.80	92.55	117.38
QG37_04091	106.93	114.59	67.42	63.00	100.64	112.59	105.53	120.41	117.92	102.19	86.17	87.78	92.02	110.51	96.66	95.20	132.67	136.69	117.26	113.80	118.49	107.23	125.70	90.86	114.59	131.50	105.47	121.88	87.82	22.83	62.77	107.80	115.07	104.54	106.35	93.28	98.61	113.24	83.41	126.88	142.46	117.15	93.15	83.49	101.50	104.00	95.55	117.51
QG37_04092	77.75	98.88	50.10	53.15	94.95	81.87	84.84	83.89	90.51	78.17	64.17	71.07	66.36	81.36	70.82	78.57	108.49	106.02	115.81	88.30	83.38	91.43	87.51	68.10	118.04	117.55	73.71	98.83	74.03	19.99	59.86	86.56	114.05	83.91	59.50	60.30	69.46	80.22	66.36	84.29	94.78	97.05	62.86	90.35	102.38	84.80	89.99	138.89
QG37_04093	118.82	134.90	70.44	78.38	128.86	125.70	94.10	108.19	120.56	121.31	83.95	94.45	98.96	98.18	95.67	109.64	119.93	160.73	128.43	120.06	112.98	127.09	126.14	95.52	120.75	150.98	117.16	108.22	100.30	22.53	72.77	123.02	131.28	125.59	96.50	76.90	108.52	104.47	86.36	114.39	115.81	124.55	87.17	98.38	105.84	110.38	106.39	153.60
QG37_04094	138.59	133.84	73.33	70.58	119.18	113.24	104.96	127.33	132.67	121.37	95.40	103.59	112.34	87.64	76.37	116.68	132.40	161.50	135.50	128.94	114.83	118.36	152.29	99.56	111.90	160.09	119.19	109.14	120.30	22.53	63.16	122.73	133.32	116.37	120.22	95.24	111.66	86.58	98.88	121.44	147.18	125.56	83.99	77.53	109.44	127.10	113.76	155.52
QG37_04095	114.45	127.61	61.21	69.88	116.49	114.40	107.48	108.94	124.70	104.54	100.50	98.89	97.13	107.95	92.53	116.71	137.64	148.44	145.00	118.37	117.57	113.45	130.10	106.58	121.61	134.81	91.72	118.16	98.37	28.67	67.90	117.05	131.06	113.44	102.54	87.10	91.44	115.47	89.74	113.02	138.28	124.40	92.63	95.68	109.72	111.61	91.47	149.65
QG37_04096	129.23	104.92	69.81	50.38	99.52	100.90	103.09	99.48	103.64	79.52	89.37	71.36	96.40	101.58	94.34	84.00	139.92	119.02	91.90	100.90	101.30	102.24	104.95	84.50	82.59	105.69	98.26	111.00	73.85	32.39	58.08	104.28	92.91	88.01	90.77	59.59	89.73	85.41	74.99	118.56	144.21	100.68	71.28	73.27	88.59	101.74	98.20	117.39
QG37_04097	131.35	110.28	80.31	52.13	114.90	103.43	113.22	103.53	121.27	106.12	84.63	83.03	88.14	129.77	101.84	108.26	144.07	126.01	126.24	105.23	109.75	114.23	112.36	99.92	107.72	114.87	92.37	115.77	102.58	30.81	78.45	114.66	92.42	111.95	106.51	88.57	98.07	105.03	83.89	119.73	139.76	119.76	82.36	72.25	117.11	103.54	95.62	125.65
QG37_04098	126.01	122.74	74.16	77.95	119.55	117.21	116.85	120.97	125.67	109.85	95.31	96.56	101.80	104.48	105.92	121.40	140.15	146.71	134.42	116.04	117.42	123.14	120.20	103.48	120.29	149.42	104.66	131.56	100.66	32.27	76.91	124.08	137.16	122.56	110.56	94.45	107.70	112.97	93.28	128.54	144.92	125.30	95.89	94.29	115.47	113.98	101.12	138.99
QG37_04099	110.83	119.75	72.13	70.50	104.63	108.19	110.05	104.52	129.75	108.68	81.01	95.25	98.36	101.60	99.11	111.41	129.30	140.26	130.94	111.77	113.93	118.34	124.81	99.48	119.19	130.34	99.33	128.38	101.06	28.33	66.33	116.41	127.30	113.48	108.36	88.82	101.99	106.87	90.43	118.62	131.12	130.58	87.08	92.04	110.69	117.91	94.47	139.27
QG37_04100	104.76	108.34	68.78	59.30	100.92	102.60	105.48	97.61	116.95	93.11	84.47	74.31	91.55	89.21	91.80	86.98	136.08	137.62	127.34	95.76	112.88	97.54	128.21	100.60	123.42	128.30	96.65	121.11	91.60	30.57	67.67	105.28	127.66	107.36	82.76	59.00	111.97	98.38	78.49	117.01	110.10	119.76	62.39	80.80	91.64	114.69	77.70	120.81
QG37_04101	116.74	102.77	66.45	65.65	99.59	106.14	121.54	112.98	128.03	89.56	83.31	87.10	95.28	110.80	108.84	115.01	128.87	155.37	134.41	112.29	128.14	110.99	133.69	110.44	123.16	138.94	103.57	120.78	85.72	31.24	64.91	103.05	131.45	132.70	82.56	77.16	105.48	109.70	83.80	121.63	149.81	103.36	86.62	107.08	110.70	110.79	107.30	139.28
QG37_04102	114.89	110.16	59.82	55.93	99.14	91.17	91.86	92.84	114.25	86.50	67.47	75.26	81.87	93.18	86.38	100.17	120.77	127.73	125.52	95.57	108.41	98.01	129.02	110.18	100.37	126.99	88.26	101.81	78.55	25.86	58.82	97.91	105.87	86.36	95.45	73.27	85.85	94.92	77.82	107.77	128.09	111.48	82.13	90.02	107.80	102.23	93.06	123.21
QG37_04103	122.59	111.53	70.76	53.18	100.28	108.56	87.83	95.14	106.52	85.73	75.43	75.85	87.19	101.12	102.43	112.43	124.33	127.37	119.15	95.40	96.26	106.31	124.94	108.01	97.67	109.42	78.21	96.01	79.66	24.03	66.55	99.43	110.82	100.28	108.36	79.24	99.70	105.23	89.80	105.81	131.43	106.01	89.35	92.71	96.07	87.56	83.83	123.73
QG37_04104	86.74	97.87	57.36	61.07	88.52	91.91	87.98	86.61	84.47	86.70	59.11	69.57	80.30	71.46	78.91	95.43	110.00	115.18	111.50	87.55	85.32	86.39	101.87	84.74	99.72	108.64	79.67	109.18	82.20	23.61	58.37	85.05	108.60	95.94	93.68	77.42	87.90	104.88	75.02	80.22	101.54	83.52	69.95	73.66	74.95	78.67	89.18	109.94
QG37_04105	116.81	126.04	72.71	72.28	111.79	111.60	107.10	102.74	120.74	101.43	93.89	90.21	100.75	102.57	104.45	112.53	136.89	149.67	132.94	109.22	116.50	126.14	124.02	96.14	123.84	141.87	100.36	122.87	100.94	27.21	69.19	116.38	130.28	112.16	111.64	87.44	105.17	108.65	90.41	118.94	136.33	121.38	92.95	92.32	113.25	114.20	102.28	132.97
QG37_04106	122.41	118.65	66.34	76.59	105.56	109.30	108.45	113.36	120.12	104.31	94.48	95.65	98.84	108.36	102.69	116.99	146.17	135.25	118.70	97.51	122.90	117.70	112.36	95.04	115.50	135.97	89.00	121.74	97.23	21.85	68.69	128.67	118.58	96.27	108.38	90.68	101.60	108.42	86.83	106.59	136.29	115.27	98.85	80.37	113.47	107.30	102.54	125.97
QG37_04107	109.19	110.14	65.97	69.71	103.32	95.72	100.16	112.54	116.55	101.32	90.56	82.72	84.74	96.09	94.15	115.73	127.86	152.76	112.19	100.29	108.93	113.41	120.63	98.17	112.98	130.31	99.40	118.03	90.59	23.06	70.07	112.60	128.67	113.23	103.34	81.05	96.61	103.81	81.58	117.96	126.07	117.44	92.99	92.11	111.72	105.40	96.87	130.00
QG37_04108	109.57	130.27	66.59	68.68	114.29	105.31	98.96	91.04	121.55	117.80	95.93	96.74	101.13	111.86	94.96	102.50	163.31	168.20	133.80	104.98	113.37	127.50	137.85	114.60	149.09	141.39	90.82	127.24	100.64	26.15	78.51	108.09	113.90	103.66	102.02	94.51	99.93	93.04	78.19	126.71	127.80	116.70	80.54	87.32	106.72	111.88	97.33	127.30
QG37_04109	98.01	135.95	56.87	62.91	107.13	91.04	89.19	90.77	119.25	107.82	92.28	99.42	106.64	101.35	91.39	105.58	170.68	148.21	125.62	114.98	123.68	140.95	140.22	106.97	120.86	145.37	89.68	134.33	86.00	34.93	71.55	113.42	134.09	103.94	108.08	80.17	89.17	115.74	77.79	102.34	135.21	128.59	84.34	98.45	92.67	103.27	103.76	136.95
QG37_04110	124.97	113.47	73.13	73.65	105.17	107.80	94.91	104.06	133.37	123.45	103.26	95.93	93.09	111.64	86.52	115.29	143.59	174.69	131.25	123.99	114.56	118.97	124.99	91.59	145.12	140.57	107.15	133.42	92.10	30.29	65.21	128.49	134.46	105.52	114.41	88.43	104.18	112.74	91.55	115.45	127.24	134.49	90.36	84.72	113.85	126.39	120.67	156.18
QG37_04111	109.16	115.07	61.45	62.82	100.38	94.29	84.74	101.27	110.12	85.85	78.63	83.33	82.37	88.21	90.48	99.16	119.58	129.26	120.49	106.43	110.77	100.02	116.64	92.23	112.59	122.95	85.62	100.91	87.28	24.41	55.78	103.28	111.44	109.66	102.90	80.98	91.61	93.35	73.83	106.76	116.75	116.42	80.44	85.51	96.77	105.16	90.26	125.86
QG37_04112	183.44	138.72	83.87	84.85	123.93	111.63	127.05	107.07	140.05	108.98	93.52	110.59	93.54	107.10	102.70	110.39	141.12	151.28	169.57	129.40	104.06	140.14	119.66	109.25	128.01	129.44	101.04	137.01	103.95	35.40	83.35	120.59	153.73	152.13	128.69	108.66	125.23	134.61	129.67	163.50	172.68	156.50	110.89	110.31	156.65	143.76	135.37	197.16
QG37_04113	102.18	100.75	54.13	59.41	91.24	103.18	109.49	107.90	109.06	82.54	79.25	91.57	91.58	95.93	96.19	111.00	120.54	141.00	131.07	101.74	118.34	113.00	126.92	92.77	112.74	125.58	88.65	102.40	79.96	25.78	70.54	110.67	135.15	113.83	109.25	82.44	94.39	103.17	88.48	108.36	127.14	115.62	88.63	93.64	101.13	103.51	86.69	123.68
QG37_04114	90.14	75.43	60.50	46.68	95.72	75.83	81.42	84.53	93.84	80.62	61.04	55.55	74.07	101.61	77.60	86.68	120.70	114.43	106.11	98.99	90.64	79.74	94.88	91.84	110.82	108.79	76.26	86.17	73.70	23.97	56.29	83.29	94.84	96.26	90.53	81.73	83.97	82.58	83.29	107.41	109.64	83.71	71.35	72.74	90.46	90.02	75.86	104.26
QG37_04115	105.75	104.02	57.75	58.96	93.89	104.37	86.80	99.16	98.52	73.86	73.65	78.19	75.16	84.80	81.55	102.64	119.64	126.41	110.47	102.23	95.60	103.30	101.23	97.96	108.66	117.02	83.27	98.76	71.83	18.55	50.75	98.99	101.42	98.77	79.09	67.09	73.41	92.65	75.94	99.51	117.74	99.59	72.19	81.45	90.20	92.14	86.94	108.94
QG37_04116	97.73	128.30	73.19	77.92	109.65	101.38	92.20	110.61	127.12	87.20	85.14	74.54	95.24	103.51	90.47	119.60	126.98	135.85	126.21	114.77	108.31	117.84	120.22	85.88	120.36	142.83	107.59	139.15	90.58	26.92	59.77	117.53	128.47	104.62	109.04	87.32	93.41	91.84	78.26	114.96	120.84	105.39	78.04	83.41	89.35	95.98	87.87	128.47
QG37_04117	112.62	105.08	64.82	68.91	99.02	98.74	104.82	106.36	109.19	93.35	79.14	84.89	88.15	95.35	97.99	105.12	126.88	140.08	121.70	109.36	102.68	110.50	116.94	93.67	111.09	129.08	90.04	111.27	94.28	25.73	66.48	107.92	118.23	110.85	103.62	87.61	92.04	103.86	90.44	108.66	133.30	106.64	84.96	81.28	101.15	102.30	92.99	120.05
QG37_04118	143.13	133.36	71.90	80.34	108.57	119.50	135.01	121.73	129.03	124.57	90.16	101.79	90.67	100.87	103.41	130.02	155.02	162.18	135.86	134.58	128.53	130.21	119.04	104.99	148.74	142.31	103.80	111.84	120.95	30.35	78.11	142.87	130.90	109.73	112.89	78.10	83.17	98.17	100.28	132.89	141.02	141.16	85.35	106.38	135.04	125.22	112.69	154.96
QG37_04119	124.93	124.16	71.58	73.01	118.51	112.46	113.53	120.99	126.42	113.06	92.90	94.02	105.16	111.36	109.44	117.45	141.45	159.67	146.68	121.83	132.51	126.07	132.97	111.60	123.66	147.11	98.04	129.85	106.57	30.87	72.11	122.81	135.54	119.07	109.01	98.06	104.85	120.75	95.03	128.46	149.91	133.39	96.77	91.10	110.76	117.43	98.54	147.74
QG37_04120	155.02	152.61	79.92	63.65	132.23	130.76	124.63	129.59	131.97	118.63	116.00	110.02	100.78	114.44	102.54	121.63	162.03	173.99	152.28	131.08	127.79	141.53	162.37	122.85	157.39	176.91	107.05	169.76	123.03	37.27	84.65	129.08	137.01	109.18	103.65	73.18	105.04	111.04	108.47	129.59	111.60	131.28	107.83	98.66	113.33	133.42	101.11	154.91
QG37_04121	135.00	132.76	77.13	65.80	126.95	120.41	109.28	142.04	138.48	123.07	108.50	108.47	98.66	114.85	110.55	113.93	155.89	163.25	140.00	122.16	149.85	134.30	154.71	110.25	133.24	173.63	102.95	132.81	124.61	31.03	87.23	144.58	138.34	133.30	106.93	90.29	97.03	119.96	97.76	137.72	143.43	130.79	95.04	106.58	126.03	116.55	112.80	147.92
QG37_04122	112.61	116.30	69.81	52.50	101.31	113.80	107.12	107.27	108.18	92.14	82.39	87.51	88.66	100.17	93.26	100.85	114.51	139.73	122.46	105.20	97.76	113.81	121.64	95.55	102.12	125.77	92.59	101.60	87.58	18.80	62.34	115.33	116.24	109.25	96.89	83.58	94.28	95.38	90.82	112.56	113.06	124.00	70.87	75.81	110.98	109.57	99.06	121.54
QG37_04123	124.58	134.14	76.14	61.56	108.57	122.78	122.60	132.27	154.64	132.09	105.83	123.40	117.21	112.92	109.40	127.92	148.98	157.17	148.91	121.85	105.69	134.49	148.94	102.28	118.77	159.24	99.66	144.37	109.67	26.83	81.11	142.37	139.36	121.25	122.19	98.02	110.30	121.39	94.54	123.84	121.99	130.16	98.15	82.66	106.04	119.06	106.06	166.06
QG37_04124	118.27	114.60	67.67	60.80	103.12	98.88	102.46	98.99	110.69	95.01	86.89	77.87	79.27	109.45	91.37	118.38	121.98	121.39	130.06	96.72	107.61	106.63	109.72	114.94	110.20	125.12	81.09	125.19	92.74	19.10	70.06	102.12	118.04	101.42	86.32	96.64	91.45	95.70	86.87	94.80	131.98	106.42	79.79	83.12	101.89	98.79	79.67	130.01
QG37_04125	133.26	121.06	63.94	83.61	119.55	102.46	92.13	88.27	126.01	94.59	85.63	81.28	87.92	121.07	88.08	95.11	126.51	116.56	109.43	115.36	109.75	110.26	117.87	111.82	105.42	129.02	102.23	125.06	103.06	23.07	73.68	114.91	126.37	100.66	97.06	91.69	94.80	90.39	92.31	103.76	141.94	96.35	76.94	94.81	109.84	101.97	95.08	135.74
QG37_04126	107.04	114.71	66.05	68.83	101.68	100.12	96.35	112.98	114.80	94.74	82.01	97.43	77.92	99.37	86.64	99.22	121.99	146.92	113.42	102.15	101.08	105.00	125.37	102.92	109.17	120.62	88.27	112.33	72.60	24.31	74.25	114.71	126.79	108.17	111.53	81.61	108.24	111.40	98.07	94.90	128.38	123.13	85.79	91.22	91.82	106.42	98.02	134.89
QG37_04127	101.80	148.84	75.21	78.56	117.02	119.69	97.44	121.11	128.26	86.50	85.98	83.70	105.07	119.67	85.99	138.93	138.94	149.26	120.91	116.67	107.76	114.07	141.36	94.02	149.98	135.31	101.99	140.24	96.18	35.71	61.22	108.57	127.74	100.31	108.01	83.46	100.81	115.46	80.97	136.38	147.50	139.38	95.42	78.10	92.83	115.56	85.74	105.79
QG37_04128	86.34	155.79	78.71	70.48	101.26	104.28	105.62	111.27	124.40	116.73	95.63	71.99	98.62	99.18	102.53	133.05	145.64	148.35	155.66	107.76	127.71	128.06	153.41	93.52	143.97	171.45	115.36	165.16	126.94	37.95	66.05	118.47	130.45	135.29	127.04	91.02	104.05	99.73	91.77	126.43	129.26	119.75	98.13	88.96	126.72	124.13	89.67	96.81
QG37_04129	90.82	94.14	53.80	57.10	90.48	89.23	81.38	82.00	99.64	82.21	68.77	78.06	70.13	81.86	87.38	81.82	111.13	125.82	116.14	93.28	99.35	88.74	114.74	75.42	105.77	114.53	84.63	107.26	77.07	22.07	53.04	97.28	101.30	95.59	94.69	73.91	76.90	91.10	73.31	102.42	119.89	100.00	82.71	80.69	94.92	103.37	83.31	115.60
QG37_04130	96.45	107.00	48.44	58.08	109.38	86.45	103.15	104.79	102.71	93.21	87.95	88.71	89.29	92.00	80.41	102.38	126.25	139.90	132.46	100.71	110.83	109.61	127.96	87.84	114.60	117.91	84.41	116.87	88.36	26.46	64.24	102.54	118.57	108.96	98.44	82.22	87.72	107.08	78.89	92.99	111.17	115.26	68.88	75.43	104.66	92.16	93.32	130.63
QG37_04131	82.23	86.23	39.18	42.59	71.55	80.36	62.33	74.43	74.10	87.56	54.50	60.77	60.26	77.48	71.84	72.63	85.09	91.76	90.97	65.77	69.91	65.78	94.98	69.80	74.81	65.59	56.99	93.19	57.89	23.21	51.41	76.32	93.73	77.57	49.96	42.79	65.25	57.64	43.73	59.83	60.68	65.13	44.78	46.81	53.20	54.53	51.50	69.64
QG37_04132	98.07	110.11	55.60	70.03	101.80	100.16	90.42	97.89	99.82	93.06	79.40	78.45	84.60	94.36	99.71	104.20	117.15	135.22	107.34	90.74	102.06	104.46	126.66	87.32	109.97	118.24	84.92	120.20	88.52	23.23	68.00	101.56	112.74	89.97	104.65	77.81	96.25	101.61	81.49	104.96	115.07	102.58	84.36	77.49	100.57	93.69	93.74	128.01
QG37_04133	99.08	105.25	51.20	61.60	71.81	91.58	91.58	82.06	100.79	73.97	66.18	72.86	86.79	80.72	92.12	95.79	104.55	113.66	108.35	89.81	94.74	98.54	107.14	94.19	99.06	105.59	70.00	97.20	72.78	21.25	59.85	103.86	103.94	94.73	85.29	80.13	81.50	94.84	74.05	98.17	119.04	92.13	81.78	82.02	96.30	94.15	83.79	114.13
QG37_04134	130.01	126.08	65.43	64.57	88.93	106.51	88.95	114.06	131.67	115.20	82.39	93.84	87.84	87.99	107.12	115.81	151.43	169.44	139.00	114.60	114.55	125.98	142.68	109.31	127.66	134.67	102.26	138.75	100.62	27.05	73.12	128.73	135.47	123.66	122.62	96.66	105.64	113.04	103.38	113.31	150.95	129.38	99.37	70.87	111.54	107.22	86.56	138.15
QG37_04135	114.37	116.27	67.40	62.81	114.01	105.33	97.34	93.81	133.11	103.58	86.00	101.84	90.36	112.71	90.66	111.84	145.17	158.43	139.66	99.71	125.02	112.52	124.85	108.52	124.25	145.62	98.27	122.24	92.47	33.60	71.21	98.21	126.11	117.55	104.64	99.32	87.09	103.29	86.15	123.58	136.62	128.90	89.48	87.61	115.23	115.83	105.84	152.56
QG37_04136	99.45	106.83	46.24	65.12	96.50	88.52	101.78	86.26	112.54	74.96	72.38	83.16	85.54	78.80	90.90	100.28	109.51	119.58	111.58	98.44	94.15	102.64	100.81	92.78	95.36	114.62	77.62	100.60	91.28	26.28	63.65	94.89	115.07	104.94	88.99	81.49	84.22	91.30	73.27	104.78	127.90	100.54	75.24	78.11	93.99	103.96	72.39	117.81
QG37_04137	37.33	85.19	36.44	39.33	64.54	55.06	72.61	65.39	84.30	54.93	48.98	63.32	38.29	63.49	55.71	74.94	90.86	97.67	100.28	62.58	59.49	79.24	74.57	70.24	79.47	80.20	49.18	71.07	47.11	16.77	40.04	75.25	78.79	65.63	58.30	41.40	57.40	66.93	58.12	66.81	76.34	77.33	55.17	74.56	75.36	74.03	54.21	112.41
QG37_04138	104.30	119.93	65.02	53.95	81.62	87.40	98.93	100.92	110.60	93.35	63.41	78.59	84.06	86.84	77.75	105.94	129.52	135.76	102.85	106.36	104.75	101.71	119.26	104.10	103.13	110.81	81.53	109.53	77.11	23.83	63.70	109.45	115.10	98.43	99.03	77.42	92.26	118.13	82.22	106.83	118.64	120.67	69.89	86.45	98.84	91.04	92.83	138.45
QG37_04139	99.45	99.10	65.42	62.90	92.29	96.15	96.18	101.82	119.74	95.50	91.78	96.11	78.93	97.63	93.96	102.71	133.21	141.91	127.74	106.53	111.14	98.08	105.54	90.60	102.92	113.55	91.92	121.84	98.45	25.16	75.18	128.20	113.97	96.50	102.25	97.17	107.89	91.75	60.81	112.27	108.58	108.20	73.63	79.07	86.74	91.74	89.48	122.04
QG37_04140	91.58	97.37	60.37	57.01	80.62	94.47	94.45	89.25	110.68	87.27	83.43	75.30	81.94	87.78	90.49	99.73	119.19	131.50	99.74	96.28	98.61	100.46	107.55	84.05	97.18	105.30	79.94	110.90	84.02	24.72	57.35	97.26	114.92	97.05	95.88	78.44	86.25	94.01	78.61	108.24	128.10	109.88	73.66	85.06	92.19	97.72	85.81	121.19
QG37_04141	100.09	98.26	62.06	60.00	95.94	101.97	103.30	94.96	94.45	88.90	92.41	70.77	81.10	87.60	85.44	109.87	121.27	117.46	114.73	106.71	99.67	105.20	103.33	85.11	108.76	111.62	72.81	108.34	76.70	21.40	59.24	87.59	108.77	100.79	95.35	75.79	81.94	85.84	78.13	91.64	100.92	105.78	70.17	80.28	92.91	92.85	88.61	119.55
QG37_04142	129.67	129.95	63.86	69.97	113.77	113.25	108.22	126.54	129.94	109.49	94.07	86.12	85.18	114.38	108.51	107.72	166.03	142.94	150.41	120.42	117.95	121.21	138.01	98.57	130.36	146.32	102.16	112.18	92.17	25.92	62.40	119.99	123.35	112.54	103.71	72.71	109.48	104.47	85.05	118.31	127.48	118.95	90.66	80.02	99.00	104.25	83.43	137.81
QG37_04143	139.66	140.34	80.92	84.90	130.41	125.18	134.04	128.40	144.68	117.05	103.52	113.06	114.45	107.53	108.73	132.02	153.63	164.44	147.44	128.50	129.06	130.72	153.49	109.93	131.81	154.44	101.59	141.20	105.30	30.07	72.84	127.71	141.02	127.05	118.42	108.49	115.71	120.99	104.72	131.71	150.10	140.86	101.86	96.64	121.15	119.77	112.28	140.65
QG37_04144	130.64	123.34	63.87	66.06	125.69	107.34	115.18	115.38	131.23	101.13	87.36	88.64	99.05	101.32	93.74	119.02	147.69	142.31	124.36	113.89	119.52	123.52	107.77	94.01	112.63	136.29	97.31	121.57	102.75	27.46	68.25	126.97	130.02	119.25	114.82	95.84	106.35	118.80	95.25	104.59	146.12	118.69	95.71	95.64	101.86	114.38	98.96	134.04
QG37_04145	135.00	133.03	74.39	74.27	126.22	121.18	124.47	116.45	129.85	118.51	100.31	101.95	107.32	104.01	115.67	127.22	150.93	151.24	141.85	129.41	127.51	122.45	147.90	105.40	125.91	142.60	104.82	137.22	117.12	28.33	73.72	125.44	139.59	128.14	123.22	106.58	116.46	124.46	96.80	128.47	148.87	126.92	100.88	104.39	126.30	127.20	102.77	150.33
QG37_04146	104.23	97.43	56.11	59.79	95.94	92.16	89.30	88.73	102.13	78.37	71.56	68.87	75.12	84.20	84.76	102.10	117.68	117.20	104.45	93.30	93.83	88.00	100.64	83.80	97.90	111.64	80.51	100.02	78.15	22.00	57.69	98.30	102.43	98.96	90.91	79.13	90.43	93.41	77.37	101.60	119.60	102.48	79.18	79.88	91.04	91.44	86.44	106.09
QG37_04147	99.79	102.38	64.10	65.29	97.46	82.20	92.03	100.12	114.50	90.11	74.72	85.34	76.42	95.85	84.32	106.08	122.24	129.04	125.62	98.20	105.31	116.30	123.93	89.39	107.78	117.34	81.86	102.11	82.10	21.62	67.38	108.67	107.69	101.26	97.87	82.76	101.66	96.80	74.69	96.64	111.73	104.22	88.92	82.23	102.93	104.00	87.63	129.64
QG37_04148	115.44	117.57	75.99	78.84	107.64	107.02	107.26	97.22	129.91	112.25	82.57	85.63	88.00	102.78	92.27	103.03	146.08	139.00	134.69	108.17	104.88	109.99	103.88	93.39	139.48	124.79	101.25	115.38	113.98	36.11	71.62	113.08	123.69	126.16	121.52	78.90	108.12	107.83	108.90	117.69	122.94	129.92	94.72	95.19	123.99	129.12	94.37	138.81
QG37_04149	98.38	108.23	61.15	61.13	90.20	111.60	88.59	110.07	110.19	95.69	81.56	75.62	82.12	103.39	83.18	94.01	118.20	136.53	113.08	94.43	100.60	104.96	110.19	89.27	110.94	120.98	86.90	99.16	89.02	30.88	63.15	107.13	115.85	94.94	101.68	74.26	90.55	90.27	77.10	111.21	125.96	111.07	80.18	85.99	97.14	93.45	99.48	116.85
QG37_04150	120.12	109.01	67.37	74.79	111.41	114.84	91.88	113.79	141.64	101.47	111.88	93.62	91.28	106.23	115.45	128.29	147.33	176.86	139.62	122.36	127.98	114.88	155.69	103.98	131.33	138.56	98.55	120.07	99.82	26.41	83.93	138.05	144.29	137.82	127.50	103.36	108.99	112.88	93.27	143.04	153.35	129.97	100.28	93.83	130.96	111.70	100.04	138.08
QG37_04151	131.76	108.50	62.92	62.91	92.71	87.32	73.15	88.99	118.12	76.98	96.02	79.70	95.98	94.71	86.01	115.68	105.09	148.71	123.41	104.64	126.61	99.49	123.45	78.74	116.88	123.14	73.55	99.41	83.24	18.46	58.62	110.39	120.79	98.75	93.77	73.13	103.82	96.41	77.42	124.57	111.26	111.95	73.09	87.19	111.85	82.64	77.92	127.21
QG37_04152	15.05	11.98	11.42	12.29	16.31	11.09	17.47	18.67	17.28	13.22	13.17	15.09	7.36	17.83	22.55	22.32	18.25	17.54	19.43	18.40	12.73	27.48	14.17	7.90	7.48	12.53	17.52	18.43	17.04	7.22	5.38	17.60	20.76	20.23	11.52	23.34	11.74	25.21	17.03	19.15	21.11	20.87	18.23	20.11	12.67	22.90	12.98	20.77
QG37_04153	126.79	121.64	60.08	64.22	85.47	86.05	86.38	111.45	100.38	89.43	88.58	85.15	95.59	82.60	86.30	97.17	125.00	145.03	120.58	98.30	110.50	109.17	111.71	107.99	119.33	129.17	96.99	106.92	95.02	30.44	62.62	108.20	108.86	96.26	111.42	92.59	100.70	100.27	88.76	116.39	133.47	110.80	90.28	83.79	107.25	114.14	105.34	138.99
QG37_04154	107.60	107.73	58.22	74.01	107.75	82.91	108.11	107.60	112.11	92.16	103.71	89.42	84.04	113.13	84.47	103.36	126.89	151.78	127.45	106.29	112.51	109.27	112.76	100.91	115.61	139.72	94.39	111.94	94.66	25.33	66.44	97.72	104.37	108.03	109.71	92.81	99.01	101.49	101.08	119.37	115.56	135.27	83.64	90.69	105.77	124.90	100.76	140.19
QG37_04155	95.67	122.84	40.02	61.31	97.40	67.45	98.76	94.01	91.87	84.31	55.50	70.32	82.39	87.17	78.90	77.12	119.19	121.87	94.87	81.46	101.19	104.68	89.49	88.47	109.55	111.54	79.47	88.73	72.60	20.82	53.10	77.84	97.10	94.15	85.33	69.78	87.81	88.59	69.22	97.10	101.08	90.99	70.00	68.21	90.19	80.97	67.07	120.34
QG37_04156	99.09	97.98	48.24	60.57	82.41	82.62	86.24	89.78	97.11	83.40	68.23	75.73	76.13	81.68	77.85	91.58	106.97	119.82	113.72	85.67	100.47	86.60	103.58	93.76	102.07	108.38	77.89	103.14	82.38	19.71	59.09	96.93	111.15	98.90	96.29	75.98	83.18	88.52	86.79	91.44	108.70	98.61	75.71	76.20	89.65	96.44	84.84	108.94
QG37_04157	117.01	98.95	52.15	55.52	88.39	73.34	89.95	116.89	96.67	86.39	86.62	87.91	85.87	75.49	78.92	85.63	108.20	146.51	130.39	89.39	107.46	108.63	119.42	97.44	102.13	108.72	93.37	111.77	97.86	16.56	64.72	103.15	118.13	109.97	111.42	79.95	98.38	99.06	94.51	106.44	127.09	94.03	87.74	73.44	88.68	123.91	91.87	121.02
QG37_04158	96.24	105.11	54.61	70.35	91.26	93.12	95.72	100.11	96.79	94.37	71.20	81.34	78.71	94.68	91.98	98.28	119.77	142.21	128.45	96.52	104.57	110.60	113.96	96.06	105.96	115.88	80.11	116.15	93.72	24.89	59.05	101.12	116.41	116.03	92.09	85.23	104.52	107.63	87.63	117.79	120.92	115.06	95.70	85.03	97.94	109.40	97.09	119.39
QG37_04159	127.11	160.42	80.84	77.03	136.40	108.25	98.18	110.87	132.29	119.99	76.65	116.75	106.44	126.17	117.17	125.68	151.25	191.05	174.27	122.75	128.63	151.27	134.66	121.35	144.46	189.53	111.68	152.71	119.67	32.60	76.76	151.69	159.84	140.58	111.44	85.68	118.27	122.65	111.31	149.88	157.97	135.48	116.50	94.35	144.72	125.79	128.74	151.55
QG37_04160	115.01	129.29	60.21	76.25	128.88	111.89	109.80	116.09	124.29	109.90	82.36	110.46	104.62	114.98	106.39	107.69	141.50	165.53	139.25	118.03	132.90	132.71	129.36	114.09	121.52	139.74	110.30	120.85	121.54	36.80	78.23	120.49	146.43	118.92	117.52	90.55	114.84	117.06	85.74	141.36	161.25	121.18	99.92	111.34	130.25	106.91	114.93	154.03
QG37_04161	107.02	106.30	52.42	68.14	100.90	95.73	96.43	90.04	116.58	89.83	80.61	79.29	73.54	94.38	89.23	90.73	120.14	139.51	118.06	89.26	116.78	98.20	126.11	94.26	94.07	115.98	87.02	108.77	80.00	19.36	59.98	109.23	107.62	93.09	88.54	77.49	87.75	94.76	80.20	108.04	115.28	111.10	78.59	76.61	94.70	100.55	76.86	116.72
QG37_04162	79.47	59.30	24.70	30.74	58.85	60.60	57.85	45.96	63.26	48.11	42.83	61.40	50.84	56.92	43.57	50.53	67.83	72.78	71.54	57.39	60.96	59.03	69.40	47.91	67.14	67.67	39.30	62.11	37.68	13.42	37.65	67.90	60.10	59.61	61.11	42.60	55.58	59.22	57.76	72.81	72.43	84.95	67.55	39.29	52.07	63.08	51.22	78.59
QG37_04163	77.06	92.66	44.10	59.48	82.45	79.70	86.35	89.95	95.39	81.31	70.30	70.13	67.75	98.21	85.50	78.82	117.35	108.76	110.22	96.43	89.32	91.21	95.89	85.91	97.80	104.73	78.77	97.60	74.28	24.48	55.75	88.36	89.81	88.24	75.51	66.85	83.29	83.96	73.76	113.10	105.38	98.32	78.40	69.44	88.51	86.31	79.77	114.60
QG37_04164	103.71	104.62	48.83	68.43	94.00	97.90	91.94	93.60	107.49	77.21	72.28	81.15	73.51	93.03	83.74	104.81	112.90	130.06	114.00	85.90	109.81	103.41	114.55	87.25	101.59	119.11	78.26	93.96	84.92	20.95	65.40	99.40	99.89	94.92	85.07	76.05	87.87	97.36	70.76	100.76	125.93	98.33	75.91	76.86	86.81	102.46	87.73	123.32
QG37_04165	91.78	120.01	62.53	67.78	117.18	91.36	96.30	119.84	120.56	99.76	83.03	107.50	97.34	87.92	103.32	112.25	147.90	142.05	141.25	109.74	124.26	137.41	141.97	95.63	133.66	140.75	118.71	114.90	113.31	22.57	87.44	148.80	116.95	123.37	121.33	92.32	99.72	115.81	96.65	132.75	142.08	134.27	78.82	91.99	115.27	128.87	116.96	144.33
QG37_04166	110.16	100.54	55.43	59.24	92.01	92.60	91.64	99.53	105.12	83.25	69.76	72.58	69.82	90.11	91.26	105.16	114.75	131.76	114.42	93.38	88.49	96.25	102.53	90.12	101.96	127.81	87.26	103.73	82.69	25.92	62.40	91.86	108.36	95.75	99.45	77.85	87.78	92.49	76.57	98.57	114.03	107.28	76.84	80.13	96.41	108.13	88.19	120.57
QG37_04167	111.00	101.17	58.13	57.00	99.90	92.11	79.09	86.74	115.70	96.46	74.75	76.20	85.97	88.83	93.02	106.83	111.58	123.03	125.86	93.71	104.87	110.19	106.88	82.80	105.76	133.76	84.18	102.70	108.63	26.49	55.24	107.85	133.74	105.23	80.11	72.80	98.01	100.32	91.18	77.52	132.02	122.20	86.26	69.87	98.71	106.05	78.41	133.49
QG37_04168	120.68	111.72	68.22	55.13	97.34	95.89	78.85	98.71	101.31	94.90	73.04	85.13	80.11	99.49	93.80	92.53	113.56	159.03	114.26	89.49	100.26	122.87	124.46	98.78	111.49	125.38	89.69	109.38	88.64	21.24	69.68	111.19	114.19	87.53	67.97	72.31	101.89	102.44	79.27	88.52	123.24	95.40	81.79	89.33	111.76	103.38	90.38	143.94
QG37_04169	120.12	119.74	51.01	51.60	107.71	96.28	73.46	102.40	117.01	94.81	72.87	80.69	77.69	105.12	103.01	95.48	125.83	160.99	126.31	103.90	102.59	116.66	117.79	81.65	129.79	129.72	93.90	130.35	84.65	25.36	64.25	101.83	131.38	101.33	96.17	86.94	102.06	122.11	88.94	112.48	131.49	120.21	75.26	81.58	118.45	110.78	103.13	160.05
QG37_04170	113.77	120.38	61.89	71.72	109.25	101.53	101.30	112.67	117.89	99.45	79.37	87.87	88.36	98.65	102.68	114.32	133.28	144.08	127.77	105.50	110.03	108.83	119.20	100.21	122.23	137.96	96.91	125.71	95.94	30.37	63.95	115.01	127.65	111.94	101.39	91.57	100.01	106.78	93.86	115.62	129.60	121.55	95.36	89.75	113.65	107.42	102.39	134.15
QG37_04171	102.09	111.82	58.62	64.01	97.31	100.61	96.76	107.68	97.04	108.35	71.40	95.21	88.40	95.55	94.91	102.33	127.02	135.99	124.68	98.33	102.04	120.86	119.16	93.40	108.32	124.11	90.62	116.25	77.69	19.42	50.91	106.11	128.51	101.23	102.30	88.33	93.03	94.92	87.95	107.14	131.15	126.22	102.23	86.22	106.76	90.41	91.36	122.50
QG37_04172	99.24	125.79	67.15	70.18	102.03	99.13	86.45	114.41	130.74	110.96	70.09	96.22	87.53	86.55	96.39	90.91	129.18	136.65	126.84	99.85	107.95	110.86	121.94	92.90	112.24	132.33	92.29	117.08	85.59	15.40	68.29	111.13	127.83	113.40	96.18	92.17	97.29	110.16	78.36	103.85	127.11	117.57	84.94	88.19	94.15	108.78	96.70	117.18
QG37_04173	92.96	137.20	67.20	64.67	86.87	89.29	101.76	99.59	121.60	100.00	75.02	89.64	91.00	104.18	94.12	113.14	145.00	115.15	119.22	99.63	115.07	116.29	115.59	91.38	131.54	120.42	78.10	107.66	84.12	23.97	61.70	119.55	120.50	95.86	100.41	94.82	98.26	117.84	84.02	110.85	129.61	127.30	96.80	93.52	106.07	115.97	93.15	131.16
QG37_04174	112.72	116.03	71.41	65.08	109.55	99.68	99.51	121.56	111.69	95.62	84.53	94.72	89.12	101.58	92.35	113.08	119.94	131.49	104.70	98.25	105.62	102.15	110.41	101.46	121.38	121.09	89.14	93.50	91.35	33.69	57.12	90.22	110.48	108.00	99.21	89.41	98.93	106.32	93.30	120.67	120.48	116.95	92.53	90.47	105.93	106.70	84.71	136.38
QG37_04175	114.15	111.74	66.23	71.27	113.81	96.10	114.29	107.26	120.18	103.16	88.76	93.04	96.65	100.21	99.34	110.31	134.62	143.50	127.95	110.11	120.87	120.49	128.96	100.02	112.72	132.31	95.15	116.08	99.45	26.73	67.53	118.59	121.35	116.28	99.06	90.06	98.52	109.00	93.10	116.97	138.22	122.46	92.98	90.25	102.14	114.98	97.03	130.61
QG37_04176	135.90	178.54	87.75	83.43	148.11	130.18	122.07	147.20	167.66	119.27	96.85	110.57	109.29	116.60	103.38	124.34	152.42	191.55	144.48	113.22	138.01	138.87	153.48	119.91	135.64	179.68	118.52	172.46	119.79	32.85	81.78	160.52	154.11	127.03	114.26	103.53	105.39	143.45	89.87	139.06	159.53	150.39	90.37	97.81	118.96	119.52	120.04	145.32
QG37_04177	105.80	114.20	58.86	55.01	96.63	96.43	94.99	104.82	109.51	96.27	78.04	83.30	82.36	85.61	96.67	98.57	114.84	132.14	117.36	101.39	108.17	110.16	119.82	93.84	112.87	132.52	81.89	108.87	84.06	27.85	66.76	105.46	122.11	106.58	105.68	86.80	96.79	105.09	77.58	103.96	124.06	118.26	89.11	82.60	113.64	104.12	86.57	133.14
QG37_04178	105.39	104.84	61.24	64.25	86.86	90.62	90.82	98.82	109.16	81.81	69.33	83.50	75.77	89.62	97.45	101.70	115.00	134.34	109.77	92.59	106.65	105.00	112.44	87.16	107.36	116.99	83.55	115.73	75.72	25.60	64.96	101.45	117.00	93.66	99.88	78.63	87.90	94.06	81.32	108.59	122.64	107.49	87.30	75.84	88.77	95.08	92.79	127.47
