GENE	CDC_B11096	CDC_B11097	CDC_B11098	CDC_B11099	CDC_B11101	CDC_B11102	CDC_B11103	CDC_B11105	CDC_B11112	CDC_B11113	CDC_B11114	CDC_B11115	CDC_B11116	CDC_B11117	CDC_B11118	CDC_B11119	CDC_B11200	CDC_B11201	CDC_B11205	CDC_B11206	CDC_B11207	CDC_B11208	CDC_B11209	CDC_B11210	CDC_B11212	CDC_B11213	CDC_B11214	CDC_B11215	CDC_B11216	CDC_B11217	CDC_B11218	CDC_B11219	CDC_B11220	CDC_B11221	CDC_B11222	CDC_B11223	CDC_B11224	CDC_B11225	CDC_B11226	CDC_B11227	CDC_B11228	CDC_B11229	CDC_B11230	CDC_B11243	CDC_B11244	CDC_B11245	CDC_B11246	CDC_B11247
QG37_04907	0.4041	0.5235	0.5065	0.6445	0.5505	0.6112	0.4725	0.5882	0.5467	0.5382	0.4216	0.4639	0.4979	0.5422	0.5369	0.5283	0.5348	0.6715	0.6493	0.5111	0.5427	0.6170	0.6578	0.7316	0.5404	0.4438	0.5698	0.4984	0.4369	0.5020	0.6662	0.5228	0.5857	0.6388	0.5899	0.6462	0.6274	0.5587	0.6617	0.6286	0.6038	0.5393	0.5805	0.5569	0.6424	0.5528	0.5788	0.6750
QG37_04908	0.8035	0.8290	0.7050	0.7922	0.6448	0.7713	0.7615	0.8284	0.7865	0.7126	0.8332	0.7303	0.8189	0.8178	0.8245	0.8492	0.8046	0.7885	0.8994	0.7370	0.7828	0.8804	0.7823	0.8130	0.7635	0.7028	0.7452	0.7059	0.7192	0.7281	0.7545	0.7497	0.9094	0.8266	0.9225	0.8037	0.7624	0.8176	0.7933	0.7476	0.7609	0.6709	0.7401	0.9088	0.8178	0.8412	0.9767	1.0124
QG37_04909	0.7354	0.7171	0.6934	0.8107	0.7285	0.8237	0.7437	0.7659	0.7933	0.8240	0.8851	0.7010	0.8122	0.8757	0.8121	0.9369	0.7179	0.8185	0.9109	0.6923	0.8526	0.9251	0.8130	0.9022	0.8400	0.9523	0.7789	0.7486	0.6794	0.8096	0.9193	0.8250	0.9106	0.9022	0.7732	0.8213	0.8209	0.8640	0.8077	0.8743	0.8929	0.8525	0.8183	0.9209	0.8539	0.9450	0.8889	0.9421
QG37_04910	0.6999	0.7783	0.7594	0.8204	0.6905	0.7004	0.8096	0.8414	0.8173	0.7026	0.6784	0.7920	0.8058	0.7872	0.7560	0.7544	0.8067	0.8512	0.8161	0.7339	0.7996	0.8257	0.7295	0.8785	0.6819	0.7008	0.7371	0.7574	0.6482	0.9230	0.8450	0.7096	0.7924	0.7759	0.8477	0.7759	0.6893	0.7358	0.8590	0.7578	0.9122	0.8013	0.7759	0.9210	0.7087	0.8030	0.8638	0.8672
QG37_04911	0.8382	0.7871	0.8550	0.7750	0.6899	0.6426	0.7627	0.8725	0.7759	0.7228	0.7877	0.7147	0.7987	0.7481	0.8327	0.9391	0.8813	0.7535	0.8432	0.7278	0.8682	0.7801	0.8453	0.8155	0.8812	0.8020	0.7774	0.7857	0.7225	0.6602	0.7596	0.8385	0.7620	0.8002	0.8185	0.7467	0.7888	0.8958	0.8345	0.8372	0.8861	0.8139	0.8163	0.8640	0.8643	0.8199	0.8058	0.9482
QG37_04912	0.9408	0.8292	0.7711	0.8860	0.8799	0.7507	0.8726	0.8416	0.7527	0.6980	0.7635	0.7364	0.7231	0.8771	0.8009	0.8654	0.8212	0.8540	0.9730	0.7950	0.8809	0.8135	0.7887	0.9713	0.8563	0.7587	0.8264	0.8588	0.7065	0.6635	0.7279	0.7396	0.7819	0.7407	0.8506	0.8323	0.8235	0.8083	0.8340	0.8807	0.8600	0.8702	0.8764	0.8448	0.9286	0.8923	1.0203	0.8505
QG37_04913	0.8498	0.7824	0.6767	0.8656	0.7158	0.7218	0.8243	0.8370	0.8434	0.7350	0.6180	0.8105	0.8341	0.8389	0.8446	0.8864	0.7785	0.8305	0.8773	0.9417	0.9147	0.8211	0.8112	1.0311	0.7542	0.8745	0.8479	0.9008	0.7586	1.0561	1.0984	0.7583	0.9761	0.9291	0.8700	0.7860	0.9843	1.0326	0.7970	0.9540	0.7925	0.7673	1.0321	0.8934	0.7180	0.7624	0.9788	0.9160
QG37_04914	0.9199	0.8998	0.8692	0.9511	0.8069	0.8229	0.9152	0.8690	0.7918	0.8203	0.8166	0.8764	0.8353	1.0275	0.9628	0.8955	0.9471	0.9049	0.8812	0.8855	0.8606	0.9134	0.8055	0.8629	1.0002	0.8947	0.8016	0.8570	0.7169	0.8736	0.9781	0.8712	0.8415	0.9115	0.8704	0.8806	0.8319	0.8590	0.9221	0.7786	0.9221	0.8893	0.9345	0.9216	0.9627	0.8291	1.0253	0.8798
QG37_04915	0.9584	0.8368	0.8260	0.7970	0.9035	0.8336	0.7566	0.7794	0.8449	0.8793	0.8606	0.8317	0.8381	0.8015	0.9963	0.9605	0.9078	0.9530	0.9058	0.8918	0.9334	0.8873	0.9685	0.8529	0.8997	0.8027	0.9158	0.8026	0.6895	0.8218	0.7913	0.8093	0.9120	0.8128	0.9217	0.8930	0.9907	0.8710	0.9156	0.9228	0.9404	0.8052	0.8846	0.9716	0.9382	1.0457	0.9157	1.0177
QG37_04916	0.8812	0.8651	1.0471	0.9271	0.9972	0.9544	0.8665	1.0069	1.0263	1.0416	1.0146	1.0212	0.9556	0.9684	0.8964	0.9373	1.0222	1.0218	1.1032	1.0404	0.9935	1.1129	1.1693	1.1133	1.1567	0.9275	0.9396	0.9933	1.0191	0.9263	0.9867	0.9280	0.9837	0.8780	1.0380	1.0046	1.0504	1.1682	0.9297	1.0111	1.0529	1.1451	1.0197	1.0713	1.0688	1.0733	1.1357	0.9860
QG37_04917	0.9197	0.9465	1.0173	0.9584	0.9989	0.9762	0.9760	0.8859	0.9446	0.9894	0.9128	0.9813	1.0073	1.0270	1.0332	0.9652	1.0125	1.0033	1.0454	0.8708	0.9775	0.9250	0.9801	1.0893	0.9558	0.8637	0.9123	0.8683	0.9524	0.8860	0.9595	0.9112	0.9419	1.0280	0.9635	1.0809	0.9905	1.0182	0.9859	1.0202	0.9934	1.0193	0.9631	0.8755	1.0291	0.9413	1.0635	0.9817
QG37_04918	0.9786	0.9269	1.0272	0.9919	0.9698	0.9165	0.9866	1.0508	0.8855	0.9373	0.9799	0.9063	0.9147	1.0314	1.0151	1.0152	0.9357	1.0049	1.0025	1.0914	1.1042	0.9855	1.0376	1.0934	1.0319	0.9404	0.9264	0.8547	0.8912	0.9921	0.9361	0.9877	1.0102	0.9975	1.0478	1.1122	1.0193	1.0390	0.9799	0.9190	0.9658	0.9670	1.1209	1.0168	1.0197	1.0172	0.9993	1.0221
QG37_04919	0.7494	0.7723	0.8764	0.9091	0.7476	0.9133	0.8321	0.8611	0.9061	0.7521	0.7696	0.7472	0.6732	0.7830	0.9127	0.8245	0.7937	0.9055	0.7790	0.9711	0.8385	0.9104	0.8176	0.8790	0.8443	0.6796	0.8452	0.7074	0.7634	0.6796	0.8634	0.7382	0.9157	0.7829	0.8056	0.8392	0.9126	0.9271	0.8628	0.8071	0.8493	0.8680	0.8811	0.8935	0.9887	0.9891	0.9094	0.9416
QG37_04920	0.9434	0.9170	0.8672	1.0545	0.9471	0.9249	0.9740	0.8831	0.9339	0.9086	0.8876	0.9204	0.8854	1.0506	0.8960	1.0154	0.8939	0.9657	0.9314	0.8652	0.9027	0.9184	0.9351	0.9150	0.9806	0.8789	0.9942	0.8670	0.9008	0.8997	0.8554	0.9349	0.9238	0.9264	0.9488	0.9675	0.8321	0.9872	0.9433	0.9625	0.9804	0.9339	1.0158	0.9816	1.0371	0.9775	0.9334	0.9928
QG37_04921	0.8907	1.0019	0.8945	0.7830	0.9429	0.9405	1.0075	1.0804	0.9058	0.9354	1.0131	0.9479	0.9974	1.0138	1.0364	0.9963	0.8769	0.9349	1.0502	0.9848	1.0901	0.9644	0.8557	0.9431	1.0787	0.8765	0.8433	0.8452	1.0512	0.8390	1.0077	0.8435	0.8511	0.8905	0.8278	0.7765	0.9514	0.9225	0.8955	0.9918	1.0016	1.0442	0.9110	1.0277	0.9696	0.8338	0.9210	0.8804
QG37_04922	0.9613	0.9077	0.9431	0.8809	0.9495	0.9547	0.9634	0.9741	0.9948	0.9076	0.8618	0.8922	0.8405	0.9263	0.9406	0.8371	0.9015	0.8849	0.9201	0.8926	0.8955	0.9521	0.9481	0.9084	0.9431	0.9344	0.8906	0.8838	0.9533	0.9333	0.9610	0.8766	0.8977	0.7970	0.8997	0.9397	0.9545	0.9583	0.9078	0.9923	0.9314	0.9199	0.9538	0.9839	0.9515	0.9306	0.9443	0.9142
QG37_04923	0.9484	0.8980	0.9114	0.8561	0.9480	1.0096	0.9702	0.8953	0.9141	0.7978	1.0128	0.7710	0.8099	0.9128	0.9716	0.8971	0.9123	0.8670	0.9113	0.7939	1.0460	0.9824	0.9333	0.9208	0.9184	0.9087	1.0514	0.8943	0.8413	0.7675	0.8802	0.9526	0.9480	0.9969	0.9516	0.9421	0.9383	1.0393	0.9922	0.8929	0.9145	0.8801	0.9680	1.0751	0.9657	1.0458	0.9293	0.9137
QG37_04924	0.9280	0.9169	0.9615	0.9947	0.9167	0.9792	0.9418	0.9569	0.9040	0.8535	0.8898	0.8216	0.8985	0.9790	0.8446	0.8574	0.8807	0.9181	0.8810	0.8656	0.9611	0.8586	0.9948	0.8386	0.8847	0.9736	0.9402	0.8913	0.9383	0.7769	0.8716	0.8757	0.8210	0.8967	0.8809	0.9353	0.8877	0.9248	0.9134	0.8396	0.8521	0.7434	0.8172	0.8882	0.9127	0.9602	0.9696	1.0077
QG37_04925	1.0414	0.9996	0.8415	0.7999	1.0469	0.8303	0.8427	0.8932	0.9026	1.0108	0.8669	1.0006	0.9051	0.7487	0.9582	0.9235	0.8418	0.8915	0.9240	1.0243	1.0201	0.9303	0.8743	0.8559	0.8495	0.9286	0.8294	0.8604	0.7937	0.8972	0.9495	0.8035	0.9653	1.0156	0.9517	0.9937	0.8995	1.0260	0.9296	0.9295	1.0904	0.9514	0.9167	0.4843	0.4926	0.5184	0.4571	0.5344
QG37_04926	0.7324	0.6829	0.4640	0.6787	0.7403	0.6045	0.6989	0.5224	0.5692	0.5253	0.5044	0.6063	0.6779	0.5293	0.4918	0.5566	0.5778	0.5525	0.6063	0.6757	0.5750	0.6482	0.7325	0.6663	0.6356	0.6091	0.4534	0.6098	0.6829	0.6120	0.7136	0.7050	0.5992	0.4946	0.5288	0.5377	0.5376	0.5766	0.5379	0.5805	0.4613	0.5025	0.4311	0.5652	0.5800	0.5542	0.5338	0.5151
QG37_04927	1.1362	1.0815	0.9297	0.9483	1.0951	0.9769	0.9897	0.9728	0.9180	0.9888	0.8515	0.9533	0.9465	1.0272	0.9897	0.8753	0.9372	0.9304	0.9778	1.1535	1.0068	0.9148	1.1750	1.0749	1.0346	0.8871	0.9200	1.0673	1.0834	0.8554	0.9919	0.9868	0.9304	0.8986	0.9021	0.9129	0.9172	0.9282	0.9913	0.9942	0.9484	0.9536	0.8625	0.9917	0.9983	0.9691	0.8959	0.9729
QG37_04928	1.0782	0.9995	0.9570	0.9872	0.9714	0.9869	1.0454	1.0655	0.9813	0.9846	1.0087	1.0044	0.9760	1.0494	1.0566	1.0818	0.9918	0.9442	0.9737	1.0327	0.9749	0.9990	0.9815	0.9964	0.9460	0.9121	0.9790	0.9679	0.9235	0.8218	1.0120	0.9858	1.0827	0.9347	1.0234	1.1261	1.0094	1.0076	1.0113	1.0396	1.0479	1.0577	0.9810	0.9957	1.0424	1.0035	1.0019	1.0394
QG37_04929	0.9804	0.9895	1.0701	0.9378	1.0003	0.9277	1.0576	0.9777	0.9662	0.9425	0.9928	0.9625	0.9024	1.0087	0.9932	1.1052	0.8305	0.9468	0.9534	0.8953	0.9358	0.8640	0.9160	0.9095	0.9987	0.9741	0.9897	0.9355	0.9130	0.8457	0.8752	0.9441	0.9072	0.9522	0.8389	0.8949	0.8781	0.9839	0.9091	1.0212	0.9854	0.9400	1.0964	0.9549	1.0148	0.9007	0.8423	0.9308
QG37_04930	0.9811	0.8915	0.9732	0.9794	0.8661	0.9876	0.9181	0.9557	0.9550	0.9413	0.9440	0.8627	0.9722	0.9501	0.8890	0.9734	0.9574	0.9541	0.9384	1.0111	0.9629	0.9940	0.8470	0.9736	0.8921	0.9778	0.9626	0.9328	0.8813	1.0061	1.0021	0.9137	0.9338	0.9662	0.9533	1.0076	0.8986	0.9848	1.0147	1.0580	0.9871	0.9585	0.8923	0.8835	0.8838	0.8835	0.9051	0.8780
QG37_04931	0.9332	0.8851	0.9408	0.8373	0.9743	1.0023	0.9933	1.0023	1.0034	0.9434	0.9651	0.8728	0.9356	0.8852	0.8739	0.9020	0.8938	0.9150	0.9842	0.9653	1.0081	1.0226	0.8248	0.9077	0.9247	0.9115	0.8855	0.8900	0.9444	0.9682	0.8911	0.8814	0.9611	0.9343	0.9911	0.9928	0.9967	0.9009	1.0914	0.9663	1.0140	0.9797	0.8493	1.0095	1.0296	1.1079	0.8885	0.9717
QG37_04932	0.5160	0.5579	0.4687	0.5785	0.5471	0.5673	0.5874	0.5849	0.5965	0.5534	0.5590	0.4751	0.6227	0.4874	0.5810	0.5508	0.5491	0.5035	0.5302	0.4141	0.4866	0.5447	0.4040	0.5616	0.5038	0.4893	0.4828	0.5273	0.4579	0.4310	0.5438	0.5362	0.4792	0.4640	0.4865	0.5743	0.5861	0.5128	0.5655	0.5600	0.5718	0.6350	0.4981	0.6045	0.6314	0.5699	0.5416	0.5668
QG37_04933	0.9948	0.9652	0.9545	0.9336	0.9324	1.0406	0.9838	1.0344	0.9697	0.9866	1.0035	0.9649	0.9882	1.0206	1.0380	1.0406	0.9801	0.9492	0.9622	1.0338	1.0154	0.9790	0.9801	0.9176	0.9701	0.9784	0.9994	1.0472	0.9512	0.9815	0.9115	0.9432	0.9782	0.9760	0.9734	1.0107	1.0446	0.9973	0.9796	0.9264	0.9809	0.9501	0.9147	0.9961	1.0100	0.9319	1.0105	0.9912
QG37_04934	0.9913	1.1327	0.9381	1.0132	0.9236	0.8955	0.9776	1.0019	0.9495	0.8463	0.8244	1.0193	0.9254	1.0039	0.9117	1.0691	0.9740	0.9048	0.9414	0.9171	0.9002	0.9547	0.8054	0.9598	1.0190	0.9234	1.0051	0.9914	0.9325	0.9133	0.9283	0.8578	1.1419	1.0395	1.0705	0.8946	0.9033	1.0906	0.8604	0.9671	1.0339	0.8249	0.9538	0.8956	0.9982	0.8937	1.1266	0.9325
QG37_04935	0.9356	0.9647	1.1149	0.9106	0.7944	1.0149	0.9910	0.9811	0.9667	0.8531	0.8309	0.9308	0.8376	0.9063	0.8847	0.8948	0.9053	0.9974	1.0237	0.9089	0.8507	0.8310	0.9173	0.8946	0.8217	0.8304	0.9514	1.0300	0.8611	0.8933	0.8284	0.8490	0.9850	0.8637	0.8776	0.8182	0.8318	0.8871	0.8325	0.9698	1.1034	0.9920	0.8503	0.9287	0.8835	1.0051	1.0667	0.7945
QG37_04936	0.8963	0.9491	0.8877	1.0455	0.8610	0.8692	0.9439	1.0065	1.0480	1.0996	1.1474	1.0165	0.9646	1.0422	0.9121	1.1112	0.8834	1.0303	0.9168	0.9448	0.9013	0.9282	1.0217	0.9904	0.9948	0.9245	0.8963	0.9579	0.9520	0.9169	0.7831	0.9015	0.9435	1.0327	0.9837	1.0502	0.9287	0.9731	0.8738	0.8985	1.0103	0.8983	0.9706	0.9179	1.0117	0.9463	1.0428	1.0648
QG37_04937	0.8986	0.8593	0.8715	0.9404	0.8518	0.9978	0.9010	1.0602	0.9448	0.8823	1.0468	0.7922	0.8313	0.8909	0.8928	0.8585	0.8668	0.9692	1.0233	0.8774	0.9490	0.8774	0.8058	0.8048	0.8382	0.9255	0.8239	0.7549	0.8398	0.7666	0.8254	0.7404	0.9377	0.8937	0.8937	0.9568	0.9173	0.8854	0.9383	1.0426	1.0311	0.9035	0.9750	0.9713	0.9250	0.9183	0.9187	0.9361
QG37_04938	0.8562	0.6000	0.6422	0.8471	0.9259	1.0264	0.8645	1.0906	1.0035	0.8941	0.9161	0.8097	0.7135	0.8133	0.9077	0.9570	0.9158	0.9541	0.9604	0.7659	0.7775	0.8106	0.8622	0.5686	0.8109	0.9573	0.7788	0.7846	0.8794	0.5199	0.8991	0.6396	0.8877	0.8829	0.8070	0.9483	0.9212	0.8007	0.8427	0.8784	1.0563	0.9544	0.9449	0.8717	0.9491	0.7985	0.9317	0.8758
QG37_04939	0.9182	0.8856	0.8326	0.8308	0.8576	0.9552	0.8942	0.8520	0.8905	0.8607	0.9050	0.8568	0.8598	0.9866	0.8103	0.9402	0.9437	0.8516	0.9683	0.8624	0.8301	0.9571	0.9240	0.9487	0.8848	0.7859	0.9683	0.7942	0.8167	0.9448	0.7785	0.8309	0.9726	1.0235	0.9497	0.9898	0.9186	0.8568	0.8905	0.9320	0.9396	0.9305	0.9186	0.9179	0.9672	1.0704	0.9277	0.9617
QG37_04940	0.9107	0.9178	1.0206	1.0111	0.9426	0.8344	0.9280	0.9247	1.0172	0.9014	0.8725	0.9186	0.8795	0.9298	0.9450	1.0451	0.9018	0.9553	0.9578	0.9047	0.9742	1.0306	0.9996	1.0640	1.0194	0.9310	0.8981	0.8805	0.8742	0.9551	0.8939	1.0008	1.0179	0.9840	0.9885	1.0837	0.9972	0.9813	1.0079	1.0772	0.9751	1.0166	0.9880	0.9939	1.0836	1.0223	1.0428	0.9921
QG37_04941	1.0209	0.8870	0.7832	0.8869	0.8655	0.8939	0.8698	0.9350	0.9300	0.8853	0.8343	0.9112	0.8711	0.8570	0.9029	0.9172	0.8977	0.9925	0.9262	0.8925	0.9712	0.8528	0.9890	1.0716	0.9319	0.9652	1.0080	0.9166	0.9292	0.9163	0.9069	0.8353	0.9469	0.9575	0.9708	0.9182	0.9545	0.9267	1.0356	0.9946	1.0214	0.9858	1.0082	0.8951	0.9343	0.9908	0.9707	0.9099
QG37_04946	1.6055	1.9241	1.5695	1.7112	1.6201	1.8312	1.6516	1.7430	0.8881	1.9285	1.8589	1.4555	1.5174	1.6553	1.6440	1.5176	1.6333	1.8407	1.8794	1.5480	1.9039	1.9036	1.9344	1.6549	1.8603	1.8407	1.8858	1.6450	1.6709	2.1485	1.7516	1.5938	2.1463	1.2459	1.3571	1.1054	1.2777	1.3238	1.3907	1.3918	1.3285	1.2954	1.4725	2.1582	2.1731	2.1782	2.1472	2.3982
QG37_04947	1.1702	1.1615	1.0451	1.0857	1.1674	1.0022	1.1796	1.0569	0.9610	1.0741	0.9905	0.9940	1.1701	1.1549	1.0277	1.1685	1.0900	1.0966	1.0509	1.1213	1.2751	1.1762	1.0746	1.2628	1.1124	1.1250	1.2608	1.1603	1.1083	1.1252	1.1570	0.9765	1.0407	1.1013	1.1439	0.9861	1.2046	1.0306	0.9077	1.2095	1.2446	1.1078	1.0973	0.8993	0.8716	0.8963	0.9784	0.9278
QG37_04948	1.0788	1.0703	1.0746	1.0402	1.1082	1.2131	1.0949	1.0835	0.9915	1.1320	1.0549	0.9911	1.1472	1.2168	1.0364	1.0398	1.0426	1.1056	1.0732	1.0737	1.0771	1.1539	1.1457	1.1596	1.1892	1.1610	1.0941	1.1067	1.1593	0.8778	1.2162	1.0615	1.1318	1.0449	1.0303	1.0757	1.0912	1.1660	0.9702	1.1424	1.2187	1.2013	0.9201	0.9646	1.0087	1.0316	0.9990	1.1185
QG37_04949	1.0531	1.0498	1.0249	0.9653	1.0395	1.0778	1.0424	0.9814	0.9690	0.9695	1.0435	1.0291	1.0111	1.0438	0.9657	0.9762	0.9997	1.0289	1.0088	1.0263	1.0111	0.9845	1.0190	1.0185	1.0044	0.9649	0.9761	0.9971	1.0092	0.9609	0.9752	1.0349	1.0545	0.9894	1.0715	1.1138	1.0060	1.0069	1.0364	0.9707	0.9847	1.0149	1.0124	1.0168	1.0500	1.0394	1.0053	1.0448
QG37_04950	1.1687	1.1137	1.2262	0.9093	1.0840	1.0184	1.0830	1.0114	1.0557	1.1129	1.0325	1.0320	1.0900	1.1245	0.9740	1.0166	1.1604	1.0287	1.1060	1.0037	1.0450	0.9871	1.0299	1.1912	1.0132	1.0020	1.1149	1.0662	1.0856	0.9827	1.0751	1.0302	1.0806	0.9756	1.0809	1.0069	1.0698	0.9606	1.0332	1.1256	1.1046	1.0526	1.1213	1.0065	1.0819	1.0974	1.1816	1.0501
QG37_04951	1.2088	1.3121	1.0461	1.2253	1.0702	1.1591	1.0789	1.0719	1.3403	1.3707	1.2938	1.3187	1.0985	1.2806	1.1413	1.0776	1.2135	1.2574	1.0336	1.1021	1.1942	1.0330	0.9801	1.2135	1.1064	1.1115	0.9920	1.1642	1.2900	0.8254	1.0282	1.1300	1.1206	1.0756	1.0235	1.1423	0.9723	1.1771	1.1437	0.9960	1.1171	1.1030	1.0321	0.0400	0.0395	0.0550	0.0278	0.0220
QG37_04952	1.1539	1.1054	1.1310	1.0617	1.0587	1.0879	1.0361	1.1027	1.0376	1.0040	1.0356	1.0006	1.2173	0.9779	1.0390	1.0064	0.9738	0.9873	1.0779	1.0476	1.0396	1.0013	0.9369	1.0190	0.9433	1.0671	0.9678	1.1290	0.9596	1.0418	0.9744	1.0128	1.0766	1.0801	0.9192	0.9751	1.0044	1.0107	0.9847	1.0658	1.1373	1.0906	1.0985	1.0849	1.0108	1.0125	1.0414	1.0065
QG37_04953	1.2805	1.1841	1.1456	1.0780	1.1510	1.1639	1.2295	1.1896	1.1253	1.2023	1.1692	1.1474	1.2576	1.0467	1.0457	1.1081	1.0910	1.0841	1.0911	1.1617	1.1457	1.1396	1.0507	1.0649	1.0875	1.1545	1.0516	1.1076	1.1638	1.0506	1.0694	1.0803	1.1043	1.1231	1.0331	1.1266	1.0994	1.0376	1.1106	1.0731	1.1266	1.0861	1.0034	1.0931	1.0578	1.0401	1.0330	1.0419
QG37_04954	1.2835	1.1675	1.1969	1.0544	1.1867	1.1973	1.2034	1.1386	1.0887	1.1884	1.1185	1.1285	1.3051	1.0470	1.2386	0.9786	1.0458	1.1424	1.0096	1.0655	1.1227	1.0957	0.9331	0.9154	0.9919	1.0551	1.1100	1.1622	1.1739	0.9385	1.0781	1.1054	1.0960	1.1106	1.1104	1.0781	1.2066	0.8836	1.0999	1.0183	1.1529	1.1009	0.9919	1.0212	1.1299	1.2466	1.0091	1.1235
QG37_04955	1.4621	1.4325	1.1358	1.0415	1.3510	1.3167	1.1752	1.1618	1.3074	1.1989	1.3233	1.0490	1.2657	1.0398	1.2534	1.1904	1.1825	1.2232	1.1538	1.2469	1.1482	1.2823	1.0468	1.1393	1.0933	1.2409	1.2465	1.1406	1.3178	0.8863	1.1465	1.3503	1.3636	1.1498	1.1859	1.1897	1.3445	1.2361	1.1017	1.1796	1.2999	1.2978	1.1580	1.2213	1.3132	1.3048	1.1908	1.2336
QG37_04956	1.3918	1.4363	1.0768	1.0558	1.4468	1.3374	1.1526	1.1673	1.3168	1.4018	1.4595	1.0284	1.3409	1.2253	1.1293	1.2807	1.2670	1.2844	1.1606	1.2316	1.2513	1.3255	1.0596	1.0790	1.1486	1.3233	1.3775	1.3647	1.2380	0.9967	1.0943	1.2583	1.3952	1.2621	1.1121	1.2326	1.2183	1.3733	1.0155	1.2823	1.2091	1.3106	1.0763	1.1096	1.2316	1.3147	1.1554	1.1760
QG37_04957	1.4318	1.2355	1.2668	0.9975	1.1500	1.2617	1.2481	1.2393	1.0745	1.2397	1.1480	1.1438	1.2629	1.1390	1.0201	1.0844	1.1712	1.1433	0.9617	1.2760	1.2521	1.1208	1.1032	1.1107	1.2134	1.2406	1.1113	1.1726	1.1918	1.0652	1.0464	0.9982	1.2422	1.0954	1.2093	1.2463	1.1374	1.1186	1.0850	1.1322	1.1903	1.1883	0.9790	1.1794	1.1661	1.1180	1.0646	1.0918
QG37_04958	1.4028	1.1882	1.3303	1.0354	1.2222	1.2104	1.1480	1.0826	1.1130	1.1788	1.1399	1.2025	1.2781	1.1226	1.0897	1.0014	1.1808	1.2286	1.1169	1.2836	1.0958	1.1392	1.1795	1.0572	1.0986	1.2091	1.1000	1.1576	1.2079	0.9448	1.0571	1.1584	1.2023	1.1245	1.0717	1.1442	1.0958	1.1013	1.2432	1.0069	1.1660	1.1541	1.0424	1.0765	0.9927	1.0748	1.1876	1.0180
QG37_04959	1.2954	1.1116	1.1554	1.0241	1.2011	1.2245	1.0860	1.1584	1.0638	1.1451	1.2024	1.1416	1.1275	1.1130	1.0117	1.0641	1.2199	1.0142	1.0573	1.1450	1.1563	1.1285	1.2074	1.0835	1.0990	1.1752	1.1086	1.0375	1.1691	0.7836	1.0016	1.0139	1.1499	1.0071	1.0275	1.1242	0.9802	1.0685	1.0243	1.0083	1.1231	0.9684	1.0594	1.0354	1.1387	1.0021	1.0766	1.0689
QG37_04960	1.3463	1.0574	1.3198	1.1914	1.2430	1.2477	1.0636	0.9833	1.0805	1.2046	1.3217	1.0515	1.1352	1.1034	1.0285	1.1529	1.0846	1.1696	0.9840	1.0718	1.1492	1.0349	1.0288	1.1424	1.0119	1.2107	1.0625	1.2001	1.2217	0.8266	1.0327	1.1418	1.2024	1.1251	1.2716	1.0964	1.1611	1.1475	1.0885	1.1102	1.1995	1.0686	1.0049	0.9989	1.1350	1.1517	1.0845	1.0140
QG37_04961	1.4525	1.2244	1.2003	1.1633	1.2775	1.1276	1.0835	1.1598	1.1246	1.2620	1.1943	1.1352	1.2006	1.0765	1.0186	1.0430	1.0842	1.0895	1.0787	1.1625	1.0978	1.1351	1.0405	1.1464	1.0389	1.1913	1.0291	1.2988	1.3255	1.0788	1.1352	1.0892	1.2044	1.0547	1.1475	1.2615	1.1054	1.0464	1.0164	1.0937	1.0994	1.0880	0.9977	1.1421	1.1525	1.1120	1.0884	1.0765
QG37_04962	0.8346	0.6296	0.4974	0.5263	0.4757	0.5964	0.4345	0.5369	0.5073	0.5833	0.5655	0.6264	0.6149	0.5955	0.4888	0.4673	0.6260	0.5024	0.6201	0.5698	0.4732	0.5635	0.5660	0.4865	0.4723	0.4316	0.4283	0.5048	0.5235	0.6732	0.5936	0.5856	0.3830	0.4474	0.4908	0.5877	0.5281	0.3414	0.4999	0.3721	0.3808	0.4707	0.4421	0.4969	0.5415	0.5895	0.5261	0.6086
QG37_04963	0.2790	0.5405	0.6003	0.5115	0.5375	0.6176	0.5447	0.4866	0.4320	0.5037	0.4891	0.5875	0.6436	0.4847	0.5938	0.4960	0.5442	0.4936	0.6173	0.6098	0.5531	0.5083	0.5038	0.5399	0.5250	0.5206	0.3728	0.5469	0.6198	0.2952	0.5014	0.6568	0.5511	0.4784	0.5680	0.7032	0.4955	0.4316	0.5364	0.5855	0.4371	0.5204	0.4313	0.6538	0.5670	0.5357	0.5554	0.5454
QG37_04964	1.2640	1.1704	1.2461	1.1354	1.1210	1.2317	1.1635	1.1432	1.0299	1.3094	1.1637	1.2103	1.2394	1.1637	1.0535	1.0426	1.0894	1.1338	1.0699	1.2378	1.0907	1.1309	1.0798	1.0872	1.1752	1.1295	1.0300	1.1919	1.1979	1.2101	1.1325	1.1568	1.1713	1.1012	1.0710	1.1404	1.1577	1.0986	1.0730	1.1430	1.1748	1.1310	1.0920	1.0308	1.1328	1.1284	1.2090	1.0887
QG37_04966	0.9586	0.8244	0.8347	0.8915	0.8084	0.8868	0.5891	0.7858	0.7582	0.9169	0.6388	0.9070	0.9476	0.8172	0.8640	0.6682	0.6455	0.6789	0.7306	0.8135	0.6612	0.7107	0.6725	0.8467	0.9733	0.6589	0.7564	0.8557	0.7792	1.0673	0.5302	0.7835	1.0038	0.8166	0.6940	0.6812	0.7883	0.6215	0.7872	0.9211	0.7869	0.8925	0.7278	0.4727	0.5518	0.5323	0.4212	0.5383
QG37_04967	1.0078	1.0747	0.9069	0.7078	1.1096	1.0177	1.0117	0.8108	0.9473	1.0857	1.3272	1.0214	0.9088	0.8895	1.0015	0.9149	1.0363	0.8805	0.9526	1.0386	1.0129	0.8974	0.8810	1.1055	1.1054	1.1108	1.0523	1.0212	1.0272	1.2079	1.0000	1.0790	1.3420	0.9604	0.9605	0.8951	1.0980	0.9237	0.9601	0.9967	1.0289	0.9218	0.8179	1.0383	1.0041	0.8907	0.9952	0.9560
QG37_04968	1.1618	1.0889	1.0386	0.9978	1.1030	1.1323	1.0215	0.9846	0.9645	1.0643	1.2045	0.9829	1.1842	0.9679	0.8968	0.9640	1.0301	0.9766	0.9909	1.1026	0.8729	0.9739	1.0658	1.0641	1.0371	1.0099	0.9971	1.0864	1.0122	0.9591	0.8330	1.0573	1.0692	1.0254	1.0477	0.9108	1.0719	0.9537	0.9296	1.0262	0.9794	0.9020	1.0408	1.0515	1.0748	1.0188	0.9901	0.9822
QG37_04969	1.2922	1.2492	0.9314	1.2119	1.0442	1.2512	1.1429	1.0865	1.0383	1.1874	1.2328	0.9581	1.1625	1.0821	0.8470	1.0676	0.9396	1.1074	1.0939	1.2712	1.0043	1.0353	0.9569	1.0747	0.9816	1.1031	0.8673	1.0730	1.0679	1.1103	0.8488	0.9747	1.0377	1.1302	1.1770	0.9914	1.0397	1.0459	1.1074	1.1898	1.1293	0.9839	0.9716	1.0476	1.1191	1.0443	0.9208	0.8519
QG37_04970	1.1589	1.1162	1.1766	1.1671	1.2147	1.1912	1.2193	1.1486	1.1553	1.2330	1.2108	1.2942	1.2387	1.1403	1.0662	1.2092	1.0555	1.0761	1.1847	1.3185	1.2541	1.1926	1.0482	1.1453	1.0190	1.1022	1.0625	1.2277	1.1370	1.1394	0.9677	1.1416	1.1611	1.1226	1.1171	1.2292	1.1554	1.0386	1.0343	1.0203	1.1669	1.0681	1.0581	1.0761	1.1194	1.1703	0.9556	1.0600
QG37_04971	1.2610	1.1237	1.2215	1.1553	1.1672	1.1939	1.2243	1.2416	1.1820	1.2128	1.2308	1.1877	1.1969	1.1569	1.0788	1.1078	1.0877	1.0885	1.1019	1.1925	1.1542	1.1565	1.1027	1.2165	1.0591	1.1930	1.1165	1.1418	1.1637	1.0191	1.0412	1.0825	1.1658	1.1292	1.1892	1.1847	1.2270	1.0834	1.1084	1.0843	1.1066	1.1068	1.0292	1.0219	1.0517	1.1371	1.1407	1.1060
QG37_04972	1.2301	1.1332	1.1838	1.1160	1.1349	1.2154	1.1566	1.0579	1.1301	1.1507	1.1990	1.0711	1.1259	1.0336	1.0238	1.0354	1.1460	1.0563	1.0915	1.1692	1.1231	1.0487	1.0899	1.0347	1.1344	1.1366	1.0656	1.1826	1.1726	1.1952	1.1819	1.1025	1.1812	1.1668	0.9928	1.1411	1.1265	1.1005	1.1337	1.0729	1.1248	1.0459	1.0061	1.1275	1.1423	1.1497	1.0548	1.1418
QG37_04973	1.1930	1.1439	1.0623	1.1042	1.1195	1.1550	1.1440	1.0753	1.0202	1.1599	1.2479	1.0081	1.1601	1.0170	1.0132	1.0678	1.0526	1.0634	1.0455	1.0703	1.1211	1.0670	1.0465	1.0643	1.1171	1.0607	1.0990	1.0731	1.1000	1.0464	1.0360	1.0392	1.0467	1.0313	1.0398	1.1203	1.0353	1.0351	1.1357	1.0799	1.1421	1.0943	0.9427	1.0889	1.0403	1.0307	1.0187	1.0197
QG37_04974	1.1610	1.0636	1.2110	0.9504	1.0484	1.1666	1.0355	1.1194	0.9811	1.0849	1.0391	0.9515	1.1866	1.0357	0.9103	0.9285	1.0153	0.9310	1.0065	1.1149	0.9445	0.9751	1.0671	1.0311	1.0129	0.9603	0.9655	1.0674	0.9755	1.1009	0.9563	1.0204	1.0327	1.1605	0.9848	1.1471	0.9608	0.9813	1.0047	0.9430	1.0957	1.0753	0.8969	1.1338	0.9427	0.9840	1.0812	0.8889
QG37_04975	1.1388	1.1066	1.0857	0.9803	1.0547	1.1209	1.0925	1.0809	0.9997	1.1121	1.0902	1.0823	1.1616	0.9493	1.0325	1.0484	1.0291	1.0240	1.0899	1.1194	1.0553	1.0154	1.0170	1.0401	1.0802	1.0594	1.0481	1.1570	1.0123	1.0709	1.0066	1.0270	1.0959	1.0561	1.0534	1.0899	1.0568	1.0554	1.0969	1.0087	1.0184	1.0642	1.0019	1.1022	1.0906	1.0580	1.0325	0.9945
QG37_04976	1.1087	1.1846	1.2086	0.9798	1.1025	1.0715	1.2020	1.1891	1.0808	1.1604	1.2509	1.0232	1.1599	0.9900	1.0049	1.1098	1.1221	1.0383	1.1797	0.9956	1.0274	1.2225	1.1657	0.8474	1.0842	1.0746	1.0819	1.0967	1.1262	0.7423	1.1171	1.0938	1.2281	1.0612	1.1131	1.1889	1.1609	0.8700	0.9133	1.0464	1.0694	1.1056	0.9736	1.0218	1.1533	1.0612	1.0507	0.9367
QG37_04977	1.1606	1.0905	1.2277	0.9922	1.1662	1.1107	1.1831	1.1855	1.1916	1.2592	1.1915	1.2078	1.2034	1.2026	0.9269	1.1669	1.1111	1.1139	1.1430	1.2297	1.0199	1.1573	1.0121	0.9893	1.0296	1.0484	1.1350	1.1435	1.0624	0.9303	0.9276	1.0359	1.0853	1.0440	1.0718	1.0833	1.1744	1.0845	1.0428	1.0940	1.0856	1.2271	1.0628	1.0975	1.1316	1.0452	1.0948	1.0816
QG37_04978	1.2254	1.2854	1.0549	1.2498	1.1561	1.2199	1.2505	0.9971	1.0990	1.2507	1.2349	1.1259	1.3167	1.2280	1.0054	1.1563	1.1037	1.1484	1.2459	1.1526	1.1669	1.1780	1.1115	1.1512	1.1548	1.1537	1.1827	1.2129	1.1769	0.9442	1.0508	1.0601	1.2148	1.1596	1.2193	1.1902	1.1832	1.1713	1.2893	1.1093	1.1945	1.1893	0.9909	1.0782	1.2427	1.0740	1.1906	1.0938
QG37_04979	1.2034	1.1565	1.1269	1.0247	1.0888	1.0802	1.1248	1.0608	1.0451	1.2046	1.0834	1.1234	1.1531	0.9924	1.0355	1.0469	1.1049	1.0459	1.0358	1.1310	1.0633	1.0994	0.9727	1.0854	1.0883	1.1393	1.0203	1.1028	1.1031	0.8433	0.9471	1.0869	1.1470	1.1090	1.0302	1.0424	1.0864	1.0660	1.1313	1.1353	1.1023	1.1121	0.9844	1.0213	1.0663	1.0861	1.1022	1.0584
QG37_04980	1.1273	0.9936	1.0990	0.9057	1.0236	1.0579	1.0443	1.1400	1.0497	1.0070	1.1452	1.0028	0.9989	0.9137	0.9535	1.0266	0.9478	0.8431	0.8811	0.9654	0.9974	0.8829	0.8418	0.8233	0.9448	1.0125	0.9529	0.9996	0.9965	0.9160	1.0674	0.9005	1.0504	1.0042	0.9184	1.0121	0.9529	0.9258	0.9846	1.0338	0.9421	0.9583	0.8781	1.0913	0.9512	0.9451	0.9782	1.0027
QG37_04981	1.1841	1.0216	1.2290	0.9422	0.9605	1.1179	0.9428	0.9224	0.9149	1.0393	0.9264	0.9121	0.9144	0.8682	0.9545	0.8915	0.8528	0.7750	0.9070	0.8816	0.8019	0.9305	0.8527	0.9149	0.8218	1.0336	0.8752	0.9211	0.9242	0.9015	0.9507	0.8182	0.8776	0.8431	1.0147	0.8979	0.8969	0.9134	0.9192	0.8517	0.8809	0.9201	0.8767	0.9923	0.9132	0.9047	1.0510	0.9589
QG37_04982	1.1561	1.0470	1.3128	0.9616	1.1353	1.0909	1.0085	1.0397	1.0487	1.2124	1.1186	1.1155	1.2852	1.0789	0.9686	1.0120	1.0883	1.1530	1.1251	1.1816	1.0357	1.1720	1.0015	1.0271	1.1471	1.2097	1.0218	1.1917	1.1815	1.0873	1.1481	0.9912	1.1819	1.1045	1.0514	1.1428	1.0269	1.2557	1.1071	0.9753	1.2065	1.0806	0.9894	0.9241	1.0876	1.1376	1.1725	1.0233
QG37_04983	1.2411	1.4104	1.3349	1.0707	1.1467	1.1758	1.2360	1.4152	1.2966	1.4264	1.4372	1.3595	1.4835	1.3460	1.1429	1.1398	1.0808	1.1828	1.1526	1.1722	1.0396	1.1096	1.0122	1.0494	0.8973	1.0855	0.9431	1.1219	1.1215	1.2768	1.0937	1.0621	1.3513	1.2334	1.1433	1.0923	1.2202	1.1093	1.0800	1.2049	1.1324	1.2281	0.9570	0.9871	1.1968	1.0796	1.0642	1.2071
QG37_04984	1.3225	1.4604	1.2758	0.9713	1.1841	1.1477	1.0554	1.0848	1.2566	1.3836	1.2808	1.1249	1.3774	1.0970	1.0738	1.0603	1.0220	1.1269	1.1247	1.1909	1.0695	1.1477	0.9642	0.9954	1.1347	1.1694	1.2531	1.2019	1.1715	0.9955	1.0986	1.1797	1.2809	1.1732	1.1155	1.1728	1.1361	1.0667	1.0105	1.2130	1.0876	1.2182	1.0901	1.0633	1.1904	1.0829	1.1415	1.1915
QG37_04985	0.4796	0.5889	0.6964	0.4758	0.6358	0.6453	0.5147	0.5885	0.7176	0.6829	0.5901	0.5388	0.6870	0.6539	0.5490	0.5661	0.6426	0.4547	0.6412	0.6257	0.5585	0.5911	0.4565	0.5594	0.6376	0.5070	0.5238	0.5746	0.6028	0.7899	0.4811	0.6143	0.5396	0.6614	0.6259	0.7480	0.6685	0.6316	0.6604	0.5904	0.5759	0.6024	0.5722	0.7846	0.9097	0.7429	0.9094	0.9085
QG37_04986	1.3419	1.0508	1.0902	1.2013	1.1012	0.9352	1.0242	1.2173	1.0133	1.0993	1.1248	1.0593	0.8623	0.9968	1.1690	1.0206	1.0705	1.0193	1.0221	1.1876	0.8802	1.0241	1.0216	0.9593	0.9935	1.2660	1.1083	1.2626	1.0525	0.8245	0.9439	1.0643	1.0416	1.0989	1.1779	1.1673	1.1734	1.0839	1.0165	1.0520	1.0634	1.0701	1.1267	0.9640	1.1814	0.9283	0.9840	1.0290
QG37_04987	1.1685	1.0995	1.1113	1.0223	1.1245	1.1103	1.0593	1.0803	1.0329	1.0916	1.0534	1.1369	1.1110	1.0144	1.0231	1.0129	1.0686	1.0253	1.0968	1.0665	1.0424	1.0635	0.9847	1.0351	1.0573	1.0782	1.0398	1.0661	1.1003	0.9148	1.0272	1.0145	1.0696	1.0683	1.0885	1.0706	1.1272	1.0578	1.0622	1.0693	1.1281	1.0630	0.9970	1.0041	0.9811	1.0477	1.0996	1.0857
QG37_04988	1.1479	1.0881	0.9889	1.0928	1.0983	1.0893	1.1239	1.0663	1.1465	1.0942	1.0605	1.0445	1.1018	1.0818	0.9873	0.9369	0.9932	1.0151	1.1845	1.0203	1.1021	1.0412	1.0051	1.0256	0.9706	1.0396	1.0709	1.0581	1.0720	0.8715	1.0952	0.9953	1.0989	1.0246	1.1426	1.0102	1.0411	1.0347	0.9082	1.0591	1.0679	1.0159	1.0528	1.0205	1.0499	1.1010	1.0166	1.0028
QG37_04989	1.0100	0.9680	0.9513	0.9610	0.8298	0.9512	1.0990	1.0221	0.9206	1.0312	0.9771	0.9069	0.9934	0.9256	0.9375	0.9888	0.9032	0.9425	0.9638	0.8999	1.0219	0.9618	0.9320	0.9406	0.8419	0.8761	0.9936	0.9288	0.8949	0.8736	1.0190	0.8459	0.9933	0.8179	0.9758	0.9743	0.8535	0.9259	0.8442	0.9790	0.8473	0.8700	1.0050	1.0022	0.9054	0.9490	0.9014	0.9719
QG37_04990	0.9840	0.9658	0.9438	0.9890	0.9806	1.0362	0.8653	1.0527	0.9889	0.8978	0.8998	0.9620	0.9594	0.9928	0.9033	1.0008	0.9744	0.9983	0.9340	1.0308	1.0025	1.0709	0.9291	1.0386	0.9853	0.9343	0.8179	0.9446	0.8550	0.9636	0.9344	0.9682	0.9120	0.9309	0.9466	0.9691	0.9919	0.9182	1.0776	0.8929	0.9895	0.9309	0.9539	0.9961	1.0629	1.0068	1.0230	0.9992
QG37_04991	1.0961	1.0846	1.1916	0.9512	1.1503	1.0656	1.1240	1.4342	1.0236	1.2365	1.1591	1.1596	1.1609	1.2360	1.1026	1.0532	1.0223	1.0973	1.1506	1.0491	0.9865	1.3527	1.0426	1.0560	1.0768	1.1642	1.0801	0.9791	1.1227	1.2849	0.9930	1.0292	1.2759	1.0989	1.0477	1.0147	1.2544	0.8829	0.9295	1.0626	1.0616	1.2000	1.2197	1.0290	0.9537	0.9436	1.1433	1.0322
QG37_08451	1.2145	1.1229	1.0651	0.9259	1.1190	1.0774	1.1532	1.1585	1.0659	1.1074	1.3312	1.1184	1.1167	1.3217	1.1300	1.0952	1.0877	1.0856	0.9871	1.0180	1.0480	0.9691	1.0720	0.9208	1.1709	1.0476	1.2171	1.1364	1.0966	1.2170	1.1117	0.9494	0.9937	1.0125	1.1369	0.9107	1.0947	0.9861	1.0011	1.1935	1.1360	1.0446	1.1961	1.1076	1.0894	1.1115	1.0686	0.9434
QG37_04992	0.9039	0.8931	0.8561	0.9586	0.9417	0.9128	0.9439	0.9809	0.8819	0.9098	0.9188	0.8744	1.0270	0.9340	0.8504	0.9999	0.9269	0.9033	1.0304	0.8805	1.0042	0.9611	0.8898	0.8660	0.9327	0.9127	0.9742	0.9516	0.8097	0.7805	0.8218	0.8115	0.9180	0.9645	0.9310	0.9742	0.9558	0.9432	0.9786	0.9918	1.0410	0.8818	0.9050	1.0275	0.9680	0.9931	1.0327	0.8983
QG37_04993	1.0331	0.9731	1.0061	0.9157	0.9452	1.0382	1.0726	0.9208	1.0171	0.9086	0.9617	1.0041	0.9458	1.0911	0.9597	0.9426	1.0020	0.9805	0.9702	0.9662	0.9983	0.9394	0.9995	0.9863	0.8983	1.0048	0.9941	1.0211	0.9825	1.0145	1.0441	0.8846	1.0249	0.9178	0.9846	1.0269	1.0472	1.0424	1.0977	0.9853	0.9812	0.9416	0.9341	0.9838	1.0592	0.9921	0.9855	1.0666
QG37_04994	0.9853	0.9796	0.7494	0.9961	1.0214	0.8445	1.0105	0.9744	0.9249	0.9207	0.9491	0.8992	0.9939	0.9649	0.8656	0.9680	0.9362	0.9584	1.0298	0.9534	0.9797	1.0092	0.9854	0.9695	0.8688	1.0440	0.9784	0.9926	0.8809	0.8584	0.8588	0.9848	0.9877	0.9942	0.9997	1.0108	0.9727	0.9051	0.9438	1.0238	1.0203	1.0030	0.9481	1.1244	0.8995	0.9725	0.9854	0.9033
QG37_04995	0.8502	0.7318	0.7883	0.8740	0.9236	0.7631	0.8475	0.8175	0.7864	0.6390	0.7145	0.7361	0.9331	0.7772	0.7978	0.9985	0.7005	0.7540	0.8479	0.6620	0.7995	0.8744	0.9275	0.7110	0.7891	0.8844	0.7512	0.8874	0.6902	0.5905	0.7153	0.8570	0.8857	0.9221	1.0173	0.7808	0.7941	0.8518	0.6455	0.8038	0.8799	0.7094	0.7467	0.8070	0.8657	0.9343	0.8599	0.7707
QG37_04996	0.9032	0.8987	0.8409	0.8912	0.9125	0.9200	0.9182	0.9005	0.9100	0.8076	0.8370	0.9106	0.8168	1.0184	0.8557	0.9321	0.9037	0.8467	0.9644	0.9261	0.9745	0.9133	1.0567	0.9079	0.9360	0.8719	0.9731	0.8539	0.8719	0.8624	0.8961	0.8962	0.9088	0.9448	0.9093	0.9377	0.9584	0.8753	0.9332	0.9275	0.9849	0.9399	0.9614	1.0136	0.9443	0.9127	0.9203	0.9589
QG37_04997	0.8479	0.8954	0.9462	0.8715	0.8179	1.0170	0.9812	0.9051	0.9835	0.9725	0.8101	1.0446	1.0281	0.9153	1.0510	0.9072	1.0867	0.9121	0.9937	0.9950	0.9875	1.1063	0.9628	0.8629	0.9305	0.9553	0.9470	1.0262	0.8841	0.9209	1.1970	0.8569	0.8923	0.9501	0.9081	0.9509	0.9024	0.9873	0.9700	0.9628	0.9813	0.9376	0.9760	1.0257	1.0064	0.9154	1.0388	1.0389
QG37_04998	1.0154	0.9828	0.9775	0.9049	0.9210	0.9254	0.9521	1.0014	0.9466	0.9485	0.9102	0.9198	0.8827	0.9779	0.9608	0.9794	0.9546	1.0146	0.9720	0.8982	1.0406	0.9636	0.9974	0.9804	1.0154	0.9532	1.0067	0.8473	0.9028	0.8578	0.9618	0.9267	0.9373	0.9948	1.0029	0.9237	0.9481	0.9476	0.9459	0.9707	1.0106	1.0017	1.0276	0.9587	1.0001	0.9773	0.9903	1.0522
QG37_04999	1.0168	0.9089	0.8542	1.1449	1.0269	0.9612	0.9906	1.0142	0.9872	1.0999	0.9773	0.9785	1.0463	0.9545	1.0667	1.1380	0.9715	1.0016	0.8682	1.1034	0.9564	1.0128	1.0135	0.9185	1.0274	0.9850	1.0483	0.8535	0.8338	0.9412	0.8553	1.1404	1.0565	1.1364	1.1157	1.0748	0.9130	1.2140	0.9667	1.0574	1.0378	0.9938	1.0596	1.1149	1.1001	0.9916	0.9775	1.1261
QG37_05000	0.9284	0.7963	0.7911	0.8447	0.8373	0.8334	0.8564	0.8582	0.8441	0.8249	0.6986	0.9055	0.7911	0.8438	0.9469	0.9778	0.8113	0.9389	0.8771	0.8567	0.8886	0.9673	0.8786	0.9788	0.9428	0.9023	0.8374	0.8307	0.8468	0.6772	0.9550	0.8061	0.9940	0.8836	0.9651	0.9575	0.9315	1.0417	0.9165	0.9738	0.9256	0.8980	0.9835	0.9761	1.0019	0.9489	1.0393	1.0433
QG37_05001	0.7519	0.8329	0.8364	0.8535	0.7772	0.7605	0.8609	0.8384	0.8382	0.8054	0.8560	0.7747	0.8298	0.8542	0.8235	1.0313	0.8373	0.8506	0.8409	0.8806	0.8217	0.8855	0.8486	0.8580	0.8239	0.8662	0.8660	0.7860	0.7495	0.7930	0.7641	0.8262	0.9001	0.8634	0.8193	0.9460	0.8885	0.9629	0.8730	0.8816	0.9048	0.9113	0.8417	0.8951	0.8935	0.8416	1.0127	0.9621
QG37_05002	0.8713	0.7790	0.8475	0.7271	0.8117	0.7742	0.9045	0.8506	0.8886	0.8449	0.8169	0.8261	0.7902	0.9104	0.9776	0.9224	0.8241	0.8007	0.8647	0.7829	0.8617	0.7498	0.8709	0.8624	0.8603	0.8641	0.7842	0.8143	0.7242	0.7936	0.8464	0.7892	0.7953	0.8388	1.0458	0.7722	0.9404	0.8568	0.8390	0.8074	0.8106	0.9246	0.8638	0.9157	0.7797	0.9552	0.8798	0.9092
QG37_05003	0.8123	0.7172	0.7755	0.9656	0.7649	0.7691	0.6173	0.7092	0.8961	0.7101	0.8234	0.7728	0.7282	0.9537	0.8335	0.7602	0.7689	0.8357	0.7258	0.7824	0.9428	0.8337	0.7096	0.6373	0.8644	0.7826	0.7890	0.7988	0.8333	0.7893	0.6717	0.7663	0.7759	0.8103	0.6773	0.9393	0.7636	0.7158	0.8377	0.6250	0.8666	0.8277	0.7369	0.8134	0.6277	0.7821	0.9996	0.7787
QG37_05004	0.9411	0.8830	0.9130	0.7906	0.8864	0.8316	0.8926	0.8290	1.0029	0.9103	0.8101	0.8721	0.9066	0.9608	1.0455	0.8276	0.9396	0.8995	0.9414	0.9310	0.9546	0.9356	0.9105	1.0321	0.7997	0.8907	0.9559	0.9060	0.8519	1.0264	0.8952	0.8443	0.9857	0.9715	1.0045	0.8704	0.9263	0.9555	1.1155	0.9338	0.8821	1.0277	0.8662	0.9026	0.9962	0.8798	0.9913	0.9419
QG37_05005	1.1184	0.9342	1.0826	0.9447	0.9295	0.9556	1.0469	0.9501	0.9739	1.0731	1.0116	1.0129	0.8809	0.9018	1.0529	0.9065	0.9030	1.1163	0.9514	0.9800	0.9156	0.9713	0.9575	0.9601	0.8862	1.0043	0.9748	0.9832	0.9448	0.8663	0.9897	0.8710	0.9313	0.8854	1.0378	0.9671	1.0150	1.1006	0.9652	1.0517	0.9505	1.2111	0.9732	0.9630	0.8355	1.0535	1.0931	1.0071
QG37_08452	0.9715	0.9411	1.1436	0.9811	1.0200	1.0139	1.0320	1.1261	0.9870	0.9336	0.8169	0.9086	0.9763	0.9343	1.0724	0.9453	0.9392	1.0352	0.9115	0.9840	0.9632	1.0356	1.0471	0.9373	1.0450	1.0445	1.0831	0.8863	0.9736	0.9194	0.9662	0.8323	1.0185	1.0237	1.0616	0.9099	1.1188	1.2418	0.9803	0.9560	0.9281	1.0491	0.9779	0.8752	0.9340	1.0356	0.9821	1.0350
QG37_05006	0.7591	0.8302	1.0924	1.0508	0.8401	0.8383	0.9287	0.7906	0.9144	0.8288	0.8821	0.8259	1.0416	1.0612	0.8362	0.8889	0.7439	0.8366	1.0066	0.9701	0.9984	0.9328	1.0246	0.9967	0.8549	0.7380	0.8989	0.9660	0.7587	0.9142	0.9691	0.9985	0.7537	0.9687	1.0695	1.0028	1.0379	1.2036	1.0215	0.8800	0.8034	0.8643	0.9438	0.9648	0.9825	0.9476	1.0648	0.8612
QG37_05007	0.9996	1.0554	0.8630	1.0069	0.8738	1.0518	1.0941	0.7367	0.9030	0.8911	0.9466	0.8931	1.1221	1.0393	0.9427	1.1790	0.8563	1.0066	0.9611	0.9482	1.1084	0.9278	1.0013	0.9651	0.7355	0.7951	0.8953	0.9049	0.9284	0.8054	0.8864	1.0014	0.9657	0.9620	1.0614	0.9738	0.9733	0.9569	1.0534	1.0673	1.0064	0.8587	0.9380	1.0805	1.1195	1.0761	1.1398	0.8433
QG37_05008	0.9611	0.8713	0.8970	0.8192	0.8051	0.8865	0.8733	0.8289	0.8722	0.8545	0.8242	0.8118	0.8810	0.8811	0.9325	0.9280	0.8162	0.9140	0.9279	0.8039	0.8810	0.8464	0.8543	0.9441	0.8059	0.8943	0.8766	0.7904	0.8052	0.8069	0.8276	0.8660	0.8395	0.8695	0.8699	0.9363	0.8877	0.8966	0.8830	0.8680	0.9839	0.8560	0.9125	1.0152	0.9019	1.0260	1.0245	0.9001
QG37_05009	0.8900	0.8964	0.8391	0.8805	0.9062	0.9240	0.8150	1.0394	0.8989	0.8474	0.8881	0.8285	0.8285	0.8620	0.9718	0.9877	0.8982	0.8575	0.9227	0.8389	0.7820	0.9024	0.9068	0.9542	0.9249	0.9114	0.9537	0.8670	0.7610	0.6729	0.8811	0.9073	0.8220	0.8920	0.9758	0.9312	0.8507	0.9325	0.8399	0.9732	0.9267	0.9329	0.7842	0.8998	0.9198	0.9664	0.8742	0.9117
QG37_05010	0.9649	1.0467	0.9410	1.0110	1.0079	1.0599	0.8420	1.1722	1.0266	0.9550	1.0978	1.0746	0.9620	0.8613	0.7927	0.9679	0.9858	1.0117	1.1336	1.0728	1.1013	1.1104	0.9866	1.1098	1.0208	1.0601	1.1906	1.0320	1.0103	0.9154	0.9541	1.1259	1.1454	1.0893	0.9391	1.0593	1.1626	1.1985	1.0519	1.0643	1.2026	1.1431	1.2966	1.0468	0.9311	1.1405	1.0239	1.1278
QG37_05011	1.1547	1.0890	1.0936	0.9776	0.9057	0.8658	0.9415	1.1290	1.0149	1.1232	0.9027	1.0646	1.0423	1.0249	0.9573	0.9571	1.0586	1.0169	1.0529	1.1149	1.1172	1.0583	0.9665	0.8751	0.9069	0.8508	1.0376	0.9636	1.0106	0.9761	1.3153	0.9717	1.1641	0.9888	1.0698	0.9989	1.0800	0.9769	0.9497	1.0807	1.1526	1.0627	1.1896	1.1045	1.1059	0.9464	0.8903	0.8337
QG37_05012	0.9945	1.1241	0.9833	0.8249	0.9332	1.0796	0.9398	0.9383	0.8254	1.1262	0.8563	1.1355	0.9371	0.8567	0.9213	1.0747	1.1733	0.9654	1.0201	1.0835	1.3280	1.1443	1.0807	0.8729	1.1580	0.9359	1.0776	1.1253	1.0754	0.9188	1.1806	1.1310	0.8442	1.1934	0.9697	0.9107	1.0004	1.3154	1.0261	1.0956	1.0065	1.1122	1.0155	1.0059	0.9796	0.8852	0.9492	0.8556
QG37_05013	1.0579	1.0201	0.9602	0.8911	1.0262	0.9981	0.9867	1.0027	0.9663	1.1042	0.9744	0.9601	1.0735	1.0427	0.9589	0.9362	0.9936	1.0041	1.1481	0.9971	1.0974	1.0627	1.0304	1.1399	0.9883	0.9252	1.0602	1.1294	1.0241	0.9254	1.0975	1.0688	0.8812	0.9541	0.9955	0.9618	0.9561	1.0219	1.0127	0.9696	0.9691	0.9032	1.0108	0.9187	0.9267	0.9405	0.9372	0.9095
QG37_05014	0.4191	0.4659	0.4320	0.5402	0.4902	0.4585	0.5098	0.5849	0.4837	0.4346	0.5728	0.4162	0.4472	0.5767	0.6472	0.6366	0.4642	0.5803	0.5209	0.5197	0.5077	0.5210	0.5191	0.4881	0.5723	0.3750	0.4916	0.4110	0.4516	0.4829	0.4795	0.5438	0.5921	0.3522	0.3586	0.3259	0.4619	0.4811	0.3578	0.5204	0.4156	0.4396	0.4732	0.7792	0.6160	0.7432	0.7446	0.7465
QG37_05015	0.5331	0.4685	0.4502	0.4650	0.5358	0.3819	0.3806	0.3942	0.4304	0.3596	0.3802	0.3313	0.3790	0.5093	0.4212	0.4955	0.4795	0.4383	0.4613	0.4815	0.3823	0.4211	0.5733	0.4254	0.4028	0.3978	0.5424	0.3083	0.3562	0.3443	0.3473	0.4275	0.6213	0.3052	0.3603	0.2851	0.4657	0.3285	0.3182	0.3666	0.3959	0.3321	0.4024	0.5305	0.5597	0.5293	0.7370	0.5245
QG37_05016	0.6589	0.6509	0.6944	0.7635	0.6953	0.7262	0.6642	0.7509	0.6880	0.5636	0.7490	0.8455	0.5839	0.7156	0.7655	0.7727	0.6803	0.7715	0.7535	0.6153	0.7370	0.7144	0.7723	0.7663	0.5365	0.6734	0.6730	0.5705	0.7501	0.6075	0.7216	0.6195	0.7578	0.6320	0.7462	0.7048	0.6724	0.5554	0.7448	0.7693	0.6721	0.6219	0.5526	0.8779	0.7350	0.8561	0.8354	0.7523
QG37_05017	0.7337	0.6256	0.7361	0.7110	0.6832	0.7147	0.7198	0.7001	0.6488	0.6436	0.6504	0.6374	0.6652	0.7306	0.6954	0.6569	0.7108	0.7234	0.6962	0.6197	0.6425	0.7062	0.6362	0.6427	0.6286	0.6545	0.7551	0.6889	0.7319	0.4750	0.6282	0.6243	0.7396	0.6281	0.7418	0.7129	0.5707	0.7015	0.7128	0.6769	0.7297	0.5969	0.6300	0.7351	0.6562	0.7274	0.7460	0.7666
QG37_05018	0.9891	1.0753	0.9388	0.8261	0.8989	0.8612	0.9775	1.0123	0.9143	0.9748	0.9942	0.9302	1.0479	1.0256	1.0501	1.0138	0.8725	0.8736	0.9719	1.0101	0.9784	1.0702	1.0829	1.0183	1.0980	0.9396	0.9715	0.9857	0.9378	0.8833	0.9566	0.8929	0.7835	0.6410	0.4660	0.5560	0.4409	0.4952	0.5142	0.4873	0.5264	0.5833	0.5825	0.7612	0.7112	0.7957	0.8544	0.8299
QG37_05019	1.0547	1.1665	0.9035	0.9500	1.0859	0.9469	1.0710	1.1158	1.0631	1.0764	1.0776	1.0632	1.1336	1.1031	1.1264	1.0840	0.9830	1.0143	1.0119	1.1185	1.1349	1.1550	1.1568	1.2424	1.1214	0.9444	1.0808	1.0588	0.9594	0.8942	0.9828	0.9021	0.8475	0.9177	0.8156	0.8229	0.8352	0.8550	0.8179	0.7572	0.8723	0.7368	0.8357	1.1025	1.2224	1.0817	1.1799	1.1572
QG37_05020	1.0845	1.0343	1.0586	0.9706	1.0717	1.0091	1.0077	1.0438	1.0324	1.1037	0.9954	0.9843	1.0185	1.0361	0.9931	1.0777	1.0364	1.0609	1.0704	0.9473	1.0439	1.0475	0.9907	1.0930	1.0445	1.0604	1.0569	0.9645	0.9382	1.0233	1.0020	0.9835	0.9872	1.0799	1.0555	1.0085	1.0877	1.0568	1.0095	1.0261	1.0396	1.0306	1.0013	1.0424	1.0036	1.0545	1.0194	1.0506
QG37_05021	0.6911	0.8050	0.8280	0.7289	0.6778	0.7182	0.7830	0.7774	0.7125	0.7658	0.7386	0.7533	0.8839	0.7764	0.7913	0.7888	0.7540	0.8584	0.7295	0.8117	0.8482	0.8875	0.8218	0.9511	0.7568	0.7074	0.7998	0.6671	0.7148	0.6654	0.7435	0.7978	0.7607	0.7876	0.8658	0.8588	0.7792	0.8349	0.8013	0.8206	0.8591	0.6457	0.7650	0.8598	0.5731	0.8027	0.8141	0.7908
QG37_08453	1.0274	0.9626	1.0504	1.0509	0.9176	0.9229	0.8615	0.8926	0.8127	0.8393	0.8318	0.9577	0.7622	0.9032	0.9516	0.7804	0.8635	0.9266	0.8409	0.8439	0.9703	0.8993	0.9226	1.0461	0.8342	0.7859	0.9658	0.8771	0.9148	1.2085	0.6489	1.0241	0.7853	0.9358	1.1202	0.7606	0.7879	0.8542	0.7835	0.8971	0.9923	0.8922	0.7549	0.9685	1.0887	0.8680	1.0414	1.0598
QG37_05022	1.0699	0.8958	0.8766	0.8738	0.9260	0.9492	0.7938	0.9239	1.0533	0.8697	0.9843	0.9235	0.8454	0.9048	0.9682	0.9300	0.8390	1.0093	1.1929	0.9133	1.0222	1.0800	0.9652	1.0475	0.8484	0.9639	1.0843	0.8384	0.8540	1.0579	1.0463	0.9150	0.8873	1.0048	0.9875	1.0095	0.9974	1.0135	0.9549	1.1157	0.9360	0.9296	0.9578	0.8196	1.1340	1.0659	1.0522	1.0245
QG37_05023	0.9404	0.9048	0.8411	0.8526	0.8100	0.9991	1.0127	0.8437	0.9064	0.9352	0.9082	0.9252	1.0805	0.9144	0.8522	1.0740	0.8985	0.9304	1.0586	1.0390	1.0499	0.9961	0.9073	1.0326	0.9120	0.8062	1.0425	0.7049	0.6824	0.8448	1.0356	0.9966	0.9065	0.9235	0.9845	0.9889	0.8256	0.9172	0.8728	0.9858	0.8537	1.0762	0.9421	0.9804	1.0210	0.8671	1.0505	0.9819
QG37_05024	0.9069	0.8877	0.8680	0.9307	0.8321	0.8687	0.9399	0.9374	0.9077	0.9651	0.9446	0.9427	1.0368	0.9043	0.9081	0.9672	0.8545	0.8068	0.8600	0.9933	0.9341	0.9236	0.8921	0.9339	0.9408	0.9247	0.8559	0.8378	0.8617	0.7745	0.8664	0.9562	0.9311	0.9254	0.9750	0.9842	0.8572	1.0913	1.0016	0.9247	0.9373	0.9046	0.8172	0.8388	1.0134	0.9787	0.9538	0.9012
QG37_05025	0.9410	0.8464	0.9602	0.8986	0.9184	0.9230	0.9939	0.9182	0.8494	0.8855	0.7749	0.8490	0.9105	0.9757	0.8916	0.8202	0.9043	0.9212	1.0004	0.9495	0.9341	0.8642	0.9815	0.8765	0.9350	0.9150	0.9144	0.9014	0.8363	0.8978	1.0803	0.9153	0.8533	0.9416	0.9877	0.9038	0.9303	0.9274	0.9663	0.9178	0.8716	0.9353	0.9501	0.8794	1.0113	0.8899	0.9139	0.9449
QG37_05026	1.0237	0.8884	0.8687	0.9396	0.8327	0.9528	1.0084	0.9681	0.8969	0.8809	0.9061	0.9089	0.9536	0.9879	0.9534	0.9799	0.8537	0.8845	0.8404	0.8257	0.9482	0.8619	0.8323	0.8545	0.8936	0.8549	0.8544	0.8160	0.8953	0.7593	0.8213	0.8370	0.8665	0.9562	0.9106	0.9667	0.9332	0.8893	0.8378	0.8556	0.9309	0.8125	0.8694	0.7483	0.7716	0.8310	0.8004	0.7811
QG37_05027	1.0025	1.0774	1.0062	1.0738	0.9024	0.9983	0.9855	0.9598	0.8968	0.9591	0.9230	0.8900	0.9758	1.0171	0.9713	1.0080	0.9402	1.0061	0.9625	1.0040	1.0147	1.0213	0.9926	0.8809	0.9705	0.9190	0.9039	0.9773	0.8597	0.6384	0.8651	0.8732	0.8420	0.8396	0.9669	0.8963	0.9362	0.9465	0.8248	0.9864	0.8754	0.9911	0.9214	0.9981	0.9863	0.9243	0.9502	1.0434
QG37_05028	1.4303	1.0791	1.1638	1.2138	1.2315	1.0413	1.1448	1.0063	1.0323	1.2272	1.1212	1.1433	1.1839	0.8845	1.2892	1.2292	1.2315	1.1359	1.3515	1.2147	1.0238	1.0771	1.2485	1.1582	1.2209	1.2076	1.0479	1.2805	1.1502	1.2604	1.2626	1.0317	0.9974	1.2267	1.1029	1.0793	1.3406	1.2510	1.0345	1.1221	1.1389	1.2143	1.1048	0.9977	1.2829	1.1236	1.0467	1.0774
QG37_05029	1.2030	1.1858	1.0932	1.0658	1.0008	1.0934	1.1037	1.0786	1.3829	1.1483	1.0249	1.1958	1.4115	1.1141	1.0107	1.0040	1.1420	1.0753	1.1713	1.1394	1.1173	1.1611	1.1695	1.2178	1.2856	1.2386	1.1359	1.1482	1.2149	1.2328	1.0449	1.2309	1.2722	1.1268	0.9396	1.0953	1.1684	1.1806	1.2417	1.1984	1.0918	1.1335	1.1596	0.9491	1.2372	1.0377	1.0900	0.9994
QG37_05030	1.1019	1.0117	1.1185	1.0620	1.0000	0.9730	1.1711	1.0979	1.1288	0.9614	1.0660	1.0753	1.0888	1.1873	0.9423	0.9891	1.0112	1.0491	1.0493	0.9416	1.0898	1.0297	1.0103	1.0197	1.0440	0.9863	0.9358	0.9513	1.0362	0.8712	0.9042	0.9928	1.0746	1.0044	0.9668	1.1253	1.0059	1.0956	1.0710	1.0350	1.0784	1.0194	1.0609	0.9893	1.0356	1.0471	1.0059	1.0039
QG37_05031	1.0056	0.9567	0.9787	0.9037	0.9933	0.9084	0.8957	0.9689	0.8976	0.8906	0.8975	0.8270	0.9007	0.8968	0.8875	0.9603	0.8786	0.9463	0.8295	0.8646	0.9361	0.9003	0.9428	0.9748	0.9191	0.9343	0.9195	0.8081	0.8595	0.7275	0.8271	0.7900	0.9841	0.9110	0.9539	0.9780	0.9011	0.9714	1.0903	0.9980	1.0241	0.9512	1.0196	0.9363	0.9265	0.8866	0.9845	0.9436
QG37_05032	0.3707	0.7236	0.5680	0.5127	0.4813	0.6100	0.5871	0.5061	0.5203	0.4608	0.6192	0.5651	0.5053	0.5522	0.6134	0.5874	0.5547	0.6364	0.5614	0.5756	0.6709	0.5615	0.6662	0.6374	0.4985	0.4401	0.6899	0.5668	0.5733	0.4947	0.5085	0.4828	0.8859	0.6390	0.6233	0.6869	0.6734	0.6574	0.7495	0.4578	0.6126	0.6433	0.6873	0.5097	0.5460	0.5444	0.6245	0.5955
QG37_05033	0.5808	0.6500	0.6517	0.7048	0.6094	0.8423	0.7297	0.6242	0.7046	0.6367	0.6851	0.5706	0.5884	0.7633	0.7452	0.6491	0.7329	0.7576	0.6887	0.6581	0.7446	0.7012	0.7584	0.6305	0.6846	0.7412	0.5988	0.5665	0.6278	0.5947	0.8480	0.7077	0.7368	0.7491	0.6664	0.7106	0.7814	0.8632	0.6881	0.7596	0.7051	0.6049	0.7380	0.6894	0.6723	0.6826	0.6412	0.7255
QG37_05034	0.9125	0.6962	0.8576	0.8258	0.8140	0.7106	0.8953	0.7755	0.8528	0.7367	0.7815	0.7533	0.5792	0.7964	0.8683	0.7879	0.8867	0.8461	0.7613	0.7620	0.7588	0.7208	0.8702	1.0154	0.7775	0.8125	0.8082	0.8196	0.6265	0.7157	0.7662	0.7011	0.7568	0.8688	0.8315	0.9713	0.9020	0.8287	0.7470	0.7480	0.7981	0.7267	0.7357	0.9225	0.8995	0.8233	0.9391	0.9655
QG37_05035	0.7771	0.7580	0.7079	0.8911	0.7627	0.7455	0.8264	0.8811	0.8579	0.6308	0.7719	0.8113	0.6588	0.8408	0.7975	0.8061	0.7109	0.8086	0.7818	0.7148	0.7935	0.7641	0.8621	0.7878	0.7826	0.7491	0.7883	0.6995	0.6809	0.6026	0.7266	0.7373	0.7184	0.8907	0.8512	0.8796	0.7427	0.7795	0.7891	0.7886	0.8210	0.8599	0.7820	0.8068	0.7055	0.8744	0.9171	0.8956
QG37_05036	0.7733	0.7266	0.7104	0.9057	0.7976	0.8261	0.7977	0.9484	0.7825	0.7854	0.7725	0.7530	0.7563	0.8265	0.9009	0.8565	0.7765	0.8251	0.7652	0.8143	0.8355	0.7993	0.9347	0.8104	0.8242	0.7670	0.7710	0.6669	0.7351	0.7821	0.8236	0.6658	0.8072	0.7560	0.8506	0.7795	0.7349	0.8049	0.7508	0.7490	0.8066	0.8216	0.8936	0.9122	0.8400	0.8913	0.9505	0.9055
QG37_05037	0.8353	0.6573	0.6446	0.8215	0.7934	0.7846	0.6816	0.7381	0.7407	0.7959	0.7766	0.8002	0.8118	0.7981	0.7535	0.7539	0.7749	0.7851	0.7903	0.7683	0.9648	0.7262	0.8995	0.8314	0.7569	0.8004	0.6839	0.7034	0.7150	0.9397	0.7977	0.6418	0.7837	0.7733	0.7443	0.7265	0.7771	0.8080	0.8576	0.8185	0.6733	0.6659	0.5763	0.8278	0.8430	0.9527	0.9187	0.8810
QG37_05038	0.8663	0.7508	0.8058	0.9379	0.7244	0.8079	0.7197	0.8148	0.8020	0.6861	0.7601	0.7778	0.7726	0.8962	0.8577	0.9552	0.8616	0.9541	0.9335	0.8299	0.8836	0.8517	0.8900	0.9271	0.7872	0.8198	0.7922	0.7466	0.7041	0.8212	0.7769	0.7425	0.7347	0.8146	0.9124	0.8138	0.8147	0.8993	0.7867	0.8112	0.8662	0.7698	0.8455	0.9880	0.8561	0.9083	0.9053	0.9155
QG37_05039	0.8198	0.8427	0.7247	0.8500	0.6106	0.8270	0.7228	0.8777	0.6813	0.7845	0.7365	0.6956	0.8238	0.8590	0.8532	0.9106	0.8045	0.9404	0.7820	0.8337	0.7879	0.7826	1.0243	0.8410	0.8483	0.9227	0.7836	0.8400	0.7236	0.8463	0.6999	0.7703	0.8028	0.7594	0.8507	0.9112	0.7191	0.9705	0.7270	0.7012	0.7842	0.8574	0.7590	0.8635	0.7154	1.0269	0.9249	0.8741
QG37_05040	0.7065	0.7495	0.6544	0.7015	0.5526	0.7418	0.6607	0.7151	0.6902	0.6958	0.8131	0.5843	0.6974	0.7671	0.7731	0.7919	0.6969	1.0337	0.7339	0.6186	0.7344	0.6392	0.7918	0.8575	0.8294	0.6267	0.5582	0.6441	0.6864	0.5826	0.5953	0.7522	0.8093	0.6818	0.7701	0.7243	0.6527	0.7691	0.7676	0.6867	0.7665	0.8034	0.8193	0.7056	0.6338	0.6745	0.6319	0.7735
QG37_05041	0.6953	0.5657	0.6068	0.5876	0.5682	0.6349	0.6351	0.7585	0.6281	0.5949	0.7557	0.5287	0.6677	0.7678	0.7279	0.6878	0.6420	0.7503	0.6434	0.5374	0.6473	0.6748	0.7439	0.8151	0.7739	0.5523	0.5322	0.5344	0.6012	0.5577	0.7203	0.5908	0.7310	0.6704	0.6882	0.7302	0.6930	0.8088	0.7959	0.5819	0.7852	0.8304	0.7313	0.9163	0.6211	0.8403	0.7098	0.7646
QG37_05042	0.1354	0.1364	0.1186	0.1554	0.1670	0.1768	0.1532	0.1908	0.1780	0.1776	0.1678	0.1577	0.1774	0.1574	0.0930	0.2097	0.1600	0.2167	0.1387	0.1620	0.2048	0.1985	0.2173	0.1237	0.1765	0.1091	0.2152	0.1133	0.1582	0.1652	0.1443	0.1240	0.1793	0.1877	0.1926	0.1964	0.1617	0.1842	0.1587	0.2029	0.1710	0.1908	0.1946	0.1944	0.1486	0.1917	0.1227	0.1423
QG37_08454	0.6711	0.7714	0.4615	0.5703	0.7390	0.6028	0.6376	0.7527	0.7648	0.6601	0.7554	0.7172	0.5998	0.6522	0.5768	0.8701	0.7719	0.6500	0.7760	0.6946	0.6891	0.7211	0.6760	0.7157	0.6606	0.6990	0.6543	0.7348	0.6846	0.5293	0.7780	0.7356	0.7552	0.6421	0.7032	0.6882	0.6420	0.8381	0.7948	0.7021	0.6409	0.8207	0.8068	0.6940	0.8516	0.8678	0.9192	0.7217
QG37_05044	0.9244	0.9005	0.6660	0.6904	0.8249	0.8176	0.7870	0.9096	0.8261	0.8052	0.7777	0.7953	0.7004	0.7227	0.8010	0.9183	0.9026	0.7319	0.9323	0.9215	0.8130	0.8571	0.7380	0.8655	0.8258	0.8939	0.8548	0.8383	0.7821	0.7387	0.9711	0.9168	0.8397	0.7562	0.8557	0.7291	0.7635	0.8001	0.9363	0.8657	0.8662	0.8845	0.9066	0.7345	0.9605	0.9288	0.9490	0.9799
QG37_05045	0.7018	0.8135	0.8606	0.8917	0.8120	0.7856	0.8216	0.8447	0.7924	0.8838	0.8630	0.7232	0.7900	0.8328	0.7977	0.9628	0.9043	0.8209	0.8612	0.7744	0.7815	0.7721	0.7914	0.8907	0.8340	0.8177	0.9511	0.8391	0.8059	0.7911	0.8919	0.7817	0.7825	0.8326	0.8966	0.9285	0.8692	0.8388	0.8280	0.9040	0.9379	0.8236	0.7503	0.9650	0.8328	0.9857	0.9568	0.8405
QG37_05046	0.9665	0.8003	1.0004	0.7033	0.8591	0.8768	0.8383	0.9844	0.8816	0.7449	0.6959	0.8422	0.7285	1.0533	1.0147	1.0103	0.7818	0.8696	0.8994	0.7978	0.9224	1.0343	0.9332	0.9823	0.9582	0.8946	0.8078	0.8238	0.8148	0.6223	0.9424	0.7784	0.8147	0.8489	0.9652	0.9894	1.0457	0.7037	0.8800	0.8415	0.8798	0.9848	1.0244	0.9758	0.9337	1.0247	0.9463	1.0442
QG37_05047	0.5378	0.4010	0.3431	0.4654	0.3688	0.4242	0.4941	0.4831	0.3907	0.3997	0.3799	0.4255	0.3903	0.4360	0.4611	0.4018	0.4127	0.4636	0.3534	0.4113	0.4218	0.5167	0.3369	0.5496	0.3764	0.3136	0.5047	0.2962	0.3424	0.3644	0.4094	0.3268	0.3785	0.4831	0.4897	0.4441	0.6126	0.5379	0.5711	0.4277	0.2853	0.3706	0.4108	0.4817	0.4955	0.4279	0.5921	0.5332
QG37_05048	0.7638	0.7789	0.5789	0.7131	0.7162	0.6690	0.7475	0.7719	0.7169	0.5945	0.7219	0.7499	0.6401	0.8411	0.7857	0.7837	0.7019	0.7978	0.7870	0.6220	0.7378	0.7550	0.7347	0.8260	0.7253	0.6537	0.8012	0.6359	0.7227	0.7293	0.7228	0.7113	0.7852	0.7788	0.7693	0.7190	0.7000	0.7947	0.7211	0.7481	0.7982	0.7505	0.7507	0.7703	0.7138	0.7825	0.7931	0.8294
QG37_05049	0.9505	0.8385	0.8680	1.0157	0.9032	0.8582	0.9374	0.9225	0.9260	0.9135	0.8449	0.8989	1.0118	0.8792	1.0958	1.0757	0.9467	0.8908	1.0721	0.9368	0.9792	0.8925	0.8396	1.1792	0.9049	0.8429	1.0127	0.8956	0.7897	1.0200	0.8954	0.9060	1.1074	0.9781	0.8385	0.8490	0.9485	1.1466	1.0165	0.9450	0.8194	0.8895	0.8763	0.9408	0.9955	1.0383	1.1298	1.0709
QG37_05050	0.8409	0.8707	0.8356	0.9396	0.8411	0.8868	0.8269	0.9180	0.9060	0.8496	0.8979	0.8434	0.8546	0.9686	0.9093	0.9771	0.8201	0.9961	0.9284	0.9141	0.9595	0.9340	0.9994	0.9536	0.8425	0.9283	0.8674	0.7426	0.9173	0.7232	0.9070	0.8454	0.8855	0.9133	0.8789	0.9653	0.9757	0.8780	0.9314	0.9244	0.9593	0.8652	0.8740	0.9572	0.9122	0.9815	1.0394	0.9417
QG37_05051	0.9013	0.9325	1.0508	1.0114	0.8749	0.9184	0.8835	1.0256	0.7740	0.9074	0.8638	0.8996	0.7823	1.0709	0.9080	0.8981	0.8860	0.8694	0.7866	0.7992	0.8516	0.8822	0.9801	0.9712	0.8527	0.7600	0.8177	0.7400	0.7417	0.8160	0.8434	0.6764	0.8880	0.9241	0.9924	1.0010	0.9465	0.9037	0.8774	0.8351	0.9269	1.0231	0.9751	1.0127	0.8599	0.8818	0.9995	0.8928
QG37_05052	1.1032	0.8779	0.9472	0.8102	0.9723	0.9377	0.9217	0.9843	0.9871	1.0504	0.8694	0.9957	0.9392	0.8953	0.8806	0.9829	0.8659	0.9779	1.0023	0.8896	0.8606	1.0166	1.0945	1.0679	1.0157	0.8653	0.9720	0.9214	0.7549	0.8290	1.0104	0.8953	0.9987	1.0583	1.0953	1.0735	0.9962	1.0370	1.0517	1.0462	1.1254	1.2287	1.0381	1.0260	1.0299	0.9757	1.0539	1.1049
QG37_05053	0.9437	0.5292	0.3524	0.4160	0.5160	0.5787	0.5739	0.5189	0.5701	0.6139	0.4813	0.5618	0.6332	0.5538	0.4526	0.4133	0.4885	0.5610	0.5943	0.5669	0.5026	0.5493	0.5857	0.5735	0.5855	0.4621	0.6197	0.5110	0.4923	0.6647	0.5790	0.5277	0.5056	0.8078	0.6638	0.6084	0.8636	0.8354	0.7362	0.9988	0.6595	0.8764	0.7406	0.5497	0.4359	0.4325	0.5920	0.6002
