GENE	CDC_B11096	CDC_B11097	CDC_B11098	CDC_B11099	CDC_B11101	CDC_B11102	CDC_B11103	CDC_B11105	CDC_B11112	CDC_B11113	CDC_B11114	CDC_B11115	CDC_B11116	CDC_B11117	CDC_B11118	CDC_B11119	CDC_B11200	CDC_B11201	CDC_B11205	CDC_B11206	CDC_B11207	CDC_B11208	CDC_B11209	CDC_B11210	CDC_B11212	CDC_B11213	CDC_B11214	CDC_B11215	CDC_B11216	CDC_B11217	CDC_B11218	CDC_B11219	CDC_B11220	CDC_B11221	CDC_B11222	CDC_B11223	CDC_B11224	CDC_B11225	CDC_B11226	CDC_B11227	CDC_B11228	CDC_B11229	CDC_B11230	CDC_B11243	CDC_B11244	CDC_B11245	CDC_B11246	CDC_B11247
QG37_01304	0.2819	0.5629	0.4264	0.5663	0.5318	0.5034	0.4395	0.5851	0.5070	0.4983	0.5657	0.5482	0.4488	0.4367	0.5648	0.4881	0.4679	0.5725	0.5378	0.5080	0.5405	0.5202	0.5442	0.4869	0.5522	0.5290	0.6082	0.5585	0.5285	0.5271	0.4592	0.4379	0.5071	0.4993	0.4656	0.3940	0.4807	0.5603	0.5149	0.5096	0.4278	0.4055	0.4261	0.3320	0.2749	0.2641	0.2015	0.3428
QG37_01305	1.0967	0.9122	1.0081	1.0629	0.9581	1.0900	0.9530	0.9839	1.1165	0.8260	1.1067	1.1244	0.9250	1.0259	0.8706	1.0776	1.0390	1.0504	0.9566	0.8813	1.0488	1.1526	0.9310	1.0213	1.0405	1.0191	0.9430	0.9928	1.0145	0.9560	0.8613	0.9442	0.8403	1.0063	1.1343	1.0459	0.9345	0.9972	1.0109	0.8835	0.9798	1.0349	0.8048	0.8442	1.1382	1.1095	1.0095	0.9999
QG37_01306	1.3004	1.0995	1.1522	1.2575	0.9567	1.1770	1.2132	1.1525	1.0353	1.0459	1.2737	0.9600	1.2467	1.2942	0.9901	1.2146	1.1506	1.1809	1.0040	1.1030	1.2152	1.0089	1.1291	1.2059	1.0695	1.0804	0.9825	1.1951	1.1228	0.8578	1.1216	1.1489	1.1913	1.1134	1.1260	1.1476	1.0096	1.0387	1.2228	1.0536	1.1756	1.1978	1.0921	1.0689	1.1815	1.1260	1.0976	1.1978
QG37_01307	0.9809	1.0177	1.0639	1.1332	0.9520	1.1454	0.9678	0.8938	0.9757	1.1111	1.1159	1.0239	0.9918	1.0220	1.0119	0.9861	0.9844	0.7981	0.9002	0.9590	0.8968	0.8684	0.9687	0.8811	0.9767	0.9714	0.8842	1.0001	0.8120	0.8651	0.8600	0.9704	1.0112	1.0987	0.9840	0.9670	0.9265	0.9549	1.1190	0.9844	1.0337	0.9813	0.8786	0.9785	0.8470	1.1094	1.0804	1.0342
QG37_01308	1.1044	1.0998	1.0283	1.1290	1.0422	0.9163	1.0514	0.9582	1.0340	1.1361	1.1198	1.0003	1.0915	0.9559	0.9183	0.8385	0.9895	1.0100	0.9228	1.1300	0.9792	0.9895	1.1191	1.1069	1.1713	1.1269	0.9293	1.1195	1.0941	1.0079	0.9145	0.9229	0.8689	1.0650	0.9074	0.9625	0.9330	1.0024	0.8781	1.0721	0.9557	0.8777	0.9639	1.0312	0.9975	1.0147	1.1222	0.8075
QG37_01309	0.8909	0.9183	0.7621	0.8791	0.8567	0.9474	0.8914	0.8907	0.8210	0.7866	0.9519	0.8434	0.8161	0.8792	0.7252	0.8812	0.8589	0.8708	0.8792	0.8662	0.9445	0.8485	0.9140	0.7842	0.8278	0.8488	0.8154	0.8757	0.7996	0.8263	0.8515	0.7868	0.7882	0.7358	0.8933	0.9382	0.8344	0.8469	0.8283	0.8571	0.9409	0.9436	0.9359	0.8339	0.8839	0.7348	0.9587	0.7273
QG37_01310	1.0404	1.5415	1.1937	1.2767	1.1699	1.2424	1.2996	1.3793	1.3123	1.2758	1.3396	1.3010	1.2380	1.2041	1.4054	1.3070	1.2956	1.1306	1.2344	1.3512	1.2264	1.3705	1.3466	1.2959	1.2576	1.0706	1.2898	1.2502	1.3443	1.4883	1.3738	1.3830	1.5958	1.4620	1.2825	1.3729	1.6909	1.5301	1.5945	1.6199	1.5178	1.5940	1.5525	1.7462	1.7842	1.8043	1.8723	1.8587
QG37_01311	0.9326	0.9673	0.9494	0.8553	0.8630	0.9568	0.9158	1.0649	0.9694	1.0477	1.0995	0.8652	1.0763	0.8874	0.9758	0.8758	0.8793	0.8302	0.9789	0.9657	0.9474	0.9406	0.9037	0.8601	0.9393	0.8784	0.9572	0.8783	0.9145	0.6884	0.9619	0.8296	0.8774	0.8934	0.8092	0.9366	0.8468	0.9148	0.9191	0.9164	0.8884	0.8290	0.8996	0.7863	0.9686	1.0232	0.7845	0.8339
QG37_01312	1.0942	1.0388	1.1585	1.0030	1.0894	1.1017	1.1217	1.1730	1.0159	1.1455	1.1744	1.0524	1.1415	1.0260	1.0368	1.0427	1.0561	1.0653	1.1226	1.1929	1.1095	1.1429	1.0743	1.0332	1.0549	1.0004	1.1421	1.1179	1.0763	1.1955	0.9939	0.9902	1.0730	1.0343	1.1376	1.0170	1.1248	1.0560	1.0800	1.0835	1.0449	0.9988	0.9686	1.0569	1.1382	1.0256	1.0274	1.0304
QG37_01313	1.0930	0.9908	1.0910	0.9022	0.9593	0.8921	1.0003	1.0415	0.9450	0.9919	0.9958	0.8947	1.0320	0.9348	0.9918	0.9741	0.9733	0.9392	1.0106	1.0647	0.9889	0.8949	1.0300	0.9255	0.8850	1.0020	1.0307	0.9246	1.0091	0.8187	0.8904	0.8594	1.0407	0.8900	0.9160	0.9581	1.0014	0.9139	1.0362	0.9861	0.9523	1.0197	0.9432	0.9230	0.8620	0.9332	0.9120	1.0041
QG37_01314	1.0101	0.9140	1.0241	0.8937	0.9990	1.0093	1.0637	0.8985	1.0032	0.9752	1.0853	0.9740	1.0085	0.9408	0.8771	0.9337	1.0154	0.9545	0.9705	0.9530	1.0509	0.9718	0.9979	0.9028	1.0162	0.9232	0.9027	1.0028	0.8997	0.9442	0.8768	0.9256	1.0803	0.8892	1.0402	0.9944	0.8928	0.9938	1.0170	0.9864	0.9999	1.0208	0.9464	0.9773	1.0295	0.8703	0.8885	0.9210
QG37_01315	1.1042	1.1493	1.0234	0.9845	1.0472	1.1391	1.1491	1.0566	1.1413	1.0767	1.0888	0.9776	1.1188	1.0903	1.0628	1.0584	0.9941	1.0546	1.0765	1.0861	0.9979	1.0878	0.9923	1.0443	1.1363	1.0831	1.0069	1.0999	0.9865	1.0191	1.0138	1.0024	1.0648	1.0299	1.0491	1.1183	0.9897	1.0247	1.0359	0.9766	1.0695	1.1788	0.9808	1.0503	1.0887	1.0063	1.0270	1.0131
QG37_01316	0.9509	0.9957	0.8985	0.9302	0.9532	0.9193	0.9562	0.8678	0.9152	0.9046	1.0843	0.8465	1.1082	0.9089	0.9266	0.9699	0.8420	0.9258	0.9054	1.0001	0.9285	0.9867	1.0322	0.8920	0.9049	0.9752	0.9757	0.9181	0.9400	0.8587	0.9922	0.9220	0.9956	0.8868	0.9102	1.0342	0.8867	0.8852	0.8450	0.9757	1.0376	0.9942	0.9252	0.9069	0.9401	0.9666	1.0083	0.8578
QG37_01317	0.9174	0.9161	0.8596	0.7356	0.9628	0.8336	0.8828	0.9317	0.7914	0.8075	0.7842	0.9404	0.7370	0.7696	0.8972	0.8230	0.8570	0.8275	0.8579	0.8376	0.9242	0.7273	0.9115	0.8040	0.9243	0.9435	0.9305	0.8870	0.8933	0.6969	0.7348	0.6875	0.7794	0.7890	0.8107	0.9107	0.8811	0.8674	0.8628	0.8704	0.8870	0.7839	0.7431	0.9537	0.8586	0.8241	0.6491	0.7892
QG37_01318	1.1169	1.1352	1.1178	0.9726	1.0278	1.1378	0.9940	1.0826	1.0969	1.0377	1.1566	1.0158	1.1060	1.1765	1.0721	1.1678	1.1269	0.9703	1.1075	1.0653	1.0288	1.1583	1.0832	1.0783	0.9977	1.1403	1.0949	0.9216	0.9815	1.1049	0.8850	1.0347	1.0785	1.0846	1.0554	1.0907	1.1181	1.0551	1.1092	1.0620	1.0421	1.0425	0.8596	1.2581	1.2520	1.1945	1.1273	1.0215
QG37_01319	1.0311	1.0442	1.0451	1.0716	1.1356	1.0135	1.2352	1.0278	1.0162	1.0854	0.9911	0.9873	1.0230	1.0739	1.0577	1.0671	1.0768	1.0243	1.1216	1.1313	0.9690	1.1752	1.1099	1.0765	0.9969	1.0200	1.0520	1.0451	1.0759	0.8051	1.0476	1.0730	1.0899	1.0073	1.1254	1.0457	1.0643	1.1072	1.0617	1.0948	1.0761	1.0750	1.0833	1.1407	1.1716	1.1066	1.0489	1.0867
QG37_01320	0.9934	0.8787	0.9795	0.8484	0.7535	0.7875	0.8710	0.9315	0.8643	0.8227	0.7650	0.7433	1.0048	0.9337	0.7764	0.9674	0.8808	0.9708	0.8237	0.9735	0.9338	0.8782	0.9098	0.8324	0.8788	0.8382	0.8277	0.8251	0.7031	0.6278	0.8649	0.7373	0.7861	0.8939	0.8612	0.8968	0.8961	0.8643	0.8832	0.9680	1.0076	0.8074	0.9745	0.8509	0.8170	0.8960	0.8413	0.8579
QG37_01321	0.9180	0.9566	0.9478	0.8093	0.8629	0.9324	1.0656	0.9027	0.9355	0.9110	0.8425	0.9386	0.9161	0.9628	0.9136	0.9005	0.9112	0.8433	1.0030	0.9184	1.0226	0.9156	0.9573	1.0451	0.8608	0.9193	0.8999	1.0113	0.8400	0.9360	0.9420	0.9154	0.9938	0.9030	0.9138	0.8285	0.9152	0.9635	0.8844	0.8585	0.9570	1.0068	0.8931	1.1034	1.0001	0.8832	0.9967	0.9344
QG37_01322	0.9400	0.7989	0.8231	0.9462	0.8618	0.7532	0.8756	0.8218	0.8782	0.8016	0.8154	0.7310	0.9078	0.7120	0.8487	0.8526	0.7633	0.8118	0.8664	0.8355	0.8934	0.7864	0.9399	0.8634	0.7772	0.9074	0.8644	1.0738	0.7932	0.7311	0.8046	0.9296	0.8290	0.8852	0.9003	0.8813	0.8775	0.8804	0.8955	0.9052	0.8333	0.7729	0.8695	1.0144	0.7219	0.9161	0.8106	0.8301
QG37_01323	0.8835	0.7807	0.8376	0.7902	0.8038	0.8481	0.8581	0.8916	0.8315	0.7800	0.8745	0.8399	0.8641	0.8284	0.9203	0.9275	0.7836	0.8761	0.8382	0.8467	0.8158	0.8037	0.8260	0.8571	0.8044	0.7792	0.8051	0.9149	0.8012	0.9567	0.8737	0.8420	0.8837	0.9039	0.8891	0.8500	0.8716	0.9476	0.9004	0.8119	0.9201	0.8147	0.8185	0.9192	0.8500	0.9275	0.8518	0.8334
QG37_01324	1.1425	0.9455	1.0097	1.0185	0.9794	0.9643	0.9774	1.0789	1.0193	0.9972	1.0086	0.9982	0.8647	1.0091	1.0248	1.0015	1.1598	1.0719	1.0263	1.0726	1.0891	1.1756	1.0253	1.0740	1.1052	0.9205	0.9698	0.8427	1.0862	0.9536	1.0553	1.0665	1.0106	0.9868	1.0666	1.1042	1.0642	0.9469	1.1480	0.9077	0.9373	0.9739	0.9974	0.8733	1.1635	1.0542	1.1672	1.1868
QG37_01325	1.0437	0.9464	0.7869	0.9363	0.9304	0.9849	0.9680	0.9655	0.9553	1.0051	0.9593	0.9217	0.9968	1.1045	1.0108	0.9503	1.0035	1.0199	1.0491	0.9720	1.0448	1.1325	0.9401	0.9295	1.0061	0.9771	0.9762	0.9513	0.8744	1.0288	0.9538	0.9271	0.9578	0.9795	1.0141	1.0666	0.9260	1.0874	0.9090	1.0000	0.9436	1.0362	1.0176	1.0458	1.0671	0.9961	1.1654	1.1327
QG37_01326	0.8774	1.0616	0.8433	0.9967	0.9672	0.8509	1.0003	0.9445	0.9957	1.0223	0.9003	0.9911	0.7740	0.9136	1.0399	1.0182	0.8797	0.9058	0.9397	0.9753	1.0770	0.9038	0.9119	0.9008	0.9864	1.0030	0.9084	0.9221	0.8804	1.9075	1.3433	0.8857	0.9302	0.9844	0.8947	0.8506	0.8333	0.9366	0.9224	0.9749	1.0538	1.0157	0.9394	0.9467	1.1566	0.9875	1.0393	0.8836
QG37_01327	0.8898	1.0175	1.0781	0.9088	0.9547	0.8843	0.9721	0.9309	0.9862	0.9691	1.0673	0.9650	0.8194	1.0230	0.8641	0.9282	0.9672	0.9693	1.0141	0.9491	0.9935	0.8743	0.9465	0.9989	0.9846	0.9235	0.8791	0.8654	0.8303	0.9373	0.8567	0.8744	0.8098	0.9584	0.9516	0.8622	0.9807	0.9219	0.8801	0.9981	0.9750	1.0163	0.9322	0.8360	1.1402	1.0240	0.9981	0.8785
QG37_01328	0.9638	0.7883	0.8516	0.6644	0.8220	0.7143	0.8401	0.8070	0.7652	0.7193	0.7828	0.6886	0.7991	1.1437	0.8792	0.7884	0.8745	0.8043	0.7897	0.7372	0.8686	0.7288	0.7961	0.8464	0.8399	0.8461	0.8625	0.9029	0.6242	0.5147	0.7027	0.7497	0.7768	0.7354	0.7435	0.8796	0.7573	0.6162	0.7309	0.8560	0.8017	0.8354	0.8422	1.1468	0.8822	0.9660	0.8149	0.8278
QG37_01329	0.8030	0.8119	0.8015	0.9002	0.7768	0.8380	0.8003	0.8206	0.9430	0.6596	0.8304	0.6313	0.8137	0.9903	0.9987	0.8320	0.7061	0.9532	0.8189	0.6282	0.9008	0.7699	0.8004	0.7120	0.7281	0.8963	0.8571	0.9302	0.8504	0.6202	0.8700	0.8646	0.9125	0.5926	0.8287	0.7195	0.7989	0.7421	0.6380	0.8301	0.9453	0.7369	0.7873	0.8817	0.8363	0.7093	0.8315	0.7530
QG37_01330	0.8159	0.8378	0.8181	0.9254	0.8691	0.8409	0.9406	0.8050	0.9411	0.7780	0.8719	0.7858	0.8040	0.9107	0.9274	0.8783	0.7358	0.9666	0.8986	0.8601	0.7962	0.6998	0.7753	0.8315	0.7796	0.9344	0.8633	0.8706	0.8062	3.0397	1.8523	0.8303	0.9337	0.7327	0.9896	0.9314	0.8367	0.9265	0.8658	0.9370	0.8975	0.8747	0.8840	0.8588	0.8651	0.9674	0.9583	0.9177
QG37_01331	0.9240	0.8615	0.8294	0.9503	0.9681	0.9382	0.8939	0.9376	0.8723	0.8897	0.8974	0.9299	0.7862	0.8305	0.9138	1.0014	0.9186	0.8688	0.8673	0.8675	0.9717	0.9087	0.9615	0.9029	0.8925	0.9578	0.8417	0.8574	0.8598	0.8821	0.9166	0.8605	0.8784	0.9107	0.9039	0.9273	0.9580	0.9235	1.0074	0.9442	0.9007	0.8730	0.9192	0.9264	0.9570	0.9572	0.9617	0.9489
QG37_01332	0.8057	0.8286	0.6983	0.7653	0.8816	0.8971	0.8982	1.1080	0.9622	0.9560	0.8133	0.9657	1.0323	0.8827	0.8922	0.6921	0.9030	0.8628	0.9317	0.7809	0.9269	1.0459	0.9597	0.9555	0.8954	0.8197	0.9568	0.7899	0.7288	0.7333	0.8074	0.9413	0.8811	0.8550	0.9949	0.7989	0.8652	0.8783	0.8608	0.7826	0.8446	0.9702	0.8608	1.1294	0.8566	0.7829	0.8799	0.9055
QG37_01333	0.8192	0.9415	0.9230	1.0599	0.9701	0.8947	0.9925	0.8967	1.0696	0.9491	0.9841	1.0031	0.9675	0.9010	1.0978	0.8820	1.1378	0.9668	1.0782	1.0220	1.0036	0.9580	1.0380	0.8257	1.0563	0.9392	0.9975	1.0274	1.0128	0.9333	1.0246	0.9858	1.0190	0.9357	0.8268	1.1972	0.9184	1.0984	1.1247	0.9632	0.9881	1.0145	1.2081	1.0301	1.0497	1.0783	0.9028	1.1738
QG37_01334	0.7690	1.0160	0.8728	0.9631	0.9043	0.8458	0.8210	0.8838	0.8687	0.9316	0.8542	1.0363	0.7847	0.9812	0.8357	0.9039	0.8557	0.8527	0.9948	0.8787	0.8766	0.8526	0.8266	0.9349	0.9870	0.8294	0.8888	0.8649	0.8749	0.6511	0.8514	0.8496	0.8334	0.7879	0.8005	1.1158	0.8699	0.8729	0.9370	0.8873	0.8752	0.8167	0.8870	0.8213	0.9303	0.9643	0.9482	0.9611
QG37_01335	0.8337	0.8606	0.9044	1.0406	0.8354	0.8477	0.9059	0.7889	0.8588	0.9098	0.6840	0.8700	0.7925	0.8916	0.8757	0.9749	0.8621	0.9692	0.8980	0.8681	0.7817	0.8563	0.8808	0.9761	1.0859	0.8884	0.8904	0.7849	0.8531	0.6541	0.8511	0.7534	0.9033	0.9276	0.8686	0.9382	0.9675	0.9677	0.7971	0.9456	1.0209	1.0065	0.9646	0.9373	0.9288	0.9356	0.9388	1.1189
QG37_01336	0.8978	0.7502	0.8789	0.9365	0.8257	0.8024	0.7724	0.8299	0.8354	0.8877	0.7102	0.8235	0.7771	0.8572	0.8398	0.9717	0.8571	0.8647	0.8482	0.7170	0.8433	0.9554	1.0241	0.8604	1.0371	0.8185	0.8298	0.7813	0.8466	0.8221	0.9651	0.8032	0.9244	1.0045	0.8684	0.8667	0.8522	0.8906	0.7695	1.1807	0.8927	0.8863	0.9510	0.8609	0.8796	0.9210	0.8905	0.9924
QG37_01337	1.0056	0.9278	0.9948	0.9919	0.9801	0.9777	0.9983	1.0250	1.0549	0.9130	0.9960	1.0152	0.9595	0.9767	1.0988	0.9621	0.9913	1.0296	1.0560	1.0169	1.1812	0.9373	0.8895	1.1684	0.9874	0.9435	1.0860	0.9415	1.0016	0.7866	0.9626	0.9775	0.8773	0.9322	0.9454	1.0692	1.1386	0.9060	1.0802	1.0373	0.9837	0.9897	1.0603	1.0116	0.8681	1.0603	0.8769	1.0599
QG37_01338	0.8907	0.7543	0.7341	0.7546	0.8797	0.6883	0.7560	0.8035	0.8076	0.7755	0.8324	0.7661	0.6778	0.7903	0.9668	0.9206	0.8146	0.8287	0.8724	0.8275	0.8551	0.9077	0.8221	0.8852	0.8598	0.8355	0.8804	0.6829	0.6518	2.1955	1.4897	0.7233	0.7173	0.7880	0.7138	0.8169	0.9385	0.8998	0.8867	0.8157	0.8148	0.9808	0.9283	0.7281	0.9042	1.0405	0.9627	0.8189
QG37_01339	0.9142	0.7199	0.8206	0.8484	0.8594	0.7968	0.9254	0.7479	0.7557	0.7168	0.8289	0.7119	0.6583	0.8296	0.8418	0.8843	0.8135	0.8437	0.7791	0.8312	0.8832	0.8031	0.7756	0.9018	0.8408	0.7365	0.7259	0.6938	0.7573	0.8212	0.8142	0.7963	0.7138	0.8427	0.6966	0.9239	0.8044	0.8412	0.8345	0.7489	0.7798	0.7865	0.8423	0.7482	0.8368	0.8874	0.8841	0.8587
QG37_01340	1.1316	1.0463	0.9644	1.1472	1.0567	1.1277	0.9614	1.0510	0.8488	0.9584	0.9134	1.0500	1.0520	1.0065	1.1678	1.0549	0.9710	1.0449	0.9793	0.9882	1.1168	1.0978	1.0866	1.0353	0.9754	1.0087	0.9153	0.9698	0.9227	1.2713	1.2083	1.0467	1.1497	1.0299	1.0438	1.0172	0.9818	1.1281	1.0580	0.9319	1.0518	0.9702	1.2400	1.0658	0.9619	1.1420	1.0988	1.0656
QG37_01341	1.0029	0.9724	0.9205	1.0468	0.9518	0.9018	0.9236	0.9622	0.9118	0.8756	0.9510	0.9056	0.8469	0.9584	0.9436	0.9323	0.9150	1.0481	0.9248	1.0405	0.9986	1.0268	0.9355	0.9915	0.9563	0.8217	0.9264	0.9829	0.9556	0.9172	1.0575	0.8697	0.9789	0.9065	0.9224	0.9218	0.8864	0.9382	0.9270	1.0434	0.9714	1.0429	1.1498	1.0736	0.9046	0.9451	1.0288	0.8610
QG37_01342	0.7826	0.8492	0.7764	0.8584	0.9164	1.0065	0.9330	0.9321	0.9617	0.8426	1.0321	0.9205	0.9187	0.9689	0.9013	0.9936	0.8721	0.9339	0.9376	0.8243	0.9657	0.8993	0.9490	0.9084	0.9306	0.9571	0.7846	0.8673	0.8812	0.7054	0.9060	0.8370	0.8397	0.9146	1.0116	0.8992	0.9515	0.8103	0.9435	0.9451	0.9157	0.9134	0.8954	1.1423	0.9366	1.0202	1.0048	1.0342
QG37_01343	1.0744	0.9954	0.9717	0.9738	1.0623	1.0229	0.9245	0.9236	1.0277	0.9655	0.9540	0.9578	0.9446	1.0075	1.0278	0.9584	0.9940	1.0187	1.0249	0.9404	1.0360	0.9207	0.9693	0.9619	0.9679	1.0495	0.9298	0.9800	0.9421	0.7978	0.9741	0.9794	1.0112	0.9755	0.9671	0.9710	1.0105	1.0163	0.9663	1.0499	1.0720	1.0463	1.0127	1.1244	1.0169	0.9872	0.9535	1.0124
QG37_01344	0.8002	0.7189	0.7074	0.9413	0.8733	0.7635	0.7576	0.7732	0.8200	0.6970	0.8573	0.7586	0.7034	0.8161	0.8525	0.7545	0.7975	0.8472	0.7366	0.7319	0.7467	0.6845	0.8221	0.8238	0.7630	0.8625	0.7940	0.7709	0.6192	0.3838	0.7007	0.7364	0.7570	0.8878	0.9539	0.9251	0.7603	0.8692	0.7465	0.8109	0.8556	0.7775	0.8417	0.8857	0.7524	0.8113	0.8072	0.7689
QG37_01345	0.8831	1.0793	0.8499	1.0142	0.9305	0.8503	0.8578	0.9185	0.9175	0.7770	0.8991	0.9306	0.8444	0.7612	0.8388	1.0051	0.8331	0.9206	0.9901	0.8408	0.9757	0.9217	0.9148	0.9715	1.0418	0.9388	0.9767	0.7066	0.8846	0.9633	0.8986	0.8828	0.9335	0.9046	1.0219	0.9385	1.0875	0.9356	0.9517	0.9925	0.9422	0.9975	0.7918	0.9959	1.0145	0.8587	0.9167	0.9632
QG37_01346	0.9293	0.9427	0.8568	0.8082	0.8574	0.9177	0.7880	0.9215	0.9618	0.8508	0.8701	0.8583	0.8602	0.9131	0.9058	1.0169	0.8928	0.9669	0.9048	0.9047	0.9124	0.8856	0.8484	0.9370	0.8938	0.9580	0.9257	0.8699	0.8218	0.7936	0.8375	0.8141	0.9146	0.8231	0.9073	0.9890	0.8762	0.9434	0.9117	0.9037	0.9376	0.9379	0.9151	0.9099	0.9139	0.9602	0.8419	0.9456
QG37_01347	0.8942	0.9601	0.7694	0.9281	0.8542	0.9153	0.9891	0.9165	0.9860	0.7573	0.9112	0.8140	0.7800	0.9355	0.8048	0.9569	0.9299	0.9138	0.9848	0.7548	0.9120	0.8097	0.8657	0.8967	0.9476	0.8982	0.9010	0.9156	0.8756	0.7481	0.9605	0.9290	0.8804	0.9466	0.8558	0.8760	0.8727	0.8795	0.8722	0.9654	0.8678	0.9262	0.8302	0.9052	0.8497	0.8410	0.9017	0.9482
QG37_01348	1.0519	0.9122	0.8355	0.9402	0.9199	0.9202	0.8835	0.9432	1.0091	0.9075	0.9960	0.9137	0.9618	0.9171	1.0233	0.8957	0.9238	0.9469	0.9812	0.9629	0.9203	0.8794	0.9190	0.9348	0.8936	0.8794	0.8797	0.8095	0.9305	0.8015	0.9300	0.8809	0.9607	0.9427	0.9530	0.9601	0.9277	0.8996	0.9392	0.9245	1.0201	0.9220	0.9965	0.8366	0.8799	0.9135	1.0124	0.9635
QG37_01349	1.0745	1.0735	0.9238	1.0592	0.9703	1.0622	1.0293	1.1032	1.1333	0.9374	0.7969	0.9870	0.9998	1.0040	1.1069	0.9660	1.0171	0.9785	1.0672	0.9967	0.9511	0.9993	1.0231	0.9688	1.0611	0.9882	1.0015	0.9257	0.9584	1.0370	1.0690	1.0802	1.0770	1.1305	0.9890	1.0912	0.9247	0.9537	1.0468	1.0053	0.9225	1.0736	0.9769	1.0869	1.0632	0.9339	1.0798	1.1893
QG37_01352	0.8730	0.9253	0.9031	1.1084	0.9138	0.8916	0.9007	0.8085	0.8536	0.7887	0.9299	0.9068	0.8294	0.9901	1.0723	0.9803	0.9577	0.9389	0.9722	0.9676	0.8950	0.8494	0.9233	0.9413	0.9490	0.8466	1.0143	0.8883	0.9710	0.9142	0.8426	0.9100	1.0602	0.9629	0.9139	0.8784	0.9605	0.9245	1.0017	0.8975	1.0171	0.9109	0.8763	0.9568	0.9091	0.8721	0.8868	0.9085
QG37_01353	0.9600	0.8138	0.8251	0.7781	0.8856	0.7903	0.9513	0.8459	0.8592	0.8319	0.8519	0.8041	0.7831	0.8610	0.7649	0.9850	0.8481	0.8635	0.7943	0.9074	0.8767	0.8035	0.8198	0.9343	0.7498	0.8084	0.9006	0.8134	0.8096	1.4201	0.8306	0.8547	0.9157	0.8592	0.9710	0.9291	0.7458	0.8206	0.8774	0.8727	0.8400	0.8431	0.8537	0.9378	0.8383	0.8479	0.8736	0.8783
QG37_01354	0.9187	1.1446	1.0553	0.7130	0.8513	1.1178	1.1354	0.9778	0.9188	0.9425	1.1145	0.8347	1.1291	0.8420	0.9008	0.8028	0.8859	0.9337	0.9968	0.8751	0.8191	0.7889	0.8497	0.8457	1.0796	0.9277	0.9411	0.8418	0.9135	0.8842	1.0274	0.9261	0.7196	0.8514	0.9260	0.7342	0.7124	0.8167	0.8077	0.7515	0.8381	0.8697	0.7786	0.8566	0.9322	0.8142	0.8399	0.8862
QG37_01355	0.8153	0.8829	0.9008	0.9008	0.8478	0.8393	0.9068	0.8724	0.8517	0.7809	0.8897	0.8041	0.7677	0.8511	0.9330	0.9699	0.8830	0.8583	0.8800	0.8971	0.8842	0.8754	0.8235	0.9724	0.8519	0.7943	0.8733	0.7856	0.8194	0.7902	0.9053	0.7548	0.8750	0.8722	0.8910	0.8948	0.9351	0.9692	0.8871	0.8922	0.8864	0.8158	0.8086	0.8111	0.9959	0.8766	0.9296	0.8061
QG37_01356	0.9320	0.8108	0.9115	0.8997	0.8353	0.9141	0.8226	0.8983	0.9387	0.8639	0.9375	0.7431	0.9403	0.7946	0.8281	0.8575	0.8107	0.9161	0.8051	0.8640	0.8564	0.7264	0.8212	0.8278	0.7474	0.7941	0.8777	0.7816	0.7335	0.7248	0.7801	0.7174	0.7958	0.8704	0.8674	0.9013	0.8333	0.8153	0.7957	0.9017	0.6971	0.8026	0.7688	0.7654	0.9282	0.8168	0.7842	0.9018
QG37_01357	0.9913	0.8555	0.7833	0.9348	0.9548	0.9356	0.9850	1.0590	0.8304	0.9020	0.9536	0.8520	1.0125	0.9248	0.8868	0.8712	0.7981	0.8537	0.9678	0.7750	0.8467	0.9193	0.8392	0.9742	0.9654	0.8348	0.9129	0.8191	0.6896	0.5571	0.8570	0.9453	0.7012	0.9300	0.9572	0.6671	0.8806	0.9321	0.8454	0.8934	0.8381	0.8460	0.8535	0.7274	0.8573	0.9033	0.7734	0.9481
QG37_01358	1.1599	1.0314	0.8995	1.0973	1.0319	1.0885	1.0959	1.0998	1.1705	1.0361	1.1530	1.0704	0.9764	0.9756	0.9743	1.1813	1.1388	1.0379	1.0739	1.1427	1.1153	1.1018	1.1414	1.0497	0.9549	0.9965	1.0465	0.9956	1.0083	0.9433	1.2072	1.0981	1.1089	1.0395	1.0925	1.2095	1.0218	1.0355	1.0032	1.1157	1.1231	1.0754	1.1704	1.0232	1.2146	1.0909	1.0636	1.0897
QG37_01359	1.0102	0.8270	0.8844	0.8587	0.8600	0.9058	0.9299	0.8780	0.8752	0.8424	0.9687	0.8745	0.8856	0.8341	0.9065	0.9105	0.9356	0.8732	0.8968	1.0523	0.9799	0.9023	0.9637	0.9161	0.9864	0.8744	0.9721	0.8422	0.9508	0.8257	0.9455	0.7899	0.8792	0.9120	0.9342	0.9744	0.9188	0.8872	0.8579	0.8426	0.8141	0.9109	0.9074	0.8324	0.9022	0.9319	0.8994	0.9362
QG37_01360	0.9157	0.9334	0.9289	0.8982	0.9997	0.9880	1.0104	0.9764	0.9065	0.9626	0.8714	0.8659	0.8764	0.9208	0.9308	0.9281	0.9060	0.9456	0.8746	0.9108	0.9398	0.9036	0.9796	0.8966	0.9509	0.8982	0.8839	0.9240	0.8866	0.7839	0.9319	0.8646	0.9283	0.9912	0.9569	0.9591	0.9207	1.0193	0.9350	0.8637	0.9745	0.8878	0.8681	1.0483	0.9052	0.9915	0.9436	0.8849
QG37_01361	0.9165	0.8509	0.8854	0.7667	0.8723	0.7855	0.8885	0.9115	0.9296	0.7497	0.9648	0.8518	0.8346	0.9272	0.8389	0.8643	0.9486	0.9458	0.8623	0.7604	1.0319	0.9135	0.8676	0.8405	0.8978	0.8315	0.7942	0.8727	0.8758	1.0740	0.9271	0.7800	0.8044	0.7533	0.7268	0.8329	0.9057	0.7231	0.7585	0.9525	0.8977	0.8147	0.7925	0.8841	0.9239	0.8849	0.8945	0.8562
QG37_01362	0.9277	0.9417	0.7986	1.0982	0.8677	1.0249	0.9387	1.0135	1.0370	1.1681	1.1880	1.1027	0.9204	0.9571	1.1260	1.0895	1.0161	1.1146	0.9999	1.2060	1.1351	1.1251	1.0455	1.0690	0.9365	0.9869	1.0718	0.8697	1.1075	1.1300	1.2447	1.0289	0.9575	0.8802	0.9250	1.0156	1.0510	0.7626	0.9344	0.9917	1.0779	0.9147	1.0416	0.9522	1.1563	0.8245	0.9944	0.8770
QG37_01363	1.2729	1.1262	1.0567	1.0080	1.0086	1.1257	0.8259	1.2680	1.2493	1.2550	1.2333	1.1778	1.3069	1.2694	1.1154	1.2485	1.1811	1.1696	1.1613	1.1629	0.9555	1.0585	0.9581	1.0900	1.1386	1.2188	1.2549	0.9254	1.2741	1.0676	1.1816	1.1796	1.1826	1.0115	1.2811	1.2267	1.1698	0.9862	1.0730	1.0408	1.1211	1.0950	0.9434	0.9330	1.1628	1.0425	0.9927	1.1020
QG37_01364	1.0404	0.9450	1.1017	1.0780	1.1173	1.0709	1.0665	1.0727	0.9774	1.2077	1.2500	1.1545	1.0846	0.9724	1.0033	1.0109	1.0321	1.0591	1.0014	1.0225	1.1336	1.0652	1.0568	1.0330	1.1144	1.0704	0.8908	1.1907	1.0959	0.8215	1.0738	1.0087	0.8558	0.8619	0.8642	0.8906	0.8260	0.8658	0.7218	0.6214	0.9789	0.8132	0.9399	0.8492	0.9954	0.8507	0.9546	0.9039
QG37_01365	0.9935	1.2037	1.0822	1.1084	1.1504	1.0446	1.1157	1.0279	1.0083	1.1075	1.1198	1.0583	1.0123	1.0230	1.0808	1.0510	1.1262	1.1442	1.1283	1.0508	1.1241	1.1205	1.0584	1.0254	0.9466	1.0991	1.1581	1.1660	1.1174	0.9185	1.1678	1.0833	1.2723	0.9789	1.0956	0.9466	0.9880	1.0573	1.1786	1.0127	1.0162	1.0368	1.0566	1.1618	0.9976	1.0647	0.8791	1.1284
QG37_01366	1.0079	0.9842	1.0271	0.8847	1.0092	0.9721	0.9588	0.9932	0.8296	0.9728	0.8973	1.0027	0.9054	0.9916	1.0100	0.9367	0.9057	1.0173	0.9901	0.9662	0.9370	0.9905	0.9515	0.9754	0.9241	0.9672	1.0061	0.9598	0.8656	0.9636	0.9419	1.0219	0.9816	0.9720	0.9918	0.9377	0.9812	1.0141	1.0596	1.0797	1.1074	1.0130	0.9392	0.9869	1.0288	1.0148	0.9534	0.9590
QG37_01367	1.0002	1.0589	0.9550	0.9344	1.0364	1.0792	1.0676	1.0275	1.1052	1.0232	1.0885	0.9662	0.9646	1.1095	0.9692	1.0125	1.0729	1.0766	1.1047	1.0054	1.0674	1.0726	1.0317	1.0649	0.9875	0.9730	1.0480	0.9505	0.9373	0.8691	1.0518	0.9233	0.9795	1.0946	0.9717	0.9379	1.0703	0.9597	1.0311	1.0153	0.9933	0.9127	0.9838	1.0673	1.0762	1.0000	0.9779	1.0056
QG37_01369	0.9418	0.9035	1.1247	0.9384	0.8619	0.9263	0.8966	1.0267	0.8745	1.0932	1.1040	0.8428	0.9506	1.1312	1.0170	0.8834	0.9152	0.9144	0.8958	0.8822	0.9425	0.8538	0.7878	0.8206	1.0463	0.8780	1.1313	0.9459	0.8155	0.6466	1.0859	0.8649	1.1010	0.8566	0.9595	0.9599	0.9718	0.9927	1.0548	0.8431	0.9406	0.9045	1.0657	0.9839	0.9060	0.8927	0.8847	0.9040
QG37_01370	0.9401	0.8847	0.7927	0.9053	0.8260	0.8636	0.9114	0.9653	0.9570	0.9027	0.8012	0.9155	0.8729	0.9501	0.8808	0.9648	0.8771	0.8612	0.9130	0.8334	0.7988	0.8438	0.8800	0.8199	0.9472	0.8967	0.9093	0.8217	0.7848	0.8084	0.9090	0.8639	0.9237	0.9281	0.9258	0.9593	0.9302	0.9332	0.8178	0.8478	1.0123	0.8106	0.8883	0.8811	0.9149	0.9086	0.9915	0.9243
QG37_01371	0.8118	0.7783	0.8067	0.8304	0.7747	0.7398	0.8437	0.8031	0.8818	0.7488	0.7807	0.7793	0.8569	0.8690	0.9108	0.7990	0.8308	0.8231	0.7626	0.7798	0.8720	0.9334	0.7982	0.8903	0.8381	0.8085	0.7641	0.7174	0.7093	0.7793	0.7193	0.8559	0.8410	0.8385	0.8567	0.8791	0.7957	0.8875	0.8676	0.8021	0.8307	0.8406	0.8004	0.8714	0.8617	0.8153	0.8565	0.8247
QG37_01372	1.0688	1.0209	0.9495	1.0458	0.9447	1.0032	1.0253	1.0110	0.8984	0.9142	0.8968	0.8996	1.0868	0.9663	0.9704	1.0536	1.0453	1.0679	0.9818	1.0056	1.0064	1.0248	0.9817	0.9621	0.9707	0.9652	1.0173	1.0241	0.9317	0.9124	1.0176	0.9888	0.8596	0.9488	0.9737	0.8701	0.9410	0.9610	0.9697	0.7929	0.8454	0.9164	0.7886	0.9597	0.9655	1.0057	1.0302	1.0074
QG37_01373	1.0676	0.8890	0.9818	0.9165	0.8918	1.0779	0.9771	0.8853	0.9668	1.0013	1.0196	1.0055	0.9478	0.9880	0.9913	1.0118	1.0233	1.0962	1.0350	1.1013	1.0547	1.0105	0.9286	1.0341	0.9066	0.9049	0.9612	0.8684	1.0749	0.8424	1.0580	0.9899	0.9360	1.0442	1.0086	0.9872	1.0385	0.9839	0.9751	0.9409	1.0131	0.9762	0.8854	0.9985	0.9071	1.0251	1.0683	1.0140
QG37_01374	0.9794	0.8708	0.8431	0.8852	0.9649	0.9754	0.9737	0.9758	0.9092	0.9270	0.8831	0.8922	0.9392	0.8785	0.8874	0.9372	0.8786	0.8747	0.9036	0.9814	0.9073	0.8349	0.9215	0.8988	0.8924	0.8807	0.7994	0.8734	0.8324	0.7627	0.8935	0.8214	0.9428	0.9184	0.8785	0.9914	0.9839	0.9372	0.9206	0.8144	0.8846	0.8820	0.8621	0.9739	0.9514	0.9181	0.9199	0.8981
QG37_01375	1.1130	1.0648	1.0448	1.0064	0.9134	0.9991	1.0655	1.0503	1.1426	1.1054	1.0433	0.9422	1.0874	1.0679	1.1107	1.0040	1.0645	0.9415	1.1034	0.9823	1.0744	1.0231	1.0282	0.9927	0.8619	1.0482	1.0112	1.0972	1.1046	1.0224	0.9673	1.1168	1.1388	0.8999	1.0889	0.9017	1.0734	0.9534	1.1176	1.0304	0.9572	1.0220	1.0538	1.0149	0.9877	1.0013	1.1138	1.0330
QG37_01376	0.8821	0.9642	0.9449	1.0548	0.9190	0.9173	1.0577	1.1085	1.0136	0.9331	0.9905	0.9038	1.0027	0.9783	1.0844	1.0253	1.0604	0.9025	1.0189	0.8962	1.0617	0.9084	1.0096	0.8567	1.0074	0.9280	0.9397	0.8528	0.8996	0.7611	1.0372	0.9539	0.9426	0.9066	1.0072	1.0252	1.0337	0.9026	1.0513	0.8824	0.9815	0.8699	0.7847	1.1286	1.0228	1.0011	1.0768	1.0369
QG37_01377	1.0052	0.8717	0.9660	0.8723	0.8475	0.9401	0.8240	0.8678	0.8801	0.8373	1.0479	0.8845	0.9053	0.8592	0.9865	0.7932	1.0530	1.0429	0.9796	1.0721	1.2123	0.9176	0.9101	0.9640	0.9815	0.8976	0.8800	0.8741	1.0398	1.1855	0.9027	0.9389	0.9314	0.9303	0.8768	0.9373	1.1023	1.0031	0.8672	1.0538	1.0183	1.0161	0.8444	0.7433	0.7951	0.7539	0.7091	0.7845
QG37_01378	0.9301	0.9291	0.9491	0.8652	0.8540	0.9745	0.8324	0.8246	0.9493	0.9052	1.0169	0.7667	0.8760	0.9441	0.8878	0.9520	0.8704	1.0047	0.9733	1.0163	0.9538	0.9413	0.9945	0.9195	0.9558	0.9172	0.7289	0.8477	0.9796	0.8142	0.7531	0.7534	0.9911	0.8938	0.8911	0.8515	0.8645	0.9281	0.7263	0.9138	0.9582	1.0508	0.7897	0.8006	0.9557	0.8814	0.7801	1.0179
QG37_01379	1.1149	0.9017	1.0387	0.8292	0.9726	0.9574	1.0043	0.9321	0.9175	0.9879	0.8276	0.9462	0.9936	0.9466	0.9793	0.9962	0.8282	0.9078	0.9720	0.9260	0.9275	0.9410	1.0025	0.8446	0.8908	0.8687	0.9759	1.0337	0.9249	0.7627	0.8743	1.0072	1.0262	0.9140	0.9818	0.7928	0.8451	0.9852	0.9157	1.0248	1.0273	0.9342	0.9302	0.9580	0.9759	1.0152	1.0284	0.8829
QG37_01380	1.0605	1.0995	1.0547	1.0584	1.1423	1.1013	1.1185	1.0709	1.0924	1.0842	1.0520	1.0225	1.0449	0.9929	1.0105	1.0610	1.0292	0.9629	1.0890	1.0821	0.9839	1.0431	1.0514	0.9977	1.0229	1.0306	1.1190	1.0645	1.0563	0.8903	1.0425	1.0254	0.9623	1.1178	1.0489	1.0278	0.9020	1.0603	1.0594	0.9955	1.0401	0.9982	0.9867	1.1255	1.0599	1.0073	1.0839	1.0508
QG37_01381	1.0413	0.9833	0.8621	1.1131	1.0225	0.9123	1.0133	1.2026	1.0540	1.0166	1.0743	1.1273	1.1343	1.0455	1.0542	1.1648	1.0002	1.1828	1.0667	1.1050	0.9813	1.0183	1.1395	1.0532	0.9448	0.9618	1.0382	0.9815	1.0440	0.8600	0.8360	1.0128	1.0813	1.0496	1.0790	1.1149	1.1026	0.9665	1.2075	1.0706	0.9942	1.0397	0.9442	1.1505	1.0851	1.0841	1.0922	1.1843
QG37_01382	1.1012	0.9432	0.9295	0.9650	0.8051	0.7996	0.7887	1.0005	0.8634	1.0194	0.9822	0.7410	1.0103	0.9382	0.7384	0.9496	0.9518	0.8338	0.9063	0.9570	0.8463	0.8155	0.9580	1.0589	0.9445	0.8223	0.8198	0.9566	0.8568	1.1443	0.9356	0.8932	1.0174	0.9461	0.9561	1.0668	0.9999	1.0457	0.8311	0.9992	0.9350	0.9725	0.7908	0.9108	1.0192	0.8751	0.9829	0.9641
QG37_01383	0.8726	0.8253	0.9084	0.7769	0.9167	0.8303	0.8521	0.8143	0.8157	0.7359	0.8622	0.9518	0.7781	0.9967	0.9026	0.8541	0.8704	0.7265	0.9043	0.8588	0.7449	0.8228	0.8518	0.8801	0.8273	0.8094	0.8892	0.7935	0.7949	0.7345	0.9317	0.8609	0.8132	0.8384	0.8370	0.7916	0.7734	0.8886	0.8182	0.7598	1.0008	0.8606	0.7030	0.8905	0.8948	0.8539	0.8614	0.9447
QG37_01384	0.4905	0.5006	0.3583	0.3618	0.3769	0.4470	0.3358	0.4047	0.3776	0.4877	0.5347	0.3067	0.4940	0.3529	0.3056	0.4119	0.4113	0.3887	0.4035	0.3554	0.4094	0.4031	0.4703	0.3879	0.3708	0.4482	0.4197	0.3809	0.3571	0.4313	0.5211	0.4140	0.3939	0.4108	0.3628	0.3951	0.3720	0.3856	0.3514	0.3522	0.4088	0.4388	0.3429	0.3819	0.3072	0.4176	0.4594	0.3804
QG37_01385	1.0661	0.9855	0.9264	0.9579	1.0153	0.9967	0.9843	1.0986	1.0780	1.0562	0.9469	1.0547	1.0342	1.0210	1.0316	0.9949	1.0164	1.0561	1.0567	1.0302	1.0125	1.0294	1.1103	0.9713	1.0002	1.0819	1.0345	1.0566	1.0740	0.9409	0.9644	0.9654	1.0308	0.9587	1.1232	1.0520	1.0971	1.0610	1.1174	0.9855	1.1284	0.9645	0.9771	1.0023	1.0007	0.9982	1.0015	1.0339
QG37_01386	1.0581	0.9459	0.7455	0.8085	0.9063	0.9334	0.9875	0.8900	0.9733	0.8440	0.8265	0.9585	0.8379	0.9307	0.8237	0.8934	0.8520	0.8412	0.8958	0.8692	0.9688	0.9740	0.8934	0.8845	0.8650	0.9203	0.8733	0.8385	0.9109	0.8457	0.7969	0.8277	0.9602	0.9631	0.9070	0.9209	0.8616	0.8971	1.0050	0.8558	0.8214	0.9209	0.8561	0.8064	0.9505	0.9636	0.8271	0.8418
QG37_01387	0.9055	0.8551	0.8359	0.8630	0.8828	0.9602	0.9718	0.9051	0.9503	0.9202	0.8086	0.8581	0.7585	0.9281	0.8632	1.0026	0.9360	0.9733	0.9008	0.8737	0.9335	0.8990	0.9037	0.8562	0.9072	0.9173	0.8685	0.8568	0.8193	0.8221	0.9947	0.7980	0.9088	0.9357	0.9369	0.9206	0.8713	0.8698	0.9589	0.8666	0.8665	0.9395	0.9156	1.0065	0.9502	0.9007	0.9741	0.8202
QG37_01388	1.0123	0.9439	0.8256	0.8852	0.8629	0.9164	0.9366	0.9890	0.9116	0.8756	0.9484	0.9785	0.8860	1.0133	0.9104	1.0090	0.9691	1.0357	1.0164	0.9393	1.0071	0.9476	0.9726	0.9505	0.9842	0.9866	1.0012	0.8950	0.9377	0.9736	1.0059	0.9331	0.9297	0.9927	0.9158	0.9363	0.9391	0.9469	0.9535	0.9270	0.9831	0.9155	0.9573	1.0135	0.9404	0.9635	1.0064	0.9979
QG37_01389	0.9828	0.9903	0.9182	0.9215	0.9158	1.0504	0.9301	0.9266	0.9707	0.8974	0.9022	0.9628	0.9615	1.0556	0.9487	1.0220	0.9346	1.0050	1.0223	0.9269	0.9631	0.9967	0.9771	1.0019	1.1237	1.0237	0.9690	0.9588	0.9197	0.8163	0.8970	0.9147	1.0266	0.9720	0.9033	1.0396	1.0039	0.8907	0.9443	0.9764	1.0348	1.0606	1.0924	1.0440	1.0405	1.0050	1.0840	0.9891
QG37_01390	1.0134	0.9877	1.0197	0.9153	0.8898	0.9389	0.8941	0.9952	1.0802	0.8327	0.8739	1.0045	0.8849	1.0164	1.0881	0.8935	1.0003	1.0642	1.1043	0.9618	0.9816	1.0169	0.9570	1.0165	0.9611	0.9997	0.9652	1.0673	0.9712	1.1240	1.0464	0.9041	1.0370	0.9213	1.0537	1.1109	1.1897	1.1745	1.1355	0.8590	1.1220	1.0203	1.0723	1.0233	1.0322	0.9851	1.1015	0.9426
QG37_01391	1.1532	1.0685	1.1223	1.0354	1.0235	1.1263	1.0449	1.1254	1.0273	0.8523	0.9849	0.9446	0.8608	1.2066	1.0316	1.0003	1.1963	1.1414	1.1328	1.0161	1.1335	1.0512	1.0632	1.1206	1.0163	1.0534	1.0417	1.0386	1.0524	1.0961	1.0870	1.0803	1.2243	1.1082	1.0235	1.1381	1.0003	1.3617	1.1343	1.1278	1.0340	0.9444	0.9343	1.1412	0.9681	1.0305	1.0861	1.2794
QG37_01392	1.0417	0.8673	1.0182	1.0382	0.9804	0.8363	0.9589	0.8124	0.9844	1.1093	1.0181	0.7941	0.7924	0.9864	0.9522	0.9054	1.0026	0.9802	0.9851	0.8645	1.0281	0.9328	1.0161	1.0262	0.8939	0.8480	1.0066	0.8609	0.8924	0.8906	0.9046	0.7846	1.1233	1.0149	0.9123	1.1847	0.9760	0.9755	0.8250	0.9439	0.9739	1.0242	0.9880	1.0286	0.8430	1.0367	0.8567	1.1521
QG37_01393	0.9661	0.9010	0.8531	0.9345	0.9127	0.9391	0.8486	0.8839	0.8732	0.8154	0.8764	0.7901	0.8168	0.9966	0.8712	0.8961	0.8379	0.9286	0.8387	0.8840	0.9606	0.9176	0.8415	0.7979	0.8233	0.9424	0.9862	0.8603	0.7830	0.8442	0.8536	0.8121	0.9013	0.8967	0.8675	0.9251	0.8390	0.9025	0.9354	0.9301	0.9777	0.8713	0.8771	0.9442	0.8776	0.9391	0.9614	0.9320
QG37_01394	0.9632	1.0190	0.8970	1.0945	1.0297	1.1007	1.0225	1.0244	0.9571	0.9302	0.8592	1.0210	0.9273	0.9564	1.0911	1.1363	0.9900	0.9266	0.9517	0.9444	1.0600	0.9753	1.1740	0.9590	1.0114	0.9704	0.9337	0.9710	0.9210	0.7875	1.2005	0.9240	1.0578	1.0415	1.2150	1.2072	1.0990	1.1459	1.0401	1.2088	0.9941	1.0596	1.0558	0.9469	1.0727	1.0627	1.1128	0.9108
QG37_01395	0.9567	0.9343	0.8838	0.9166	0.9169	1.0088	0.9492	0.9924	0.9145	0.8711	0.9182	1.0070	0.8466	0.9820	0.9274	0.9866	0.9713	0.9094	0.9035	0.8815	0.8916	0.9909	0.9278	0.9571	0.8701	0.9043	0.8665	0.8681	0.8364	0.7084	0.8177	0.9168	0.8801	0.9371	0.9843	0.9437	1.0172	0.9902	0.9052	0.9003	0.9638	0.9210	0.9153	1.0329	1.0687	1.0266	0.9936	0.9463
QG37_01396	0.9186	0.8024	0.8618	0.9652	0.8655	0.8912	0.8927	0.9564	0.9229	0.8270	0.9513	0.8956	0.8360	0.9561	0.9126	0.9094	0.8495	0.8224	0.8458	0.7866	0.9676	0.9650	0.9002	0.8536	0.8524	0.8461	0.7985	0.8406	0.8275	0.9467	1.0218	0.8450	0.9393	0.9352	0.9022	0.8844	0.9319	0.9614	0.8305	0.9556	0.8975	0.8937	0.8420	0.9222	0.9176	0.8355	0.9499	0.9160
QG37_01397	0.7045	0.6997	0.8460	0.7070	0.6905	0.6121	0.9883	0.7132	0.7219	0.7130	0.7219	0.6792	0.6858	0.9879	0.8734	0.8206	0.8960	0.7108	0.7091	0.7929	0.7822	0.6693	0.6912	0.8225	0.7962	0.6920	0.6556	0.6710	0.6618	0.8615	0.7108	0.7201	0.7644	0.9418	0.9124	0.5790	0.8618	0.9580	0.6516	0.8044	0.6660	0.6722	0.5235	0.5697	0.6844	0.7157	0.8934	0.6346
QG37_01398	0.9446	0.8613	0.7315	1.0140	0.7408	0.9861	0.9139	0.8336	0.8791	0.8693	0.7848	0.6888	0.9240	0.7851	0.9168	0.7944	0.7602	0.7830	0.9689	0.8194	0.8193	0.8526	0.8365	0.9446	0.8871	0.8150	0.8182	0.8324	0.8888	0.6226	0.9123	0.7307	0.9477	0.8687	0.8988	0.9004	0.9429	0.9338	0.9177	0.7080	0.8002	0.7180	0.7588	1.1907	0.9837	1.0130	1.0702	0.9721
QG37_01399	1.0035	1.0141	0.8643	0.9203	0.9210	0.9392	0.8364	1.1299	0.9801	1.0059	0.8555	0.9071	0.9856	0.8513	1.0441	1.0200	0.9602	0.9921	0.9676	0.9663	1.0838	0.9299	1.0331	0.9229	1.0003	0.8290	0.9642	0.8840	0.8254	0.6754	1.1837	0.8700	0.9708	0.8892	1.0000	0.9894	1.0084	1.1329	0.9945	0.9856	1.0411	0.9517	0.8829	0.9065	0.8527	0.8831	0.9408	0.9970
QG37_01400	0.9669	0.9147	1.0200	0.8244	0.9111	0.8887	0.9361	1.0507	0.9399	1.0128	0.9296	0.9793	0.9012	0.9730	0.9609	0.9258	0.8170	1.0245	0.9896	0.9262	1.0331	0.9711	0.9333	0.9472	0.8429	0.9417	0.8279	0.8887	0.7807	0.7793	0.7932	0.8373	0.9354	0.9445	0.9495	1.0719	0.9215	1.0641	0.9131	1.0550	0.9829	0.9006	0.8871	1.0145	1.0184	1.0689	1.0022	0.9960
QG37_01401	0.9774	0.8863	0.8457	0.9023	0.9806	0.9938	0.9742	0.9952	0.9975	0.9528	0.9717	1.0392	0.9114	0.9747	0.8865	0.8889	0.9437	1.0045	0.9202	0.9451	0.9728	0.8499	0.9889	0.8897	0.9835	0.9880	0.9743	0.9230	1.0002	0.9994	0.8979	0.9550	1.0216	0.9557	1.0767	0.8296	0.9545	0.8850	0.9782	0.9667	0.8895	0.9841	0.9388	0.7721	0.9949	1.0974	0.9839	0.9516
QG37_01402	1.1658	1.0475	0.9049	0.9492	1.0877	1.2377	0.9717	1.1850	1.0840	1.0992	1.1310	1.0054	1.0564	1.1800	1.1110	0.9823	1.1071	1.1039	0.9618	1.1195	1.2180	1.0797	1.0032	1.2127	0.9759	0.9936	1.0661	0.9676	0.9729	0.8015	1.0175	1.0895	0.9346	1.1186	1.2084	1.0768	1.0410	1.1301	1.2522	1.0064	1.0912	0.9843	1.1342	1.0402	1.0596	1.0978	1.1132	0.9907
QG37_01403	0.9687	0.9993	1.0670	1.0652	1.2266	1.0254	1.0345	1.0223	1.0487	0.9763	1.0056	1.0477	0.9306	1.1156	1.0281	1.0716	0.7889	0.8092	0.9032	0.9021	0.9683	1.0162	0.9093	0.9503	0.9426	0.9844	0.9803	1.1011	0.9763	0.7602	0.9949	0.9236	0.9967	0.9112	1.0069	1.1022	1.0735	1.0685	1.0548	0.9051	0.9896	0.9494	0.9559	1.1622	1.0126	0.8705	0.9513	0.8352
QG37_01404	1.0722	0.9781	0.9611	0.8387	0.9695	1.0371	1.0641	1.0882	0.8588	0.8494	0.8882	0.8528	0.8762	1.0667	1.0022	1.0151	0.8938	0.9150	0.9335	1.0597	0.9803	0.8962	0.8079	0.9694	0.9074	1.0438	1.1084	1.0645	1.0875	0.8736	1.1614	0.8809	0.8732	0.9781	0.8954	1.0700	1.0385	0.9841	1.2258	0.8995	0.9189	1.0437	0.9544	1.1118	0.8929	1.0804	1.1746	0.9541
QG37_01405	0.9421	0.8063	0.9843	0.8877	1.0004	0.8617	0.9499	0.9137	0.7989	0.9062	0.9549	0.7643	0.8841	1.1609	0.9237	0.9793	1.0207	0.7542	0.8523	0.9170	0.9754	0.9413	0.8659	0.7536	0.9562	0.9325	0.9707	0.9636	0.9318	0.9333	0.9433	0.9644	0.8125	0.8075	0.8235	1.0702	1.0645	1.0042	0.9686	0.9110	0.8446	0.8401	0.9592	1.0155	0.9735	1.1039	1.0484	0.9603
QG37_01406	0.3684	0.2679	0.2921	0.2639	0.2687	0.3395	0.3121	0.2184	0.2218	0.2655	0.2256	0.1881	0.2547	0.2844	0.2172	0.2179	0.2283	0.2856	0.2039	0.1978	0.2239	0.1903	0.2369	0.2778	0.2454	0.2138	0.2189	0.2570	0.2264	0.2079	0.2638	0.2056	0.2814	0.2915	0.1838	0.3298	0.2205	0.1847	0.2087	0.3003	0.2733	0.2195	0.2804	0.1935	0.2248	0.2206	0.2464	0.2629
QG37_01407	0.2623	0.4117	0.4112	0.5160	0.4053	0.5079	0.4482	0.4380	0.4172	0.4941	0.4155	0.3490	0.3907	0.4188	0.4314	0.4392	0.3893	0.4102	0.3951	0.3058	0.3936	0.3632	0.4545	0.4110	0.4231	0.3618	0.2979	0.4000	0.3409	0.3877	0.4201	0.3821	0.4419	0.4647	0.4797	0.5259	0.4055	0.3602	0.5150	0.5145	0.4879	0.5011	0.4959	0.3078	0.3557	0.3841	0.3839	0.3984
QG37_01408	0.8100	0.7298	0.6504	0.4886	0.6560	0.5334	0.7122	0.5606	0.4073	0.5642	0.7095	0.5268	0.6518	0.6848	0.6004	0.4894	0.6183	0.6159	0.5567	0.5698	0.6337	0.5734	0.5253	0.5625	0.5790	0.5926	0.5131	0.5892	0.5974	0.4832	0.4442	0.5062	0.6462	0.6096	0.6801	0.5746	0.5869	0.5775	0.5236	0.6892	0.5258	0.6741	0.6592	0.6077	0.6659	0.7316	0.7117	0.6877
QG37_01409	0.5662	0.5331	0.5617	0.3292	0.5433	0.4543	0.5656	0.3654	0.4375	0.4419	0.5030	0.4828	0.4564	0.5409	0.5686	0.3945	0.4623	0.5087	0.5124	0.5272	0.4914	0.5235	0.5324	0.4696	0.4405	0.4853	0.5374	0.5218	0.4753	0.3719	0.5571	0.4325	0.6298	0.4720	0.4861	0.3772	0.3956	0.4847	0.4375	0.4460	0.4007	0.3961	0.5149	0.5969	0.5440	0.5651	0.4648	0.5884
QG37_01410	0.8040	0.8071	0.8684	0.9063	0.8215	0.7869	0.9175	0.8193	0.8007	0.7576	0.9184	0.7859	0.8511	0.8723	0.7833	0.9198	0.8372	0.8246	0.7180	0.9107	0.8927	0.9141	0.8383	0.9134	0.8510	0.8241	0.8995	0.8287	0.8112	0.6675	0.8492	0.8425	0.8638	0.8266	0.9336	0.9375	0.8570	0.8572	0.9545	0.6717	0.7805	0.8095	0.9032	0.7642	0.7208	0.8309	0.6824	0.6807
QG37_01411	1.0116	0.8759	0.9889	1.0390	1.0025	1.0254	1.0464	0.9943	0.9948	0.9052	0.9599	1.0231	1.0010	1.0286	0.9436	1.0237	1.0011	1.0366	0.9249	0.9225	1.0124	1.0196	0.9332	1.0438	1.0945	1.0010	0.8209	0.9708	0.9015	0.8099	0.8877	1.0007	1.0293	0.9530	0.9158	0.9747	1.0159	0.9925	0.9538	0.9950	0.9605	1.0342	0.9520	0.9664	0.9426	1.0213	1.0138	1.0190
QG37_01412	1.0609	1.0397	1.4336	1.1143	1.1016	1.1711	1.0637	1.0424	1.0810	1.1047	1.0431	1.1980	1.1552	1.1325	0.9978	1.1763	0.9684	0.9697	1.2939	1.1728	1.0568	1.0151	1.1249	0.9769	1.0509	1.1510	1.0609	1.2036	1.1142	0.7945	1.0305	1.0551	1.1170	1.0995	1.1696	1.0731	1.2440	0.9838	1.0316	1.1142	1.1468	1.1167	1.1171	1.0322	1.0890	1.1691	1.0532	1.1523
QG37_01413	1.0994	1.0425	1.4402	1.0684	1.0492	1.1282	1.0234	0.8970	0.9945	1.0672	0.9722	1.2115	1.0803	1.0344	0.9791	1.0221	1.0620	0.9735	0.9865	1.0384	1.0671	1.1534	1.1285	0.9996	1.0274	1.1238	1.0577	1.0263	1.0970	1.0846	0.9996	1.1191	0.9474	0.9185	1.0083	0.9000	1.1817	0.8926	1.0469	1.0143	0.9517	0.9856	1.1034	0.9393	1.0133	1.0532	1.0800	1.1195
QG37_01414	0.9991	0.9614	1.3959	0.9037	0.9852	1.2311	1.0610	0.9290	0.9743	0.9604	1.0708	0.9611	1.0705	0.9280	0.8754	0.8648	1.0764	0.9500	0.8707	1.1933	0.9820	1.1704	1.0536	0.8728	1.0100	0.9683	0.9023	0.9363	0.9174	0.9476	0.8490	0.9900	0.8425	0.9941	0.8988	0.7906	1.0698	0.8540	1.0529	0.9087	0.9499	1.0206	0.9803	0.8862	1.0696	1.0455	0.8961	0.9677
QG37_01415	0.9225	0.7648	0.8026	0.9380	0.9517	0.8537	0.9291	1.0306	0.7811	0.9411	0.7404	0.9057	0.9432	0.8385	0.8331	0.8718	0.7733	1.0860	1.0045	1.0248	0.9575	0.8860	0.8802	0.8690	0.8113	0.8191	0.7475	0.7732	0.7634	1.1064	0.6987	0.7701	0.9823	0.8250	1.1020	0.7608	0.8294	0.7651	0.8271	0.8283	0.9479	0.8461	0.9628	0.9482	0.8103	0.8523	0.8984	0.8405
QG37_01416	1.1189	0.9345	0.9939	1.0097	0.9664	1.0468	1.0063	1.0520	0.9381	1.0367	1.0426	0.9255	1.0517	0.9690	0.9424	1.0119	0.9743	0.9764	0.9545	1.0906	1.0219	0.9184	0.9528	0.9782	0.9244	0.9642	0.9703	1.0337	0.9414	0.9079	1.0014	0.9051	0.9671	0.9544	0.9344	0.9490	0.9172	0.9825	0.9415	0.9494	1.0197	0.9141	0.9352	0.9994	0.9383	0.9809	1.0407	0.9873
QG37_01417	1.1059	1.0969	1.1743	1.1316	1.1420	1.0987	1.1772	1.1477	1.0182	1.0957	1.0811	1.1042	1.2026	1.1288	1.0162	1.0529	1.1028	1.0793	1.0140	1.2932	1.2559	1.0052	0.9596	1.0235	1.1061	1.1756	0.9221	1.0728	1.0339	1.0085	1.1596	0.9758	1.0896	1.0426	1.0178	1.1554	1.0588	1.0342	1.2244	1.0945	1.0904	1.0094	1.1419	1.2326	1.0456	1.1411	1.0127	1.0720
QG37_01418	1.3097	1.1193	1.1357	1.0398	1.2009	1.1269	1.1594	1.0568	1.0734	1.2497	1.1571	1.0321	1.1948	1.0938	0.9685	1.0310	1.1270	1.1459	1.0146	1.2415	1.0565	1.1300	1.1552	0.8869	1.0887	1.0775	0.9294	0.9739	1.2020	1.0591	0.9622	1.0907	1.1045	1.0807	1.0587	1.2269	0.9118	1.0509	1.1449	1.0378	1.0896	0.9930	1.1171	1.1066	1.0832	1.0640	0.9918	0.9341
QG37_01419	1.1873	1.0787	1.0509	1.1335	0.9780	1.1926	1.0151	1.0438	0.9821	0.9494	1.2771	0.9545	1.1871	0.9104	1.0123	1.0718	1.1025	1.1228	1.0050	1.0965	1.0092	1.0339	1.0389	1.0063	1.1072	1.0710	1.0797	1.1228	1.1381	0.8578	0.9807	0.9991	1.0461	1.0186	1.0110	1.1302	1.0707	1.0197	1.0852	1.0638	1.1469	1.0335	1.2149	0.8876	0.9932	0.9573	1.0161	0.9743
QG37_01420	1.0888	0.9725	1.0814	0.9324	1.0755	1.0617	1.0950	1.0058	1.0005	1.0176	1.0618	1.0061	1.0852	0.9976	1.0197	1.0273	0.9989	1.0496	1.0136	1.0201	1.0546	1.0256	0.9065	0.8984	1.0028	1.0352	0.9767	1.0358	1.0254	0.8312	0.9244	0.9861	0.9720	0.9384	1.0223	1.0005	0.9933	1.0006	1.0141	0.8815	0.9791	0.9632	0.8929	1.0464	0.9602	0.9296	0.9451	1.0121
QG37_01421	1.1565	1.0234	1.1012	1.0052	1.0399	1.2040	1.0427	1.0218	1.1442	1.0489	1.0628	0.9540	1.0932	0.9800	1.1193	1.0420	1.0036	1.0520	1.0081	1.0776	1.0942	1.1346	0.9704	0.9976	1.0378	1.0336	0.8857	1.1402	1.0812	0.9227	0.9917	1.0242	1.0904	1.0776	1.0536	1.1060	0.9720	1.0059	1.0368	0.9404	1.0413	0.9784	0.9422	0.9395	0.9123	0.9648	1.0022	1.0581
QG37_01422	1.1754	0.9967	0.9246	1.1406	0.8131	0.9872	1.0566	1.0313	1.0884	0.9910	1.0359	0.9613	1.0446	1.0115	0.9880	0.8433	0.9681	0.9211	1.0169	1.0914	1.0175	0.9603	0.8186	1.0088	0.9189	1.0131	1.0084	0.8330	1.0628	0.7711	0.9761	0.9415	0.8015	1.0376	0.9992	0.9725	0.9830	0.9406	1.1087	0.9413	1.0696	0.9965	0.8623	1.0547	1.0302	0.9053	0.8990	1.0606
QG37_01423	1.0167	0.9265	0.9622	1.0265	0.9094	1.1061	1.0535	0.9306	1.0437	0.9952	0.9771	0.8356	1.0094	0.9009	0.7933	0.9342	0.8529	0.9664	0.8700	1.0317	0.8256	0.8518	0.9358	0.9403	0.9423	1.0031	0.9473	0.9320	1.0366	0.7402	0.9678	0.8694	0.8707	0.8341	0.9786	0.9613	0.9638	0.9865	0.9973	0.9687	0.9789	0.9814	0.8274	0.9963	0.8474	1.0650	0.8773	1.0007
QG37_01424	1.1008	1.0499	1.1052	1.0976	1.1188	1.1076	1.0227	1.1518	1.0762	1.0843	1.0873	1.0525	1.1177	1.0143	1.0380	1.0549	1.0187	0.9167	1.0891	1.0678	0.9658	0.9653	1.0263	0.9678	1.0464	1.0108	0.9750	1.1201	1.0973	0.8090	0.9419	0.9485	1.1202	1.0974	1.0355	1.0479	1.0962	1.0623	0.9954	0.9577	1.1145	1.1670	1.0152	0.9612	1.0700	1.0937	0.9467	1.0365
QG37_01425	1.1180	1.1783	1.1780	1.1446	1.0874	1.0472	1.0357	1.0034	1.1054	1.1066	0.9467	1.0865	1.1003	0.9488	0.9381	1.2044	1.0365	1.1157	1.0493	1.1346	0.9493	1.1596	1.0226	0.9841	1.0855	1.0761	1.0691	1.1799	1.1469	1.0206	1.0867	1.2056	1.0168	1.0115	1.0411	1.1217	1.0006	1.1430	1.0382	0.9173	1.0649	1.1598	0.9768	1.0520	1.0599	1.0294	1.1334	1.1354
QG37_01426	0.9601	0.9929	0.9129	1.0046	1.0183	0.9912	1.0314	0.9593	1.0501	1.0120	0.9720	0.8845	0.8902	0.9881	0.8975	0.9477	0.9904	1.0088	0.9656	1.0553	0.9654	1.0168	1.0127	0.9259	0.9671	1.0861	0.9890	0.9560	0.9650	0.9075	0.9057	0.9608	0.9504	0.9918	0.8931	0.9417	0.9535	0.9935	0.8366	0.9535	0.9945	1.0107	0.8842	0.9305	0.9697	1.0492	1.0818	0.9276
QG37_01427	1.1052	1.0392	1.0849	0.9387	0.9854	0.9942	0.9792	1.0232	0.9604	0.9964	1.0239	0.8978	0.9829	0.9509	0.9797	0.9697	0.9372	1.0707	1.0056	1.0088	0.8663	0.9629	0.9489	0.8765	0.9334	0.9137	1.0267	1.0068	0.9699	0.7514	0.9073	0.9237	0.9369	0.9555	1.0301	0.9785	1.0113	0.9604	1.0429	0.9837	0.9590	0.9790	0.9009	0.9589	0.9234	0.9630	0.9193	0.8963
QG37_01428	1.1991	1.1492	0.8543	0.9687	1.1312	1.0849	1.0822	1.2184	1.0224	1.0470	1.0458	1.0539	0.9737	1.0069	1.0123	0.9371	1.0418	1.1438	1.0451	1.1090	1.0766	1.0440	0.9293	0.9919	1.0670	1.0721	1.0917	1.0718	1.0470	0.9833	1.0189	0.9792	0.9581	0.9508	1.0651	1.0374	1.0722	1.0762	1.0196	1.0250	1.1103	0.9466	0.9754	0.9700	1.0626	1.1142	1.1005	1.0465
QG37_01429	1.2407	1.1020	1.1530	1.0701	1.1561	1.0418	1.1138	1.1280	1.0963	1.1489	1.1667	1.1961	1.1114	1.1548	1.0193	1.1354	1.0914	1.0992	1.1770	1.1737	1.1506	1.1622	1.0671	1.0661	1.1325	1.1297	1.1006	1.1305	1.1814	0.9864	1.1326	1.1548	1.1043	1.1534	1.1344	1.1296	1.1147	1.1435	1.1352	1.1231	1.1646	1.1304	1.0656	1.1143	1.1244	1.0791	1.0577	1.1274
QG37_01430	1.0896	1.0105	1.0521	0.9901	1.0112	1.0465	1.0175	1.0324	0.9867	1.0797	1.0452	0.9584	1.0251	0.9829	1.0499	0.9555	1.0308	1.0332	1.0580	1.1232	1.0632	1.0631	0.9731	0.9888	0.9982	0.9897	1.0153	1.0642	1.0435	0.9060	1.0489	0.9845	1.0091	1.0022	1.0008	1.0361	1.0634	0.9993	1.0003	1.0313	1.0741	1.0250	0.9006	0.9703	1.0307	0.9917	0.9640	0.9816
QG37_01431	1.1343	1.0687	1.1454	0.9661	1.0391	0.9248	0.9902	1.0132	0.9547	1.0074	0.9958	1.0099	1.0865	0.9418	0.9249	0.9462	0.9785	1.0074	1.0727	1.1124	1.0279	1.0308	1.0046	0.9822	1.0072	0.9185	1.0323	1.0674	1.0632	0.9454	1.0192	0.9368	0.9723	0.9847	1.0652	0.9350	0.9646	0.9810	1.0418	1.0016	1.1026	0.9704	0.8137	0.9327	0.9780	1.0840	1.0297	1.0144
QG37_01432	1.1973	1.0914	1.0476	1.1018	1.1462	1.0052	1.0195	1.1378	1.0574	1.1794	1.2116	1.2200	1.0352	1.0393	1.0546	1.1689	1.1672	1.1114	1.0219	1.0651	1.0518	1.0133	1.1354	1.1159	1.1334	1.1197	1.0683	1.0793	1.1943	0.9124	1.2005	1.1480	1.2218	1.1178	1.0885	1.1771	1.1930	1.0616	1.0538	1.0687	1.1184	1.1616	1.1385	1.1742	1.1547	1.0054	1.0594	1.0457
QG37_01433	1.2375	1.0855	1.2272	1.1311	1.1140	1.1971	1.0703	1.1480	1.0716	1.2048	1.0692	1.2221	1.2078	1.0644	1.0553	1.1875	1.0736	1.1003	1.1358	1.2503	1.0760	1.1037	1.1366	1.0478	1.1473	1.1725	1.1686	1.1324	1.1645	1.0443	0.9937	1.1639	1.2157	1.1013	1.1596	1.1698	1.1669	1.0835	1.0974	1.0929	1.1057	1.1367	1.0242	1.1460	1.1915	1.1208	1.1217	1.0566
QG37_01435	1.2085	1.1972	1.1343	1.0635	1.1423	1.2055	1.2036	1.1609	1.1558	1.1882	1.2176	1.0614	1.1438	1.0950	1.1027	1.0880	1.0499	1.0989	1.1178	1.1203	1.0520	1.1086	1.1003	1.1039	1.1180	1.0792	1.1663	1.1725	1.1233	0.9185	1.0272	1.0839	1.1097	1.1453	1.0582	1.1576	1.1663	1.0693	1.1620	1.1333	1.0919	1.0272	1.0853	1.0692	1.1369	1.0780	1.1045	1.0940
QG37_01436	1.2847	1.1372	0.9090	1.0716	1.0643	1.0074	0.9148	1.0283	1.0714	1.0932	1.0179	1.0673	1.0387	1.0626	0.9172	1.2036	0.9394	1.0545	0.9122	1.0147	1.0027	0.9488	0.9040	1.0027	0.8805	0.9036	0.9073	1.0187	1.0384	1.0940	0.9137	0.9647	1.0398	1.0513	1.0378	1.0169	0.8694	1.0390	1.0588	0.8891	0.9255	0.9067	0.8500	0.9111	1.0776	1.0261	0.9909	0.9405
QG37_01437	1.1253	1.0918	0.9360	1.0808	0.9772	1.0624	0.9937	1.1861	1.0985	1.0646	1.1420	1.0862	1.1344	0.9219	0.9971	1.0852	0.9517	1.1224	1.0387	0.8675	1.0135	0.9702	0.9057	1.1158	0.9195	0.9506	0.8523	1.1607	1.0894	0.9745	1.0017	0.9612	0.9989	1.1030	0.9895	1.0705	0.9678	0.9140	1.0104	0.8923	0.8756	1.0956	0.7702	0.9429	1.0508	0.8899	0.9834	0.8985
QG37_01438	1.2178	1.0917	1.0735	1.0363	1.1373	1.1067	1.0543	1.1005	1.0659	1.0458	1.0850	1.1272	1.1497	1.0621	1.0312	1.0830	1.0967	1.0642	0.9692	0.9857	1.0372	1.0390	0.9444	1.0542	1.0695	0.9541	1.0337	0.9601	1.1858	1.0191	0.9999	1.0231	1.0732	1.1227	1.1435	1.0903	1.2114	1.0486	1.1587	1.0202	1.0293	1.0094	1.1064	1.1087	1.1511	0.9948	1.0270	1.1166
QG37_01439	1.2585	1.2049	1.3090	1.2845	1.1584	1.1719	1.1695	1.1852	1.2257	1.2572	1.2601	1.0651	1.2910	1.2527	1.1193	1.1855	1.1823	1.0568	1.1885	1.1083	1.1273	1.1922	0.9782	0.9511	1.0845	1.0058	0.9567	1.1398	1.1414	1.3116	1.0867	0.9308	1.0327	1.0153	1.2080	1.2925	1.0241	1.0700	1.2600	0.9950	1.1791	1.2403	1.0478	1.3253	1.1514	1.1600	1.0901	1.0440
QG37_01440	1.2726	1.2029	1.0878	1.2402	1.2076	1.1394	1.0685	1.2555	1.0769	1.2790	1.0849	1.1595	1.2171	1.1584	1.1374	1.2358	1.1367	0.9012	1.0747	1.1909	1.1129	1.1585	0.9181	0.9417	0.9948	0.9678	1.0937	1.2901	1.0335	1.0600	1.0145	1.0244	1.0663	0.9946	1.1687	1.2583	0.8895	1.0479	1.1420	1.0813	1.0337	1.0441	1.1070	1.1130	1.0817	1.1642	1.1800	1.0783
QG37_01441	1.1887	1.0808	1.1236	0.8772	1.1392	1.0842	1.1193	1.0444	1.1326	0.9905	1.0929	1.0294	1.1261	0.9754	1.0508	1.0636	1.0443	0.9867	1.0163	1.0653	1.0718	0.9697	1.0529	0.9684	0.9920	1.0982	0.9485	0.9993	1.0631	1.1097	0.9669	0.9429	0.9968	1.0318	1.0516	1.0572	1.0555	1.0274	1.0909	0.9841	1.1527	1.0208	0.9343	0.9471	0.9329	1.0778	0.9430	0.9776
QG37_01442	1.1843	1.1605	1.1790	1.0796	1.0980	1.0264	1.0909	1.0681	1.1043	1.0884	1.1067	1.0328	1.0628	1.0193	1.0286	0.9165	1.0807	1.0103	1.0331	1.1184	0.9767	1.0336	1.0274	0.9403	1.0301	1.0045	1.0793	1.0713	1.0185	0.8375	1.0658	0.9880	1.0455	0.9809	1.0131	0.9555	0.9764	0.9766	0.9650	1.0387	1.1199	1.0393	0.9399	1.1093	0.9727	1.0372	1.0443	0.9601
QG37_01443	1.3409	1.1924	1.2381	1.1151	1.1309	1.2506	1.2523	1.2746	1.2268	1.2447	1.3241	1.1846	1.2672	1.0797	1.1578	1.1090	1.1210	1.1082	1.1224	1.2362	1.1186	1.0761	1.1155	1.0021	1.1567	1.1967	1.1330	1.1807	1.2309	1.0533	1.0533	1.1216	1.1293	1.1201	1.1319	1.1967	1.1201	1.0783	1.1139	1.0803	1.1739	1.1267	1.0234	1.1019	1.1717	1.1118	1.1390	1.0678
QG37_01444	1.2849	1.0953	1.1361	1.0240	1.0787	1.2323	1.1556	1.1929	1.0925	1.1538	1.1604	1.1038	1.2146	1.0662	1.0499	1.0716	1.1102	1.0062	1.0842	1.1409	1.0189	1.0352	1.0721	1.0659	1.0975	1.1324	1.0914	1.1283	1.1125	0.9476	1.0056	1.0876	1.1078	1.0880	1.1612	1.1469	1.0742	1.0065	1.1099	1.0430	1.1876	1.1276	0.9913	1.0158	1.0615	1.0811	1.0540	1.0159
QG37_01445	1.2269	1.1081	1.1982	1.0445	1.1715	1.1928	1.2233	1.1432	1.0790	1.1493	1.1542	1.1735	1.2329	1.0394	1.0787	1.0641	1.1056	1.1260	1.0907	1.1832	1.1678	1.1963	1.0745	1.0851	1.1335	1.1327	1.1067	1.1686	1.2104	1.0634	0.9635	1.0531	1.1592	1.1743	1.1227	1.1320	1.0990	1.0749	1.1026	1.1055	1.0905	1.0869	1.0795	1.0395	1.1085	1.1341	1.0375	1.0163
QG37_01446	1.2809	1.1817	1.2088	0.9222	1.1400	1.0501	1.1800	1.1461	1.1177	1.3195	1.2393	1.2051	1.2441	0.9874	1.1058	1.1512	1.0716	1.0714	1.0255	1.1393	1.0934	1.1162	0.9720	1.0972	1.0912	1.0645	1.0621	1.1570	1.0857	1.1558	1.0025	1.0264	1.1485	1.0978	1.1458	1.1438	1.1539	1.1286	1.0430	0.9920	1.1784	1.0390	0.9785	1.0894	1.0733	1.0808	1.0130	1.1241
QG37_01447	1.3050	1.2647	1.2763	1.1315	1.2421	1.2672	1.1987	1.1988	1.1178	1.2030	1.2317	1.0726	1.2366	1.1045	1.0233	1.0651	1.1349	1.1324	1.1265	1.2101	1.1311	1.1216	1.1496	1.0638	1.1754	1.1211	1.1150	1.2014	1.2073	1.2167	1.1259	1.1284	1.1134	1.1285	1.1490	1.1006	1.1897	1.1182	1.0865	1.0218	1.2411	1.0868	1.0062	1.1085	1.1233	1.0516	1.0836	1.0811
QG37_01448	1.1248	1.1437	1.1202	1.1104	1.1239	1.2909	1.1069	1.1478	1.1659	1.1450	1.2002	1.0477	1.2321	0.8554	1.0799	1.0478	1.1369	1.0108	1.1192	1.2079	1.0367	1.2492	1.0844	1.0275	1.1258	1.0465	1.0552	1.1809	1.1609	1.0121	0.9725	1.0917	1.1674	1.2015	1.0468	1.0231	1.1037	1.0447	0.8350	1.0888	1.1006	1.1434	0.9591	0.9725	1.0007	0.9737	0.9896	0.9628
QG37_01449	1.1628	1.0480	1.1509	0.8775	1.0012	1.0642	1.0353	1.0440	0.9610	1.0489	1.0760	1.0238	0.9770	0.9975	0.9843	0.9483	1.0160	0.9941	0.9714	1.0455	1.0566	1.0113	0.9000	0.9502	1.0243	1.0188	0.9568	1.0468	1.0720	0.9794	0.9519	0.9760	1.0158	0.9985	1.0208	0.9503	1.0537	0.9418	1.0047	0.8583	1.0326	0.9464	0.9006	0.9100	0.8929	0.9480	0.9288	0.8916
QG37_01450	1.0907	1.2149	1.1747	0.9374	1.0779	1.1448	1.0567	0.9607	1.1131	1.1736	1.2420	1.3287	1.2253	0.9233	1.0055	0.8842	1.1912	1.0078	1.0323	1.2513	0.9444	1.0676	1.0035	1.0224	1.0226	1.2175	0.9541	1.0769	1.1983	0.9303	0.8709	1.0105	1.2870	1.1381	1.0936	1.1312	1.0600	1.0729	1.1127	1.1369	1.1704	1.0614	0.9512	0.9609	1.1991	1.0317	1.0257	0.9568
QG37_01451	1.2213	1.0633	1.2076	1.0374	1.0378	1.1436	1.1127	1.0144	1.0541	1.1212	1.0155	1.0564	1.2473	0.8348	0.9082	0.9762	1.0930	0.9654	1.0560	1.1156	1.0526	1.0253	0.9749	0.9840	1.0768	1.0053	1.1228	1.0496	1.1625	1.0215	0.9484	0.9941	1.1828	1.0796	0.9598	1.1323	1.1217	0.9970	1.0465	0.9947	1.0586	0.9780	0.9648	0.9941	1.0940	0.9345	1.1511	0.9748
QG37_01452	1.2583	1.1714	1.1449	1.0082	1.1872	1.1025	1.2067	1.0662	1.1586	1.1984	1.2299	1.1478	1.1968	1.0207	1.0609	1.0451	1.1452	1.0312	1.0896	1.1991	1.0946	1.0092	0.9872	0.9903	0.9337	1.1060	1.0073	1.0342	1.1776	1.0361	1.0432	1.1068	1.0364	1.0565	1.0324	1.1832	1.1208	0.9658	0.9814	1.0536	1.0279	0.9201	1.0446	1.0866	0.9929	1.0363	1.0431	1.0724
QG37_01453	1.1802	1.0786	1.2678	0.9789	1.1212	1.1491	1.2043	1.0881	1.1358	1.1103	1.2173	1.0480	1.1970	1.0492	1.0925	0.9392	1.0701	0.9907	1.0427	1.1989	1.1409	1.1026	1.0136	1.1862	1.0133	1.0244	1.1116	1.2136	1.2143	0.9115	1.0563	1.0949	0.9921	1.0799	1.1548	0.9526	1.1478	1.1411	1.0721	1.1496	0.9338	1.1040	1.1141	1.1282	1.1616	0.9557	1.0023	0.9989
QG37_01454	1.1928	1.1184	1.1864	1.0342	1.0918	1.1699	1.1372	1.0627	1.0985	1.1051	1.0889	1.1063	1.2407	0.9893	1.1525	1.1143	1.0768	1.1098	1.0199	1.1441	1.1546	1.1749	1.0374	1.0440	0.9872	1.0523	1.0849	1.0476	1.0955	0.9112	1.0146	0.9568	1.1561	1.0113	1.0353	1.0518	1.1471	1.1406	1.0238	0.9840	1.2229	1.0685	1.0423	1.0626	0.9605	1.2192	1.0433	0.9790
QG37_01455	1.2227	1.0837	1.2876	0.9409	1.0379	1.0590	1.1055	1.0962	1.0167	1.0943	1.0773	1.0936	1.1620	1.1926	1.1364	1.1497	1.1914	1.1562	1.0607	1.1140	1.0723	1.1123	1.0897	0.9783	1.0812	1.0996	1.2410	1.2261	1.1998	0.9654	1.2190	1.1096	1.2153	1.0732	1.0185	1.1066	1.1777	1.0963	1.0783	1.0930	1.0616	1.0671	0.9766	1.1128	0.9770	1.0586	1.0331	1.1328
QG37_01456	1.2248	1.1661	1.1067	1.0438	1.1208	1.1399	1.1369	1.1251	1.0852	1.1716	1.0696	1.0894	1.2433	1.0667	1.1797	1.0162	1.0816	1.1041	1.0809	1.1689	1.0809	1.1440	1.0618	0.9797	1.0782	1.1034	1.0764	1.0792	1.1193	1.2028	1.0914	1.0598	1.1361	1.0494	1.1134	1.1403	1.0542	1.0377	1.2011	1.0670	1.0679	1.0463	1.0421	1.0481	1.0383	1.0549	1.0407	1.1293
QG37_01457	1.0502	0.9698	1.0110	0.6793	0.7554	0.8780	0.9841	0.9414	0.7021	0.8575	0.8938	0.9857	0.8451	0.8240	0.8892	0.9048	0.8288	0.8218	0.7954	0.9402	0.9026	0.7779	0.7689	0.8096	0.8232	0.9578	0.8075	0.9876	0.9161	1.2310	1.1769	0.9163	0.9898	0.8598	0.8636	0.9570	0.9607	0.9289	0.8803	0.7673	0.8190	0.8902	0.8533	0.8592	0.8541	1.0101	0.8963	0.9278
QG37_01458	1.2035	1.1297	1.2289	1.1772	1.1498	1.1576	1.1300	1.1598	1.0870	1.1521	0.9799	1.1329	1.2738	1.0715	0.9673	0.9470	1.1628	1.0866	1.0631	1.1445	1.2312	1.0714	1.0989	1.0428	1.0842	1.1078	1.0393	1.1785	1.1414	0.9921	0.9584	1.0467	1.0748	1.0023	1.0717	1.1632	1.1714	1.0929	1.1386	1.0794	1.1317	1.1004	1.0082	1.0590	1.1654	1.1309	1.0267	1.1098
QG37_01459	1.1619	1.0936	1.1793	1.0347	1.0138	1.1062	1.1599	1.0967	0.9096	1.2064	1.0042	1.0274	1.1463	1.1110	0.9933	0.9749	1.0883	0.9451	1.0267	1.1355	1.1790	1.0286	1.0134	0.9899	0.9582	1.0011	1.0050	1.0773	1.0054	1.0324	1.0398	1.0579	0.9766	1.0461	1.0638	1.0960	1.0127	1.0525	1.1188	1.0699	1.0364	1.0769	1.0201	1.0051	0.9745	1.0946	1.1182	1.0913
QG37_01460	1.2416	1.1288	1.1969	1.1084	1.1851	1.1720	1.0458	1.1058	1.1034	1.1142	1.1438	1.1025	1.1601	1.0507	0.9821	1.0009	1.1360	0.9673	1.0672	1.2173	0.9915	1.0468	0.9748	0.9876	0.9933	1.0926	1.0271	1.0328	1.1669	0.8945	1.0280	1.0672	1.1100	1.0235	1.0379	1.1264	0.9861	0.9922	1.0787	1.0592	1.0172	1.0453	0.9520	1.0504	1.0158	1.0197	1.1355	1.0320
QG37_01461	1.2167	1.0016	1.0602	1.0190	1.0986	1.0009	1.0745	1.0634	1.0976	1.1244	1.0612	1.0262	1.1959	1.0435	1.0233	0.9848	1.0814	1.1099	1.0659	1.2076	0.9732	1.0750	1.0553	1.0006	1.0501	1.0300	1.0345	1.0678	1.1917	1.1500	0.9632	0.9905	1.1057	0.9935	1.1156	1.0948	1.1250	0.9897	1.0825	0.9884	1.2638	1.1331	0.9404	1.0628	1.0775	1.0135	0.9991	1.0348
QG37_01462	1.1838	1.0733	1.2052	1.1052	1.1554	1.1574	1.0485	1.2038	1.1061	1.1143	1.1309	1.1500	1.1309	1.1396	0.9826	1.0275	1.1173	1.0314	1.1019	1.0433	1.1029	1.0652	1.0073	1.0179	1.0611	1.1267	1.0991	1.1216	1.1313	1.0685	1.0781	1.0550	1.2097	1.0425	1.1325	1.0955	1.0757	1.0687	1.0402	1.0392	1.1484	1.0463	1.0347	1.1111	1.0780	1.0900	0.9994	1.1015
QG37_01463	1.1993	1.2357	1.1166	1.1178	1.1735	1.1649	1.1612	1.1850	1.1246	1.1718	1.1717	1.2110	1.1008	1.1801	1.0397	1.0844	1.1413	1.0898	1.0407	1.1053	1.1224	1.1750	1.0473	1.0571	1.1169	1.0830	1.1314	1.1482	1.0461	1.0643	1.0449	1.1196	1.2121	1.0610	1.1157	1.2105	1.3034	1.1490	1.0988	1.2073	1.1054	1.1747	1.0884	1.3063	1.2242	1.2370	1.1129	1.0537
QG37_01464	1.2554	1.3912	1.1119	1.0184	1.2089	1.1439	1.0584	1.1915	1.1433	1.1717	1.0991	1.1029	1.2341	1.0359	1.1337	1.0515	1.1569	1.2209	1.2740	1.1177	1.1559	1.2819	1.1188	1.0533	1.1456	1.1693	1.2845	1.2298	1.2621	1.0461	1.1737	1.1046	1.2616	1.2106	1.2237	1.0307	1.1560	1.2085	1.1729	1.1394	1.1495	1.0745	1.1783	1.1415	1.0988	1.0386	1.1378	1.1131
QG37_01465	1.1434	1.2618	1.0344	1.1524	1.0670	1.1876	1.1492	1.0764	1.2256	1.0040	1.0750	1.4733	1.1720	1.0715	0.8857	1.0822	0.9915	1.0162	1.2367	1.1387	0.9580	0.9669	0.9273	1.0246	1.0130	1.1233	1.1550	1.1527	0.9459	0.9506	1.0296	0.9664	1.0860	0.9625	1.0834	1.0149	1.1549	1.0811	1.1089	1.1477	0.9775	1.0096	0.9513	0.9154	1.0411	0.8970	1.0501	1.0158
QG37_01466	1.1793	1.2248	1.0661	1.2828	1.0286	1.0648	1.2793	1.1168	1.3679	1.1809	1.1660	1.2607	1.1714	1.0843	1.0101	1.2102	0.9530	0.9872	1.1496	1.1989	0.8637	1.1151	1.0321	1.0414	1.0602	1.1208	1.1557	1.0954	1.0249	1.0630	1.0007	1.0203	1.0723	1.0730	1.1195	1.1800	1.1638	1.0603	1.1346	1.0180	1.0767	1.0024	1.0399	1.0180	1.0138	0.9346	1.1162	1.0274
QG37_01467	1.2270	1.2699	1.1480	1.4731	1.1598	1.3700	1.1030	1.2906	1.2687	1.5536	1.3241	1.3423	1.1521	1.1350	1.2434	1.1755	1.5160	1.1771	1.2065	1.1828	1.2587	1.4180	1.3348	1.3745	1.0990	1.0859	1.2362	1.5106	1.2162	1.5799	1.4377	1.2239	1.2523	1.1856	1.0956	1.1780	1.2621	1.2235	1.2177	1.2230	1.1593	1.2434	1.0697	1.2128	1.1471	1.2311	1.1819	1.3470
QG37_01468	0.9793	1.0975	1.0616	0.9761	0.9045	1.0598	1.0272	1.0303	1.0059	1.0149	0.9563	0.9440	1.0616	0.9800	0.8638	0.9294	1.0800	0.9371	0.9166	0.9874	0.9170	0.8942	0.8807	0.8786	0.9480	0.9966	0.9646	0.9940	0.8900	0.8418	0.9256	0.8470	0.9210	0.9420	1.0023	0.9538	0.9832	1.0146	0.9089	0.9766	0.9571	0.9746	0.9043	0.8989	0.9849	0.9451	0.9146	0.9056
QG37_01469	1.1553	1.1457	1.2209	1.0307	1.0034	1.0845	1.0812	1.0358	1.0333	1.0521	1.1442	0.9546	1.1675	1.0506	1.0573	1.0852	1.1567	1.1085	1.0292	1.0879	1.1192	1.1046	1.0375	1.0995	1.1184	1.1127	1.0851	1.0898	1.0641	1.0567	1.1180	1.0643	1.0670	1.0153	1.0328	1.1267	1.1541	1.0027	1.0417	1.0831	1.1377	1.0924	1.0639	1.0173	1.1104	1.0683	1.0612	1.1301
QG37_01470	1.1445	1.1556	1.0405	1.2244	1.3026	1.1666	1.1429	1.1068	1.1690	1.1465	1.1892	1.1699	1.1808	1.2068	1.1220	1.0061	1.1302	1.0475	1.0824	1.0282	1.1439	1.1217	1.0301	1.1060	1.0187	1.0721	1.2264	1.2257	1.2496	1.3028	1.3374	1.1182	1.0800	1.0773	1.1266	1.0168	1.2032	1.1043	1.0286	1.1347	1.0882	1.1789	1.1213	1.0025	0.9351	1.0295	1.1189	0.9838
QG37_01471	1.0879	1.0827	1.0837	1.0817	1.0424	1.0311	1.0457	1.1328	1.0343	1.0734	1.1480	1.0082	1.0986	1.0396	1.0278	1.0801	1.0146	0.9950	1.0841	1.0258	1.0081	1.0292	1.0857	1.0407	0.9496	1.0176	1.0442	1.0807	1.0423	0.9897	1.0413	1.1596	1.0742	0.9568	1.0619	0.9448	1.2470	0.9846	1.0396	1.0483	1.1526	1.0174	0.9856	1.1216	0.9706	0.9797	1.0453	1.0257
QG37_01472	1.1879	1.1766	1.1965	1.0406	1.1419	0.9745	1.0009	1.2352	1.0122	1.2262	1.0454	1.1757	1.0997	1.1184	1.1599	0.9423	1.1220	1.1202	1.0333	1.1639	1.2532	1.1117	1.0222	1.0601	1.0542	1.0550	0.9927	1.2211	1.1757	0.9670	0.9584	1.0951	0.9993	1.0073	1.1492	1.0670	1.0155	1.0487	1.0920	1.0575	1.0524	1.0958	0.9087	0.9219	1.1409	0.9474	0.9731	1.1008
QG37_01473	1.1609	1.1795	1.2588	1.0557	1.1129	1.2319	1.1179	1.2477	1.1174	1.1397	1.1392	1.0781	1.1905	1.0571	1.1148	1.1230	1.0629	1.1267	1.0893	1.1575	1.0999	1.1216	1.1530	1.1360	0.9906	1.0932	1.1642	1.1706	1.2575	0.9915	1.2322	1.0333	1.1568	1.0021	1.1994	1.1186	0.9457	1.1032	1.0626	1.1330	1.1908	1.1387	1.0501	1.0869	1.1085	1.1242	1.1419	1.1149
