GENE	CDC_B11096	CDC_B11097	CDC_B11098	CDC_B11099	CDC_B11101	CDC_B11102	CDC_B11103	CDC_B11105	CDC_B11112	CDC_B11113	CDC_B11114	CDC_B11115	CDC_B11116	CDC_B11117	CDC_B11118	CDC_B11119	CDC_B11200	CDC_B11201	CDC_B11205	CDC_B11206	CDC_B11207	CDC_B11208	CDC_B11209	CDC_B11210	CDC_B11212	CDC_B11213	CDC_B11214	CDC_B11215	CDC_B11216	CDC_B11217	CDC_B11218	CDC_B11219	CDC_B11220	CDC_B11221	CDC_B11222	CDC_B11223	CDC_B11224	CDC_B11225	CDC_B11226	CDC_B11227	CDC_B11228	CDC_B11229	CDC_B11230	CDC_B11243	CDC_B11244	CDC_B11245	CDC_B11246	CDC_B11247
QG37_06611	0.4274	0.4191	0.4332	0.4496	0.3891	0.3653	0.3495	0.4147	0.4019	0.4046	0.5098	0.4353	0.3748	0.4409	0.3234	0.3710	0.3154	0.3998	0.3239	0.3851	0.4516	0.3571	0.4356	0.4255	0.4289	0.3499	0.4239	0.4573	0.4507	0.4520	0.3121	0.3847	0.0013	0.4198	0.4402	0.3482	0.4600	0.4429	0.3680	0.3513	0.3974	0.3589	0.3821	0.4364	0.5985	0.4720	0.5587	0.5370
QG37_06612	0.7873	0.6783	0.7069	0.6566	0.6385	0.7353	0.6512	0.7370	0.7234	0.7521	0.5876	0.5277	0.5356	0.6150	0.5622	0.6001	0.7269	0.7299	0.5926	0.7387	0.7028	0.5893	0.7192	0.7001	0.6185	0.6132	0.5844	0.6307	0.4960	0.7296	0.6960	0.7208	0.0144	0.5440	0.4687	0.6341	0.5462	0.5057	0.8324	0.6417	0.5678	0.5363	0.6611	0.0090	0.0179	0.0217	0.0168	0.0151
QG37_06613	0.7298	0.6346	0.4173	0.4967	0.4837	0.4505	0.4867	0.6414	0.4649	0.5484	0.5716	0.5941	0.4927	0.5507	0.5321	0.4819	0.5164	0.5217	0.5515	0.4158	0.4615	0.4711	0.5233	0.3986	0.4960	0.4714	0.4713	0.5651	0.5136	0.6635	0.4381	0.4472	0.1007	0.5549	0.4933	0.6829	0.6147	0.4823	0.4916	0.5945	0.4704	0.5703	0.4141	0.8213	0.7598	0.7656	0.7546	0.8755
QG37_06614	0.8328	0.8149	0.7456	0.8951	0.7278	0.8059	0.9376	0.7999	0.7912	0.9261	0.9104	0.8888	0.7026	0.8872	0.9443	0.9336	0.8797	0.9451	0.8993	0.8143	0.8015	0.9071	0.9691	0.7200	0.8938	0.9608	0.7317	0.7885	0.8578	0.7833	1.0578	0.7367	0.4459	0.8802	0.8565	0.8628	0.9308	0.8325	0.8948	0.8903	0.8858	0.8559	0.8560	10.5631	9.9499	10.3149	10.3270	10.4318
QG37_06615	0.9486	1.0636	0.9959	0.8853	0.9950	0.8840	0.8752	1.0964	0.8978	1.0171	0.9329	0.9841	0.9220	0.9988	0.9920	0.9325	0.9971	0.9942	0.8206	0.8652	0.9269	0.8301	0.9462	0.9495	0.9074	0.8477	0.8563	0.9113	1.0582	0.8321	1.0780	0.9115	0.0000	0.9300	1.0342	1.0032	0.8445	1.0746	0.9956	1.0320	0.8091	0.9161	0.8694	0.8881	0.7673	0.9296	0.9445	0.9984
QG37_06616	0.5577	0.4792	0.4730	0.4685	0.4944	0.5244	0.6113	0.4873	0.5594	0.4836	0.5063	0.3902	0.4630	0.4980	0.3408	0.4437	0.4555	0.5068	0.5348	0.5861	0.5678	0.4662	0.4345	0.6311	0.5841	0.4470	0.4579	0.4423	0.4685	0.3286	0.4820	0.4915	0.0015	0.4883	0.5423	0.5172	0.4571	0.4559	0.5185	0.5136	0.5103	0.5632	0.5556	0.4542	0.4662	0.4755	0.5283	0.4985
QG37_06617	0.7180	0.7992	0.8638	0.7631	0.7712	0.6878	0.8001	0.7680	0.8729	0.8579	0.7410	0.7368	0.6583	0.6739	0.7087	0.7474	0.7170	0.8648	0.8987	0.7622	0.8761	0.8323	0.7205	0.8820	0.8819	0.7580	0.8265	0.7377	0.7050	0.6075	0.6115	0.6916	0.0000	0.8374	0.7308	0.9386	0.7618	0.7384	0.6992	0.7981	0.9161	0.7886	0.7575	0.7147	0.7684	0.7013	0.7315	0.6865
QG37_06618	1.0100	0.9437	0.8957	0.9014	0.8534	0.8992	0.9327	0.9311	0.9592	0.8791	0.9968	0.8265	0.9615	0.9919	0.9118	1.0053	0.9012	0.8801	1.0175	0.9293	0.9088	0.9438	0.9838	0.9091	1.0016	0.9303	1.0665	0.9174	0.8610	0.7242	0.8622	0.9625	0.0024	0.9451	1.0566	0.9604	0.9292	0.9416	1.0110	0.9542	1.0320	0.9146	0.9390	0.9982	0.8918	0.9915	0.9553	0.9420
QG37_06619	0.6153	0.7716	0.7415	0.8004	0.7737	0.8172	0.6973	0.7918	0.7875	0.7765	0.6972	0.6767	0.8120	0.7955	0.8560	0.8767	0.7595	0.7536	0.7048	0.8558	0.6935	0.6922	0.7419	0.7527	0.7679	0.8325	0.7675	0.6949	0.7828	0.8130	0.7488	0.7612	0.0019	0.9075	0.8002	0.6758	0.7504	0.7068	0.8002	0.7685	0.7825	0.7693	0.6945	0.7112	0.6928	0.6782	0.7374	0.6763
QG37_06620	0.6273	0.7550	0.8066	0.9042	0.7790	0.8594	0.8709	0.9016	0.9144	0.8307	0.9326	0.7066	0.8390	0.8967	0.8233	0.7043	0.7675	0.8349	0.9469	0.8437	0.7263	0.8518	0.8547	0.7977	0.9516	0.6783	0.7844	0.8697	0.8987	0.7857	0.7884	0.6751	0.0000	0.7919	0.7811	0.7878	0.7083	0.8493	0.7517	0.6801	0.8213	0.8995	0.7282	0.6683	0.8183	0.7550	0.8438	0.8413
QG37_06621	0.8204	0.7738	0.6484	0.6808	0.8049	0.8435	0.9000	0.7647	0.9082	0.7662	0.8781	0.6796	0.6789	0.8116	0.8733	0.6516	0.7981	0.7348	0.7705	0.5864	0.7854	0.6540	0.8691	0.8339	0.8804	0.6315	0.8236	0.8005	0.6486	0.8518	0.6664	0.6830	0.0000	0.7061	0.9425	0.8207	0.7217	0.7480	0.8010	0.8518	0.8449	0.8286	0.6870	0.7638	0.6874	0.8132	0.7534	0.8355
QG37_06622	0.7116	0.8565	0.7414	0.7834	0.7318	0.7862	0.9805	0.8990	0.7895	0.8321	0.8919	0.8744	0.8178	0.8312	0.6467	0.8561	0.6997	0.8093	0.8787	0.6428	0.8308	0.9214	0.8559	0.7014	0.7789	0.9186	0.7328	0.7630	0.7110	0.5796	0.8468	0.8283	0.0045	0.7514	0.8691	0.8826	0.8545	0.8012	0.9431	0.8417	0.8904	0.7274	0.6723	0.7796	0.7470	0.8243	0.7989	0.9329
QG37_06623	0.7906	0.7342	0.7444	0.7499	0.8003	0.7171	0.8459	0.7590	0.8316	0.7355	0.7774	0.7995	0.7747	0.7073	0.8753	0.8214	0.7202	0.8088	0.8513	0.7337	0.8169	0.8712	0.6850	0.8222	0.7847	0.8898	0.5848	0.8202	0.7373	0.7296	0.8404	0.8402	0.0000	0.6656	0.9022	0.7339	0.8586	0.8518	0.7313	0.8115	0.7494	0.8234	0.8395	0.8135	0.8528	0.8788	0.6655	0.7529
QG37_06624	0.8761	0.7721	0.8150	0.7940	0.7845	0.9159	0.8235	0.8266	0.8016	0.7571	0.8393	0.7571	0.8364	0.8473	0.8169	0.9022	0.8252	0.8639	0.8735	0.7861	0.8611	0.8767	0.8618	0.9212	0.8690	0.8146	0.8308	0.7295	0.7804	0.8497	0.8515	0.7524	0.0021	0.8689	0.9270	0.8854	0.9098	0.9598	0.8770	0.8842	0.9619	0.9408	0.8407	0.7493	0.7115	0.7242	0.7283	0.7219
QG37_06625	0.9243	0.8426	0.8285	0.9044	0.9062	0.9388	0.9228	0.8525	0.9714	1.0440	0.9175	0.8643	0.9212	0.9982	0.9711	1.0631	0.9345	0.9794	1.0542	0.8843	0.9686	0.9523	0.9662	1.0601	0.9828	0.9484	0.8493	0.9360	0.8967	0.8287	0.8962	0.9063	0.0033	0.9717	1.0101	1.0051	0.9463	1.0451	0.9441	0.9313	0.9586	1.0526	0.9235	0.8572	0.9499	0.9309	0.9021	0.9360
QG37_06626	0.9181	0.9602	0.7861	0.8163	0.8576	0.7713	0.8616	0.8936	0.9352	0.8055	0.8451	0.8518	0.8076	0.9140	0.9383	0.8611	0.8197	0.9245	0.8914	0.8457	0.8952	0.8754	0.8790	0.9256	0.9148	0.8839	0.9120	0.8398	0.7846	0.8590	0.8248	0.8023	0.0002	0.8662	0.8685	0.8273	0.9244	0.9181	0.9316	0.8629	0.9874	0.9124	0.8612	0.8777	0.9320	0.9406	0.8733	0.9488
QG37_06627	0.8201	0.8694	0.7705	0.7834	0.8538	0.8148	0.8021	0.8279	0.9402	0.8517	0.8546	0.8337	0.7079	0.9060	0.8897	0.8600	0.8841	0.8899	0.8757	0.8757	0.9280	0.8599	0.8462	0.9413	0.8779	0.8802	0.9032	0.7582	0.7993	0.8145	0.8936	0.8427	0.0031	0.8176	0.8083	0.8946	0.8186	0.8906	0.8561	0.8704	0.9216	0.8941	0.9310	0.9337	0.8549	0.9793	1.0445	0.8754
QG37_06628	0.9124	0.8928	0.8425	0.9110	0.9040	0.9473	0.8942	0.8474	0.9418	0.8669	0.9358	0.9344	0.9156	0.8699	1.0837	1.0299	0.8820	0.9268	0.9445	0.9496	0.9568	0.9533	1.0536	0.8605	0.9575	0.9620	0.8727	0.8818	0.9406	0.8575	0.9618	0.8407	0.0058	1.0134	1.0209	0.9641	0.9845	1.0817	1.0143	1.0597	0.8768	1.0193	0.8770	1.0094	1.0229	0.9607	0.9405	0.9254
QG37_06629	1.0235	1.0042	1.0935	0.8695	0.9724	0.9640	0.9417	0.9842	0.9312	0.8886	0.9413	0.8940	0.9509	1.0607	0.8129	0.9586	0.8135	0.9955	0.9021	0.9041	1.0288	0.8932	0.8658	0.9753	0.9415	0.8652	0.9428	0.9671	0.9169	0.9579	1.0628	0.8661	0.0000	0.9796	1.0310	1.0133	0.9094	0.9712	1.0200	1.0364	0.9154	0.9645	0.9793	1.0526	0.9896	1.0236	0.9802	0.9811
QG37_06630	0.5616	0.5130	0.5910	0.5817	0.4929	0.6365	0.5548	0.6085	0.5973	0.5427	0.5585	0.4419	0.5796	0.5886	0.5451	0.5462	0.5745	0.5843	0.5895	0.5538	0.6761	0.5339	0.5204	0.6376	0.6167	0.5083	0.5151	0.5476	0.6104	0.6541	0.6954	0.5712	0.0144	0.5235	0.6524	0.6373	0.6325	0.5862	0.6611	0.6605	0.5216	0.5745	0.6011	0.6651	0.8141	0.6385	0.6949	0.6976
QG37_06631	1.0597	1.0070	1.0435	0.9971	0.9286	0.8510	1.0627	0.9117	0.9613	1.0218	0.8836	0.9125	0.9820	1.0025	0.8586	1.0264	1.0649	0.9787	1.0238	0.9340	0.8876	0.9951	0.9999	0.8504	0.9377	1.0306	0.9728	0.9628	0.9426	0.9045	1.0107	0.9095	0.0005	0.9099	0.9293	1.0707	0.9524	0.9295	0.9069	0.9319	0.9632	1.0256	0.9459	1.0046	1.0049	0.9966	0.9109	0.9912
QG37_06632	0.9834	0.8750	0.9287	1.0334	1.0987	0.9240	0.9518	0.9845	0.9362	1.0117	0.9018	0.9989	0.8996	0.9209	0.9431	0.8095	0.9524	1.0238	0.9568	0.9264	1.0392	1.0511	0.8504	0.9735	0.7991	0.9072	0.9561	0.9323	0.9547	0.9051	0.8971	0.9443	0.0043	0.9145	0.9392	1.0134	0.9235	0.9345	0.8193	1.0177	1.0336	1.0231	0.8001	0.9079	0.9971	0.8482	0.9449	0.9672
QG37_06633	0.9915	0.9201	0.9668	1.0651	1.0595	0.9581	1.0067	1.0149	0.8897	0.9961	1.1463	0.9455	0.9838	1.0651	1.0134	0.9322	1.0239	1.0229	1.0810	0.9475	1.0426	0.9780	0.9806	1.0429	1.0439	0.9821	1.0233	0.9299	0.9990	0.9603	1.0326	1.0418	0.0007	0.9477	1.0494	1.0382	0.9304	1.0471	1.2324	1.0630	1.0431	1.1011	0.9167	1.1156	1.0638	1.0779	0.9524	1.0003
QG37_06634	0.9690	0.9822	1.1324	0.9502	1.1550	0.9431	1.0638	1.0385	0.9585	0.9197	0.9113	1.1602	1.1524	0.9983	0.8796	0.9614	1.0390	0.9605	1.0087	1.0883	0.9193	1.1167	0.9837	0.9814	0.9209	0.9982	1.0003	0.9649	0.9500	1.0488	1.0932	0.9531	0.0000	0.9003	0.9087	0.9840	1.0243	1.0567	0.9515	0.9870	1.1291	0.9546	0.9247	1.0250	1.0961	0.9710	1.0241	1.0877
QG37_06635	1.0236	0.9684	1.0373	0.8474	0.9117	0.9315	1.0235	0.9719	1.0618	0.8917	0.9963	0.9113	0.9820	0.9621	1.0032	0.9941	0.9493	0.9397	0.9549	0.9726	0.9479	0.8579	0.9691	0.8967	0.9667	0.9694	0.9951	0.8931	0.9775	1.0676	0.9359	0.9228	0.0077	0.8913	0.9420	0.9904	0.9643	0.9276	0.9291	1.0310	1.0702	0.9975	0.9251	1.1431	0.9641	1.0315	0.9095	1.0304
QG37_06636	0.9015	0.9029	0.8934	0.7644	0.8882	0.9112	0.9667	0.8885	0.8772	0.8780	0.9004	0.9045	0.8070	0.9813	0.8597	0.8988	0.8524	0.9234	0.9493	0.8788	0.8704	0.8869	0.8907	0.9468	0.9283	0.8438	0.8577	0.8371	0.8173	0.6347	0.8807	0.7733	0.0025	0.7875	0.7947	0.9220	0.8563	0.9230	0.8589	0.9289	0.9040	0.9273	0.9304	0.8913	0.9198	0.9016	0.9226	1.0312
QG37_06637	0.7179	0.7295	0.7812	0.6598	0.7261	0.8490	0.7731	0.7201	0.8213	0.7367	0.7317	0.8128	0.7001	0.7186	0.7640	0.7806	0.7681	0.9167	0.8487	0.7946	0.8580	0.7407	0.8205	0.7756	0.7074	0.8035	0.7429	0.6895	0.6695	0.7017	0.7391	0.6266	0.4582	0.8367	0.7481	0.6409	0.7432	0.7305	0.7425	0.6920	0.7839	0.7648	0.8026	0.8169	0.8359	0.7589	0.8751	0.7260
QG37_06638	0.8693	0.7506	0.7775	0.8051	0.7417	0.8184	0.8674	0.7641	0.7869	0.7258	0.7852	0.7606	0.8417	0.8618	0.7223	0.8267	0.7477	0.8631	0.7659	0.8445	0.9190	0.8575	0.8056	0.7654	0.8400	0.8023	0.7891	0.7574	0.7072	0.6511	0.7760	0.6849	0.7746	0.8865	0.8289	0.8603	0.8758	0.8729	0.8336	0.7967	0.8836	0.7765	0.8056	0.9026	0.9606	0.8570	0.8527	0.8088
QG37_06639	0.8873	0.8746	0.7414	0.8767	0.8399	0.5642	0.7024	0.8046	0.9077	0.9970	1.0003	0.9172	0.9157	0.8916	0.8144	0.8836	0.8086	0.9206	0.8918	0.9377	0.9441	1.0070	0.9022	0.8900	0.8800	0.8024	0.9242	0.9899	0.9436	0.7457	0.9966	0.9227	0.7962	0.8836	0.8124	1.0353	0.9497	1.0202	0.9325	1.1260	1.0521	1.1239	0.9524	0.9824	0.9447	0.9170	1.0638	0.9075
QG37_06640	0.9915	0.9697	0.9624	1.0888	0.9717	1.0116	0.8690	0.9493	0.9621	0.9838	0.9870	0.9268	0.9990	0.9693	0.9765	1.0141	1.0155	0.9628	0.9608	0.9818	1.0090	0.9761	0.9643	0.9300	1.0693	0.9197	0.9095	0.9999	1.0720	0.7196	1.0494	0.9718	0.9435	0.9046	0.9712	1.0355	1.0029	1.0121	1.0599	0.9699	0.9860	1.0685	1.0005	1.0563	0.9458	1.0016	1.0242	1.0332
QG37_06641	1.0597	0.9084	0.8813	0.9323	0.9572	0.9448	1.0620	0.9456	0.9750	0.9666	1.0701	0.9217	0.9709	0.9545	1.0094	0.9879	0.9238	0.9223	0.9584	0.9745	1.0147	0.9191	1.0002	0.9837	0.9530	0.8773	0.9383	0.9251	0.8958	0.9160	0.9565	0.8992	0.8931	0.9517	0.9786	0.9764	0.9611	1.0515	0.9580	0.9545	0.9295	0.9471	0.9103	1.0652	0.9391	0.9692	0.9634	0.9072
QG37_06642	0.8417	0.8639	0.8684	0.7937	0.8638	0.8207	0.9074	0.8267	0.8735	0.8772	0.9305	0.7446	0.8815	0.8307	0.9065	0.9588	0.9079	0.8596	0.8892	0.8786	0.8543	0.8822	0.8856	0.8741	0.8218	0.8388	0.8464	0.8485	0.7933	0.8551	0.8272	0.8676	0.8418	0.9110	0.9366	0.8347	0.8916	0.9234	0.9184	0.8817	0.9174	0.8455	0.7863	0.8971	0.8956	0.9185	0.9424	0.9057
QG37_06643	1.0258	1.0829	0.8393	1.0347	0.9992	0.9073	1.0011	0.8100	0.8040	0.9805	0.7849	0.8303	0.7690	0.8809	0.9176	1.0015	0.8245	0.8318	0.7912	0.8364	0.8690	0.8591	0.7365	0.8724	0.8660	0.8041	0.8913	0.7984	0.9023	0.6214	0.9325	0.8430	0.9148	0.9354	1.0104	1.0067	0.8563	0.9905	1.0192	0.8533	1.0357	0.6887	0.8723	1.0110	1.1685	0.9541	1.0863	0.7899
QG37_06644	0.8489	0.8341	0.8830	1.0025	0.8774	0.8206	0.8019	0.7999	0.8389	0.8618	0.7518	0.6757	0.7383	0.8480	0.7519	0.8667	0.7753	0.8282	0.7921	0.8543	0.8278	0.8503	0.7139	0.9096	0.7511	0.8103	0.7965	0.8673	0.7368	0.8339	0.9257	0.7940	0.8453	0.9357	0.8557	0.8307	0.9380	0.8711	0.8099	0.8265	0.8842	0.8781	0.6840	0.7879	0.8384	0.8490	0.8010	0.8834
QG37_06645	0.7706	0.7612	0.7096	0.7632	0.7723	0.8739	0.8049	0.8258	0.7385	0.7675	0.6572	0.6469	0.7289	0.8485	0.6929	0.7195	0.8263	0.7842	0.8295	0.7409	0.7412	0.7331	0.7391	0.8987	0.7541	0.7572	0.6691	0.7501	0.7700	0.6638	0.8300	0.6989	0.7679	0.7401	0.8687	0.6994	0.8335	0.7553	0.7778	0.7810	0.6949	0.8210	0.7706	0.8420	0.7813	0.8863	0.9130	0.8216
QG37_06646	0.8441	0.7948	0.8481	0.8568	0.8794	0.8637	0.8932	0.7888	0.8872	0.8518	0.8321	0.8428	0.9324	0.9161	0.9094	0.7913	0.8498	0.9096	0.9371	0.8101	0.8623	0.8465	0.8578	0.8405	0.8139	0.7780	0.9206	0.8316	0.8055	0.7072	0.8390	0.7969	0.9221	0.8730	0.9423	0.8624	0.8745	0.9050	0.8953	0.8481	0.9294	0.9171	0.8588	1.0022	0.8932	1.0035	0.9194	0.8393
QG37_06648	0.8737	0.9477	0.9685	1.0198	0.8998	0.9214	1.0422	0.9862	0.9804	0.9428	1.0259	0.8797	0.8916	0.9019	1.0222	1.0303	1.0251	0.9132	0.9761	0.9119	1.0971	0.9568	1.0188	1.1133	1.0661	0.8276	0.9483	0.9047	0.8676	0.8527	0.9167	1.0531	0.9012	0.9891	0.9668	0.9620	0.9096	1.0820	0.9685	0.9552	0.9105	1.0016	0.8997	1.0000	1.0019	0.9003	0.9738	0.9962
QG37_06649	0.9921	0.9415	0.9775	0.9372	0.9800	0.9795	0.9322	0.9481	0.9430	0.9131	0.9254	0.9056	0.9351	0.9397	0.9469	0.9631	0.9477	0.9523	0.9443	0.9022	0.9826	0.9316	0.9482	0.9012	0.9362	0.8853	0.9380	0.9134	0.8976	0.8124	0.9532	0.9020	0.9219	0.9549	0.9075	0.9905	0.9641	0.9871	0.9407	0.9447	0.9884	0.9868	0.9209	0.9663	0.9402	0.9740	0.9714	0.9416
QG37_06650	1.0650	1.0458	0.9634	1.1388	1.1179	1.0218	1.0650	1.0699	1.1200	1.0137	1.0993	1.0677	1.1127	1.0841	0.9705	1.0501	0.9679	0.9642	1.0166	1.1333	0.9756	0.9995	1.0641	1.0459	0.9906	1.0252	0.9975	0.9465	0.9082	0.9645	1.0502	0.9884	1.0131	1.0441	1.0044	0.8875	1.0000	1.1484	1.0794	0.9222	0.9354	1.0146	0.9503	0.9970	1.0515	1.0239	0.9992	1.0013
QG37_06651	1.0196	0.9835	0.9907	0.9425	1.1099	1.0119	1.0219	0.9396	0.9288	0.9466	0.9413	0.9784	0.9828	1.0922	1.0956	1.0096	0.9847	0.9559	1.1311	1.0613	1.0826	1.0028	1.1110	1.0288	1.0875	0.9928	1.0425	0.9520	0.9081	0.9027	0.9935	0.9566	0.9112	0.8999	0.9895	0.9839	1.0185	1.1046	0.8698	0.8073	0.7854	0.7929	0.8861	0.9135	0.8974	1.0313	0.7104	0.9748
QG37_06652	0.8748	0.8599	0.7858	0.7140	0.8461	1.0166	0.8369	1.0132	0.7952	0.8147	0.7585	0.8838	0.9223	0.8347	0.8251	0.8746	0.8405	0.9337	0.7938	0.8981	0.8618	0.9184	0.8801	0.9042	0.8722	0.8580	0.8545	0.8163	0.8385	0.8854	0.8106	0.7761	0.8691	0.7773	0.8627	0.7547	0.9218	0.8978	0.7931	0.8717	0.8801	0.8510	0.8320	0.8452	0.8956	0.9175	0.8508	0.8427
QG37_06653	0.9484	0.8338	0.8490	0.9773	0.9511	0.9932	0.9958	1.0075	0.8541	0.8521	0.9092	0.8619	0.9338	0.9753	0.8206	0.8697	0.8579	0.8844	0.9442	0.9292	0.9014	0.9574	0.8977	0.8823	0.9736	0.8239	0.9287	0.8706	0.9793	0.8687	0.9051	0.9630	0.9811	0.8829	0.9665	0.8524	0.8694	0.9572	0.8345	0.9601	0.9496	0.9506	0.8863	0.9699	0.8894	1.0259	0.8735	0.9690
QG37_06654	1.2377	0.9316	0.9872	0.9074	0.9759	0.9836	1.1170	1.1052	0.9305	0.9636	1.0049	0.9207	1.0302	1.0508	0.9533	1.0148	1.0134	0.8883	1.0095	1.0749	0.8725	0.9579	1.0566	0.9959	1.0223	0.9910	1.0888	0.9437	0.9610	0.7887	0.9671	1.0864	0.9050	0.7405	0.8097	0.7416	0.6692	0.7234	0.7870	0.8057	0.7333	0.7284	0.7257	0.8885	1.0189	0.7847	0.8542	0.8587
QG37_06655	0.8181	0.7505	0.8723	0.7329	0.6753	0.6708	0.7170	0.7145	0.7856	0.7328	0.5635	0.5761	0.5917	0.7311	0.6471	0.6000	0.7710	0.6069	0.7346	0.6620	0.6310	0.6244	0.6952	0.6829	0.6564	0.4631	0.7036	0.6800	0.5173	0.3440	0.5192	0.7459	0.9952	0.8090	0.6213	0.5898	0.6420	0.6773	0.6746	0.7274	0.5449	0.6517	0.6973	0.6347	0.6191	0.5422	0.5749	0.5708
QG37_06656	0.6979	0.7393	0.8084	0.7851	0.8172	0.8957	0.8804	0.6737	0.8121	0.7765	0.6983	0.7680	0.7300	0.6751	0.6956	0.7767	0.7069	0.7411	0.7702	0.8512	0.7958	0.8715	0.7228	0.7272	0.7095	0.5718	0.8375	0.6714	0.6550	0.7557	0.6343	0.6501	0.9729	0.9710	0.9937	0.7877	0.6257	0.8454	0.8445	0.7140	0.7414	0.8081	0.7384	0.8649	0.7351	0.7071	0.7201	0.6901
QG37_06657	0.7579	0.8875	0.9011	0.8587	0.8112	0.8368	0.9005	0.8666	0.8671	0.9142	0.7844	0.8281	0.8308	0.8923	0.7494	0.9343	0.9650	0.9422	0.8084	0.7973	0.9033	0.8349	0.7797	0.6816	0.7120	0.7581	0.8721	0.8321	0.8605	0.6720	0.8741	0.8234	0.7226	0.7590	0.9064	0.8917	0.9247	0.8615	0.8650	0.8511	0.8670	0.7750	0.8322	0.8570	0.8619	0.9105	0.7882	0.8529
QG37_06658	1.0881	0.8770	0.9683	0.9787	0.8023	0.7929	0.9115	0.9682	0.9755	0.7865	0.9664	0.9337	0.9086	1.0050	0.9790	0.7224	0.8840	0.9292	0.9038	0.8923	0.9403	0.8256	0.9079	0.8281	0.8947	0.7645	0.9590	0.8602	0.8910	0.8075	0.8383	0.8438	0.7148	0.7406	0.9012	0.8249	0.7559	0.8490	0.7240	0.9317	0.9140	0.9439	1.0240	0.9773	0.8207	0.8423	0.8428	1.0204
QG37_06659	0.9521	0.9149	0.9143	0.8127	0.9631	0.9553	0.9968	0.9568	0.9780	0.8892	1.0758	0.8480	0.9834	1.0338	0.8900	0.9206	0.9262	0.9728	0.9725	0.9192	0.9916	0.9417	1.0051	0.9174	0.8792	0.8428	0.9758	0.9117	0.8870	0.7257	0.9381	0.8701	1.0269	0.9335	1.0645	0.9119	0.8689	0.9736	0.9256	0.9586	1.0166	0.9282	0.9116	0.9760	0.9870	0.9249	1.0418	1.0034
QG37_06660	1.0908	1.0731	1.0664	0.9791	1.0691	1.0258	1.0489	1.0154	1.0866	1.0868	1.1162	1.1125	1.0891	1.0576	0.9910	0.9735	1.1194	1.0166	1.0911	1.0930	1.0999	1.0849	1.0778	1.0545	1.0069	1.0378	1.0544	1.0323	1.0391	0.8745	0.9364	1.0235	1.0342	0.9826	1.1209	1.0439	1.0594	1.0528	1.0451	1.0388	1.0327	0.9924	0.9710	1.0422	1.0160	1.1175	1.0329	1.0920
QG37_06661	0.9773	1.0411	0.9397	0.9057	0.9091	0.9578	0.9747	1.1194	0.9563	1.0096	0.9984	1.0449	0.9109	0.9488	1.0534	1.1073	0.9504	0.9074	1.0227	1.0532	0.9130	1.0934	1.0213	0.9407	0.9329	0.8921	0.9822	0.9722	0.9617	0.7863	1.0514	0.9092	1.1040	1.0323	1.0538	1.0921	1.0235	0.9777	1.0694	0.9220	0.9389	1.0495	1.0923	0.9592	1.0196	0.9870	0.8791	1.0184
QG37_06662	0.8765	0.7845	0.6669	0.8579	0.7662	0.8769	0.7266	0.8935	0.8505	0.7551	0.6768	0.7962	0.6815	0.8215	0.9145	0.7508	0.8414	0.9000	0.8676	0.8293	0.7937	0.7948	0.7512	0.7408	0.8770	0.8149	0.7368	0.9299	0.8312	0.7087	0.7572	0.8374	0.7351	0.7130	0.9370	0.6561	0.7420	0.7715	0.6958	0.7620	0.7395	0.9658	0.8873	0.9392	0.7492	0.7323	0.7941	0.7507
QG37_06663	0.9535	0.6010	0.9860	0.7383	0.7240	0.7820	0.8595	0.8391	0.7765	0.8713	0.7331	0.9324	0.8403	0.8773	0.7520	0.7969	0.7914	0.7623	0.9418	0.7737	0.6878	0.6947	0.5928	0.8232	0.7662	0.6871	0.7455	0.8240	0.6958	0.6008	0.7525	0.8542	0.7632	0.7808	0.8169	0.7883	0.9668	0.6695	0.9225	0.6139	0.7970	0.7113	0.5381	0.9826	0.8012	0.8499	0.8669	0.8305
QG37_06664	0.8900	0.8970	0.8684	0.8699	0.7657	0.8545	0.8863	0.9357	0.8154	0.7980	0.8635	0.8599	0.8994	0.8160	0.8716	0.8928	0.8073	0.8528	0.8820	0.8340	0.8360	0.8040	0.8996	0.8445	0.8161	0.9254	0.8154	0.7988	0.8090	0.8163	0.8494	0.8702	0.9063	0.8693	0.9403	0.9321	0.8601	0.9198	0.8424	0.8341	0.9328	0.8594	0.8312	1.0030	0.8992	0.8361	0.8687	0.9541
QG37_06665	0.8916	0.8996	0.8191	0.8650	0.8550	0.9179	0.9471	1.0148	0.8294	0.8865	0.9172	0.8433	0.8981	0.8988	0.9221	0.8474	0.8887	0.9188	0.8158	0.8953	0.9349	0.8232	0.8548	0.8372	0.8842	0.8437	0.8095	0.9358	0.8672	0.6869	0.8548	0.7952	0.8007	0.8465	0.9586	0.8698	0.8878	0.8876	0.9239	0.9912	0.9280	0.9305	0.9366	1.0344	0.8565	1.0179	1.0118	0.8957
QG37_06666	0.8749	0.8287	0.9011	0.9402	0.8320	0.8659	0.8856	1.0634	1.0434	0.9014	0.9264	0.8351	0.8616	0.9378	0.8718	1.0387	0.8629	0.9501	0.8448	0.9469	0.9441	0.8938	0.9607	0.8155	0.8562	0.8392	0.8382	0.8629	0.8484	0.8036	0.8421	0.8607	0.9220	0.8431	0.9121	1.0448	0.9851	0.9654	0.9575	0.9197	0.9566	0.9727	0.9115	1.0230	0.9471	0.9684	0.9104	0.9076
QG37_06667	1.0394	0.8789	0.8364	0.8286	0.8570	1.0105	0.8350	1.0438	1.0668	1.0692	1.0512	0.9034	0.9372	0.9714	0.9520	0.8660	0.9835	0.8966	0.7907	0.8540	0.9653	0.9044	0.8853	0.8795	0.9746	0.7645	0.9350	1.0165	0.9961	0.7142	0.9218	0.8160	1.0101	0.8436	0.9372	0.8427	0.8268	0.8498	0.8622	0.7711	1.0444	1.0195	0.9550	0.9031	0.9758	0.9285	0.9206	1.0296
QG37_06668	0.8609	0.8740	0.8245	0.8059	1.0378	0.9069	0.9093	0.9873	0.7832	0.6854	0.8235	0.8112	0.9465	0.8105	0.8054	1.0631	0.8889	0.8437	0.8369	0.9388	0.9609	0.9717	1.0013	0.9179	0.7907	0.8507	0.8439	0.7723	0.7830	1.1176	0.7070	0.6927	0.7273	0.8895	0.7439	0.8220	0.8372	0.9209	0.7169	1.0358	0.9269	0.9286	0.8801	0.9581	0.8050	0.9595	0.8233	0.8592
QG37_06669	1.1121	1.2277	1.0664	1.0758	1.0950	1.0431	1.0074	1.0110	1.1002	1.0200	1.0714	0.9133	0.9752	0.8723	0.9475	1.2042	0.9864	0.9211	0.9729	1.0920	1.0730	1.0443	0.9538	0.9807	1.0079	0.9424	0.9750	0.9101	0.9737	0.8548	0.9321	0.9194	1.0609	0.9250	1.0174	1.0339	0.9133	0.9447	0.9765	1.1000	0.9729	0.9620	0.9289	1.0055	0.8758	1.0150	1.0519	0.8490
QG37_06670	1.1465	1.0889	0.9763	0.9550	1.0355	1.2091	1.1469	0.9818	0.9857	1.1255	0.9689	1.1009	1.1560	0.9105	0.9893	1.0683	0.9923	1.0146	1.0039	1.0286	1.0977	1.1633	1.2477	1.0272	1.0428	0.9798	0.9370	1.1572	1.0329	1.0443	0.9559	1.0979	0.9715	1.1600	1.1416	1.2507	1.1424	0.9665	1.0585	0.9965	1.0277	0.9793	0.9711	1.1239	1.0548	0.9720	1.0331	1.0577
QG37_06671	1.2157	1.2466	1.1095	0.9948	1.1372	0.9280	0.9536	1.0671	0.9586	1.0325	0.9979	0.9378	1.0541	1.0892	0.9143	1.0342	0.9460	1.0584	0.9937	1.0418	1.1723	0.8819	1.0754	1.1984	1.0204	1.1903	1.1695	1.0319	1.0281	0.8794	1.3142	1.1051	1.4616	1.3326	1.2738	1.2742	1.2055	1.2514	1.4444	1.1364	1.2451	1.3291	1.4172	0.9194	1.0795	1.1559	0.9410	1.0090
QG37_06672	0.9608	0.7734	0.8165	0.7061	0.8059	0.9048	0.8773	0.9482	0.9142	0.9052	0.7744	0.8734	0.9494	0.7700	0.7286	0.7975	0.8470	0.7431	0.7722	0.7884	0.7716	0.7860	0.8407	0.7631	0.6839	0.9099	0.8640	0.9088	0.7929	0.6099	0.7559	0.8377	0.7263	0.7829	0.9801	0.8068	0.9164	0.7186	0.8443	0.8121	0.8951	0.8424	0.7651	0.6792	0.8341	0.8977	0.8476	0.9881
QG37_06673	0.7068	0.4574	0.5578	0.5189	0.5222	0.4898	0.5533	0.6260	0.5207	0.5547	0.5088	0.4871	0.5422	0.4345	0.4890	0.4691	0.5419	0.5162	0.4478	0.5756	0.5092	0.4575	0.5788	0.4876	0.5102	0.5852	0.4520	0.5591	0.5144	0.5005	0.4364	0.4573	0.4871	0.4681	0.5318	0.4227	0.4978	0.4554	0.5934	0.4836	0.5280	0.4761	0.3967	0.5723	0.6109	0.6650	0.6655	0.7003
QG37_06674	0.8968	0.8662	0.7973	0.8518	0.9268	0.9019	0.9281	0.8819	0.8525	0.9610	0.8458	0.8442	0.9279	0.8812	0.8261	0.9047	0.8901	0.8971	0.8691	0.9522	0.8930	0.9286	0.8826	0.8800	0.9369	0.8716	0.9077	0.9309	0.8174	0.7627	0.8476	0.8931	0.8776	0.9347	0.8585	0.9323	0.8974	0.8586	0.9012	0.9476	0.9043	0.8979	0.7972	0.9147	0.9712	0.9302	0.8797	0.9705
QG37_06675	0.9587	0.9489	0.9591	0.8875	0.9454	1.0514	1.0559	0.9717	1.0285	1.0822	1.0997	0.9314	0.8993	0.9514	0.9077	0.8661	0.8913	0.9167	0.9949	0.9628	0.9376	0.9497	0.9889	0.9150	0.9059	0.9474	0.8774	1.0626	0.8402	0.8509	0.8725	0.8920	1.0589	0.9763	0.9176	1.0783	0.8342	0.9167	0.9838	0.8701	0.9837	0.9687	0.9411	0.9975	1.0400	1.0348	0.9812	0.9329
QG37_06676	1.0152	1.0478	0.9283	0.9988	0.9467	1.0029	1.0516	0.9879	1.0472	1.0643	1.0151	1.0272	0.9174	1.0823	0.9491	1.0854	1.0039	0.9532	1.1401	1.0566	1.1155	0.9319	1.0368	1.0824	0.9108	1.1456	1.1931	0.8828	1.0391	0.8506	1.0031	0.9387	1.0069	1.0059	0.8507	1.0341	0.9343	1.0836	0.9578	0.8953	1.2077	0.9778	0.8911	0.9926	1.0311	1.0352	1.1513	1.0901
QG37_06677	1.0035	0.8939	0.9201	0.9766	0.8932	0.9312	0.9410	0.8832	0.8204	0.8699	0.9304	0.9189	0.9435	0.9474	0.9578	0.9759	0.8906	0.9487	0.9312	0.9248	0.9865	1.0272	0.8877	0.8876	0.9199	0.8843	0.9810	0.9298	0.8398	0.8784	0.9031	0.8980	0.9512	0.9596	0.9187	0.9846	0.9202	0.9252	0.9484	0.8768	1.0089	0.9255	0.9271	1.0114	0.9807	0.9323	1.0841	0.8909
QG37_06678	1.0477	0.9281	1.1271	1.0256	1.0672	1.0241	0.8441	0.9048	0.9841	0.9876	1.0041	0.9850	0.9258	1.0843	0.9507	1.0329	1.0196	0.8942	0.9062	0.8826	1.0783	0.8773	1.1033	1.0440	1.0541	0.9710	0.9005	0.9965	1.0255	0.8487	1.0889	1.0102	0.8955	0.7700	0.8507	0.7498	0.8007	0.9306	0.9392	0.8441	0.8077	0.9095	0.9791	0.8946	0.8573	1.1070	0.8896	0.8652
QG37_06679	1.0792	1.0110	1.1880	0.9815	0.9315	0.9016	1.0096	1.0273	0.9646	0.9910	0.9113	0.8823	0.9700	1.0576	1.0222	0.8445	1.0945	0.9623	0.9505	1.0432	0.9734	0.9005	1.0738	1.0280	1.0339	1.0104	0.9386	1.0754	1.0083	0.9142	0.8945	1.0279	1.1658	1.0006	1.0206	1.0111	0.9022	1.0512	1.0344	0.8773	1.0177	1.1225	1.0632	0.9058	0.8644	1.0232	0.9451	1.0474
QG37_06680	0.9285	1.0409	1.0111	0.9071	1.0635	1.0493	0.9921	1.0785	1.0314	1.0498	1.1113	1.0215	0.9500	1.0133	0.9221	1.0337	1.0442	0.9433	0.9630	1.0627	0.9829	0.9660	0.9579	0.8968	1.0673	0.8867	0.9703	0.9495	0.9536	0.7966	0.9614	1.0000	0.8882	0.9847	1.0546	1.0843	0.9956	1.1029	0.9911	1.0857	1.0691	1.0402	1.0360	0.9372	0.8554	0.9855	1.0402	0.9397
QG37_06681	1.0109	0.8289	0.7795	0.8695	0.8332	0.8247	0.9254	0.9211	0.8579	0.8259	0.9484	0.8578	0.8575	0.9726	0.7899	0.8946	0.7762	0.8423	0.9082	0.8441	0.9155	0.8676	0.8330	0.8173	0.9241	0.8330	0.9243	0.7737	0.8266	0.7866	0.7993	0.8109	0.8337	0.7886	0.8378	0.9258	0.8218	0.8288	0.8883	0.9311	0.9781	0.8609	0.8376	0.9132	0.7727	1.0202	0.8550	0.8533
QG37_06682	1.1199	1.0475	1.0614	0.9858	1.0526	1.0934	1.0738	1.0763	1.0884	1.0315	1.0709	1.0447	1.1069	1.0699	1.0036	1.1102	1.0535	1.0122	0.9725	1.0844	1.0485	1.0059	1.0051	0.9863	1.0355	1.0297	0.9723	1.0103	1.0065	0.8472	1.0254	1.0235	0.9923	1.0232	1.1082	1.0563	1.0128	0.9620	1.0680	0.9915	1.0715	1.0045	0.9647	1.0207	0.9979	1.0499	0.9798	1.0023
QG37_06683	1.0989	1.0432	1.0138	1.0160	0.9969	1.0470	1.0881	1.0608	1.0021	0.9508	1.0331	1.0303	1.0382	0.9975	0.9365	1.0280	0.9740	0.9921	0.9647	0.9815	0.9632	1.0135	0.9811	0.9319	0.9338	0.9424	1.0016	1.0120	1.0369	0.8581	0.9460	1.0146	1.0152	0.9975	0.9406	0.9836	1.0499	1.0275	1.0207	1.0108	1.0081	1.0395	0.9907	0.9634	0.9568	1.0148	0.9870	0.9307
QG37_06684	1.1603	1.0365	1.1092	1.0295	1.0420	1.0847	1.0488	1.1074	1.0110	1.0134	1.1264	1.0666	1.0787	1.0805	1.0482	1.0344	1.0587	0.9711	1.0064	1.0985	1.0972	1.0220	1.0254	0.9407	1.0278	1.0335	0.9646	1.0012	1.0358	0.7511	0.9040	1.0315	1.0074	1.0641	1.0434	1.0272	0.9544	1.0447	1.0216	0.9397	1.0670	1.0166	0.9233	0.9798	0.9674	0.9819	1.0476	0.9760
QG37_06685	1.0331	1.0067	1.1875	1.0446	1.1579	1.0648	1.0833	1.1183	1.0275	1.1115	1.0481	1.0726	1.1229	0.9784	1.0935	1.1290	1.0304	1.0643	0.9982	1.1205	1.0293	1.0719	1.0925	0.9384	0.9920	1.0663	1.0868	1.0959	1.0503	0.9518	1.0709	1.0461	1.0240	1.0522	1.0888	1.0941	1.1432	1.1566	1.1635	1.0191	1.1336	1.0262	0.9924	1.0833	1.1169	1.0292	1.0335	1.1528
QG37_06686	1.2362	1.2013	1.1859	1.1322	1.2073	1.1436	1.1510	1.0629	1.0449	1.1916	1.0786	1.1918	1.2484	1.1685	1.1478	1.1596	1.1203	1.0535	1.1430	1.1024	1.0958	1.1101	1.1285	1.0350	1.1829	1.1801	1.1786	1.1498	1.1833	1.1604	1.1331	1.1141	1.2157	1.1969	1.1202	1.1640	1.1331	1.1146	1.1433	1.1809	1.1181	1.0677	1.0488	1.1236	1.1353	1.1251	1.0761	1.1715
QG37_06687	0.8583	0.9021	0.9355	0.9971	0.8684	0.9928	0.8940	0.8682	0.8865	0.9101	0.7865	0.8874	0.9635	0.9954	0.8954	0.9128	0.9389	0.9476	0.9921	0.8999	0.8953	0.8394	0.8601	0.8906	0.9462	0.9330	0.8702	0.8939	0.9084	0.6617	0.9111	0.8987	0.9051	0.8410	0.8878	1.0368	0.8402	0.8676	0.9611	0.8691	0.8456	0.8852	0.8214	0.9669	0.8202	0.8835	0.9492	0.9357
QG37_06688	0.9515	0.9668	0.7843	1.0826	0.9967	1.1322	1.0576	0.9368	0.9907	0.8900	0.8231	0.9925	0.9693	1.1483	0.9339	1.0021	1.0802	0.9610	0.9143	0.7269	0.9152	0.8763	0.9427	1.0303	1.1529	0.9784	1.0832	0.9727	0.7926	0.8157	0.9128	0.9721	0.9437	0.9801	0.9560	0.8954	1.0180	0.8154	1.0246	0.9302	0.8969	0.9892	0.8113	1.0931	1.1017	0.8672	0.9154	0.9469
QG37_06689	1.1047	1.0464	0.8251	1.0141	1.1127	1.0526	1.1309	0.9090	0.9293	0.9018	1.0557	1.1042	1.2049	1.0968	1.1467	1.0950	0.9545	0.9223	0.9900	0.8153	0.8803	1.0248	0.8638	0.9830	1.2376	1.1339	1.1305	1.0167	1.0489	1.2416	0.8733	1.0116	1.0509	0.9725	1.0137	1.0455	1.0686	1.0355	0.9728	1.0313	1.0175	1.0742	0.8563	1.0388	0.9351	1.0625	1.0368	0.9316
QG37_06690	0.9725	0.9502	0.7705	0.9237	1.0225	0.8713	0.9529	0.9913	0.9945	0.8637	1.0911	0.8767	1.0953	1.0205	0.8706	0.9038	0.9979	1.0441	1.0111	0.9393	0.8921	0.9349	0.9479	0.7884	1.1178	1.0512	0.9452	0.9686	0.8900	0.9733	0.7052	0.9268	1.0549	0.8935	0.8776	1.0740	0.9571	1.0803	0.9930	0.8802	1.0032	0.9446	0.8280	0.9224	0.8439	1.1321	0.8632	0.8322
QG37_06691	1.0301	0.9784	1.0196	1.0111	0.9879	0.9507	1.0037	1.0310	0.9462	0.9728	1.0339	0.8819	1.0319	0.9531	0.9051	0.9803	1.0110	1.0079	0.9601	0.9558	0.9916	0.9689	0.9959	0.9349	0.9604	0.9885	1.0428	0.9898	1.0076	0.8881	0.8973	0.9255	0.9880	0.9621	0.9909	1.0382	0.9845	1.0266	1.0432	0.9460	1.0369	0.9788	0.8650	1.0678	0.9496	1.0331	0.9631	0.9850
QG37_06692	1.0635	0.9758	1.0614	0.8809	0.9579	0.9978	0.9739	0.9765	0.8711	0.9648	1.0422	0.9536	0.9021	0.9653	0.9544	1.0128	1.0290	0.9959	1.0217	1.0513	0.9606	0.9971	0.9949	0.9819	1.0695	1.0162	0.9564	0.9786	1.0310	0.9739	0.9536	0.9609	0.9843	1.0370	0.9884	1.0220	0.9952	1.1022	1.1095	0.9417	1.0246	0.9032	0.9086	0.9600	0.9613	1.0203	0.9247	0.9513
QG37_06693	1.1264	1.1134	1.2199	1.1001	0.9830	1.0847	1.1392	0.8006	0.9868	1.0352	0.8975	1.0621	0.9252	1.1617	0.9170	0.8938	0.8963	0.8937	1.1401	1.0441	0.9653	1.1138	1.1413	0.9602	1.1360	1.0193	0.9389	1.1232	1.0399	0.8130	0.9731	1.0263	0.9336	1.0702	1.2448	0.9245	0.8597	1.0577	1.1858	1.0003	1.2086	0.9871	0.8940	0.9606	1.0811	0.9168	1.0762	1.0130
QG37_06694	1.0424	0.9381	1.0793	1.0654	1.0402	1.0431	1.0071	0.9590	0.9990	1.0757	1.0536	1.0692	1.0235	1.0728	0.9511	1.0307	0.9868	1.0137	0.9632	1.0757	0.9629	0.9336	1.0311	1.0393	0.9616	0.9785	0.8998	0.9928	0.8999	0.9197	0.9181	0.9271	1.0301	1.0572	1.0762	0.9816	1.0133	1.0114	0.9601	1.0324	1.1016	1.0284	0.9399	0.9906	1.0307	1.0336	1.0375	1.0772
QG37_06695	1.0429	1.1671	1.0521	0.8762	1.0995	1.0996	1.0738	1.0364	1.0772	1.0687	1.0177	1.1202	0.9634	1.0127	1.0674	1.1295	1.0205	1.0913	0.9723	1.0310	0.9688	0.9491	1.0497	1.0422	1.0572	1.0654	0.9729	1.0869	1.0841	0.8815	1.0060	1.0627	1.0808	1.0234	0.9875	1.0133	1.1111	1.0434	1.1008	1.0377	1.0004	1.2713	1.0371	0.9858	1.0715	0.9008	1.1370	1.0830
QG37_06696	0.9869	0.9663	0.8669	0.9238	0.9463	0.9640	1.0488	1.0020	0.9384	0.9945	0.9187	0.9518	1.0693	0.9485	0.9953	1.0734	0.9012	1.0129	0.9468	0.9884	0.9505	1.0226	0.9912	0.9461	1.0123	0.9320	0.8925	0.9439	0.9168	0.7745	0.9759	0.9207	1.0401	1.0647	0.9757	1.1573	0.9825	1.0403	1.0385	1.0299	1.0539	1.0026	0.9012	0.9368	0.9166	1.0254	0.9049	0.9050
QG37_06697	1.0136	0.8603	0.9623	0.9661	0.9172	0.9050	1.0596	0.9685	0.9804	0.9521	0.8926	0.9663	0.8657	0.9919	1.0057	0.9272	0.9707	0.9010	1.0722	0.9037	0.9344	1.0167	1.0067	0.9759	0.8499	0.9156	1.0181	0.9555	0.8564	0.8309	0.9239	0.9583	0.9573	0.9748	0.9207	1.0937	0.9464	0.9752	1.0299	0.9648	0.9955	0.9861	0.8713	0.9763	0.9740	1.1025	1.0148	0.8976
QG37_06698	1.1212	0.7260	1.1035	0.6558	0.7473	0.6994	0.7411	0.5986	0.8348	0.7583	0.6709	0.7535	0.6293	0.5293	0.7421	0.7495	0.6897	0.7585	0.7497	0.6337	0.5769	0.7822	0.7309	0.7546	0.7468	0.7245	0.7505	0.6997	0.7343	0.5559	0.7261	0.6992	0.8001	0.7333	0.5525	0.5444	0.6466	0.5135	0.5250	0.6330	0.5657	0.6215	0.5861	0.7100	0.8758	0.7804	0.8379	0.9578
QG37_06699	0.6519	0.9365	0.9903	0.7199	0.7563	0.8159	0.7033	0.7833	0.7357	0.7357	0.8315	0.6583	0.8174	0.6014	0.6937	0.8206	0.9772	0.7562	0.8333	0.7576	0.6984	0.8565	0.7546	0.6309	0.7085	0.7951	0.8025	0.8672	0.9394	0.7899	0.6626	0.7748	0.7283	0.7899	0.8116	0.8018	0.7860	0.6731	0.7767	0.7333	0.8098	0.7068	0.9537	0.8885	0.9632	0.8996	0.9545	0.8862
QG37_06700	0.8652	0.8209	0.9090	0.7778	0.8810	0.8793	0.8189	0.8336	0.8368	0.7238	0.8494	0.7905	0.8468	0.7934	0.8137	0.8343	0.8273	0.8680	0.8887	0.8081	0.8172	0.8423	0.7954	0.8606	0.8040	0.8089	0.8619	0.8315	0.8989	0.8284	0.7257	0.8315	0.8734	0.8467	0.9210	0.7942	0.8638	0.8502	0.9852	0.8790	0.8984	0.8054	0.8579	0.9235	0.8944	0.8166	0.8940	0.8835
QG37_06701	1.0309	0.8866	0.8395	0.9194	1.0058	0.9021	0.8408	0.8711	1.0247	0.8987	0.8450	1.0102	0.8991	0.8305	0.7761	0.9853	0.9179	1.0104	0.8567	0.8732	0.8654	0.8297	0.9834	1.0745	0.9846	0.8287	0.9283	0.7587	0.8158	0.7866	0.8945	0.7383	0.8799	0.8249	1.0772	0.8319	0.9321	0.7860	0.9481	0.9253	0.9424	1.0103	0.8767	0.9013	0.9199	0.8327	0.9563	1.0006
QG37_06702	0.7051	0.7898	0.7021	0.7189	0.8059	0.9030	0.8442	0.7511	0.7727	0.9331	0.8857	0.7201	0.8082	1.0441	0.7635	0.9960	0.8312	0.8694	0.8101	0.8076	0.7154	0.7865	0.8554	0.8083	0.7727	0.7990	0.8125	0.7904	0.6385	0.6035	0.7476	0.7442	0.9399	0.7940	0.9024	0.8452	0.8950	0.8299	0.8842	0.7903	0.8674	0.7893	0.8994	0.9832	0.9054	0.9008	0.9006	0.7592
QG37_06703	0.7843	0.7869	0.8173	0.6830	0.9162	0.6715	0.8729	0.9565	0.8934	0.7652	0.6210	0.7363	0.9086	0.9122	0.8632	0.9198	0.8101	0.8246	0.8352	0.6850	0.9213	0.8625	0.9026	0.7452	0.7551	0.8463	0.8767	0.8387	0.8711	1.0634	0.8635	0.9450	0.8646	0.9326	0.8062	0.8134	0.8047	0.9387	0.8317	0.8980	0.7735	0.9281	0.8555	0.7446	0.7027	1.0641	0.8882	0.9104
QG37_06704	0.8030	0.7538	0.7407	0.7029	0.8794	0.7727	0.8357	0.7988	0.9441	0.7826	0.7828	0.6377	0.8498	0.8832	0.8194	0.8991	0.8390	0.8123	0.7606	0.7637	0.8297	0.8049	0.8450	0.8136	0.9449	0.9486	0.8572	0.7759	0.7023	0.6808	0.7954	0.8498	0.8093	0.7698	0.7673	0.8780	0.7527	0.7978	0.9707	0.9168	0.9466	0.8364	0.8993	0.8432	0.7558	1.0036	0.8444	0.8572
QG37_06705	0.8151	0.8861	0.7037	0.7991	0.9125	0.7740	0.8386	0.6881	0.8753	0.7833	0.8200	0.6945	0.7609	0.8752	0.8231	0.7639	0.7948	0.7552	0.7861	0.8631	0.8274	0.8587	0.7976	0.8944	0.8258	0.8432	0.7508	0.7956	0.7747	0.5668	0.8871	0.7397	0.7506	0.8158	0.6804	0.7690	0.7607	0.8353	0.8899	0.9094	0.9582	0.8380	0.7854	0.8882	0.8037	0.8806	0.8778	0.7587
QG37_06706	0.9744	1.0284	0.8185	0.7406	0.9327	0.7567	0.8649	0.9090	0.8485	0.9267	1.0229	0.7646	1.0699	0.8566	0.9595	1.0118	0.8197	0.9508	0.8353	0.9070	1.0759	0.8971	0.9114	0.9250	0.8149	0.9132	0.9763	0.7572	0.8654	0.6384	1.1155	0.8892	0.9410	0.8123	0.7854	0.9247	0.8933	0.9877	0.9053	1.0692	0.9366	1.0634	0.9475	0.9638	0.9753	1.0576	0.9816	1.1153
QG37_06707	0.8211	0.8930	0.7859	0.8866	0.8565	0.8175	0.8720	0.8093	0.8091	0.8486	0.9051	0.7890	0.8290	0.8886	0.9100	0.8691	0.8999	0.8150	0.8095	0.8063	0.9583	0.7276	0.8929	0.7941	0.8779	0.8951	0.7804	0.9040	0.8824	0.9136	0.7055	0.9300	0.8933	0.7651	0.8552	0.8994	0.8899	0.8848	1.0406	0.7841	0.9065	0.8350	0.8864	1.0281	0.8343	0.9580	0.9246	0.8262
QG37_06708	0.7042	0.7857	0.8290	0.8431	0.7459	0.7811	0.8571	0.8154	0.8370	0.7606	0.7380	0.6478	0.6996	0.7665	0.7526	0.7473	0.7777	0.7202	0.6969	0.7017	0.7938	0.7310	0.8754	0.7450	0.7175	0.6995	0.7988	0.6979	0.7130	0.7051	0.7159	0.7117	0.7199	0.8164	0.8261	0.7317	0.8041	0.7569	0.7599	0.8351	0.6966	0.7577	0.8741	0.8784	0.7398	0.7999	0.8223	0.9006
