GENE	CDC_B11096	CDC_B11097	CDC_B11098	CDC_B11099	CDC_B11101	CDC_B11102	CDC_B11103	CDC_B11105	CDC_B11112	CDC_B11113	CDC_B11114	CDC_B11115	CDC_B11116	CDC_B11117	CDC_B11118	CDC_B11119	CDC_B11200	CDC_B11201	CDC_B11205	CDC_B11206	CDC_B11207	CDC_B11208	CDC_B11209	CDC_B11210	CDC_B11212	CDC_B11213	CDC_B11214	CDC_B11215	CDC_B11216	CDC_B11217	CDC_B11218	CDC_B11219	CDC_B11220	CDC_B11221	CDC_B11222	CDC_B11223	CDC_B11224	CDC_B11225	CDC_B11226	CDC_B11227	CDC_B11228	CDC_B11229	CDC_B11230	CDC_B11243	CDC_B11244	CDC_B11245	CDC_B11246	CDC_B11247
QG37_00224	124.87	124.28	65.29	62.89	102.14	101.76	103.74	114.66	119.12	102.53	88.89	88.85	96.51	104.29	106.33	120.54	139.47	126.26	111.67	119.50	99.08	115.54	115.98	86.22	122.30	121.84	100.20	117.17	88.17	25.62	57.42	118.65	133.40	127.11	106.15	96.84	100.39	107.52	85.39	109.31	116.47	127.71	94.20	82.87	122.00	113.66	81.91	116.48
QG37_00225	135.19	142.35	84.21	81.30	127.24	124.68	121.97	134.05	133.81	126.93	95.00	99.74	112.12	106.23	98.62	125.77	145.11	153.49	136.69	130.39	118.55	122.48	125.52	110.43	128.06	150.27	104.71	139.68	106.82	32.52	80.25	130.71	137.85	126.69	119.89	92.00	100.71	121.86	94.84	108.18	148.24	139.80	91.06	90.60	110.93	111.99	100.17	142.50
QG37_00226	138.51	154.32	79.85	65.50	96.94	140.50	130.90	123.23	120.58	125.70	97.78	90.44	93.85	102.06	116.05	115.81	146.29	156.40	144.19	128.88	142.16	127.88	151.06	107.99	132.61	155.43	116.58	144.05	110.30	19.58	70.77	146.33	124.77	140.46	131.95	90.68	108.99	118.84	111.65	100.42	152.20	120.44	102.11	91.75	122.20	113.09	112.83	152.75
QG37_00227	116.35	127.48	61.78	77.43	100.44	107.24	95.48	117.57	116.07	108.37	81.57	89.52	82.46	97.86	101.28	113.09	128.17	127.63	119.28	124.32	107.64	116.94	101.32	95.07	137.70	146.19	91.63	135.42	110.17	31.03	76.57	109.17	125.90	122.89	117.42	91.45	105.37	110.49	88.41	107.67	152.53	113.85	103.13	80.34	102.30	100.84	107.16	141.63
QG37_00228	129.26	114.00	68.34	67.24	108.65	109.40	111.52	110.88	102.36	105.23	91.73	91.48	101.42	95.02	99.44	111.62	132.80	155.47	111.32	95.32	102.43	118.98	101.18	88.15	107.39	124.52	88.86	103.77	84.86	21.72	60.26	90.29	123.34	108.81	104.50	84.07	104.85	109.06	82.50	104.04	138.26	107.85	91.47	78.02	102.34	104.43	87.14	130.00
QG37_00229	139.31	138.11	79.75	74.58	125.97	136.28	122.83	117.53	137.03	117.77	98.63	103.17	117.01	111.43	113.11	120.35	143.48	159.96	148.08	134.76	138.53	122.48	134.46	107.82	129.63	170.19	106.09	142.79	127.79	29.56	76.95	130.86	149.88	123.86	117.21	96.37	111.65	121.20	98.07	118.41	149.58	130.40	96.41	95.94	113.98	119.36	107.31	141.65
QG37_00230	136.37	142.96	80.36	85.61	129.15	143.77	128.63	143.17	159.94	125.44	101.48	126.46	116.50	109.13	136.14	124.64	142.50	143.92	140.14	132.58	136.44	143.17	126.30	122.33	133.06	148.26	116.88	160.32	124.40	36.96	76.23	158.60	137.13	136.38	132.47	94.89	145.81	131.28	94.06	127.78	147.99	134.58	103.78	87.03	117.78	115.68	92.58	154.42
QG37_00231	158.73	128.40	87.68	79.37	131.38	132.89	117.07	121.71	130.71	124.24	108.84	101.36	124.27	106.54	105.23	113.05	161.74	173.37	149.90	138.44	135.97	130.23	139.16	112.85	138.75	156.74	105.45	130.37	127.46	35.00	75.11	136.84	132.11	137.26	131.47	88.98	107.68	114.79	96.58	141.34	152.86	138.59	94.41	88.34	114.82	123.00	110.41	156.48
QG37_00232	155.02	138.93	88.61	86.46	137.65	130.92	112.46	146.29	122.18	126.78	105.63	130.18	123.80	107.64	109.26	145.96	155.82	178.39	162.12	146.89	146.39	119.24	158.90	111.91	148.97	168.97	103.09	155.16	120.10	36.05	83.48	134.99	155.81	144.06	123.89	107.34	104.66	114.77	95.11	140.48	151.72	148.05	78.20	112.12	123.19	124.48	128.99	150.06
QG37_00233	134.18	137.80	81.51	82.31	118.24	122.07	125.60	123.65	133.51	125.04	98.45	104.74	125.22	121.46	112.10	126.52	151.25	151.99	155.72	124.35	126.96	142.98	141.16	113.10	128.70	148.92	111.74	136.48	105.39	28.16	67.81	128.55	152.66	126.84	122.11	98.65	108.85	114.06	100.48	126.42	145.47	123.05	98.39	98.39	119.58	122.24	102.08	148.46
QG37_00234	131.71	139.66	80.24	78.25	117.81	126.28	137.20	119.42	132.51	111.18	98.07	114.12	110.94	99.01	103.38	106.22	128.44	148.15	143.22	120.77	133.71	116.17	129.53	95.83	115.30	137.39	99.22	127.02	115.52	29.53	74.77	123.32	139.93	115.19	106.74	93.55	95.17	102.66	102.88	117.63	135.50	124.39	85.05	98.61	104.15	111.11	94.13	152.26
QG37_00235	126.54	99.16	56.52	56.52	87.21	90.23	86.97	85.05	106.65	85.85	71.47	70.27	81.25	70.02	72.84	74.15	97.34	92.67	96.79	95.74	83.07	89.97	94.58	88.86	87.16	94.07	67.36	84.54	60.16	20.37	44.68	88.25	91.94	85.03	101.39	83.81	84.31	77.66	66.58	90.41	90.91	84.59	68.93	64.42	71.71	64.81	64.82	104.34
QG37_00236	131.45	117.23	74.43	68.24	110.19	110.88	120.82	111.38	121.02	113.28	95.48	97.03	112.14	98.69	103.88	117.76	129.23	132.66	136.95	117.58	108.31	114.22	124.58	110.18	116.55	131.93	96.01	130.46	106.83	29.57	68.45	122.11	134.48	107.36	104.95	88.34	107.19	98.78	86.49	112.34	138.79	114.53	96.75	80.23	106.75	98.08	86.40	125.64
QG37_00237	125.64	105.08	77.68	79.41	117.86	125.59	109.79	119.94	120.67	106.50	85.39	94.99	122.58	104.14	102.12	100.33	134.85	119.74	125.20	110.23	96.49	106.52	102.56	89.91	127.69	133.97	105.52	125.05	107.95	35.53	67.20	140.89	127.84	105.21	93.22	99.22	96.53	106.09	88.20	122.82	154.40	125.89	94.59	82.89	106.70	99.34	92.99	131.82
QG37_00238	129.81	128.52	80.12	69.97	112.37	125.31	121.13	120.96	129.34	126.46	97.61	100.62	109.33	106.35	93.03	107.65	133.57	160.80	113.61	129.76	131.47	111.33	121.15	100.24	123.72	157.58	96.88	132.76	112.18	29.61	75.17	114.85	128.73	115.88	116.30	85.76	107.53	117.64	101.37	117.68	163.24	136.33	90.67	74.42	117.80	115.87	84.87	129.08
QG37_00239	135.15	138.99	77.54	73.14	101.44	136.63	131.38	129.70	133.53	141.82	110.59	118.23	113.85	118.35	123.14	119.69	147.28	173.46	142.64	137.79	147.18	116.84	135.15	107.65	152.65	171.83	115.94	161.92	145.40	25.57	98.78	139.91	170.40	127.79	126.58	80.62	124.40	119.19	116.13	126.90	163.58	145.13	99.38	97.67	139.16	101.26	93.38	152.39
QG37_00240	151.18	147.40	86.81	87.11	138.40	131.49	146.54	133.32	162.63	128.63	120.51	121.48	123.61	125.97	124.33	144.47	162.28	160.55	163.10	136.64	136.05	145.34	148.41	120.55	136.91	164.93	116.44	153.29	129.74	28.79	81.21	151.33	160.44	131.52	142.38	107.82	113.61	137.00	99.15	133.56	162.38	140.82	104.26	100.77	130.33	120.85	116.57	158.70
QG37_00241	151.79	146.20	86.68	76.78	122.59	127.21	123.81	134.77	132.84	131.42	115.31	111.18	114.39	122.97	106.40	123.16	156.54	164.24	158.12	139.51	136.95	132.96	146.80	111.27	142.96	156.29	107.58	147.90	124.47	30.03	77.56	138.66	154.15	122.07	120.25	94.50	110.06	109.91	101.29	136.02	148.80	145.46	107.45	98.95	118.08	120.56	109.12	159.56
QG37_00242	139.78	133.29	73.79	77.33	118.93	131.07	127.96	140.63	118.88	118.26	114.86	98.10	113.09	112.55	119.84	102.33	145.53	157.35	142.39	143.40	124.13	135.56	143.44	113.27	142.02	146.71	112.10	136.89	115.70	28.30	72.88	131.77	144.65	123.79	116.92	98.49	106.67	115.69	90.72	128.04	146.60	108.61	89.89	91.23	115.32	96.94	93.83	166.23
QG37_00243	133.90	125.76	67.74	70.24	121.17	121.71	113.11	115.80	121.92	121.88	95.39	104.28	110.70	108.23	99.16	102.18	146.28	155.83	134.92	128.56	127.99	115.30	133.61	101.05	124.93	142.46	98.99	130.19	109.40	27.39	73.80	129.38	138.89	107.91	107.95	91.62	111.08	114.38	89.58	119.00	147.04	117.23	91.51	102.04	114.31	112.64	92.90	131.59
QG37_00244	131.74	142.05	73.73	76.74	122.54	111.97	123.78	129.24	117.45	101.35	102.65	91.76	101.97	107.80	110.12	107.04	146.64	152.08	122.40	115.46	116.11	121.22	134.91	110.95	125.04	140.28	94.85	130.25	109.93	32.01	77.59	128.15	134.26	122.03	113.25	97.91	105.77	117.86	96.90	122.61	153.09	126.00	91.87	87.26	115.85	117.56	116.53	151.37
QG37_00245	123.20	120.16	75.05	68.06	95.91	114.20	112.90	108.11	116.21	108.47	98.89	89.59	98.03	94.64	106.33	118.28	146.39	133.78	141.65	119.07	115.48	125.70	131.79	105.33	115.84	152.99	98.89	126.44	102.62	37.06	56.94	107.14	134.06	109.07	114.78	89.47	89.63	115.20	82.29	111.15	126.66	113.42	91.89	78.50	104.69	103.42	108.23	123.59
QG37_00246	136.21	100.76	73.16	60.41	95.72	94.91	93.37	91.10	113.12	98.42	86.96	70.46	99.88	92.59	75.82	93.67	128.02	132.87	109.82	94.30	98.39	103.81	112.98	65.20	83.12	123.86	82.44	112.17	81.84	22.22	51.95	100.62	113.43	102.42	87.87	77.87	88.88	90.15	66.25	110.88	110.45	98.26	77.56	80.03	100.24	96.03	86.93	121.36
QG37_00247	115.56	105.09	67.92	70.01	97.71	84.11	89.82	109.48	89.53	107.94	85.45	74.44	78.86	98.90	87.55	95.42	124.97	131.02	113.61	101.25	113.60	102.76	96.29	76.42	88.59	115.25	77.15	120.04	86.13	30.45	61.16	93.36	111.40	94.28	99.70	77.44	98.10	86.57	69.10	109.58	122.93	97.89	79.66	75.52	100.52	94.53	85.02	109.83
QG37_00248	106.82	112.97	73.97	76.92	105.32	98.63	88.18	98.35	95.31	103.89	77.96	81.10	92.25	89.08	98.48	95.55	150.57	124.61	110.36	97.56	96.40	87.24	99.62	90.32	98.99	122.99	77.68	123.17	85.07	22.42	66.45	96.73	109.17	103.10	82.88	96.21	95.19	92.69	74.72	109.66	136.21	120.38	84.97	63.63	89.20	91.65	86.20	101.71
QG37_00249	148.21	147.43	93.92	81.84	134.72	131.99	132.22	136.71	136.63	132.09	104.34	115.87	114.38	116.52	115.23	125.74	158.87	157.03	150.22	138.96	129.27	119.78	141.05	115.30	137.43	154.33	114.78	148.49	124.42	33.26	77.80	132.62	150.03	137.33	122.67	99.28	118.08	117.31	102.21	135.27	157.78	145.72	97.67	100.98	124.18	121.66	116.36	152.49
QG37_00250	136.26	151.93	88.38	88.65	128.99	148.92	122.33	136.34	143.68	130.79	110.88	117.69	124.56	126.98	122.31	136.91	162.35	154.25	161.11	155.29	121.08	139.18	151.59	110.50	140.00	184.00	125.94	146.38	119.59	34.70	90.21	138.07	129.38	126.91	110.80	99.28	125.55	116.48	106.01	128.80	162.29	141.83	105.41	89.87	139.84	139.40	135.68	153.77
QG37_00251	143.80	151.00	89.59	78.98	144.45	143.36	118.23	129.29	150.83	125.63	113.66	113.46	135.71	119.67	134.76	114.91	165.79	137.00	151.64	140.04	134.68	139.37	148.35	122.16	142.21	164.50	106.67	145.66	104.80	35.87	79.06	131.15	137.71	132.41	122.36	113.81	114.44	131.06	97.37	142.45	156.73	130.84	103.54	91.82	117.37	119.66	117.86	152.59
QG37_00252	138.80	142.09	83.14	81.62	130.57	128.33	123.64	122.68	128.49	118.18	100.30	103.16	115.20	107.40	109.93	119.52	149.46	166.62	141.89	131.20	122.66	127.02	136.85	110.74	129.98	153.82	102.16	135.80	112.12	34.12	74.36	128.17	145.02	125.13	122.51	97.41	112.23	119.32	99.59	130.71	152.59	138.07	96.20	99.01	119.87	122.29	105.57	136.95
QG37_00253	109.32	130.85	71.28	80.05	118.97	98.16	113.60	113.91	132.96	108.03	88.70	107.91	114.09	106.71	100.77	106.63	161.85	145.75	126.09	123.40	118.42	125.24	141.27	114.12	126.06	149.29	87.66	131.16	115.10	29.60	54.37	136.60	131.14	113.26	115.06	86.91	91.98	121.16	81.27	126.82	153.04	126.96	84.79	89.02	107.87	109.15	97.26	138.21
QG37_00254	124.05	128.78	75.01	72.86	106.17	117.10	97.22	109.99	120.67	109.98	93.87	92.95	97.45	100.81	99.60	105.47	135.00	141.49	126.68	103.90	119.82	116.23	131.31	100.18	114.43	137.35	97.27	125.88	106.26	24.69	71.45	114.65	126.38	115.63	111.90	87.16	93.51	105.43	75.60	112.72	134.08	121.79	86.63	95.00	112.74	103.96	94.24	140.23
QG37_00255	126.08	115.85	81.78	72.01	109.15	109.98	115.10	109.83	120.39	110.09	85.55	99.26	107.15	102.17	97.66	115.39	136.48	146.71	132.73	114.44	117.52	115.50	136.76	102.18	116.77	156.31	95.64	132.90	94.44	32.02	75.35	121.04	132.21	123.19	113.49	85.35	98.26	106.95	75.49	106.64	143.38	130.57	98.91	89.54	109.91	107.08	93.25	130.69
QG37_00256	124.75	125.26	78.48	74.81	119.41	111.34	113.18	113.19	131.60	121.14	91.83	104.07	103.55	100.38	96.55	115.93	135.75	148.27	133.56	120.90	126.69	121.95	126.82	110.87	121.89	147.10	101.22	139.99	104.72	32.95	71.29	115.04	132.86	113.03	106.92	93.23	94.86	94.83	81.79	122.22	128.50	127.91	99.18	104.15	106.83	110.32	101.89	139.96
QG37_00257	111.99	111.35	71.13	75.46	121.35	125.49	114.73	120.35	114.74	118.01	87.26	93.68	97.17	94.93	116.30	111.98	128.60	132.69	129.24	105.15	119.87	119.93	123.95	120.05	119.34	133.54	91.36	124.71	101.16	25.79	60.44	106.68	131.64	124.32	98.59	89.42	87.94	103.60	92.24	118.74	132.64	124.83	88.28	88.44	114.73	129.22	102.90	150.07
QG37_00258	133.93	115.96	67.80	69.30	119.13	112.14	109.10	120.55	123.78	113.26	87.75	92.18	87.95	85.78	103.56	116.89	139.89	150.41	123.92	112.40	126.92	107.97	133.61	93.10	133.40	142.43	105.88	132.95	103.71	27.95	72.26	108.52	131.09	105.61	102.52	82.84	100.12	108.98	94.33	109.49	126.88	114.19	88.61	79.42	98.27	112.81	93.64	134.59
QG37_00259	129.68	103.80	66.60	62.84	102.22	109.15	106.01	100.74	92.82	99.77	63.06	86.92	90.25	108.89	89.49	95.25	152.85	150.46	129.56	108.72	107.97	117.60	112.31	100.95	100.13	139.13	84.27	121.89	85.05	36.87	60.92	108.91	110.61	94.11	97.62	70.74	80.51	96.66	89.27	107.69	145.08	121.53	76.84	93.85	112.25	124.97	102.01	110.01
QG37_00260	113.05	114.65	63.50	67.96	101.68	98.80	93.54	111.70	106.87	101.06	86.41	92.64	98.89	101.10	99.71	113.26	129.99	146.93	130.66	98.39	105.78	113.41	130.74	94.76	113.22	143.59	86.86	115.46	100.74	21.77	74.27	120.38	120.56	103.94	97.69	73.30	84.33	101.36	85.83	97.36	127.60	103.26	80.37	71.38	91.14	98.64	85.45	121.01
QG37_00261	113.84	111.15	67.33	65.75	101.54	111.06	101.84	98.78	106.64	98.07	86.65	85.78	83.48	85.97	91.97	107.53	112.45	122.93	114.10	112.30	112.05	99.79	107.87	89.77	107.92	136.33	92.77	107.40	95.10	19.32	66.80	107.45	124.07	104.74	97.94	81.64	90.05	102.70	74.09	104.82	125.71	103.35	79.17	87.80	92.69	99.88	89.18	108.76
QG37_00262	119.27	122.28	74.71	65.46	98.98	115.34	122.89	109.24	119.40	98.69	95.59	91.89	105.28	101.80	98.29	103.29	133.35	131.94	135.01	111.86	113.74	108.68	121.40	98.00	118.62	143.85	92.44	122.65	98.97	24.96	61.15	112.42	140.38	113.33	90.72	85.82	88.24	114.68	82.47	120.48	132.09	108.48	88.06	82.67	111.20	105.34	90.28	111.83
QG37_00263	116.13	132.33	83.55	64.79	105.45	120.12	132.21	135.80	130.61	115.29	115.98	120.26	117.25	114.02	98.38	111.84	137.92	149.42	145.47	110.06	121.27	107.71	130.06	115.39	117.27	163.49	88.46	115.88	111.78	26.28	69.98	145.28	116.07	97.71	111.88	92.25	113.69	112.95	94.13	125.27	136.75	129.57	79.48	90.72	104.93	105.20	102.13	149.75
QG37_00264	176.44	148.51	93.35	81.27	132.41	135.73	155.15	142.78	137.66	154.51	118.62	132.92	115.22	119.24	113.24	115.59	176.59	177.57	169.44	136.60	119.27	145.41	134.68	133.56	156.48	170.38	119.92	157.94	118.99	34.61	87.71	141.31	130.44	128.28	131.08	97.70	127.14	136.83	96.44	156.54	180.59	139.85	113.02	109.25	141.92	125.31	112.80	160.61
QG37_00265	153.80	149.64	88.08	82.02	133.60	133.64	131.16	131.06	140.65	129.48	116.96	116.33	119.76	117.90	114.40	131.65	166.52	165.54	147.55	146.05	132.25	135.04	138.78	111.20	138.26	170.17	114.63	152.68	123.99	33.86	81.72	140.03	156.17	121.42	122.19	100.65	120.79	118.39	99.77	134.37	157.43	137.95	98.52	94.88	122.76	127.37	106.71	151.47
QG37_00266	160.90	151.77	98.45	86.75	145.16	142.37	145.72	135.85	150.93	138.99	119.02	117.82	127.61	124.64	123.73	139.04	178.35	166.52	157.20	150.52	139.99	144.45	155.54	125.71	145.77	175.46	117.75	165.66	139.05	34.53	76.03	152.59	161.56	143.73	131.45	107.00	127.47	127.15	106.97	138.82	167.06	147.86	100.48	103.25	131.39	119.89	114.45	152.84
QG37_00267	131.37	139.81	73.70	73.58	113.16	124.59	123.63	120.64	126.94	105.41	106.35	106.24	107.96	100.97	103.87	110.17	137.14	137.18	134.02	122.73	119.44	124.32	117.64	104.21	115.34	143.35	103.35	135.49	105.23	28.09	69.33	123.42	139.40	117.62	103.89	106.33	101.87	98.92	92.89	122.41	139.15	120.74	90.18	88.94	104.22	106.61	90.37	131.82
QG37_00268	149.47	135.04	77.82	78.73	124.19	144.93	123.05	132.05	142.89	123.24	95.82	107.00	113.78	100.09	117.37	115.70	132.59	158.51	151.78	132.06	132.71	122.59	139.74	124.40	129.20	162.40	104.74	134.96	110.96	30.80	84.13	141.98	126.58	124.69	96.14	93.92	112.31	120.14	105.16	134.20	130.33	151.68	98.17	79.45	105.86	93.42	86.69	134.70
QG37_00269	136.71	128.16	74.39	75.89	122.14	119.52	117.45	115.81	121.75	112.48	97.01	102.05	103.44	106.03	99.47	110.55	138.73	144.62	127.99	122.95	114.96	123.77	134.61	107.74	124.54	145.84	94.97	125.52	102.36	30.77	72.66	124.58	133.26	115.39	109.22	91.81	104.47	108.35	85.57	116.52	136.80	115.59	93.28	87.54	105.69	108.64	100.41	135.67
QG37_00270	132.89	119.12	67.07	73.51	113.40	121.40	109.41	126.78	102.34	109.78	91.95	94.09	100.26	97.38	102.54	99.70	159.98	164.22	139.28	104.77	107.43	118.43	138.83	119.25	118.07	159.35	94.52	132.06	113.52	34.95	61.31	137.14	135.20	109.28	109.52	80.78	110.89	118.82	84.14	135.56	147.56	111.61	102.04	89.69	106.71	117.66	99.23	134.90
QG37_00271	126.94	129.19	64.84	76.23	107.73	113.73	113.85	121.36	130.47	104.17	89.68	87.32	98.69	104.74	112.48	115.54	126.95	140.48	130.64	105.08	108.87	120.34	123.00	98.76	119.38	147.69	95.54	124.72	115.44	32.17	69.13	117.31	120.52	115.95	111.92	98.05	107.71	112.26	86.34	116.72	135.23	120.81	93.02	90.04	112.33	112.87	93.72	128.40
QG37_00272	152.10	139.06	77.74	83.38	131.09	128.88	120.91	128.33	146.12	127.49	106.99	122.50	121.53	109.39	118.53	115.73	163.05	167.34	148.58	134.80	138.00	139.09	140.11	119.69	141.35	165.34	112.18	154.20	125.60	34.55	85.17	126.95	160.41	137.62	122.48	110.57	115.38	114.59	100.30	137.81	145.96	142.22	106.60	104.78	124.00	131.71	106.78	161.25
QG37_00273	150.57	191.53	108.58	95.29	153.75	157.48	154.84	149.67	165.03	152.92	123.77	129.74	128.49	143.84	125.66	144.40	189.62	195.24	184.45	151.81	164.38	164.09	175.68	140.80	159.21	181.27	123.48	170.61	151.32	43.17	93.81	167.64	182.18	155.21	131.30	103.93	132.59	129.45	118.03	170.73	159.94	155.02	112.70	114.61	135.38	139.56	116.09	176.49
QG37_00274	125.23	124.50	70.98	76.78	116.52	115.09	118.87	116.30	127.64	106.35	95.04	100.81	107.47	112.78	109.27	119.23	138.06	149.18	123.61	112.63	121.02	132.14	117.34	109.03	127.04	141.51	94.09	122.73	103.48	30.73	74.86	134.67	130.61	121.26	106.13	91.05	107.83	116.88	92.79	121.83	140.56	134.47	94.97	98.34	100.40	115.31	100.65	148.42
QG37_00275	141.64	143.87	76.58	92.54	110.92	134.21	118.70	143.12	169.64	106.58	91.41	129.03	115.97	117.72	132.39	125.47	162.92	172.52	172.01	139.80	128.18	127.78	146.49	127.17	152.51	156.18	119.90	145.82	116.78	32.08	76.10	144.85	144.77	122.55	126.58	88.96	110.78	113.54	108.14	130.75	150.44	140.47	112.36	120.57	133.65	125.34	109.15	147.49
QG37_00276	135.81	123.50	73.13	74.58	114.69	126.38	123.98	120.69	129.96	119.93	89.48	106.52	91.39	112.07	97.25	121.27	143.57	150.19	130.80	121.49	129.76	126.14	133.34	108.73	122.28	141.39	104.58	133.36	110.85	29.17	71.09	124.65	132.44	114.50	114.52	84.69	101.90	97.43	90.79	118.11	133.02	119.11	88.08	88.06	106.14	108.82	92.45	136.88
QG37_00277	125.68	129.34	65.27	73.20	106.24	105.91	100.36	115.90	125.53	107.87	83.06	90.54	99.63	100.97	99.60	104.05	139.70	149.83	132.94	111.74	123.77	117.09	135.81	102.70	119.36	143.75	102.33	128.52	97.19	28.58	74.02	120.13	142.09	118.44	108.02	92.47	97.66	107.67	89.63	114.96	135.22	124.55	89.99	85.85	112.16	114.34	94.51	137.71
QG37_00278	116.29	101.14	66.04	64.29	98.69	94.38	106.45	79.52	105.86	85.16	83.38	78.42	68.30	87.58	77.61	91.17	116.21	121.07	111.57	90.93	99.50	91.73	124.04	88.66	97.76	120.01	83.75	113.84	82.08	25.37	57.21	94.85	103.73	94.74	87.72	80.55	76.67	90.81	75.40	95.73	105.61	92.58	77.02	79.68	86.69	90.50	85.24	122.29
QG37_00279	130.95	137.16	81.84	81.87	114.67	125.20	131.79	130.50	124.51	111.65	86.98	93.13	110.23	113.61	113.97	122.00	140.10	151.12	145.30	120.79	127.51	118.89	130.66	111.27	119.36	151.24	107.04	130.19	109.83	31.29	81.93	129.90	137.25	140.79	117.91	93.97	107.06	129.95	104.11	118.25	138.34	127.12	101.77	111.74	128.48	118.01	116.66	151.61
QG37_00280	125.70	137.91	74.78	78.09	114.18	105.98	101.32	112.12	106.59	111.53	88.35	93.57	97.55	97.64	102.21	114.79	118.02	132.36	123.01	108.62	117.52	110.90	136.25	85.42	127.61	150.80	100.52	125.68	99.36	37.01	62.21	128.53	123.29	100.20	113.98	97.10	93.85	111.03	88.54	101.96	121.78	106.71	80.27	75.44	103.99	104.27	93.19	138.02
QG37_00281	137.66	142.11	72.59	80.06	113.30	115.17	117.50	117.91	135.01	121.84	92.16	111.24	105.42	108.61	100.05	116.51	143.79	166.13	141.99	119.80	121.89	133.15	140.52	112.86	140.03	153.51	110.13	141.45	113.52	30.57	81.02	136.04	144.24	121.31	110.72	94.16	111.57	115.95	94.47	134.26	160.36	135.41	100.63	97.38	131.31	126.53	103.88	155.71
QG37_00282	135.89	140.38	77.65	76.87	124.67	125.54	122.79	118.65	141.59	119.25	91.95	109.47	110.50	118.88	111.48	128.70	152.06	168.13	139.67	127.72	125.37	128.46	140.63	116.28	128.18	150.45	113.74	150.67	107.53	30.36	74.35	137.19	138.11	117.59	109.22	101.74	116.59	121.42	100.08	130.53	153.99	139.05	103.19	107.32	124.98	120.30	108.72	159.10
QG37_00283	104.43	110.32	54.08	65.33	96.02	98.29	94.05	91.35	105.82	78.21	62.98	78.46	94.26	87.05	78.85	109.94	142.28	136.48	115.70	108.45	87.68	114.74	91.25	97.19	103.35	121.38	86.33	114.72	82.35	23.02	49.24	96.92	116.11	88.48	81.60	68.99	84.91	101.21	81.84	88.84	118.81	130.77	90.01	87.96	80.97	99.96	104.36	133.15
QG37_00284	122.51	113.70	75.67	69.82	98.58	90.89	116.66	97.66	121.98	84.85	86.29	83.41	73.42	90.30	99.59	125.97	121.77	142.89	134.22	121.49	104.41	111.59	128.11	90.81	106.61	133.25	84.01	115.05	96.12	28.25	64.32	110.22	149.59	95.99	120.65	72.08	101.25	95.50	88.38	99.08	119.45	126.99	108.77	60.18	94.93	121.61	100.55	124.19
QG37_00285	127.90	134.11	80.27	75.28	113.23	105.49	124.35	97.74	123.71	100.74	86.82	99.29	90.46	104.71	117.28	128.74	151.38	155.89	140.35	139.40	130.84	112.81	138.13	99.98	114.32	160.86	101.32	122.07	110.53	25.26	72.61	126.95	141.27	110.29	122.10	92.21	114.37	111.90	95.94	130.78	133.24	123.20	103.36	78.00	120.59	107.36	104.96	158.81
QG37_00286	122.02	136.12	68.58	66.18	116.51	109.64	104.59	107.70	124.02	105.77	89.36	99.95	98.29	105.64	104.60	111.90	138.29	142.63	134.34	122.24	111.40	117.84	139.06	102.19	114.97	143.67	94.16	118.66	97.58	29.93	73.01	131.79	138.01	116.55	104.21	92.86	112.49	106.78	91.15	126.73	151.86	126.23	103.80	92.45	117.03	121.07	98.10	140.60
QG37_00287	116.70	120.46	67.72	71.13	103.83	113.44	115.74	112.04	121.24	107.40	84.23	90.18	91.20	111.19	109.26	110.40	125.27	123.49	121.73	106.43	108.17	105.51	127.50	101.21	135.42	139.99	97.09	116.67	99.47	27.30	62.86	119.11	120.04	107.42	102.25	100.88	105.64	113.54	89.74	116.72	143.97	122.08	78.07	91.13	104.38	113.59	103.80	139.80
QG37_00288	123.07	141.10	71.79	75.54	101.20	109.28	100.81	117.06	126.87	104.45	100.42	97.20	98.91	110.14	101.87	118.78	134.70	164.50	126.78	105.81	125.20	126.03	126.00	98.28	129.55	131.01	97.07	126.61	112.66	31.39	85.04	126.95	140.28	117.74	107.93	92.58	116.30	114.32	95.63	119.66	143.21	120.98	94.00	95.55	120.02	126.54	101.65	158.05
QG37_00289	124.86	130.64	73.09	80.83	109.04	123.01	122.03	138.12	142.85	117.99	104.90	108.39	108.67	119.19	126.85	127.32	165.78	167.87	158.95	119.78	127.57	132.07	141.14	111.85	138.86	162.58	115.62	148.95	108.11	35.12	86.50	149.48	157.48	146.26	134.29	102.14	118.47	129.93	97.87	136.72	169.27	143.16	104.62	87.93	124.51	133.53	109.37	165.87
QG37_00290	116.10	127.41	58.48	80.74	109.82	113.38	107.52	109.07	137.85	99.03	95.56	89.62	91.86	97.00	101.32	110.67	127.65	160.81	130.86	110.53	119.29	122.60	131.17	90.75	124.90	121.52	100.81	131.30	89.02	25.24	71.96	122.86	138.32	119.48	92.22	92.78	91.10	116.70	95.83	125.47	145.19	125.19	89.04	102.64	113.20	116.09	100.26	140.66
QG37_00291	117.84	108.69	69.81	70.70	103.60	113.85	107.21	100.02	124.89	98.28	82.86	88.31	86.79	90.46	101.14	106.80	127.38	130.43	111.60	102.83	111.51	102.75	119.69	104.93	108.93	121.42	93.78	103.84	95.79	28.04	69.34	120.60	143.33	112.33	117.89	83.71	109.19	106.64	88.96	109.47	139.06	123.89	86.72	94.85	108.17	109.89	103.27	139.74
QG37_00292	135.00	140.49	79.14	77.83	127.04	116.88	128.81	115.24	149.26	126.19	95.06	118.89	101.15	113.93	120.08	124.59	147.81	159.75	154.47	133.65	135.86	137.49	136.05	112.44	128.78	155.88	103.12	139.30	108.16	35.53	75.81	146.67	144.92	125.35	129.33	108.37	120.36	119.03	121.31	137.72	158.74	155.01	113.23	99.79	125.11	132.64	101.46	153.10
QG37_00293	121.89	130.35	68.92	62.37	112.28	109.59	109.43	117.67	121.93	100.38	81.28	88.90	98.15	100.83	101.25	106.13	141.68	150.88	134.93	110.59	110.77	115.96	135.84	105.07	119.61	135.97	95.13	125.22	101.62	24.90	70.07	123.44	131.68	107.13	105.31	81.14	105.33	113.46	95.87	120.36	119.77	125.54	89.28	84.40	105.07	111.41	96.47	130.38
QG37_00294	116.91	126.46	66.77	71.59	107.37	108.85	100.45	106.21	105.21	101.56	83.96	86.32	90.39	96.91	98.35	116.96	145.73	131.89	131.84	111.84	120.60	114.65	112.17	93.19	117.55	125.77	92.89	112.01	97.23	24.71	72.00	110.27	129.08	112.48	105.72	87.86	106.34	106.64	86.68	111.30	126.60	119.45	93.29	82.25	106.20	106.78	88.81	138.39
QG37_00295	96.30	82.66	41.63	46.12	69.82	70.52	54.44	67.07	78.08	54.34	59.49	69.16	50.59	73.64	59.82	77.82	104.27	87.08	90.19	63.18	77.53	78.56	71.31	70.75	88.92	96.84	66.64	86.29	63.09	14.42	32.68	76.51	103.00	81.33	67.46	55.02	61.30	68.89	57.99	70.99	88.18	96.75	72.58	69.90	71.64	86.49	70.86	104.98
QG37_00296	97.44	125.20	50.53	63.70	112.29	103.56	81.88	81.07	99.91	85.76	71.30	88.71	83.37	101.47	101.41	111.30	134.52	149.03	127.46	87.58	112.88	113.77	104.53	88.27	103.29	130.18	80.43	105.29	87.40	29.90	62.46	124.63	116.12	107.17	79.22	90.65	76.34	97.06	74.84	94.77	127.94	119.92	77.36	87.27	77.25	112.17	103.66	132.07
QG37_00297	129.68	136.30	71.54	78.65	102.89	116.38	106.67	106.16	123.18	104.06	87.25	87.30	93.04	101.48	107.12	107.34	146.81	146.93	145.32	129.01	124.11	112.70	139.61	109.01	119.39	142.39	102.70	122.07	102.06	27.29	65.45	130.52	130.27	118.01	108.40	91.00	108.18	120.17	101.85	130.78	146.76	127.17	107.62	92.76	110.88	118.82	117.14	143.85
QG37_00298	140.43	120.46	69.15	78.20	107.20	123.54	127.37	128.54	130.41	102.53	88.21	103.92	96.06	109.18	97.19	121.27	152.43	171.50	155.65	133.73	121.72	129.34	144.03	103.17	122.71	132.58	102.95	136.88	103.23	30.61	82.40	132.90	125.42	126.25	95.43	98.32	103.50	116.71	96.06	125.56	134.23	123.39	98.98	107.33	130.86	118.77	100.64	157.83
QG37_00299	106.01	111.99	64.16	61.69	102.63	99.89	100.28	101.53	110.36	94.06	71.85	80.90	86.41	89.93	97.35	101.68	118.63	121.48	116.23	93.19	95.95	102.13	115.14	96.26	105.26	118.76	86.85	104.33	79.86	19.66	50.85	103.03	104.34	104.59	103.00	94.76	95.49	93.40	77.96	100.53	125.79	109.50	85.08	88.46	97.38	104.06	92.46	117.53
QG37_00300	129.14	133.73	85.85	75.28	116.67	107.36	110.20	94.33	124.72	120.24	81.37	103.23	105.48	106.25	103.08	127.82	132.98	136.32	128.43	120.85	115.10	141.67	130.85	123.10	101.36	144.51	88.73	131.71	126.66	37.71	80.98	132.67	144.41	113.14	106.29	89.77	118.39	112.20	94.31	114.82	141.24	114.05	126.15	86.59	118.65	126.03	111.51	137.76
QG37_00301	103.75	118.82	69.03	70.76	85.83	99.46	94.10	103.09	109.51	93.35	86.38	86.19	84.13	100.32	91.24	115.84	121.26	133.51	134.59	110.35	115.73	133.60	107.21	96.88	111.50	132.08	90.94	115.62	95.15	31.45	62.22	108.64	124.86	106.67	106.32	88.39	102.00	97.03	86.94	112.55	126.09	114.68	91.54	91.74	104.21	110.19	89.78	129.57
QG37_00302	111.20	124.78	67.86	71.57	107.77	115.47	97.70	103.29	116.23	96.69	101.60	85.69	105.59	98.47	97.61	115.37	136.88	149.32	123.90	114.97	113.44	126.93	124.38	101.46	129.55	128.60	95.88	129.13	109.19	27.60	72.20	119.38	146.92	113.37	115.66	96.08	97.45	103.42	89.62	122.34	122.14	136.16	95.55	82.34	108.49	118.07	98.65	140.30
QG37_00303	96.98	118.75	53.21	77.12	91.68	100.74	110.02	102.47	114.17	93.00	68.75	89.60	88.72	95.19	99.04	111.07	118.70	128.30	114.32	95.31	114.80	86.10	120.33	94.68	110.05	122.46	80.53	100.01	82.74	26.42	64.75	99.33	120.14	103.87	103.52	102.06	94.09	110.90	83.67	109.49	118.69	117.14	78.84	84.35	96.37	100.94	93.51	122.73
QG37_00304	108.61	105.12	63.41	65.53	94.08	95.21	86.24	96.49	93.98	90.66	89.16	80.34	82.35	97.31	82.41	100.40	107.97	123.09	111.22	89.48	100.96	99.21	113.70	93.27	124.51	130.01	91.74	118.23	86.23	90.84	111.15	105.64	123.59	101.60	88.14	87.54	90.40	102.53	94.62	92.04	112.89	100.12	76.97	72.51	72.16	101.62	81.42	128.91
QG37_00305	129.84	107.33	65.67	63.10	105.10	103.92	96.35	100.07	122.72	100.86	85.93	85.53	90.08	106.37	108.70	121.38	128.73	123.40	133.78	102.00	100.27	101.76	125.29	97.41	132.46	146.44	91.52	131.71	106.52	142.72	176.28	116.26	120.06	117.01	105.58	73.77	92.35	97.49	93.46	119.11	138.69	123.12	81.88	77.90	107.86	113.56	108.08	123.40
QG37_00306	119.86	119.72	67.23	73.02	105.17	107.18	101.59	102.80	126.83	112.03	93.64	95.93	105.31	99.24	105.93	118.65	140.29	141.83	127.80	116.22	113.16	117.04	119.93	94.79	119.20	139.05	96.57	114.61	102.15	26.49	72.38	116.17	123.78	119.08	111.39	85.49	105.05	101.27	87.66	121.48	136.44	123.69	88.57	92.55	115.23	107.69	98.42	134.11
QG37_00307	107.04	125.09	76.93	78.99	125.70	103.44	122.05	114.49	123.55	119.43	98.39	99.62	111.59	98.27	103.36	106.04	151.70	144.48	145.75	111.30	109.66	128.06	121.45	83.01	115.36	176.37	101.86	149.38	116.19	25.82	69.04	103.88	148.94	131.57	113.63	97.54	103.83	113.26	83.06	130.48	125.26	141.36	99.22	98.38	92.54	111.11	103.04	142.05
QG37_00308	103.78	105.06	64.77	64.57	111.10	110.63	111.92	107.41	111.69	95.90	89.69	91.81	100.71	105.65	109.28	90.93	140.95	140.97	128.49	106.80	117.63	112.05	133.61	95.21	116.89	137.17	99.47	122.06	97.90	25.57	60.62	114.41	134.09	103.03	110.81	89.89	92.04	104.33	82.43	116.22	129.09	110.97	79.46	87.73	103.80	108.59	90.06	140.07
QG37_00309	126.79	120.82	84.24	78.06	109.47	112.54	118.40	118.15	121.21	109.36	99.60	94.62	94.77	95.96	102.41	113.46	150.72	153.16	139.42	120.28	106.86	127.76	130.05	111.06	139.50	163.46	96.08	123.71	121.45	27.75	87.40	136.23	147.81	121.63	102.86	87.32	105.92	107.19	97.85	130.90	146.02	145.05	94.18	96.89	119.88	124.63	88.65	149.67
QG37_00310	130.02	121.84	73.10	72.51	116.45	107.29	108.77	116.30	123.14	114.50	98.91	101.78	101.87	102.51	102.75	101.32	136.28	132.63	134.71	114.23	119.52	121.40	124.44	105.66	112.93	147.43	89.55	132.93	99.74	28.57	76.24	130.86	133.38	112.02	108.76	93.85	101.82	110.99	79.11	121.54	138.85	125.82	96.61	82.42	116.04	114.90	110.92	140.83
QG37_00311	130.44	124.30	78.18	77.97	116.69	113.33	116.66	113.32	126.42	111.63	87.92	99.43	104.94	105.60	103.49	111.98	140.40	151.05	133.22	114.74	116.98	113.84	130.66	105.84	115.41	151.66	96.05	127.81	104.69	35.14	73.31	125.51	139.78	114.41	106.58	87.30	106.18	110.33	96.28	123.25	148.43	128.18	93.70	88.03	109.58	114.01	106.45	129.54
QG37_00312	59.87	102.05	62.65	54.03	102.72	84.74	96.68	78.53	95.93	92.22	69.16	79.86	78.67	86.74	75.65	89.76	102.99	99.47	126.42	101.23	83.18	92.94	95.67	85.18	99.07	115.56	70.80	108.39	72.63	21.03	50.74	92.98	121.21	123.10	94.73	70.29	91.73	92.27	78.02	121.51	118.62	130.06	89.22	81.73	139.23	117.43	96.79	150.77
QG37_00313	17.69	72.83	40.41	31.76	65.55	67.05	60.99	61.82	74.82	64.99	48.32	61.32	50.52	68.29	46.39	52.39	79.66	67.40	77.91	58.40	55.91	63.06	60.25	61.08	86.45	75.29	43.70	79.41	60.51	23.73	35.55	62.95	90.26	74.53	61.35	58.78	61.66	61.83	66.05	77.81	88.90	90.31	68.00	81.72	91.90	98.19	79.25	113.74
QG37_00314	32.92	84.49	52.96	46.87	72.15	79.30	60.04	65.24	66.30	61.15	48.15	58.52	48.93	72.12	68.37	61.39	88.96	84.34	80.92	71.37	64.43	62.73	84.28	60.42	77.83	78.50	59.67	68.10	61.88	14.44	50.13	62.81	126.50	114.81	100.73	86.94	103.77	93.12	80.44	108.86	119.90	145.40	71.89	41.86	66.03	52.76	59.25	70.73
QG37_00315	131.04	120.89	68.09	75.57	103.01	117.75	99.48	104.21	108.08	102.04	75.54	89.60	97.31	79.41	101.45	119.77	135.21	132.52	130.96	113.22	108.45	124.01	110.24	96.16	103.80	139.76	96.05	125.77	106.43	25.33	52.67	125.96	115.63	119.66	94.52	80.62	108.89	97.38	99.34	115.77	132.99	109.94	82.13	80.94	106.97	105.62	89.49	113.30
QG37_00316	129.80	127.55	67.99	69.66	112.45	108.99	117.60	115.74	126.00	103.93	89.65	98.16	106.25	99.99	96.92	102.02	144.02	153.32	150.50	112.68	126.29	112.34	133.18	100.71	104.00	132.63	96.85	131.74	100.75	27.83	68.22	119.01	142.00	116.99	103.17	82.88	100.58	105.42	86.27	119.26	143.11	109.53	84.94	87.71	119.81	116.82	101.29	145.92
QG37_00317	129.08	133.33	78.85	80.86	120.98	120.53	116.84	123.91	131.72	116.84	92.60	102.42	105.27	116.63	107.23	119.62	149.35	161.98	144.15	125.81	126.90	134.62	138.82	104.65	133.52	153.31	108.31	132.47	106.93	35.07	82.26	125.52	147.09	115.69	116.05	90.91	110.68	112.79	92.33	133.02	142.14	131.03	95.69	96.15	122.25	116.71	111.80	145.77
QG37_00318	143.13	141.64	75.58	84.63	124.26	124.22	116.45	113.40	138.39	121.43	108.66	104.49	101.53	123.63	103.13	126.16	154.53	151.90	146.40	141.16	135.45	135.20	143.92	111.22	132.88	167.05	115.75	133.51	118.94	37.37	85.13	135.37	153.49	123.95	112.35	99.87	125.41	103.52	97.21	128.69	164.01	145.12	98.32	96.83	125.37	135.84	130.07	157.39
QG37_00319	124.82	95.93	65.28	56.46	95.72	96.08	93.77	120.45	114.43	103.76	83.48	78.37	102.65	83.76	105.65	110.88	137.44	112.20	89.18	74.40	85.33	101.69	107.99	84.08	107.54	129.03	88.14	111.88	122.16	32.00	58.31	128.07	115.12	101.91	92.06	73.54	95.22	94.97	89.99	125.08	114.85	97.62	71.36	79.49	90.65	87.50	81.74	126.61
QG37_00320	65.49	82.54	39.50	44.71	63.79	68.26	69.01	68.63	75.59	48.75	57.09	63.40	56.94	63.74	65.73	69.02	71.96	78.84	90.79	63.46	68.49	83.25	72.97	55.42	57.64	77.92	51.66	67.29	54.47	19.70	43.93	65.69	73.67	69.94	62.74	50.60	61.01	63.71	58.86	72.29	85.50	72.83	58.65	44.62	56.67	61.23	50.11	77.01
QG37_00321	146.79	140.01	80.35	79.93	117.91	120.74	124.25	126.01	131.47	124.78	104.32	111.91	109.56	113.36	104.09	119.44	154.07	160.90	151.62	123.13	130.62	126.59	136.54	113.82	138.56	163.35	109.47	138.44	121.78	31.71	80.48	137.35	139.67	126.62	118.59	103.40	108.77	127.91	99.04	132.39	155.95	139.14	105.38	94.27	118.26	125.92	105.34	157.92
QG37_00322	137.17	149.35	68.68	78.23	132.66	130.43	121.64	120.44	133.68	120.07	107.66	96.46	89.31	121.98	99.51	117.43	153.97	151.22	143.71	140.70	137.55	144.40	141.90	116.69	137.80	148.89	100.08	158.63	121.65	31.39	88.45	154.25	143.45	119.26	109.86	103.87	110.60	120.85	114.74	130.50	146.39	130.98	85.32	105.59	131.71	106.84	101.04	157.13
QG37_00323	134.38	155.05	88.77	77.28	119.56	126.47	132.62	129.23	144.70	135.15	120.97	113.24	125.96	122.37	116.22	138.67	142.45	184.92	140.54	147.42	145.08	138.73	141.55	118.78	136.76	175.07	115.86	153.06	129.47	35.81	79.64	144.42	148.44	149.52	104.11	107.33	125.69	126.50	112.34	141.79	146.85	131.77	116.34	91.46	126.92	116.93	95.48	175.28
QG37_00324	122.94	130.81	76.81	80.48	119.47	126.22	116.56	116.47	126.43	104.89	90.55	92.42	106.18	110.19	99.42	121.50	153.17	159.64	121.21	133.62	107.48	129.07	136.16	112.21	127.50	152.39	93.97	138.66	105.38	32.21	71.39	132.45	132.71	133.14	105.74	106.19	125.25	107.91	100.22	123.43	152.67	117.92	96.71	84.68	117.57	120.92	108.00	143.61
QG37_00325	109.35	125.76	71.45	85.59	118.01	107.58	125.41	114.89	122.53	128.53	91.59	108.57	96.71	110.59	94.03	116.41	152.19	137.96	152.36	120.23	116.17	110.13	121.31	87.63	115.19	159.64	97.59	154.23	121.23	34.30	75.08	119.08	125.73	107.87	128.95	104.44	94.36	101.25	101.69	125.88	153.11	127.68	98.13	96.37	105.33	116.22	93.66	132.39
QG37_00326	105.21	118.54	62.76	69.07	93.82	91.86	100.87	87.69	110.26	84.87	71.33	72.87	91.39	88.32	73.72	104.03	121.69	120.68	112.86	84.79	90.88	92.84	110.20	76.89	100.54	119.61	79.35	98.37	83.20	22.14	69.32	92.14	102.43	103.47	86.73	56.92	78.28	71.86	72.97	99.71	109.18	100.08	60.98	59.74	97.96	75.81	79.20	103.04
QG37_00327	103.99	137.67	73.55	67.23	100.56	120.01	99.25	105.40	109.33	121.03	88.91	88.60	115.57	99.45	90.19	110.59	135.06	141.88	113.32	109.63	88.90	109.68	134.50	95.18	114.75	132.52	99.37	113.09	112.35	27.69	69.72	117.47	126.53	111.17	110.74	67.42	86.08	94.51	84.83	109.23	120.61	132.83	89.45	80.49	102.82	87.93	95.50	131.63
QG37_00328	118.65	148.45	73.60	62.60	109.63	123.50	118.37	109.38	118.03	117.38	99.11	82.90	101.41	118.15	94.94	119.89	152.54	141.42	109.42	116.61	86.65	98.79	133.99	101.99	119.58	133.19	107.89	126.96	103.48	23.20	70.70	129.06	139.45	121.65	103.32	80.43	83.56	103.04	101.29	103.00	113.18	129.55	80.84	90.38	126.51	92.01	99.48	139.11
QG37_00329	118.75	140.04	82.23	66.51	120.48	117.27	130.54	118.72	123.45	106.76	95.97	87.32	99.87	95.96	108.87	105.67	134.26	143.46	132.88	123.11	117.79	115.02	128.02	109.03	127.17	146.04	106.74	132.40	85.19	25.51	78.30	122.01	145.56	108.38	103.94	92.73	99.33	114.80	89.80	119.84	125.86	123.38	96.38	91.96	116.34	102.51	95.18	124.60
QG37_00330	113.59	124.34	72.63	64.74	126.36	111.69	99.94	121.34	138.36	119.83	99.65	98.05	115.92	105.24	95.90	114.26	149.80	150.92	134.19	116.71	114.67	110.19	137.18	98.97	127.39	154.94	84.85	142.92	108.07	29.49	71.83	125.03	140.68	106.86	110.54	94.62	99.52	110.83	87.50	107.16	148.76	122.90	75.08	82.92	100.01	116.49	93.96	138.02
QG37_00331	130.93	123.43	69.71	62.17	130.23	134.73	117.34	135.65	135.81	118.23	110.95	99.47	126.86	113.49	109.36	129.25	157.66	153.07	130.37	131.54	120.84	124.87	131.71	100.14	122.61	138.61	96.24	124.37	101.58	35.31	68.31	131.39	128.95	113.22	118.90	104.74	108.35	118.65	102.88	115.24	125.01	114.93	100.58	85.93	107.40	117.66	97.38	145.32
QG37_00332	127.31	130.92	77.54	75.77	120.86	112.63	122.98	121.26	123.86	115.41	88.99	96.22	104.26	107.09	103.35	115.55	141.50	152.15	141.37	129.61	121.75	121.28	134.02	104.67	131.63	156.09	104.40	127.51	107.42	30.74	75.11	128.66	137.01	109.81	118.02	97.78	105.29	117.44	89.49	128.29	140.46	126.45	94.53	95.80	124.77	117.04	101.50	143.86
QG37_00333	145.67	126.96	82.76	86.90	126.70	123.11	126.48	123.35	119.10	124.82	106.93	103.15	107.91	119.44	108.63	123.85	149.48	169.75	148.53	128.76	127.97	121.92	146.28	120.17	140.66	146.77	119.94	129.10	117.57	33.63	77.35	140.08	148.10	125.18	112.31	97.68	114.33	120.98	94.72	138.14	146.47	132.19	102.82	109.29	134.87	124.46	116.09	152.59
QG37_00334	133.76	118.95	53.49	68.47	104.47	107.70	108.99	120.73	110.93	99.68	88.62	95.63	98.19	103.32	91.28	95.25	120.94	147.22	127.26	99.02	105.22	120.76	121.56	98.31	129.08	129.22	96.64	122.43	88.05	19.89	78.73	123.60	136.39	95.04	107.64	89.89	96.31	96.12	73.21	110.89	123.82	112.76	86.11	85.05	87.30	100.88	92.74	137.70
QG37_00335	131.03	142.93	77.54	73.59	117.50	125.05	119.54	137.61	135.35	125.38	97.94	109.43	106.03	111.46	105.40	115.78	152.64	153.00	138.32	119.39	119.85	125.51	136.53	107.95	121.59	154.03	104.03	134.79	114.89	24.67	70.93	128.95	138.07	128.42	115.04	100.15	113.74	113.21	90.52	129.34	152.50	122.87	91.88	96.90	113.17	120.34	99.48	153.49
QG37_00336	120.10	161.96	78.12	76.54	126.30	133.24	132.54	137.00	125.06	123.63	102.54	87.28	123.71	113.31	112.49	126.07	163.99	146.76	150.36	124.42	126.66	115.40	135.21	105.68	118.54	158.04	101.72	133.47	123.08	32.91	70.43	117.61	131.86	127.96	115.68	90.93	121.86	105.27	89.14	108.80	138.76	128.49	76.56	88.41	109.59	118.84	103.32	144.90
QG37_00337	119.42	129.75	72.47	63.30	112.87	122.04	113.06	109.81	107.09	104.60	81.34	90.89	94.26	102.54	89.74	99.47	141.13	140.22	127.61	116.77	119.74	117.72	134.34	104.01	104.37	134.21	91.74	124.30	99.96	23.34	61.54	121.77	127.75	109.82	104.61	88.75	100.05	103.86	86.63	127.26	131.89	120.79	93.02	80.79	119.77	115.43	100.12	134.66
QG37_00338	131.28	132.08	68.60	76.13	111.99	116.26	107.43	107.53	115.59	117.39	96.21	89.59	87.54	101.06	93.67	114.20	141.72	146.87	133.75	119.58	114.50	119.55	133.98	98.76	114.28	134.03	94.16	127.22	93.38	25.70	71.00	110.09	128.15	103.77	104.50	84.46	103.31	102.76	91.56	126.15	134.07	122.07	90.48	86.79	101.36	108.57	95.23	125.33
QG37_08391	157.95	147.25	82.71	65.97	122.53	112.53	123.18	120.48	120.29	104.62	93.41	91.92	100.15	136.56	107.79	115.44	156.89	129.79	146.78	113.32	105.89	116.19	134.44	116.79	126.15	160.85	115.95	133.99	111.58	26.82	80.99	141.23	128.30	136.33	111.16	86.93	114.14	121.71	99.11	141.75	139.85	123.29	101.70	94.74	116.79	87.81	95.29	144.19
QG37_08392	157.62	142.51	76.77	60.29	118.64	110.66	117.81	109.15	124.04	111.63	85.82	90.66	105.38	121.29	99.41	111.95	135.66	123.51	131.74	104.08	102.27	113.63	125.16	110.34	115.19	150.63	106.29	133.68	109.97	25.52	75.38	135.32	115.62	128.21	96.95	82.67	106.99	123.92	93.25	128.62	137.34	125.18	99.32	85.14	106.07	86.95	90.78	149.95
QG37_00339	119.45	100.32	67.57	56.75	93.28	98.22	88.11	103.67	99.90	110.87	77.14	79.93	91.86	100.38	92.87	118.01	139.11	127.60	128.83	119.19	100.90	112.08	108.91	103.10	101.05	123.83	79.03	106.93	97.22	22.94	64.78	104.57	121.46	101.57	92.46	96.65	89.71	108.33	63.30	102.02	116.48	106.43	69.43	75.61	106.00	96.49	92.94	126.14
QG37_00340	120.52	110.88	68.17	72.41	103.38	111.93	108.72	110.12	112.24	102.02	86.65	97.80	107.41	100.29	106.41	115.04	136.18	128.89	134.59	108.58	113.04	106.38	132.54	102.42	125.95	130.45	94.34	125.78	98.87	25.28	65.35	110.73	124.69	122.31	102.20	86.30	104.43	99.60	87.50	111.62	135.52	114.59	84.77	86.31	105.28	106.27	95.50	136.47
QG37_00341	148.57	128.16	69.58	80.73	119.66	133.69	131.27	132.38	132.76	128.66	103.42	96.50	117.39	110.81	107.92	119.55	153.96	161.55	137.51	131.73	123.75	131.62	134.36	111.68	131.95	168.13	115.33	137.51	114.85	33.30	82.24	131.27	139.42	128.43	114.89	85.44	107.08	104.83	90.71	121.49	141.21	120.33	107.20	95.64	114.40	118.24	96.76	151.13
QG37_00342	157.31	151.78	84.80	82.34	131.34	119.49	128.24	131.00	143.04	121.04	103.95	110.29	118.02	110.30	117.97	126.59	148.79	169.99	158.59	140.26	131.51	144.24	144.99	115.13	139.37	147.68	114.44	142.88	114.02	33.84	79.67	142.59	138.83	123.23	127.49	101.61	124.48	122.95	101.50	128.17	146.20	133.23	95.59	102.88	134.41	133.53	105.93	171.10
QG37_00343	151.16	168.16	85.87	82.66	134.76	139.20	129.76	116.12	139.18	135.69	104.71	117.86	115.62	106.38	113.60	120.70	159.79	155.83	157.21	152.91	126.16	127.82	152.40	129.58	121.20	182.08	120.61	144.68	133.83	29.73	79.44	129.72	158.49	132.83	106.76	100.24	107.11	133.65	97.27	140.22	151.64	133.39	115.91	83.93	131.10	119.89	94.77	160.35
QG37_00344	129.79	118.79	78.87	74.01	107.88	120.00	110.94	105.24	111.62	103.62	94.00	94.69	97.12	101.76	86.95	94.49	139.45	141.88	130.16	105.21	108.04	101.85	112.87	103.26	119.84	132.32	90.96	139.03	105.31	30.83	66.56	124.25	125.70	118.36	101.66	90.68	102.18	109.32	82.45	122.66	136.97	129.53	85.89	87.57	98.96	114.03	96.99	115.04
QG37_00345	143.00	143.19	78.54	70.07	127.25	110.24	122.92	131.29	131.50	123.86	99.01	107.80	96.35	104.67	101.61	124.75	150.97	148.99	144.92	121.75	117.13	122.56	129.92	103.22	130.61	141.81	100.38	146.49	116.96	27.32	77.61	115.71	128.65	120.77	111.36	99.67	105.13	114.67	90.02	110.44	141.88	119.12	93.64	84.36	115.66	109.14	101.11	133.67
QG37_00346	131.29	151.21	78.21	75.40	129.58	118.95	121.10	124.94	144.53	123.53	95.09	99.83	108.26	111.27	111.30	114.66	153.44	150.71	142.72	130.98	127.83	135.96	136.93	108.36	133.77	137.35	113.34	138.50	93.90	35.70	76.71	122.80	145.49	122.65	131.76	97.42	99.47	113.80	96.91	125.90	145.40	133.71	98.62	77.52	123.51	118.77	99.70	146.30
QG37_00347	118.33	108.47	68.24	76.15	115.42	102.86	111.11	111.43	123.54	105.54	77.53	93.75	104.63	109.39	95.80	103.29	129.95	131.45	132.74	113.51	116.76	119.45	147.47	99.51	104.67	117.49	106.19	110.08	94.26	25.45	64.05	110.15	124.27	121.74	101.42	107.55	93.87	118.91	83.21	101.96	116.27	120.77	86.24	77.94	107.26	108.84	89.28	106.37
QG37_00348	107.16	121.19	58.98	65.75	100.53	113.70	111.33	96.49	107.10	95.43	83.26	93.99	95.70	91.79	97.68	99.48	126.96	131.44	119.75	107.54	107.49	108.55	127.26	103.52	104.52	121.72	94.41	118.15	102.47	30.28	64.41	112.27	121.93	113.98	96.47	81.22	98.99	115.30	87.18	110.37	129.18	118.82	77.73	75.75	107.73	110.58	92.11	121.46
QG37_00349	119.76	108.66	64.62	68.45	101.07	104.84	105.25	98.35	113.14	90.65	80.07	82.27	91.26	85.25	88.80	106.66	133.31	130.94	123.04	107.74	116.17	112.95	119.49	90.28	111.63	127.95	85.33	110.03	92.42	25.09	65.22	110.49	117.51	101.64	97.92	87.95	85.09	105.02	76.69	114.34	134.67	112.54	85.55	88.75	105.66	103.42	91.99	127.30
QG37_00350	137.61	143.01	76.64	76.11	127.60	124.22	128.61	126.23	126.92	124.29	101.55	109.85	114.00	113.53	106.66	122.50	155.73	163.34	146.75	134.57	120.19	132.38	142.27	121.04	134.80	160.21	112.64	145.13	120.02	30.77	76.58	139.52	153.45	128.08	118.14	103.68	116.04	114.97	100.89	130.52	156.51	136.08	104.49	101.21	125.23	124.61	107.30	148.04
QG37_00351	132.80	131.25	76.68	69.90	122.02	113.84	115.07	116.93	126.93	116.02	96.81	96.63	106.26	104.76	97.51	113.58	148.16	147.79	143.09	117.14	123.92	121.29	127.59	104.33	126.65	149.84	108.86	135.27	100.25	32.06	76.06	126.24	131.45	114.00	103.10	87.57	99.06	115.61	95.81	131.87	130.46	123.39	102.21	92.92	115.94	117.51	94.06	129.96
QG37_00352	131.56	121.20	72.97	75.80	105.28	109.93	104.91	101.23	129.49	120.68	89.78	90.18	115.64	99.81	92.59	115.42	146.59	157.09	123.57	131.82	122.14	106.73	124.06	100.04	118.99	150.04	91.97	132.01	101.15	32.29	77.76	118.46	130.02	114.51	90.34	82.51	89.93	111.05	94.84	128.57	130.55	126.50	88.14	89.78	128.23	108.48	98.33	143.78
QG37_00353	117.13	121.27	68.99	69.42	134.01	136.48	112.17	123.73	134.48	111.90	105.37	103.54	90.20	126.25	99.96	132.75	139.72	149.79	122.91	132.30	123.70	128.04	128.70	102.47	112.49	148.81	105.16	139.40	120.81	31.31	80.71	121.24	167.59	125.98	132.37	90.54	118.78	120.92	94.06	127.17	141.51	120.73	99.68	96.54	113.21	104.93	97.70	146.52
QG37_00354	126.05	121.40	58.86	63.13	119.74	113.98	99.76	122.99	140.38	104.89	98.83	100.63	99.85	93.56	109.71	115.46	148.48	148.96	142.54	117.46	114.36	120.72	127.60	106.19	120.00	143.49	104.81	131.84	110.78	28.15	74.62	111.56	129.30	116.37	103.54	86.55	106.82	116.35	91.86	119.64	127.96	126.23	103.45	91.88	111.44	108.97	105.03	140.40
QG37_00355	122.76	110.06	70.24	69.99	106.29	105.86	99.08	106.12	126.36	108.51	97.69	97.10	104.62	103.72	100.47	109.51	130.74	138.86	131.15	111.87	112.47	126.91	119.79	91.22	112.35	137.11	102.01	126.23	105.95	30.56	66.02	119.62	130.06	104.93	108.52	88.81	104.04	117.50	89.10	122.65	131.61	102.92	89.57	82.92	110.10	97.31	96.74	140.65
QG37_00356	141.99	113.69	63.44	81.43	99.80	123.86	104.50	118.22	129.27	98.79	94.62	106.93	95.73	117.08	95.82	104.75	134.23	153.79	130.54	120.71	99.85	112.61	127.83	84.71	100.18	126.85	96.69	104.27	101.86	27.02	55.92	128.18	133.18	108.96	110.02	84.19	106.12	118.22	97.10	123.92	136.00	124.20	83.64	83.07	111.04	96.32	96.74	131.05
QG37_00357	119.71	105.06	70.67	70.16	107.25	117.76	79.90	99.26	107.11	85.00	86.54	92.28	85.28	87.33	89.82	114.72	135.14	136.53	141.74	114.36	116.41	115.77	120.16	80.64	118.31	131.49	91.13	124.91	108.86	25.34	62.56	107.26	126.99	121.26	92.73	72.06	83.65	112.93	61.73	99.70	122.40	118.63	76.38	88.16	106.89	102.51	104.03	113.19
QG37_00358	106.75	114.46	73.81	59.02	99.40	122.44	86.20	126.20	113.36	107.67	84.27	85.82	84.60	98.82	101.28	107.88	160.23	161.01	123.45	100.66	90.04	107.41	119.23	105.02	126.19	144.02	94.47	131.62	95.45	27.48	62.29	120.86	131.22	104.19	106.10	90.64	94.85	108.95	103.14	106.58	116.06	96.94	61.32	117.51	95.37	109.25	106.77	135.94
QG37_00359	130.51	104.49	67.53	69.98	85.26	99.09	97.61	98.84	111.49	70.34	86.33	73.78	107.84	74.27	92.78	106.70	122.78	137.69	108.86	98.98	88.84	101.25	110.35	94.25	110.84	126.31	94.10	100.44	92.73	29.93	58.83	96.13	130.01	122.57	102.85	72.64	76.73	112.17	81.95	112.49	108.97	108.97	74.25	90.06	93.44	101.29	96.33	145.95
QG37_00360	107.97	106.13	68.30	69.05	81.04	96.76	101.57	79.80	108.76	98.63	78.99	84.26	101.04	86.43	76.80	74.78	120.83	126.30	103.06	85.12	89.18	100.17	116.37	96.40	115.61	115.63	85.04	98.25	94.25	20.91	54.29	119.75	123.62	127.70	101.96	82.83	105.21	119.54	77.08	107.14	127.88	103.01	76.10	87.59	86.87	107.64	91.07	135.54
QG37_00361	111.10	124.83	62.74	72.63	111.28	115.22	94.38	99.08	104.31	107.51	92.09	88.93	90.61	106.73	83.76	97.26	129.53	132.19	127.37	94.61	100.46	112.64	116.94	99.91	117.41	128.44	95.35	109.85	98.62	28.58	56.02	112.49	119.45	136.85	103.61	83.75	99.81	126.93	90.24	104.84	134.27	102.76	94.44	88.74	118.16	112.42	90.47	142.13
QG37_00362	125.74	137.93	72.62	62.70	110.54	119.17	106.36	106.63	116.08	101.78	92.35	100.12	92.81	100.17	109.56	112.48	143.86	151.04	130.35	104.64	115.96	113.57	127.18	101.15	115.36	149.14	86.66	128.70	103.79	26.55	65.30	111.02	121.63	121.24	105.05	102.50	109.33	119.87	94.35	118.42	136.40	125.73	92.86	95.98	111.76	113.43	98.51	138.52
QG37_00363	128.22	152.56	74.42	75.71	119.02	126.79	123.04	126.28	145.61	132.70	107.43	108.09	121.51	117.23	105.02	118.18	157.35	159.37	147.02	132.16	138.55	134.04	145.71	117.70	142.95	151.19	108.42	141.25	116.63	30.81	76.93	131.14	153.35	136.79	114.39	113.32	107.55	114.89	103.44	148.81	146.54	149.07	106.47	107.00	122.02	123.76	115.68	157.60
QG37_00364	134.56	143.15	78.03	76.98	118.88	116.74	121.72	136.54	117.78	115.58	103.98	92.13	101.55	112.24	98.55	123.58	138.54	148.55	146.72	116.87	137.64	139.93	130.93	114.89	140.47	145.29	115.02	134.18	113.78	27.73	71.57	141.40	143.40	122.09	119.47	119.02	107.88	116.82	117.74	132.10	150.25	140.48	94.47	96.52	124.27	120.23	104.49	140.34
QG37_00365	113.86	122.90	62.32	61.89	110.70	108.46	119.14	111.06	127.40	102.23	98.73	100.97	109.46	92.94	100.76	118.75	130.91	142.08	136.49	111.54	113.29	125.55	128.01	104.74	135.38	151.37	94.94	125.60	109.90	29.63	65.97	144.87	135.73	122.93	104.80	101.42	94.93	102.14	99.48	118.21	132.58	118.69	93.81	90.63	114.62	108.32	97.16	138.93
QG37_00366	136.50	143.48	78.57	61.50	118.63	133.47	127.79	114.11	124.71	111.41	95.71	86.65	112.91	103.19	85.83	118.96	167.11	154.41	145.90	114.03	125.07	109.96	121.91	109.48	135.95	149.32	94.54	117.69	92.66	30.75	72.03	129.82	135.50	109.72	104.36	93.83	125.20	109.95	80.01	140.58	131.05	145.87	108.77	95.76	96.33	112.19	98.76	158.69
QG37_00367	128.88	128.63	82.81	67.39	125.15	124.79	116.77	116.94	113.01	111.29	86.91	103.47	94.44	97.94	106.78	101.64	144.59	151.35	156.55	128.13	126.26	137.12	138.65	101.41	120.07	141.40	108.47	137.13	102.97	36.22	73.98	132.68	128.68	111.40	98.91	95.17	100.45	119.71	97.39	118.50	148.01	145.95	94.27	101.45	125.04	104.58	101.79	153.70
QG37_00368	133.03	125.52	70.38	73.72	110.58	114.38	110.72	109.02	124.19	116.96	98.64	100.50	102.11	105.02	103.65	120.25	135.42	151.18	130.86	126.48	106.53	114.54	133.43	108.33	133.12	151.36	99.79	136.00	110.01	26.91	74.40	125.94	133.90	112.39	114.61	98.71	90.20	120.97	101.86	116.53	140.90	128.05	98.88	85.15	111.99	112.58	98.29	136.40
QG37_00369	109.94	121.59	68.17	69.37	100.39	102.33	101.28	109.80	118.81	95.55	85.40	87.96	108.66	97.61	94.70	112.50	133.08	138.55	116.80	109.98	112.82	108.41	122.39	102.74	122.56	135.50	90.51	123.55	91.66	29.31	61.63	111.57	128.23	112.33	102.59	81.97	87.76	108.52	91.67	105.17	132.43	121.38	82.37	81.01	98.35	101.29	89.49	129.24
QG37_00370	111.64	124.01	61.00	67.37	119.58	100.44	108.85	112.02	115.74	103.83	98.56	81.52	92.26	89.62	87.23	102.59	133.84	135.91	125.64	113.68	103.97	116.29	126.00	91.20	115.63	140.99	89.98	114.79	96.01	30.78	76.72	115.73	133.44	122.48	95.90	98.08	101.47	110.88	93.34	106.52	135.46	127.17	94.31	86.36	101.39	107.63	81.92	132.76
QG37_00371	125.37	111.50	61.66	49.52	98.28	105.08	88.42	101.22	125.51	125.81	99.70	83.83	81.86	79.91	99.32	99.70	134.99	154.43	122.69	115.38	104.73	126.52	118.55	111.75	108.50	143.34	91.14	122.63	108.44	27.49	59.06	118.93	114.00	88.13	99.07	89.91	86.70	90.12	74.60	106.83	127.61	115.77	86.95	71.68	108.44	98.14	94.95	110.49
QG37_00372	143.33	125.01	67.01	72.95	109.25	117.83	116.78	109.14	126.59	106.49	100.99	113.23	87.32	97.23	109.54	107.14	138.52	159.95	137.74	118.13	113.67	117.31	136.71	113.54	130.51	161.21	88.33	120.81	100.08	24.98	65.57	117.28	117.95	131.30	117.81	105.40	95.26	95.09	95.84	123.73	156.63	116.86	95.60	88.51	101.26	121.32	100.80	161.91
QG37_00373	129.98	138.17	91.12	70.95	128.34	126.87	127.43	135.65	136.67	112.78	107.84	114.03	107.22	115.65	105.28	118.25	138.75	160.21	142.44	122.75	127.23	128.54	137.75	103.59	126.37	152.25	98.23	135.84	100.77	28.54	72.46	134.34	138.95	120.25	124.70	96.06	113.27	119.95	98.52	120.84	155.02	135.53	103.41	94.41	113.17	118.91	105.59	157.64
QG37_00374	130.92	127.67	79.09	80.36	120.96	122.37	118.67	125.08	119.02	128.24	98.12	101.61	105.27	101.58	114.73	110.10	151.51	158.70	139.21	122.88	126.43	121.69	128.88	106.23	123.53	149.13	102.58	136.89	115.27	29.84	75.36	123.27	144.19	123.99	113.58	99.30	109.96	112.41	101.82	128.36	137.30	134.58	98.26	91.17	112.61	118.48	99.96	150.31
QG37_00375	144.60	118.58	75.62	70.25	124.72	118.56	111.48	116.09	131.50	99.62	109.31	100.99	102.99	107.35	98.54	112.56	155.32	156.74	150.86	128.30	115.75	115.12	136.38	98.08	134.88	164.51	102.88	133.87	119.41	26.94	78.48	120.30	127.77	117.97	118.32	106.91	112.49	120.78	93.34	110.20	149.85	133.56	79.85	93.63	100.77	90.05	84.79	133.52
QG37_00376	117.93	114.84	64.22	63.60	108.22	117.32	103.05	120.51	119.49	104.41	102.65	93.33	96.96	106.14	82.82	101.21	134.89	151.70	127.64	116.97	122.50	109.73	121.57	99.99	118.46	155.94	95.77	137.35	125.09	23.12	68.68	111.93	127.73	113.19	101.82	88.23	99.95	108.76	90.35	111.02	125.60	121.19	84.45	87.70	90.62	96.92	87.02	140.46
QG37_00377	120.43	117.89	79.73	58.78	96.15	103.01	111.37	109.84	109.45	97.09	89.18	88.87	87.22	85.77	94.70	105.80	132.60	144.10	124.01	103.45	116.73	118.92	118.22	101.84	117.34	134.20	88.51	118.95	87.10	23.51	64.89	111.68	130.58	111.82	85.42	87.77	96.03	105.58	81.29	101.48	122.45	112.62	88.85	81.47	103.32	107.65	91.76	119.73
QG37_00378	118.01	118.54	72.33	67.68	105.18	110.07	125.21	107.54	116.08	99.10	91.01	88.98	99.88	104.47	101.56	101.09	131.80	138.20	123.42	117.80	108.47	118.05	126.58	100.90	125.34	143.47	87.84	115.36	98.39	32.06	71.33	118.39	131.79	112.08	113.35	96.17	100.29	108.48	91.27	118.25	127.64	129.15	97.89	91.38	109.11	109.43	105.28	129.17
QG37_00379	113.69	135.78	83.71	78.31	124.51	121.97	133.96	114.16	120.56	129.75	101.66	121.55	113.58	122.73	105.47	126.06	133.37	155.40	126.73	131.91	121.15	138.24	138.48	104.02	143.58	114.00	94.85	131.25	106.63	29.31	78.58	137.33	127.76	115.99	126.65	98.78	105.54	108.48	99.22	117.46	128.98	114.54	85.69	77.19	101.58	133.38	88.07	145.18
QG37_00380	121.42	120.81	72.68	73.86	119.24	116.76	110.15	111.83	118.68	107.32	91.85	92.87	98.76	96.87	96.83	117.85	141.98	143.41	131.86	120.06	130.86	113.05	138.66	106.99	127.71	138.71	95.37	118.21	89.50	29.02	65.38	110.62	143.35	118.12	101.12	85.09	98.88	111.83	89.09	119.07	134.56	127.01	89.46	85.14	105.24	110.32	86.07	135.31
QG37_00381	122.86	124.00	74.62	62.76	114.08	117.48	121.75	115.92	119.69	108.27	82.14	89.80	86.67	104.83	95.76	111.93	128.00	146.99	124.52	103.72	111.53	109.99	122.00	98.92	113.34	152.26	94.09	121.36	97.20	29.42	66.23	112.80	139.59	108.02	100.74	89.99	101.90	118.12	83.50	110.44	134.58	121.49	80.01	80.72	114.57	120.97	98.10	151.08
QG37_00382	115.92	105.37	42.59	37.30	89.01	78.89	85.75	70.66	84.12	82.56	68.78	82.83	62.95	63.92	56.08	69.01	102.06	103.53	95.84	85.62	74.52	74.83	79.00	71.75	74.51	96.28	88.48	103.71	65.03	20.61	47.22	83.26	99.67	77.66	98.07	52.82	78.10	79.20	58.36	92.92	85.56	88.86	66.85	62.60	84.83	79.00	78.25	99.95
QG37_00383	141.01	137.84	87.39	80.04	125.91	118.30	137.26	128.82	127.07	125.93	103.43	104.78	105.33	118.70	105.81	122.63	160.09	164.66	143.79	130.62	114.76	134.40	143.27	111.19	131.42	150.51	107.12	139.57	103.74	30.00	73.08	136.67	144.58	127.39	123.43	101.16	113.45	113.72	103.13	119.07	156.97	140.48	94.45	95.69	119.22	129.78	114.80	139.68
QG37_00384	132.42	135.86	76.98	74.27	118.50	123.15	118.38	119.16	120.80	114.57	90.84	95.41	105.66	108.14	118.63	122.16	139.91	144.04	134.04	128.93	125.18	124.13	141.25	105.13	132.42	147.78	103.30	134.56	114.91	31.43	72.33	122.86	140.83	116.32	111.26	94.02	107.06	115.05	98.67	132.19	139.38	129.95	104.49	91.75	116.00	119.54	107.19	143.16
QG37_00385	127.61	126.82	75.13	72.89	116.60	120.97	118.97	122.49	125.17	120.66	96.33	102.81	112.27	108.39	106.70	127.33	145.24	160.40	145.74	125.20	122.49	129.24	135.96	104.76	124.35	157.28	104.66	143.81	111.33	36.08	74.23	126.87	133.85	119.45	113.71	93.20	114.58	115.68	95.30	123.51	130.79	124.05	92.04	92.87	114.72	116.44	106.33	152.91
QG37_00386	142.86	141.80	74.39	76.15	115.10	104.08	107.85	113.45	121.97	116.03	95.91	90.59	108.02	100.54	106.97	112.12	131.85	141.22	138.52	116.08	123.88	130.12	120.71	98.67	119.87	119.51	105.20	128.13	101.69	31.64	76.65	119.72	137.27	114.33	114.83	87.70	108.88	118.90	91.34	114.28	144.49	117.34	98.11	86.25	107.40	116.35	103.61	128.41
QG37_00389	116.08	119.97	57.74	71.36	123.32	110.03	96.63	124.42	124.91	103.67	85.38	102.67	113.84	99.92	98.53	101.93	136.16	139.77	114.72	109.65	92.50	122.77	132.66	100.58	100.52	133.88	102.93	113.49	92.29	28.58	59.61	107.03	121.25	114.92	94.73	89.27	99.12	87.27	79.92	116.67	115.09	130.17	82.86	78.24	104.94	86.47	91.12	113.34
QG37_00390	111.96	116.68	64.17	67.44	114.59	123.49	102.35	119.93	135.54	90.21	77.27	111.56	112.28	101.66	112.46	107.38	135.57	123.76	118.44	107.73	97.12	116.55	120.13	110.03	111.15	118.09	102.49	107.89	87.02	30.73	72.94	131.55	119.51	121.84	104.45	104.03	109.08	120.64	94.06	124.86	107.03	125.00	92.31	60.44	69.87	71.02	67.22	87.04
QG37_00391	141.88	133.53	80.11	81.20	128.64	123.06	122.78	112.44	126.79	123.70	93.19	107.16	109.17	109.68	115.09	117.07	144.09	159.54	154.18	125.51	126.43	138.21	132.41	104.03	132.50	161.25	112.99	152.79	120.20	30.43	76.16	130.85	150.13	126.27	106.94	109.12	108.44	125.27	95.88	133.33	149.43	137.77	107.52	98.55	127.81	118.90	108.92	157.02
QG37_00392	127.51	126.49	80.16	65.87	119.75	121.57	101.42	119.60	123.89	109.18	91.07	110.74	101.02	91.64	101.06	113.54	145.01	144.05	134.94	120.71	115.63	129.83	139.43	118.84	127.80	137.66	117.74	146.94	128.41	22.24	61.77	106.81	157.40	111.26	110.12	97.04	118.02	116.35	84.00	121.10	139.38	136.24	103.83	93.32	121.54	110.76	85.40	153.94
QG37_00393	124.04	134.64	80.30	80.61	118.57	119.18	120.07	126.37	142.14	128.86	95.92	109.70	116.76	113.70	108.77	122.92	166.62	158.75	145.00	136.61	121.76	132.01	140.50	124.92	129.21	160.69	106.65	140.99	120.67	34.75	77.05	140.70	156.77	129.49	122.51	91.26	120.77	119.98	106.17	133.37	141.18	143.08	109.62	93.30	121.39	118.07	105.66	151.42
QG37_00394	112.88	125.46	73.69	76.88	110.46	109.62	111.54	106.89	124.39	115.76	98.91	103.03	111.30	107.06	105.30	118.67	140.62	157.17	128.39	107.99	120.85	125.29	129.31	106.88	119.24	146.57	98.98	125.89	98.51	33.30	71.29	116.67	130.46	125.01	110.68	92.29	111.68	116.39	96.23	127.54	140.65	129.16	87.78	95.52	107.19	117.57	102.57	149.90
QG37_00395	107.30	107.67	55.83	81.99	86.63	101.18	87.34	86.48	111.18	87.90	79.50	89.09	76.51	72.16	95.31	97.84	131.30	143.32	110.37	100.20	97.42	111.51	113.35	85.89	102.87	120.98	78.64	107.23	80.23	27.05	56.76	114.53	97.19	116.48	99.71	81.44	104.25	100.30	81.78	106.56	113.55	115.87	77.31	80.49	95.79	101.86	74.09	125.98
QG37_00396	87.48	127.69	63.34	69.90	99.64	84.27	86.57	84.21	93.73	91.27	70.73	75.63	69.05	78.07	78.77	103.11	116.14	118.01	119.75	86.14	84.17	80.78	98.99	96.35	90.41	106.31	81.87	107.26	57.73	25.10	49.35	92.12	99.65	100.16	81.81	64.39	89.59	79.27	59.67	114.35	111.59	86.39	73.73	69.73	88.21	73.95	74.54	95.12
QG37_00397	114.90	115.81	63.21	70.42	112.43	90.80	119.63	77.06	100.66	75.08	80.49	78.80	90.55	109.48	90.32	115.97	115.63	134.09	113.79	94.12	83.50	105.08	116.25	98.60	109.28	115.01	87.80	94.29	68.11	28.25	59.49	94.93	111.38	102.22	88.49	73.02	102.28	90.97	79.12	98.83	101.33	117.08	79.27	84.33	81.33	82.49	90.71	128.84
QG37_00398	104.37	98.42	55.12	65.77	87.78	92.29	91.14	89.41	4.13	90.04	86.81	74.22	78.59	91.54	90.71	100.98	118.33	121.38	112.33	100.80	102.48	89.81	106.39	88.71	98.10	101.94	82.43	112.61	73.38	25.53	61.61	103.12	94.04	107.38	96.77	81.38	88.10	93.89	86.44	106.96	115.31	96.42	88.59	91.45	92.34	98.86	81.11	114.98
QG37_00399	89.21	65.12	35.00	52.54	73.43	76.58	72.26	75.07	0.44	80.70	61.48	56.23	83.50	84.03	84.29	91.29	97.44	129.46	92.66	73.55	66.26	92.15	97.39	71.43	85.44	87.87	60.74	75.62	64.69	18.22	56.35	71.73	89.08	78.36	89.17	63.61	89.10	86.20	68.53	105.33	105.62	79.06	66.47	63.01	79.58	95.47	54.07	111.77
QG37_00400	107.00	97.72	57.93	62.60	89.53	95.79	100.70	104.07	0.14	113.56	71.25	90.25	72.41	103.34	93.28	105.61	129.22	112.95	111.43	92.02	102.91	96.30	110.79	82.67	107.45	126.51	82.47	90.72	86.78	24.39	67.88	109.91	109.72	115.71	112.81	87.08	89.89	99.27	88.05	126.46	125.59	110.98	96.88	73.84	77.30	93.85	58.99	87.31
QG37_00401	66.61	63.21	32.35	35.81	49.72	54.97	61.89	47.61	71.17	48.26	39.43	37.17	50.47	46.63	38.42	49.62	67.77	74.66	68.83	65.89	64.41	60.39	70.85	56.92	52.56	65.18	53.62	60.77	40.03	8.57	34.25	54.16	68.46	49.68	46.14	44.46	55.86	48.07	49.43	57.43	68.08	61.40	39.76	42.67	56.92	63.62	48.35	67.92
QG37_00402	136.63	124.35	67.25	69.49	99.86	103.94	96.70	99.10	116.90	105.87	83.48	96.85	83.69	114.97	96.73	105.18	119.40	161.80	131.50	115.11	107.29	132.26	120.80	100.50	113.14	126.67	90.44	126.65	100.61	23.02	68.25	123.96	118.61	105.75	107.55	77.73	89.94	101.60	89.77	112.27	118.96	109.89	111.68	84.13	113.64	101.44	97.24	126.64
QG37_00403	124.36	153.90	81.42	78.63	121.46	115.43	108.78	123.34	128.37	125.52	101.66	102.73	100.46	106.97	102.05	127.34	161.64	148.07	159.36	121.95	124.95	128.20	137.28	120.81	130.73	151.92	119.96	144.91	105.72	30.13	87.99	114.21	157.23	115.42	100.25	103.33	101.17	105.47	101.10	139.64	168.56	142.06	91.39	107.01	116.30	110.71	123.52	145.88
QG37_00404	141.39	155.60	74.99	84.70	135.83	121.34	118.95	128.81	137.81	133.89	95.40	106.10	110.10	115.28	119.49	141.83	145.04	142.15	151.27	112.03	131.57	128.51	140.85	119.43	136.69	152.62	127.30	137.11	124.59	35.32	72.62	141.48	157.61	127.33	125.68	99.99	115.71	121.31	108.25	125.35	171.06	144.95	105.81	98.45	114.41	115.38	101.58	160.24
QG37_00405	144.58	171.53	86.26	94.11	131.12	129.33	143.90	133.20	156.07	133.08	106.03	120.95	128.94	139.60	123.18	146.35	173.98	174.11	168.46	145.92	143.21	155.82	152.41	142.81	140.09	170.58	132.42	156.59	119.09	36.83	84.69	147.70	156.46	133.59	145.80	120.40	135.86	131.98	108.33	151.16	168.12	152.69	123.04	122.49	122.98	123.41	117.95	174.77
QG37_00406	143.89	130.86	73.10	72.42	124.80	112.90	108.01	119.77	115.70	130.81	89.44	98.70	106.16	107.43	95.59	116.13	124.15	114.52	131.59	108.19	129.18	104.65	115.16	97.69	123.68	130.29	94.27	125.12	106.77	37.13	73.80	130.06	153.45	112.41	88.83	88.03	105.94	93.77	99.83	128.90	121.77	118.50	101.23	78.11	121.06	105.40	98.73	142.50
QG37_00407	119.12	111.85	83.55	64.32	103.04	100.88	99.68	106.45	119.19	116.73	97.91	87.21	98.32	101.36	108.69	106.39	124.80	135.47	119.82	96.96	89.43	107.22	104.76	96.34	112.00	132.21	83.37	112.76	100.81	34.52	69.12	117.90	136.99	101.49	92.14	105.59	95.70	101.71	90.38	97.51	115.18	122.22	88.82	65.05	100.69	107.76	98.14	144.82
QG37_00408	137.85	127.14	74.17	69.90	115.86	122.10	113.96	122.11	121.75	119.49	100.22	105.03	116.69	111.47	101.40	117.15	145.46	150.10	145.82	119.81	121.26	124.43	133.60	109.19	126.77	151.94	97.51	134.59	106.10	29.47	72.59	137.20	132.12	123.25	118.92	93.34	104.71	116.44	102.56	127.48	137.11	122.16	98.13	93.54	118.75	132.48	99.01	157.93
QG37_00409	153.89	145.50	75.92	79.27	122.74	142.74	126.02	114.82	138.94	126.41	90.79	129.75	113.09	106.70	101.45	137.25	160.07	162.39	161.03	146.99	123.91	135.76	152.34	109.94	142.60	150.45	110.82	150.05	132.60	38.40	81.44	135.14	153.41	124.32	106.64	94.36	113.50	125.98	106.39	120.95	159.03	133.00	99.17	94.25	128.69	141.13	114.22	146.47
QG37_00410	123.31	130.98	70.07	70.25	109.35	108.32	110.84	106.29	122.12	118.48	94.61	85.49	89.39	97.07	107.33	103.19	136.11	156.72	132.28	123.34	116.36	114.62	126.52	98.97	128.07	138.54	91.30	142.33	100.18	35.23	67.84	102.61	136.18	126.42	117.33	83.71	98.24	111.09	91.81	127.51	143.15	130.69	86.27	89.34	94.99	127.32	83.62	138.05
QG37_00411	146.40	143.00	99.46	70.23	152.13	117.70	121.20	139.05	143.98	129.48	88.13	108.69	105.52	99.08	113.41	117.41	148.52	155.44	140.24	129.93	134.16	127.25	108.94	103.78	128.61	175.46	96.56	143.01	99.41	29.04	66.70	120.69	133.46	118.48	125.01	76.83	101.88	109.67	92.94	149.19	157.99	128.17	103.77	86.93	114.56	142.51	88.87	159.17
QG37_00412	132.75	154.79	80.40	75.81	144.36	133.62	135.67	155.73	154.09	136.10	95.03	115.41	121.06	112.43	99.03	108.24	128.39	155.54	147.32	130.74	116.80	132.55	159.25	100.75	129.42	174.54	114.47	144.03	113.96	40.58	66.99	128.67	154.64	109.07	93.88	65.52	100.25	84.93	70.80	81.19	103.37	88.74	67.50	97.97	102.84	121.60	104.27	134.29
QG37_00413	126.69	130.01	93.64	77.00	122.47	142.61	126.84	136.76	136.63	130.80	102.51	109.11	108.88	102.34	92.03	108.33	153.82	150.48	122.11	126.90	120.35	133.36	141.70	98.23	140.31	147.16	101.28	140.92	105.90	53.56	104.49	122.90	131.11	109.87	107.51	93.22	91.72	96.29	91.09	125.16	127.70	116.34	100.66	88.68	91.76	97.12	91.15	135.01
QG37_00414	148.14	134.53	69.15	69.06	123.51	118.19	112.83	121.23	138.54	116.96	106.42	86.08	111.64	99.91	95.13	109.75	132.42	168.26	123.63	124.82	112.72	122.24	132.25	99.31	122.09	151.70	99.40	135.57	119.43	29.10	62.10	132.79	145.02	126.06	108.21	84.95	109.24	108.06	94.61	118.48	135.20	115.77	83.69	84.75	117.68	109.27	82.67	136.32
QG37_00415	137.95	142.18	78.38	80.53	131.04	125.76	131.19	139.27	150.68	134.98	107.82	121.58	132.06	117.47	114.25	122.26	146.47	150.65	138.27	139.49	136.73	137.49	148.36	102.85	126.99	175.07	108.04	150.99	126.96	34.97	77.79	142.84	148.29	129.59	120.02	103.84	116.96	114.73	97.93	143.88	154.80	135.09	99.94	107.85	121.54	120.50	117.81	158.42
QG37_00416	159.38	152.46	86.01	75.34	139.40	128.23	126.45	125.17	140.70	145.74	112.30	126.60	118.55	116.42	109.44	112.59	165.15	167.91	150.37	153.21	134.96	126.58	135.33	116.31	134.78	177.57	108.32	143.95	120.58	37.60	85.07	133.27	156.29	132.96	121.88	109.52	123.65	119.75	102.45	123.28	148.23	133.59	103.64	92.20	115.58	117.49	117.04	144.97
QG37_00417	139.11	131.16	80.83	77.23	122.21	124.33	124.43	120.19	133.82	119.71	98.48	107.91	112.88	110.38	102.78	116.67	153.83	162.50	140.22	133.55	127.30	128.01	143.32	104.63	124.64	152.22	104.56	138.51	117.78	31.02	75.47	132.12	138.92	128.36	114.64	99.80	113.09	116.97	102.32	127.92	153.79	133.49	95.86	97.98	112.68	112.24	107.02	141.87
QG37_00418	93.67	126.90	64.49	68.62	103.75	99.34	96.68	81.99	94.90	101.34	78.46	75.57	87.11	104.17	98.44	116.49	135.91	119.04	128.48	96.77	101.75	102.31	125.63	99.67	101.50	123.18	88.29	118.91	80.64	19.83	52.72	113.77	101.81	97.33	89.93	101.09	103.11	82.46	65.55	118.07	122.21	114.75	85.67	77.85	90.76	97.47	85.94	116.47
QG37_00419	130.37	127.94	77.96	66.54	117.90	113.88	110.82	112.43	115.15	109.10	89.27	100.42	97.27	105.78	103.65	108.21	145.74	147.87	136.23	107.74	115.18	115.66	130.80	98.62	120.43	137.42	106.39	125.75	94.15	30.77	70.40	122.99	129.37	112.10	112.02	88.87	103.20	110.67	88.84	110.75	143.33	125.01	89.59	92.09	119.62	119.16	92.84	135.36
QG37_00420	142.66	127.02	67.08	64.93	111.52	112.51	116.60	121.92	118.98	113.97	91.46	106.31	104.26	104.53	95.30	112.34	117.94	136.91	138.46	101.19	124.49	118.91	129.32	113.06	121.41	165.81	86.33	141.04	109.72	35.55	82.34	136.81	133.98	114.92	105.60	98.70	109.34	136.70	100.36	110.57	140.82	137.45	83.39	80.67	115.12	112.99	98.93	156.40
QG37_00421	128.58	135.02	65.77	74.14	119.07	107.19	109.01	109.87	131.94	114.96	99.02	97.56	97.49	100.02	106.81	98.81	129.67	160.87	142.51	111.25	113.88	136.67	127.93	104.76	112.55	155.67	99.81	128.99	95.31	27.41	76.78	120.52	142.10	116.51	109.05	96.65	101.51	107.85	84.83	122.33	117.14	134.04	81.41	82.26	115.75	109.19	111.70	132.80
QG37_00422	118.17	116.60	71.25	66.08	105.21	102.99	106.99	105.94	116.51	103.89	87.06	91.49	93.59	101.46	95.32	106.41	143.49	149.68	126.43	115.46	105.33	111.25	117.28	97.78	114.57	136.52	87.75	114.89	92.06	27.03	63.56	117.68	128.06	117.97	95.88	74.98	89.57	114.31	82.72	106.64	121.67	111.12	83.81	82.90	115.00	111.10	86.67	137.85
QG37_00423	130.98	108.25	59.34	60.01	110.19	92.00	76.49	96.25	108.11	85.11	72.72	89.77	79.72	102.85	100.75	112.68	127.61	131.52	126.06	100.38	87.53	104.49	122.45	94.74	98.78	122.48	98.55	107.14	81.61	27.14	50.15	93.07	105.95	80.89	82.54	73.05	87.37	102.57	81.61	113.27	105.76	94.73	78.03	72.25	94.78	86.89	77.30	114.53
QG37_00426	123.89	129.28	72.49	77.23	111.01	117.09	112.88	118.91	131.68	111.88	91.26	99.48	102.94	107.43	100.41	116.65	144.65	159.85	134.24	110.71	126.43	126.88	134.38	105.16	128.21	157.19	108.55	140.89	109.64	30.28	79.46	120.51	137.45	122.15	110.03	95.19	104.67	118.40	93.76	125.53	148.17	129.84	102.18	98.43	117.87	113.46	115.42	144.17
QG37_00427	129.94	137.34	75.43	81.95	121.20	112.48	114.71	118.69	122.59	108.30	90.18	105.14	108.63	108.29	111.27	116.23	140.14	159.34	142.92	123.09	116.96	126.41	139.36	104.67	125.19	143.32	95.18	126.37	114.97	29.54	67.92	122.38	142.59	118.54	113.84	95.25	112.44	117.23	89.50	129.32	147.57	124.16	99.25	102.90	121.09	119.09	107.63	150.60
QG37_00428	127.64	120.57	76.36	69.89	128.09	122.73	121.81	102.66	111.29	114.25	114.22	106.45	117.25	108.10	111.73	101.70	145.18	163.52	126.34	110.59	122.65	130.06	132.79	113.34	117.06	150.78	99.52	124.05	98.33	45.84	87.14	121.41	128.13	112.27	106.44	103.20	98.38	109.23	82.32	123.25	148.62	125.50	95.10	98.25	118.07	120.26	94.27	150.58
QG37_00429	134.49	149.06	74.10	80.89	119.78	130.60	126.16	127.68	139.52	119.38	107.92	116.03	114.06	117.65	115.41	115.69	154.86	172.92	136.63	132.46	137.31	124.12	136.44	121.45	135.10	152.95	117.68	148.59	132.27	31.79	76.21	133.68	143.35	136.10	119.99	105.11	115.30	121.20	88.81	126.39	155.43	130.74	108.60	97.07	122.43	132.89	103.62	160.28
QG37_00430	110.80	143.20	61.22	63.90	104.38	99.85	113.54	117.89	113.55	89.48	83.70	88.17	105.20	105.29	101.17	107.14	138.48	150.79	121.35	117.45	105.27	109.09	103.67	100.15	115.53	136.08	106.57	122.45	98.82	27.85	75.94	105.01	127.14	113.21	109.44	78.30	90.26	91.22	83.17	120.77	125.57	128.98	92.44	72.47	98.82	83.68	106.22	114.28
QG37_00431	143.51	155.30	82.90	86.40	135.46	139.66	136.10	144.21	154.63	124.96	117.07	120.37	126.97	123.32	119.27	137.49	169.09	152.93	153.34	140.71	136.12	133.94	156.43	126.17	145.88	172.44	117.41	150.40	115.48	36.40	76.32	129.96	152.69	145.16	131.32	102.36	112.46	130.58	104.78	137.74	152.56	143.70	109.45	95.50	133.75	128.92	118.85	156.43
QG37_00432	135.41	148.46	72.14	80.95	127.61	117.02	131.85	123.12	135.40	119.79	98.19	118.65	114.28	105.98	115.55	114.94	147.94	157.44	148.30	126.50	127.26	125.02	143.59	116.05	127.93	158.06	117.29	128.10	113.05	31.70	73.70	136.67	134.97	141.85	131.02	97.96	111.54	119.31	97.00	129.44	154.50	146.09	101.98	94.98	128.59	118.03	116.53	147.93
QG37_00433	149.55	152.17	90.40	90.41	130.31	128.23	138.37	150.66	131.49	142.62	99.44	112.57	119.53	131.07	117.34	136.56	162.15	169.83	153.84	140.18	135.32	147.19	156.33	121.59	136.11	175.08	110.72	147.71	119.38	32.41	73.78	140.62	141.12	149.89	133.66	99.32	117.81	127.44	105.22	144.78	148.73	145.36	124.70	101.24	136.11	130.03	119.25	158.72
QG37_00434	131.49	139.00	61.74	85.65	118.40	111.96	123.62	109.92	137.03	118.19	97.42	107.13	106.04	101.94	105.66	112.55	144.93	155.81	139.49	123.97	130.24	123.27	131.66	100.33	116.41	141.48	93.92	120.02	124.29	28.84	64.06	130.65	128.95	115.35	115.53	100.03	109.04	131.77	89.41	117.55	141.11	134.17	89.83	81.12	111.47	124.47	98.38	138.64
QG37_00435	140.48	145.67	88.52	79.79	125.98	133.31	106.26	122.15	127.57	119.62	121.29	100.80	104.99	102.35	113.18	125.06	159.15	169.73	144.66	134.01	156.98	115.04	139.58	108.64	124.23	162.22	104.30	137.80	115.91	28.11	90.09	135.08	126.53	125.32	106.34	109.90	127.94	134.52	106.09	128.83	163.72	130.35	83.44	97.32	124.62	123.14	95.08	137.79
QG37_00436	96.92	91.03	63.18	72.93	106.13	97.03	80.96	107.90	114.63	95.66	91.84	87.46	82.75	81.08	100.81	107.41	113.55	122.27	133.16	112.17	121.52	111.25	113.10	92.65	101.50	116.48	94.00	118.16	81.51	29.11	58.85	107.72	108.78	99.54	121.25	90.50	100.42	93.26	85.48	111.79	124.08	105.43	76.81	86.55	99.97	86.42	73.80	113.12
QG37_00437	137.03	124.14	74.53	72.70	118.84	116.23	118.99	121.44	129.11	122.03	93.04	98.48	103.90	108.53	103.58	113.69	139.14	154.59	139.79	124.90	124.82	115.23	126.90	105.92	125.94	150.14	97.77	132.31	103.42	29.86	74.20	115.23	134.39	123.10	102.62	88.83	104.17	117.38	90.60	122.34	139.77	132.85	91.32	92.54	115.90	113.88	100.33	137.99
QG37_00438	105.80	77.93	41.95	54.84	75.68	62.79	82.31	76.82	64.63	63.28	64.50	72.76	55.96	69.12	61.01	46.52	69.82	89.36	82.39	68.78	74.85	78.80	89.57	64.66	61.89	84.05	54.50	86.96	59.89	29.19	40.75	82.94	65.03	60.02	67.65	52.18	73.28	68.61	65.70	78.90	66.99	65.58	62.18	63.48	83.76	72.16	65.13	99.93
QG37_00439	132.51	136.85	70.33	72.80	133.67	123.17	116.87	118.70	128.32	125.32	110.89	107.23	99.66	120.43	100.02	113.00	142.80	139.66	149.87	117.25	128.63	129.11	136.10	110.62	122.01	149.88	104.44	139.59	101.22	33.30	77.09	122.45	128.47	122.69	112.56	87.90	95.33	107.29	93.07	131.91	145.43	129.13	96.05	89.94	128.00	115.54	107.69	140.95
QG37_00440	135.87	130.53	91.90	76.02	128.91	119.82	118.56	115.51	133.11	131.59	105.94	105.71	123.79	123.55	112.46	134.74	153.49	169.40	159.43	130.82	128.51	138.39	137.85	124.83	133.10	167.02	106.99	141.66	128.24	31.11	71.70	140.77	142.67	118.61	129.04	99.10	116.14	117.02	102.04	127.01	142.81	133.27	111.21	89.13	112.47	122.17	110.01	154.06
QG37_00441	117.73	121.68	72.95	69.74	100.95	107.99	99.11	116.95	113.71	118.02	89.36	92.82	84.38	112.25	109.80	110.82	140.77	152.46	134.99	129.17	131.44	130.47	114.65	106.92	117.56	165.80	99.61	143.05	121.90	35.39	62.65	121.43	117.46	117.94	111.15	87.21	110.63	109.73	86.63	142.49	149.27	125.62	94.73	87.75	112.24	109.31	97.40	151.11
QG37_00442	129.81	127.41	89.33	76.24	120.94	129.73	120.95	119.26	132.42	114.99	90.74	110.62	107.89	114.31	102.24	112.42	145.89	142.44	141.95	116.95	115.11	120.51	125.11	99.82	117.37	158.10	111.02	127.37	103.00	30.64	66.04	124.89	148.50	118.17	106.37	94.92	98.68	93.14	91.18	128.80	132.24	127.05	95.94	83.60	110.22	113.21	86.66	147.25
QG37_00443	147.68	154.49	82.26	82.30	120.63	132.08	128.87	120.70	128.89	124.77	94.16	106.76	101.83	121.46	105.29	122.80	150.40	169.34	134.19	131.35	124.81	136.21	135.38	112.79	123.61	162.43	111.90	156.34	133.78	38.31	80.47	134.81	138.97	127.59	117.60	90.27	116.64	117.49	102.49	115.74	163.51	130.13	99.26	89.38	111.71	114.19	110.95	137.61
QG37_00444	125.56	121.61	66.53	63.40	105.18	108.53	112.50	109.78	118.65	108.44	92.23	92.61	102.95	107.48	102.27	117.37	145.38	155.28	126.89	129.81	116.43	105.36	132.85	115.18	122.40	137.97	94.21	121.93	106.87	26.06	74.06	115.35	133.21	115.76	118.25	82.66	106.02	108.03	87.89	109.61	129.60	124.37	96.07	85.58	106.65	110.52	89.06	136.02
QG37_00445	91.07	81.19	30.95	30.19	53.21	71.89	58.64	65.32	66.49	56.75	54.24	52.87	58.65	48.55	48.60	57.18	90.86	80.06	70.14	49.08	65.35	57.73	79.79	56.55	60.20	65.19	54.81	73.34	54.11	15.65	41.02	61.44	79.95	73.41	67.18	53.24	61.80	65.14	51.45	70.42	65.07	69.40	50.87	52.04	54.99	62.41	55.59	88.41
QG37_00446	63.42	78.42	44.68	46.45	70.54	70.48	68.51	80.35	71.69	64.61	57.42	72.78	49.66	52.22	53.36	71.71	104.98	91.45	69.95	78.92	79.38	68.44	86.35	69.56	72.72	81.06	57.53	73.99	55.27	13.39	37.77	78.61	96.40	79.45	80.78	59.38	61.83	80.53	62.92	97.97	90.50	64.73	65.62	47.11	58.45	66.08	66.86	89.04
QG37_00447	106.04	104.31	64.43	51.06	88.32	101.19	108.81	91.46	113.67	94.95	75.52	77.14	80.54	99.15	75.75	100.14	116.24	119.82	117.86	92.89	100.20	91.76	102.72	93.19	107.38	125.29	80.88	108.56	80.34	18.97	49.52	117.29	104.38	82.27	102.18	82.12	73.64	103.35	79.82	116.47	121.14	94.03	82.37	83.58	85.74	81.50	92.41	122.34
QG37_00448	125.71	125.21	60.97	79.99	110.63	107.44	123.09	99.05	127.94	99.78	84.83	83.92	88.90	100.81	97.16	111.70	133.33	148.21	126.54	120.21	127.18	108.22	132.16	103.21	122.01	157.22	94.51	133.53	84.91	26.56	61.97	104.01	140.42	117.95	102.69	84.74	98.56	110.84	91.65	109.41	129.66	113.12	90.27	85.05	101.21	115.68	106.01	136.05
QG37_00449	131.41	130.69	71.36	78.74	121.25	125.98	116.72	110.63	131.77	117.87	95.94	105.04	110.11	106.62	108.60	110.68	149.81	157.18	141.88	131.53	116.61	121.50	137.35	103.75	123.69	157.59	98.18	138.43	106.39	31.05	73.02	114.76	142.19	123.00	114.69	91.90	104.74	112.07	100.51	123.48	145.76	137.75	101.41	96.48	117.14	121.33	102.79	134.68
QG37_00450	119.28	118.67	76.74	68.39	101.49	108.16	116.19	99.17	117.33	94.04	92.91	93.33	95.01	98.28	96.66	116.43	134.56	129.60	116.90	108.45	109.98	113.58	121.07	103.56	118.81	134.09	94.33	124.54	109.43	28.10	68.08	119.64	135.68	113.08	114.83	81.38	95.62	103.66	90.13	125.07	133.77	131.92	95.87	85.91	110.15	95.27	95.28	142.02
QG37_00451	86.50	58.28	44.04	38.87	57.42	67.51	55.25	60.10	68.13	59.02	51.09	60.65	64.97	57.97	51.15	58.41	79.89	65.54	76.53	65.09	67.42	64.61	71.67	54.67	57.94	70.23	58.55	74.71	63.39	10.94	34.75	69.07	86.67	65.09	54.53	36.87	53.00	48.23	50.56	63.78	70.32	63.40	47.73	35.23	60.23	45.62	41.35	75.32
QG37_00452	98.87	115.37	67.93	48.24	93.61	102.80	92.82	105.54	98.18	101.90	80.86	70.55	79.03	84.18	84.23	87.73	117.97	122.12	108.20	86.31	108.88	102.22	118.90	89.11	94.77	128.81	80.73	116.71	93.24	20.65	56.37	102.05	103.10	102.37	106.43	62.44	111.50	105.17	101.05	114.95	107.77	114.62	93.11	77.60	94.59	94.68	76.58	139.69
QG37_00453	104.29	103.51	61.71	55.85	99.65	102.39	103.13	92.07	85.26	84.41	55.85	74.17	73.30	87.13	91.70	82.47	120.10	122.66	111.62	91.38	92.55	87.48	111.30	75.00	83.31	86.05	74.97	95.61	63.46	21.31	55.40	81.96	110.75	100.24	91.67	76.66	94.05	116.84	82.41	102.98	106.18	93.59	70.52	76.08	87.21	92.04	75.02	111.97
QG37_00454	105.44	119.44	56.84	70.10	108.03	100.90	100.85	112.16	118.62	109.54	81.79	92.51	91.93	101.47	99.11	111.98	133.11	144.85	133.33	100.91	111.74	104.54	123.14	96.93	108.96	130.49	92.19	116.65	97.48	30.53	60.12	107.13	117.17	106.66	114.19	86.05	98.63	107.94	89.13	109.15	128.62	118.90	85.47	85.30	105.09	109.53	106.82	139.20
QG37_00455	120.11	113.76	67.21	60.27	91.95	118.64	113.19	108.10	127.44	104.60	75.87	85.25	102.31	96.55	95.37	107.02	145.41	153.26	121.64	111.51	96.65	116.24	119.37	124.85	111.35	151.90	86.62	104.24	103.07	20.43	77.50	111.06	146.77	109.02	105.01	75.95	98.58	107.48	95.25	116.75	156.07	125.02	87.78	96.10	111.82	120.65	111.55	158.39
QG37_00456	114.74	129.67	54.11	72.53	127.33	113.24	104.75	109.22	122.69	108.93	89.21	95.68	94.66	106.39	102.46	115.64	143.02	160.77	113.82	98.33	109.80	122.77	111.71	122.74	127.88	131.96	98.35	131.04	94.28	30.87	70.15	109.32	137.27	111.70	89.84	76.05	100.59	108.42	86.62	121.14	152.36	117.12	98.89	83.21	102.50	131.29	102.47	141.84
QG37_00457	132.32	116.20	71.93	72.89	107.80	113.03	110.62	110.88	125.20	107.61	80.53	94.17	100.59	104.34	95.49	120.32	139.60	150.49	133.69	120.56	120.84	127.29	124.70	104.33	116.27	141.19	92.94	122.99	96.57	25.00	71.05	118.81	130.32	126.17	115.93	91.41	106.47	109.86	94.56	121.68	135.65	122.55	86.62	90.37	116.74	113.93	104.56	139.02
QG37_00458	104.48	116.99	60.47	71.20	93.50	115.43	100.47	95.64	109.15	99.56	79.61	72.69	91.26	87.28	94.91	88.04	112.79	146.53	110.59	109.40	87.23	108.39	114.43	90.71	100.35	155.87	90.16	117.99	109.63	24.03	71.11	117.77	115.40	95.86	81.02	86.27	89.06	95.02	80.38	107.25	133.87	122.24	77.12	91.48	110.55	96.93	109.30	115.98
QG37_00459	132.86	108.49	63.75	74.84	106.24	99.63	121.92	106.97	116.75	108.90	97.08	93.30	100.97	100.46	87.99	105.63	139.66	140.14	121.06	111.88	93.19	101.10	113.73	98.85	114.56	157.33	96.31	117.53	101.67	26.12	73.94	122.03	99.59	96.65	87.31	84.10	89.38	87.88	94.78	100.10	133.93	131.86	79.88	89.65	121.88	106.35	101.72	123.77
QG37_00460	152.17	148.35	79.39	92.99	134.24	127.39	130.65	124.57	136.63	134.79	108.14	113.54	114.36	108.57	108.67	124.99	167.14	169.94	153.95	139.86	138.97	129.13	134.83	122.91	129.42	178.02	115.89	153.85	117.90	35.75	85.89	143.95	149.72	135.57	122.69	105.02	121.53	124.16	107.63	132.94	156.19	140.70	97.41	108.48	130.48	128.08	117.30	162.93
QG37_00461	144.19	171.48	87.23	78.18	128.75	147.88	139.17	125.95	149.90	125.23	103.50	119.99	131.84	99.59	115.02	141.49	150.23	186.67	176.28	139.37	131.42	127.70	153.51	123.66	122.97	180.28	109.95	141.24	133.40	34.61	80.54	140.20	171.65	139.47	118.95	109.55	118.09	122.45	92.89	145.57	149.70	148.70	88.07	99.12	124.92	126.09	107.35	144.66
QG37_00462	142.00	147.74	76.78	73.01	124.39	134.50	126.58	136.31	149.53	143.37	102.70	123.75	121.08	116.34	118.26	131.76	161.77	164.94	157.25	143.87	128.64	137.91	146.17	122.93	128.72	154.04	117.37	143.55	118.94	32.64	83.33	134.46	138.89	123.40	124.49	105.84	111.09	124.16	106.74	149.34	146.00	141.36	111.19	99.58	131.48	123.96	114.53	162.22
QG37_00463	144.98	131.18	78.98	70.47	116.35	115.89	120.08	131.78	123.66	118.06	96.30	99.06	105.54	101.16	106.46	115.14	134.94	146.99	129.20	119.15	129.55	132.54	131.80	110.37	126.29	159.47	104.55	134.16	124.98	26.22	65.23	130.31	131.78	112.97	104.94	95.74	98.88	108.19	95.41	127.22	140.70	134.08	94.66	88.48	114.65	113.85	94.90	140.40
