GENE	CDC_B11096	CDC_B11097	CDC_B11098	CDC_B11099	CDC_B11101	CDC_B11102	CDC_B11103	CDC_B11105	CDC_B11112	CDC_B11113	CDC_B11114	CDC_B11115	CDC_B11116	CDC_B11117	CDC_B11118	CDC_B11119	CDC_B11200	CDC_B11201	CDC_B11205	CDC_B11206	CDC_B11207	CDC_B11208	CDC_B11209	CDC_B11210	CDC_B11212	CDC_B11213	CDC_B11214	CDC_B11215	CDC_B11216	CDC_B11217	CDC_B11218	CDC_B11219	CDC_B11220	CDC_B11221	CDC_B11222	CDC_B11223	CDC_B11224	CDC_B11225	CDC_B11226	CDC_B11227	CDC_B11228	CDC_B11229	CDC_B11230	CDC_B11243	CDC_B11244	CDC_B11245	CDC_B11246	CDC_B11247
QG37_06939	0.9241	0.9149	0.9478	0.8783	0.9223	0.9590	0.9610	0.9070	0.9426	0.8442	0.8821	0.8904	0.9405	0.8825	0.9256	0.8898	0.8506	0.8250	0.8881	0.9109	0.8059	0.8345	0.7515	0.8275	0.9514	0.8750	0.9150	0.8656	0.9050	0.9727	0.8000	0.8660	0.9393	0.9771	0.8905	0.9676	0.9589	0.9029	0.9852	0.8043	0.8991	0.9132	0.9673	0.8627	0.9612	1.0689	0.9633	1.0006
QG37_06940	0.9199	0.9643	0.7902	0.8823	0.8996	0.9991	1.0194	1.1065	1.0051	0.9252	1.0103	1.0494	1.0242	0.9555	0.9071	1.0821	0.8742	0.9181	0.9275	0.9449	0.9501	0.9860	0.8452	0.9301	0.9224	1.0877	1.0189	1.1324	0.8218	0.8781	1.0119	0.9839	1.0405	0.9773	0.9011	1.0499	0.9129	0.9704	1.0840	0.8639	0.9556	0.9982	0.9983	0.9486	1.0340	0.9888	0.8344	0.9672
QG37_06941	1.0565	0.9715	0.8046	0.8753	0.8156	0.9291	1.0311	0.8256	1.0614	0.8691	1.0180	0.8857	0.9199	0.8749	0.9810	0.8037	0.8325	0.8519	0.9628	0.9230	0.8322	0.8225	1.0403	0.8286	0.9683	1.0929	0.9605	0.8750	0.8460	0.7660	0.9335	0.7683	1.0052	0.9189	0.9759	1.0017	0.9838	0.9269	0.8954	0.8924	0.9217	1.0025	0.8698	1.0334	1.0301	0.9391	0.8941	0.9508
QG37_06942	1.1130	0.9815	0.9987	0.9862	0.9035	1.0733	1.0631	1.0183	1.1971	0.9503	1.0428	0.8927	1.0450	0.8046	1.0526	0.8462	1.0016	0.9772	1.0756	0.9341	0.9037	0.8551	1.1046	0.9041	1.0770	1.2365	0.9023	1.0398	0.9605	1.0509	0.9050	0.9296	1.0216	0.9836	0.9152	1.0282	0.8757	0.9700	0.8316	0.9556	1.0166	1.0745	0.9377	0.8889	0.9275	0.9229	0.8499	0.8989
QG37_06943	2.2850	2.2282	1.9993	1.9593	1.9413	2.0794	2.1047	2.0033	2.1551	1.9854	2.0500	1.9541	2.0790	2.0361	1.9865	1.9652	1.9747	1.7969	2.1262	2.0582	2.0090	1.9425	2.0043	1.9747	2.0572	1.9253	2.0649	1.9137	1.9268	2.3107	2.0417	2.0279	2.5807	2.3300	2.1980	2.1001	2.3136	2.3391	2.0818	2.4078	2.0671	2.4576	2.2099	2.4916	2.5621	2.4664	2.6818	2.7184
QG37_06944	0.8521	0.7941	0.9159	0.8950	0.8192	0.8842	0.8705	0.7819	0.8431	0.7748	0.8780	0.7126	0.8529	0.8923	0.8242	0.8858	0.8448	0.8156	0.7958	0.8697	0.8213	0.8175	0.8862	0.7330	0.8199	0.8060	0.8269	0.7388	0.7889	0.6457	0.8353	0.7594	0.8496	0.8179	0.8792	0.8705	0.8319	0.9216	0.8619	0.8614	0.9189	0.8864	0.8615	0.8610	0.8553	0.8380	0.8407	0.8578
QG37_06945	0.8878	0.8588	1.0104	1.0605	0.9878	0.9195	0.8788	1.0587	0.9862	1.0566	0.9714	0.9198	0.8583	1.0180	0.9504	1.0160	1.0746	0.9326	0.9871	1.1513	1.0269	0.9431	0.8654	1.0064	1.0275	0.8601	0.9115	1.0637	0.8594	0.9794	1.0014	0.9670	0.9072	0.8610	0.9786	1.0435	1.1082	0.9658	0.9479	0.9413	0.9705	0.9566	0.9916	0.9901	1.0469	1.0743	0.9907	1.0034
QG37_06946	0.8802	0.8442	0.8899	0.9492	0.8894	0.8088	0.8679	0.9270	0.8726	0.8590	0.8621	0.7731	0.8479	0.9257	0.9205	0.7832	0.8334	0.8729	0.8753	0.9198	0.9007	0.8061	0.7834	0.9106	0.9372	0.8480	0.7555	0.8152	0.8385	0.8005	0.7536	0.8608	0.8241	0.9332	0.9539	0.9141	0.9203	0.8351	0.9319	0.8986	0.9094	0.8751	0.8909	1.0224	0.8397	0.9503	0.9907	0.9275
QG37_06947	0.6500	0.7794	0.8044	0.7949	0.8459	0.6534	0.8975	0.7663	0.7617	0.6970	0.8278	0.8087	0.6060	0.8871	0.7753	0.7190	0.8767	0.7947	0.8366	0.7524	0.7844	0.8026	0.7705	0.8081	0.7508	0.7303	0.8201	0.7432	0.7398	0.5490	0.6963	0.8983	0.7900	0.9979	0.8680	0.7904	0.8203	0.7689	0.7562	0.8379	0.8333	0.8657	0.7717	0.8646	0.8380	0.9024	1.0281	0.8820
QG37_06948	0.9102	0.8090	0.7804	0.8536	0.8138	0.7834	0.7760	0.9202	0.8162	0.7908	0.9071	0.9621	0.9026	0.9899	0.8918	0.8995	0.9627	0.8948	0.8028	0.8631	0.7919	0.8431	0.9143	0.8579	0.8615	0.8790	0.9353	0.9133	0.8423	0.6035	0.8735	0.8878	0.7744	1.0883	0.9836	0.8408	0.8687	0.9246	0.9550	0.8408	0.9099	0.8654	0.8480	0.8617	0.9117	0.9376	1.0575	0.9220
QG37_06949	0.9816	0.9598	0.9486	0.9444	1.0058	1.0810	0.9030	1.0628	1.0980	0.9544	1.0664	1.1893	1.0879	1.0355	0.9949	1.0182	1.0035	0.8984	0.9091	0.9307	1.0668	0.9933	1.0579	0.9991	0.9293	0.9188	0.9571	0.9629	0.9152	1.2355	0.9638	0.8775	0.8756	1.0119	1.1291	0.9299	1.0616	1.0390	1.1810	1.1504	1.0022	0.9151	0.9662	1.1450	1.0424	1.0221	1.0073	0.9926
QG37_06950	0.8602	0.6740	0.7029	0.8194	0.6372	0.6293	0.7687	0.7430	0.8424	0.7540	0.7852	0.7452	0.8967	0.9228	0.7583	0.8210	0.7122	0.9197	0.7370	0.7024	0.7775	0.8100	0.7032	0.8256	0.8929	0.8586	0.8663	0.8236	0.6620	0.7705	0.8064	0.7538	0.7168	0.8215	0.8456	0.7389	0.8039	0.9113	0.9836	0.8507	0.8724	0.8784	0.6953	0.7263	0.8981	0.8974	0.8345	0.9738
QG37_06951	0.8067	0.8428	0.8002	0.8185	0.7853	0.9170	0.8800	0.7364	0.7928	0.6548	0.6294	0.7469	0.6954	0.9194	0.7823	0.8059	0.8086	0.7640	0.8921	0.7824	0.8116	0.7573	0.7474	0.8113	0.8473	0.6953	0.8482	0.6526	0.6848	0.6014	0.8430	0.7140	0.5927	0.7788	0.7881	0.8667	0.8915	0.7737	0.8322	0.6477	0.9346	0.7469	0.8112	0.6725	0.6263	0.7906	0.7332	0.7653
QG37_06952	0.8551	0.8568	0.7824	0.8633	0.8241	0.8320	0.8401	0.8909	0.8324	0.7495	0.8899	0.6950	0.8096	0.8578	0.9056	0.8936	0.8772	0.8527	0.8682	0.8489	0.8372	0.8684	0.8584	0.8583	0.8456	0.7660	0.8246	0.8186	0.7539	0.7890	0.7863	0.7991	0.7981	0.8794	0.7291	0.9279	0.7633	0.9040	0.8540	0.9097	0.8819	0.8705	0.8868	0.9785	0.8663	0.8232	0.8333	0.9571
QG37_06953	0.9572	0.9715	0.8945	0.8781	0.9947	0.9839	0.9022	0.9253	0.8808	0.9704	0.8850	0.9346	0.9025	0.9240	0.9586	0.8632	0.9091	0.9751	0.9879	1.0497	0.9722	0.8616	0.9138	0.9439	0.9587	0.8883	0.8875	0.8998	0.9176	0.7736	1.0083	0.9664	0.9479	0.9833	0.9660	0.8857	0.9587	0.9374	0.9452	0.9110	0.9375	0.8518	0.9636	1.1206	0.9661	0.9855	1.0667	0.9650
QG37_06954	1.0344	1.0907	1.0184	1.1396	0.9771	0.9249	0.9965	0.8688	1.0045	0.9498	1.0777	0.9399	1.0812	0.9665	0.9925	0.9619	1.0301	0.9992	1.0388	0.9239	1.0844	0.9636	1.0436	0.9886	1.0845	1.0454	1.0050	1.0217	1.0225	0.8694	1.0596	1.0029	1.0267	1.0174	1.0393	0.9100	0.9806	1.0961	1.0091	1.1756	0.9515	1.0736	1.0470	0.9715	1.1655	1.0748	1.1378	1.0199
QG37_06955	1.1246	1.1370	1.0467	1.0765	1.0477	1.0188	1.0542	1.0281	1.0852	1.0240	1.0105	1.0544	1.0143	1.0157	1.0823	0.9744	1.0352	1.0620	1.0403	1.0193	1.0961	1.0647	1.0786	1.0703	1.0609	1.0397	1.0593	1.0407	1.1375	0.9812	1.0340	1.0404	1.0033	1.0737	1.0324	1.0972	1.0042	1.0570	1.0972	0.9743	1.1141	1.0411	1.1383	1.0255	1.1607	1.0805	1.1175	1.0616
QG37_06956	4.5041	4.2659	4.1109	4.2622	4.1922	4.4141	4.3235	4.3424	4.5386	4.2397	4.0642	4.4272	4.2162	4.2797	4.1088	4.1837	4.2473	3.6557	4.5497	4.3143	3.7969	4.2724	4.0866	4.0099	4.2138	3.8631	4.1423	4.3187	4.0316	5.7232	4.7286	4.2218	6.2129	5.3949	4.9274	5.0948	4.7404	4.7599	4.8622	4.7738	4.2527	4.9339	4.3502	5.4066	5.5259	4.8615	5.1497	5.7113
QG37_06957	0.7463	0.6544	0.5832	0.4932	0.5527	0.6685	0.6106	0.6671	0.6852	0.5925	0.5261	0.5520	0.6151	0.6930	0.6932	0.8589	0.5960	0.6536	0.5889	0.5904	0.6549	0.6905	0.7309	0.6479	0.5939	0.5232	0.6591	0.5715	0.4559	0.8060	0.6056	0.5921	0.6220	0.7108	0.6537	0.5264	0.6990	0.6874	0.6315	0.5010	0.5924	0.5958	0.5056	0.6144	0.5624	0.7057	0.6529	0.5557
QG37_06958	0.9331	0.9087	0.8970	0.8447	0.8476	0.9261	0.9172	0.9456	0.9202	0.8102	0.8992	0.8399	0.9090	0.9051	0.8580	0.9009	0.8866	0.9255	0.8986	0.8924	0.8016	0.9316	0.8657	0.8193	0.8399	0.8599	0.9128	0.7914	0.7312	0.7342	0.8329	0.7336	0.9142	0.9408	0.9510	0.9498	0.9266	0.9494	0.8865	0.9223	0.9109	0.8870	0.9009	0.9187	0.9106	0.9406	0.9351	0.9189
QG37_06959	0.9448	0.8074	0.8815	0.8220	0.8848	0.9789	0.8653	0.9858	0.9034	0.9265	0.9712	0.8894	0.9214	0.9751	0.8326	0.9280	0.8748	0.9133	0.8364	0.9267	0.9505	0.8417	0.8607	0.8321	0.9034	0.8773	0.8400	0.8330	0.7649	0.7690	0.8881	0.8792	0.9096	0.9377	0.8776	0.8502	0.8745	0.9044	0.9378	0.8625	0.8761	0.7937	0.7881	0.8607	0.9212	0.8227	0.8492	0.8748
QG37_06960	0.7990	0.7491	0.6131	0.6170	0.6548	0.6533	0.7573	0.8471	0.7070	0.7311	0.7937	0.7322	0.5729	0.8317	0.7570	0.7648	0.6835	0.6282	0.8709	0.8686	0.8226	0.6939	0.6859	0.8881	0.6189	0.6710	0.7323	0.7562	0.7140	0.8930	0.6960	0.7974	0.3510	0.5500	0.3290	0.3486	0.3949	0.3524	0.4735	0.3991	0.3256	0.3865	0.3392	0.3816	0.3075	0.3895	0.4579	0.3190
QG37_06961	0.8718	0.8894	0.8368	0.8394	0.9801	1.0058	0.9795	0.9345	0.8800	0.9038	1.0281	0.7081	1.0518	0.9727	0.8266	0.9480	0.8856	0.8399	0.8113	1.0375	0.8721	0.8593	0.8710	0.8515	0.9433	0.7826	0.8470	0.8874	0.7944	1.0576	0.7790	0.7875	0.9003	0.8173	0.8577	0.6918	0.7774	0.7676	0.7950	0.8594	0.7991	0.8300	0.9768	0.6440	0.7581	0.8563	0.8794	0.8434
QG37_06962	0.9455	0.8676	0.8296	0.9233	0.8896	0.8607	0.9729	0.9031	0.8888	0.8810	0.8898	0.9000	0.8767	0.8277	0.9154	1.0008	0.9616	0.8687	0.8669	0.8914	0.9752	0.9052	0.8446	0.9008	0.8673	0.8906	0.9240	0.9694	0.8647	0.8678	0.9149	0.8833	0.8938	0.8417	0.8345	0.9167	0.8069	0.8782	0.9826	0.7739	0.8449	0.8227	0.7989	0.8700	0.8392	0.8530	0.8614	0.9207
QG37_06963	1.0242	0.9495	0.7648	1.0146	1.0672	0.9217	0.8710	0.9886	0.9126	0.8880	1.0086	0.8972	1.1550	0.8023	0.8989	0.9912	0.9423	0.8050	0.8733	1.0058	1.0476	0.8065	0.9743	0.9785	0.9160	0.9543	0.9854	0.9921	1.0324	0.7333	1.0721	0.8649	0.9162	0.9039	0.8481	0.7627	0.9538	0.8816	0.9877	0.9007	0.9698	1.0133	0.8524	0.9277	0.9084	1.1115	0.8640	0.9031
QG37_06964	0.9852	0.9736	0.8903	0.8560	0.8334	0.9023	0.9243	0.9195	0.8362	0.9085	0.9155	0.8593	0.8993	0.9023	0.8102	0.9439	0.9179	0.9158	0.9344	0.8283	0.9492	0.9006	0.8349	0.9189	0.8917	0.8436	0.8794	0.9333	0.7140	0.9476	0.9666	0.9085	0.9025	0.9481	0.8114	0.8325	0.8140	0.9251	0.9596	0.8907	0.9124	0.8556	0.8612	0.8901	0.9354	0.9121	0.9514	0.9822
QG37_06965	1.1339	1.0021	0.8520	0.9198	0.9669	1.0568	0.9477	1.0539	1.0895	1.0597	1.0755	0.7897	0.8085	0.9615	0.9331	0.9097	1.0991	0.9647	1.1374	0.9352	0.9754	0.9678	1.0048	1.0431	1.0000	1.0324	1.0527	0.8991	0.9548	0.7863	0.8625	0.9210	1.0065	1.1032	0.9608	1.1193	0.9437	0.8660	0.9405	0.9411	0.8786	1.1409	0.9769	0.8634	1.1008	0.9239	0.8581	1.0000
QG37_06966	1.0987	0.8692	0.8840	0.9186	0.8699	0.9395	0.8842	0.9622	1.0161	0.8913	0.8968	0.7859	0.8570	0.9237	0.9309	0.9910	0.9151	0.9092	0.9182	0.8317	0.9016	0.8483	0.9182	0.8880	0.9145	0.9995	0.9114	0.8179	0.8643	0.9712	0.9995	0.9853	0.8945	0.9317	0.9351	0.9563	0.8624	0.9458	0.9303	0.9973	1.0344	0.8359	0.9822	0.9408	0.8819	1.0760	0.8954	0.9832
QG37_06967	1.0312	0.8480	0.8813	0.9603	0.8600	0.9615	0.9557	0.9488	0.8897	0.8488	0.9380	0.8684	0.9957	0.9801	1.0106	1.0850	0.9345	0.9921	0.9209	1.0293	0.9465	0.9665	0.9476	0.9686	1.0568	0.8887	0.9487	1.0206	0.9366	0.8472	1.0136	0.9474	0.9432	0.9197	0.9855	0.8569	0.9385	1.0750	0.9830	0.9181	1.0609	0.8744	0.9485	0.9812	0.9092	1.0470	0.9970	1.0014
QG37_06968	1.0157	0.9544	0.9115	0.9160	0.9473	0.9792	1.0387	0.9199	0.9294	0.8845	0.8849	0.9683	0.9371	0.8897	0.9940	0.9616	0.9351	0.9049	0.8268	0.8045	0.8345	0.9055	1.0302	0.9485	0.9835	0.9270	1.0320	0.8662	0.8836	0.7824	1.0050	0.9199	1.0022	0.9536	0.9948	1.0198	0.9240	0.9545	0.9843	0.9063	0.9227	0.9394	1.0690	0.8503	0.9041	0.8252	0.9546	0.8764
QG37_06969	0.8248	0.8826	0.8741	0.8839	0.8348	0.7733	0.8577	0.9145	0.9196	0.8606	0.7647	0.9022	0.7490	0.9369	0.8335	0.9140	0.8149	0.9053	0.8911	0.8629	0.8909	0.9252	0.8608	0.7911	0.8859	0.8909	0.8341	0.8630	0.8416	0.6999	0.8334	0.8888	0.8364	0.9394	0.8118	0.8751	0.8862	0.9270	0.8670	0.9383	0.9626	0.9273	0.7933	0.9456	0.9631	0.9114	0.9190	0.8618
QG37_06970	0.8935	0.9359	0.9204	0.9718	0.8967	1.0246	1.0149	0.8780	0.9097	0.8301	0.9606	1.0309	0.9798	0.8802	0.9563	0.9660	0.9438	0.9808	0.9389	0.8805	0.9418	1.0784	1.0190	1.0001	1.0420	0.9601	1.0355	0.8906	0.9894	1.1434	0.9116	0.9856	1.0493	0.9481	1.0256	0.8258	0.8953	0.9948	0.9208	0.9970	0.9596	0.9820	0.9251	1.0237	1.0705	0.9146	1.0370	1.1146
QG37_06971	0.8613	0.8773	0.7847	1.0384	0.9128	0.8632	0.8843	0.8743	0.8709	0.8181	0.8192	0.9146	0.7988	0.8353	0.8640	0.9571	0.8885	0.8433	0.8865	0.8698	0.9441	0.9839	0.9360	1.0076	0.8822	0.8434	0.9896	0.8028	0.8012	0.8351	0.7860	0.8511	0.8157	0.8744	0.9120	0.9113	0.8809	0.8771	0.9685	0.9118	0.9466	0.8980	0.9980	0.9042	0.9167	0.9930	0.9026	0.8157
QG37_06972	0.9203	0.8642	0.8891	0.9516	0.8555	0.8614	0.8495	0.8554	0.9312	0.7340	0.8865	0.8150	0.7385	0.8794	0.7084	0.8341	0.8295	0.8548	0.8749	0.9264	1.0316	0.8088	0.8005	0.8803	0.7836	0.8122	0.9925	0.8141	0.7561	0.7784	0.9272	0.8151	0.7345	0.8591	0.8233	0.8423	0.8680	0.9801	0.9391	0.8049	0.9027	0.8802	0.8239	0.8408	0.7426	0.8270	0.9494	0.8676
QG37_06973	0.8618	0.7773	0.8204	0.8172	0.8483	0.8593	0.8568	0.8734	0.8539	0.7886	0.8321	0.8432	0.8339	0.8892	0.7865	0.8228	0.8126	0.8575	0.8441	0.7939	0.8507	0.8642	0.8518	0.7929	0.8338	0.7588	0.8034	0.8069	0.7743	0.8575	0.7541	0.8387	0.8176	0.8672	0.9435	0.8022	0.7725	0.8865	0.8369	0.8212	0.8594	0.8805	0.8339	0.8645	0.8261	0.8721	0.8658	0.8160
QG37_06974	0.6623	0.5880	0.5749	0.6451	0.6631	0.6239	0.5693	0.7703	0.6702	0.6150	0.7917	0.5540	0.6709	0.7300	0.5799	0.7164	0.8351	0.7518	0.8024	0.7353	0.7776	0.8169	0.6784	0.6884	0.7046	0.6953	0.7084	0.7484	0.6123	0.4604	0.7059	0.7235	0.8487	0.7697	0.7116	0.7571	0.8686	0.7084	0.7330	0.9222	0.8036	0.9228	0.6870	0.8232	0.8166	0.6415	0.7512	0.6330
QG37_06975	0.8881	0.8916	1.0075	0.8800	0.9027	0.9184	0.8768	0.9901	0.7664	0.8625	0.8776	0.8416	0.7968	0.8231	1.0187	0.9468	0.9310	0.9943	0.9128	0.9984	1.0105	0.9241	0.9879	0.9262	0.9202	0.8439	1.0249	0.9982	0.9194	0.7223	0.9149	0.9729	0.7935	0.9823	0.9297	0.9458	1.0326	0.9242	1.0125	0.9761	0.9094	1.0124	0.9222	1.0493	0.9739	1.0343	1.0025	1.0373
QG37_06976	0.9977	0.9446	0.9197	1.0111	0.9666	0.9506	0.9233	0.9965	0.9608	0.9726	0.9393	1.0114	0.8512	0.9674	0.9666	1.0105	0.9485	1.0169	0.9496	0.9972	1.0391	1.0087	0.9532	0.9854	1.0531	0.8998	0.8976	0.9208	0.9028	1.1034	0.9567	0.8942	0.9057	0.9643	0.9889	0.9451	0.9884	0.9555	0.9832	1.0341	0.9295	0.9656	0.9556	0.9574	0.9696	1.0492	1.0071	1.0376
QG37_06977	1.1280	1.0085	1.1275	0.9986	1.0613	0.9736	1.0000	1.0241	1.0695	0.8974	0.8038	0.9891	1.1116	1.0643	0.8963	0.9686	0.9724	1.1465	0.9782	0.9439	0.9758	1.0072	1.0503	1.0065	0.9830	1.0004	0.9679	1.0809	0.9921	0.9136	0.9540	0.9832	1.0486	0.9589	0.9771	0.9040	1.0352	0.9665	0.9791	1.0922	1.0301	1.1013	1.1387	1.1800	1.0182	0.9799	1.0508	1.0260
QG37_06978	0.9878	0.9213	0.8610	0.9520	1.0048	0.9492	0.9899	0.9131	1.0531	0.9124	0.9966	0.8901	0.9714	1.0755	0.9523	0.9491	0.9321	0.9655	1.0073	0.9760	1.0819	1.1279	0.9265	1.0035	0.9943	0.9145	1.0130	1.0171	0.9048	1.1006	0.9888	0.9761	1.0355	1.0502	0.9276	0.9346	1.0558	0.9922	0.9390	0.9433	1.0194	1.0667	0.9412	0.9942	0.9848	0.9833	1.0129	1.0755
QG37_06979	0.9426	0.9119	0.9347	0.8973	1.0130	0.9766	1.1030	0.9965	0.9483	0.9358	0.8738	0.9079	0.8462	0.9546	1.0008	0.9794	0.9469	1.0224	0.9147	0.8631	0.9776	1.0165	0.9634	1.0359	0.9781	0.9466	1.0012	0.9502	0.8759	0.9594	0.9231	0.9060	0.9549	0.9725	1.0348	1.0354	1.0370	0.9379	1.0489	0.9851	0.9816	0.9770	0.9761	1.0174	0.9617	1.0577	1.1086	1.0430
QG37_06980	0.9120	0.9121	0.8686	0.8510	0.8387	0.9349	0.9149	0.9535	0.9668	0.8654	0.8513	0.8103	0.8158	0.8887	0.8857	0.8188	0.8331	0.8066	0.8938	0.8220	0.8585	0.8992	0.8784	0.8613	0.8950	0.8716	0.9056	0.8434	0.8854	0.7029	0.8596	0.7953	0.9388	0.9268	0.8885	0.8656	0.9517	0.9218	0.9383	0.9474	0.8836	1.0051	1.0399	0.9770	1.0174	0.9754	1.0225	1.0245
QG37_06981	0.7637	0.8145	0.8174	0.8981	0.8358	0.8080	0.9676	0.8472	0.8773	0.8056	0.8745	0.8834	0.8747	0.9621	0.8836	0.8381	0.7884	0.8265	0.9379	0.8942	0.8454	0.9570	0.9746	0.9467	0.9490	0.8654	0.8812	0.9207	0.7938	0.7766	0.9039	0.8699	0.8623	0.9532	1.0622	0.9120	0.8672	0.9508	1.0055	0.8790	0.8919	0.9792	1.0023	0.9721	0.9131	1.0010	1.0961	1.0432
QG37_06982	0.7983	0.9118	0.7956	0.8671	0.8319	0.8048	0.9906	0.7406	1.0143	0.7224	0.7339	0.9198	0.8117	0.9411	0.7664	0.9652	0.8269	0.8201	1.0314	0.9106	0.9783	0.8056	0.9804	1.0750	0.9012	1.0529	0.8674	0.8130	0.6500	0.7293	0.8961	0.7344	0.9112	0.8335	1.1386	0.8261	0.7020	0.8809	0.8997	0.8452	1.0155	0.8962	0.8868	0.8450	0.6330	0.8856	0.8505	0.8609
QG37_06983	0.7231	0.8059	0.7260	0.7635	0.8823	0.8174	0.7666	0.6795	0.8789	0.7416	0.6388	0.6090	0.6801	0.7701	0.8129	0.8595	0.7816	0.8002	0.7521	0.9463	0.7580	0.8534	0.7125	0.9560	0.9009	0.8698	0.7496	0.7631	0.6450	0.7060	0.9381	0.7610	0.7337	0.7971	0.8862	0.9720	0.8663	0.9069	0.8495	0.8334	0.9256	0.7679	0.7470	0.7074	0.8393	0.8856	0.8778	0.7955
QG37_06984	0.8530	0.8761	0.7588	0.7709	0.8677	0.9357	0.8923	0.6043	0.8490	0.7574	0.7999	0.6635	0.7975	0.8250	0.8404	0.9659	0.7799	0.8571	0.9378	0.9276	0.7770	0.8935	0.7509	0.8946	0.8356	0.9364	0.8252	0.6171	0.7508	0.7627	0.8801	0.6873	0.7498	0.8579	0.8413	0.8952	0.9589	0.8512	0.8654	0.8579	0.8758	0.7475	1.0351	0.8881	0.8716	0.9339	0.8954	0.7987
QG37_06985	0.8285	0.8024	0.7951	0.6658	0.8178	0.7754	0.6634	0.8366	0.9345	0.7934	0.7195	0.7701	0.8534	0.8324	0.8926	0.8241	0.7297	0.7117	0.8654	0.6870	0.7340	0.9278	0.7596	0.7866	0.7987	0.6987	0.8809	0.7165	0.5361	0.7072	0.7115	0.6313	0.8160	0.9729	0.6973	0.7652	0.8386	0.8863	0.8874	1.0091	0.7664	0.8781	0.9053	0.8924	0.8133	0.9677	0.9642	0.8944
QG37_06986	0.7623	0.6616	0.6106	0.5748	0.8334	0.6790	0.7947	0.8563	0.8448	0.6691	0.6911	0.7022	0.6670	0.8250	0.8455	0.8148	0.7372	0.7475	0.7246	0.7571	0.7489	0.7839	0.7734	0.7295	0.7803	0.7786	0.7333	0.6352	0.6254	0.7496	0.7016	0.6626	0.8040	0.8787	0.8675	0.7505	0.9704	0.7787	0.8107	0.8479	0.7734	0.7980	0.8320	0.8391	0.8687	0.8892	0.8000	0.7561
QG37_06987	0.8442	0.9147	0.8859	0.8771	0.8821	0.8668	0.9432	0.9043	0.9644	0.9068	0.8024	0.8948	0.8017	0.9036	0.9534	0.9107	0.8136	0.9190	0.9340	0.8713	0.9483	0.8840	0.9592	0.9139	0.9230	0.8991	0.9275	0.9016	0.8114	0.7481	0.9082	0.8537	0.9321	0.8663	0.9699	0.9232	0.9454	0.9290	0.9509	0.9890	0.8929	0.9754	0.9539	0.9939	0.9053	1.0149	0.9888	1.0278
QG37_06988	0.8369	0.7595	0.7953	0.6861	0.7526	0.7751	0.8846	0.8757	0.7992	0.7497	0.8537	0.7934	0.7741	0.9076	0.7408	0.7797	0.7745	0.8237	0.8356	0.7597	0.9014	0.8896	0.8376	0.8392	0.6878	0.7987	0.7869	0.7058	0.7257	0.7333	0.8381	0.7083	0.8158	0.8666	0.8607	0.8162	0.7596	0.8403	0.7700	0.9287	0.8147	0.8243	0.8708	0.8528	0.8034	0.8612	0.9031	0.8173
QG37_06989	0.6445	0.7817	0.7510	0.7598	0.6310	0.8557	0.8542	0.6880	0.8116	0.6823	0.7736	0.8147	0.7766	0.8593	0.7681	0.6891	0.7716	0.6858	0.7595	0.7196	0.8070	0.8758	0.8341	0.7553	0.7724	0.6930	0.6640	0.6774	0.6754	0.5790	0.8305	0.8180	0.8606	0.8259	0.8864	0.9502	0.6809	0.8436	0.7352	0.8004	0.7729	0.7408	0.8624	0.8815	0.8526	0.7814	0.7467	0.8937
QG37_06990	0.8029	0.7205	0.8527	0.8042	0.7147	0.8028	0.8192	0.7724	0.8183	0.7200	0.8982	0.7140	0.7677	0.8226	0.8640	0.8736	0.8136	0.8235	0.9170	0.9329	0.8371	0.6799	0.7833	0.8000	0.7550	0.7441	0.7888	0.9096	0.8403	0.7681	0.9297	0.7585	0.7557	0.7879	0.9068	0.8917	0.8870	0.7586	0.8813	0.8690	0.8789	0.7751	0.7899	0.9148	0.8632	0.7755	0.7833	0.8364
QG37_06991	0.7310	0.7590	0.5984	0.4843	0.6794	0.7972	0.7152	0.6489	0.7524	0.6382	0.6885	0.7467	0.5598	0.6217	0.6461	0.6012	0.5880	0.5651	0.7185	0.6850	0.6399	0.7563	0.6037	0.5700	0.6821	0.5562	0.5818	0.5437	0.4911	1.0058	0.4733	0.4861	0.4097	0.6714	0.6218	0.4305	0.6573	0.6568	0.7014	0.6317	0.5255	0.5220	0.5806	0.2895	0.3816	0.2701	0.3167	0.2845
QG37_06992	0.9529	0.9369	0.9200	0.9104	0.8938	0.9584	0.9384	0.9062	0.8384	0.8475	0.8852	0.8290	0.9128	0.9237	0.8913	0.8780	0.8867	0.8562	0.8815	0.8840	0.9030	0.8401	0.9065	0.8727	0.8694	0.8932	0.8607	0.8564	0.8503	0.8724	0.8606	0.8677	0.8832	0.9290	0.8895	0.9608	0.9027	0.9220	0.9535	0.9064	0.8902	0.8406	0.8051	0.9269	0.8786	0.9227	0.9112	0.8794
QG37_06993	1.0983	1.0228	1.0460	1.0170	1.0657	1.0350	1.0529	1.0696	0.9620	1.0351	1.0900	0.9501	1.0186	1.0620	1.0066	1.0554	1.0097	0.9825	0.9583	1.0513	1.0132	0.9632	0.9604	0.9905	0.9669	0.9807	0.9360	0.9396	0.9541	0.9824	0.9945	0.9820	1.0924	0.9942	0.9810	1.0824	1.0623	0.9671	1.0880	0.9824	0.9806	0.9453	0.9817	1.0442	1.0071	1.0357	1.0096	1.0144
QG37_06994	1.0128	0.8925	0.9386	0.8091	0.8799	0.9593	0.8968	0.8979	0.9524	0.9730	0.8781	0.8907	0.9463	1.0765	0.9140	0.9947	0.8622	1.0351	0.8617	0.8692	1.0376	0.8438	0.8595	0.8871	0.9142	0.8016	0.9340	0.8976	0.8347	0.7960	0.8253	0.8368	0.9606	0.9115	0.8844	0.9962	0.9218	0.9867	0.8768	1.0088	0.9667	0.8905	0.9324	0.9756	1.0118	0.9753	0.9204	0.9125
QG37_06995	0.9823	0.8783	1.0686	0.8271	0.9624	1.0031	0.9737	0.9304	1.0065	0.9061	0.9151	0.7745	0.8753	0.9683	0.9114	0.9078	0.8606	0.8811	0.9136	0.9940	0.9987	0.8670	0.9400	0.7145	0.8721	0.8712	0.8803	0.9352	0.7602	0.7675	0.9241	0.8338	0.8469	0.9316	0.9068	0.9515	0.9574	1.0818	0.8991	0.9537	0.8683	0.9262	0.9313	0.8671	0.8709	1.0423	0.8797	0.9583
QG37_06996	1.0342	0.9396	1.0030	0.8753	1.0413	0.9530	0.9374	1.0254	0.9521	0.8456	0.9827	0.8478	1.0403	0.8779	0.9272	1.0021	0.9999	0.9922	0.8438	1.0357	0.9578	0.9387	1.0170	0.9798	0.8794	0.9622	0.8822	1.0412	1.1442	0.8039	0.8128	0.9043	0.8850	0.9525	0.9517	0.9226	0.9894	1.0113	0.7995	0.9267	1.0606	0.9585	0.8630	0.9016	0.9606	1.1144	1.0001	0.9372
QG37_06997	0.9472	0.8642	0.8754	0.9568	0.9929	0.9330	0.8658	0.8387	0.8939	0.8666	0.9152	0.8913	0.8496	0.9743	0.9190	0.9286	0.9256	0.9185	0.9828	1.0269	0.9735	0.9171	0.9676	0.9587	0.9458	0.8662	0.8995	0.8779	0.8509	0.8687	0.7735	0.8418	0.8820	0.9855	0.8851	0.8610	0.8839	0.9256	0.9046	0.9388	0.9380	0.9078	0.9734	1.0187	0.9343	0.9807	0.9724	0.8552
QG37_06998	1.1391	0.9980	1.1622	1.0644	1.1091	1.0985	0.9295	0.9286	0.9210	0.9462	0.8810	1.1255	1.0709	1.1633	1.0238	1.0423	0.9070	0.9905	1.0476	1.1523	1.1827	1.0109	1.0273	0.9923	1.1795	1.0039	0.9049	0.9660	1.1740	0.9939	1.0321	0.9415	0.9882	1.0448	0.9074	0.9129	1.0025	1.0061	0.9738	0.9573	1.0016	0.8876	1.0024	0.8860	0.9562	1.0889	0.9444	0.9563
QG37_06999	0.9623	0.9052	0.8790	0.8450	0.8455	1.0320	0.9395	0.9705	0.9312	0.9351	0.8221	0.8876	1.1196	0.9396	0.9708	0.9800	0.9963	0.9387	0.9414	1.1054	1.0252	0.9920	0.8621	0.9150	1.0197	0.9989	0.9521	0.9046	0.8468	0.8045	1.0302	0.9759	0.9488	1.0128	1.0377	1.1261	1.0157	1.0045	0.9768	1.0032	0.9924	1.0510	0.8628	0.8735	0.9621	1.0666	0.9763	1.0562
QG37_07000	1.0339	1.0006	0.9434	0.9126	0.8861	0.9414	0.8789	1.0071	1.0080	0.9949	1.0160	0.9199	1.0161	0.9251	0.9183	0.9937	0.9072	1.0027	0.9445	0.9884	0.9447	0.9609	0.9644	0.9701	0.9875	0.9118	0.9591	1.0421	0.9464	0.8936	0.9653	0.9202	1.0139	0.9956	0.9395	0.9737	0.9574	0.9782	0.9780	0.9390	0.9423	0.9840	0.9507	0.9818	0.9330	0.9843	1.0073	0.9913
QG37_07001	0.9683	0.9089	0.9769	0.8995	0.9082	1.0460	1.0775	0.9050	0.8873	0.9669	1.0265	0.7653	0.9230	0.8354	0.8129	1.0922	0.8805	0.9388	0.9896	0.9913	0.9556	1.0294	0.9347	0.8370	0.9527	0.9763	1.0037	1.0511	1.0932	1.1597	0.8725	0.8739	0.9832	0.9578	0.8959	0.9163	1.0068	0.7578	0.9772	1.0648	0.9892	0.8491	0.9268	0.9820	0.9093	1.1905	0.8797	0.8829
QG37_07002	1.1517	1.1979	1.1522	1.0811	1.1495	1.2123	1.1334	1.1103	1.2019	1.1619	1.1634	1.1581	1.0936	1.0120	1.0877	1.2402	1.0992	1.0938	1.1017	1.0946	1.1319	1.0351	1.1249	1.0957	1.0773	1.1761	1.0410	1.0652	1.0874	1.0661	1.0909	1.0659	1.0826	1.1503	1.0987	1.1221	1.0498	1.0466	1.2730	1.1589	1.1145	1.1301	1.0930	1.1406	1.0416	1.1079	1.0072	1.1024
QG37_07003	1.0518	0.9423	0.9437	0.9439	0.9502	1.0188	1.0647	1.0620	0.9393	0.9721	0.9406	0.8847	1.0357	0.8762	0.9376	0.9152	0.9738	1.0356	0.8957	1.0109	1.0031	0.8419	1.0557	0.9023	0.9354	0.9188	0.9288	0.9798	0.9998	0.8997	0.9860	0.9051	0.9446	0.8430	0.9232	0.9541	0.9920	0.9508	0.9876	0.9181	0.9974	0.9261	0.8896	1.0138	1.0182	0.8825	0.9423	1.0425
QG37_07004	1.0773	1.1392	1.0316	1.0365	0.9721	1.0088	0.9711	1.0001	1.0418	1.0184	1.1316	1.0405	1.0496	1.0180	0.9534	0.9009	1.0521	1.0247	1.0215	1.1459	0.9521	0.9193	0.9837	1.0016	0.9729	1.1216	1.0207	1.0520	1.0180	0.8242	0.9576	0.9150	1.0183	0.9951	1.0492	1.0900	1.0426	0.9453	0.9055	0.9976	1.0705	0.9436	0.9092	1.0579	0.8746	0.8957	1.0058	0.8986
QG37_07005	1.2946	1.2376	1.3320	1.2219	1.2199	1.2749	1.2215	1.1925	1.2167	1.2533	1.3545	1.1632	1.2813	1.1233	1.0556	1.1774	1.2247	1.0766	1.1653	1.2246	1.1099	1.1283	1.0831	1.1056	1.1388	1.1217	1.1427	1.1676	1.1785	1.0555	1.0476	1.1157	1.2187	1.1905	1.0675	1.2015	1.2023	1.0137	1.1217	1.1052	1.1701	1.0579	1.0368	1.1879	1.1038	1.0745	1.1724	1.1321
QG37_07006	1.0922	0.6539	0.7299	0.5508	0.7896	0.7296	0.7593	0.6694	0.8356	0.7457	0.8324	0.5718	0.6899	0.7572	0.7653	0.7267	0.7500	0.6957	0.7166	0.7374	0.7239	0.7123	0.6603	0.7755	0.6572	0.7769	0.7475	0.6146	0.7501	0.5771	0.6898	0.6683	0.9101	0.7377	0.8652	0.6522	0.8236	0.7186	0.6976	0.6502	0.6358	0.6507	0.5578	0.7317	0.6229	0.5577	0.6649	0.7621
QG37_07007	1.2524	1.1838	1.1342	0.9828	1.1060	1.2260	1.0468	1.1478	1.0986	1.1708	1.1469	1.0317	1.2654	1.0723	1.0508	1.0608	1.0992	1.0887	1.0533	1.1203	1.1240	0.9733	1.0665	0.9795	0.9903	1.0449	1.0589	1.0585	1.0078	1.0458	1.0280	1.1406	1.0250	1.1449	1.0666	1.1185	1.1146	1.0753	1.0787	0.9745	1.0661	1.0735	0.9077	1.0527	0.8986	1.0485	0.8570	1.1057
QG37_07008	1.2611	1.1594	1.1892	1.0705	1.1725	1.2090	1.1537	1.1592	1.1642	1.2085	1.1698	1.1336	1.1850	1.1110	1.0670	1.0690	1.1043	1.0762	1.0775	1.1714	1.0906	1.0790	1.0512	1.0812	1.0756	1.1325	1.1204	1.1805	1.1277	1.0630	1.0153	1.0955	1.1293	1.1083	1.1154	1.0859	1.0897	1.0552	1.0773	1.0757	1.0990	1.1037	1.0249	1.0429	1.0995	1.0372	1.0245	1.0861
QG37_07009	1.2386	1.0804	1.2767	0.9068	1.0584	1.0636	1.0847	1.0445	1.0127	1.1734	1.1079	1.1288	1.1597	1.0542	0.9791	1.2100	1.0394	1.1085	0.9894	1.0279	1.1271	0.9200	1.1477	1.0150	1.1274	1.0604	0.8918	1.0209	0.9958	0.7436	1.0357	0.9966	1.1967	1.0851	1.0699	0.9787	1.1905	1.0929	1.0770	1.0952	1.1984	1.0708	1.0097	1.0640	1.0899	1.1362	1.0491	1.0856
QG37_07010	0.8926	0.9164	1.0517	0.9074	0.8497	0.9714	0.9423	1.0638	1.0002	1.0623	0.9578	0.9298	0.8346	0.9685	0.9254	1.0274	0.9492	1.0575	0.8871	0.9152	0.9741	0.9426	1.0622	0.9860	0.9994	0.9614	0.8794	0.9636	0.8051	0.8339	0.8452	0.9529	0.8863	1.0024	0.9717	1.0271	1.0178	0.9417	0.9994	0.8941	0.9959	0.9142	0.8514	0.8832	1.0623	0.9392	0.8456	0.9681
