GENE	CDC_B11096	CDC_B11097	CDC_B11098	CDC_B11099	CDC_B11101	CDC_B11102	CDC_B11103	CDC_B11105	CDC_B11112	CDC_B11113	CDC_B11114	CDC_B11115	CDC_B11116	CDC_B11117	CDC_B11118	CDC_B11119	CDC_B11200	CDC_B11201	CDC_B11205	CDC_B11206	CDC_B11207	CDC_B11208	CDC_B11209	CDC_B11210	CDC_B11212	CDC_B11213	CDC_B11214	CDC_B11215	CDC_B11216	CDC_B11217	CDC_B11218	CDC_B11219	CDC_B11220	CDC_B11221	CDC_B11222	CDC_B11223	CDC_B11224	CDC_B11225	CDC_B11226	CDC_B11227	CDC_B11228	CDC_B11229	CDC_B11230	CDC_B11243	CDC_B11244	CDC_B11245	CDC_B11246	CDC_B11247
QG37_01603	126.20	83.67	67.80	60.28	100.47	94.90	90.28	97.97	92.67	77.39	64.12	66.59	83.67	77.35	72.25	97.56	111.63	122.02	118.65	102.32	82.80	98.10	124.89	79.60	104.73	120.41	74.15	93.52	69.50	24.49	50.81	102.94	106.02	99.25	89.96	77.17	75.65	87.30	84.33	98.07	118.07	113.63	71.11	58.15	82.46	83.75	73.58	108.13
QG37_01604	122.87	118.12	71.94	75.30	105.33	111.99	104.58	112.10	127.54	99.53	90.88	90.21	108.84	97.72	93.30	111.23	145.81	145.96	123.85	116.51	114.41	115.52	128.11	108.70	124.85	144.53	96.30	112.69	102.75	31.11	62.99	110.93	126.62	116.96	99.13	80.34	96.68	108.76	81.30	112.36	129.87	134.61	92.08	86.25	102.55	102.07	93.39	134.67
QG37_01605	121.38	116.68	71.97	78.50	95.31	111.37	111.88	114.39	110.79	103.73	82.71	97.75	103.36	101.24	112.60	123.13	126.01	152.00	130.73	105.25	113.29	124.49	139.43	117.64	112.68	157.67	102.11	122.05	121.45	30.82	75.08	127.33	122.08	90.66	102.70	79.69	114.62	104.93	84.07	122.21	145.30	131.52	86.92	94.37	103.68	84.30	99.45	136.14
QG37_01606	127.56	125.48	69.70	74.17	106.52	107.25	120.26	119.76	127.49	112.03	91.62	98.45	106.71	102.85	98.44	116.00	142.11	149.96	132.00	113.38	118.40	117.55	124.97	103.38	119.71	139.57	98.47	123.82	104.87	27.65	67.57	108.81	131.50	111.33	106.86	88.17	105.02	112.39	83.53	114.23	131.01	124.38	98.63	89.65	112.72	111.29	95.86	138.82
QG37_01607	116.22	105.92	61.80	71.62	90.41	111.19	113.35	98.01	103.79	82.82	76.20	84.24	89.14	93.58	78.37	112.46	111.81	133.58	112.00	87.16	96.84	102.36	108.37	89.04	108.58	120.89	85.14	104.05	75.24	36.10	55.21	83.43	120.93	68.57	51.54	57.00	59.27	67.80	39.26	78.97	77.78	73.19	60.15	67.90	104.46	93.20	75.10	123.54
QG37_01608	116.64	106.71	60.19	72.08	118.93	90.02	85.84	95.39	110.53	102.46	87.74	81.42	103.30	103.07	77.46	95.67	117.07	144.92	110.62	109.19	93.57	106.97	111.51	86.55	110.81	131.80	81.43	117.82	95.78	22.88	56.33	103.39	91.09	100.02	90.03	80.71	81.20	104.63	86.78	95.08	121.65	98.84	91.23	74.80	84.44	87.91	82.87	103.78
QG37_01609	107.92	129.42	74.12	72.89	126.28	124.62	114.87	112.38	119.28	106.25	105.66	100.06	93.85	108.89	100.59	129.15	143.07	164.95	112.24	113.71	121.63	110.50	117.35	104.22	130.94	142.60	102.33	121.45	114.51	24.15	66.16	133.51	129.92	130.83	95.92	91.61	106.07	135.52	90.85	117.85	105.70	116.95	91.64	102.80	108.58	96.96	87.62	148.11
QG37_01610	130.97	119.84	82.68	83.94	127.55	126.85	124.44	103.54	105.97	110.42	103.91	94.01	107.09	113.93	107.79	137.06	146.06	163.32	115.49	133.73	119.07	111.01	132.73	95.38	130.25	145.39	107.66	104.92	95.60	28.57	62.83	129.95	153.68	129.03	96.74	105.79	105.68	142.92	95.32	115.12	108.64	125.50	87.25	99.58	117.73	109.17	98.18	146.78
QG37_01611	126.96	127.02	73.60	75.10	116.94	115.30	114.52	111.27	135.52	132.09	95.94	80.68	117.52	112.84	112.80	110.36	138.43	169.08	134.88	123.37	119.04	118.53	129.75	100.61	120.70	143.86	102.65	120.14	118.44	34.51	70.00	124.57	116.92	131.91	118.27	84.41	120.09	122.12	103.87	132.56	146.37	131.18	101.92	101.11	115.92	117.59	111.31	142.15
QG37_01612	133.54	125.38	69.30	69.10	105.37	108.77	109.85	118.18	115.96	109.25	91.16	87.43	99.01	95.76	98.81	115.97	139.76	145.86	132.44	115.69	107.59	117.14	127.73	89.46	118.01	133.44	94.28	122.02	93.88	24.09	78.08	109.83	126.14	110.01	102.74	95.95	93.65	115.02	84.38	108.31	128.95	116.24	83.69	81.32	101.61	110.01	105.09	122.29
QG37_01613	94.45	114.69	64.18	68.82	101.24	97.76	91.43	93.67	113.59	94.34	78.35	78.31	85.34	85.93	83.74	97.74	116.25	129.91	121.09	103.87	101.36	96.83	106.70	89.41	109.28	113.96	85.34	118.86	89.45	25.83	61.69	104.55	107.99	105.33	100.55	84.59	95.42	103.31	76.56	100.64	113.58	98.29	77.18	88.67	100.40	95.78	85.41	128.25
QG37_01614	116.26	117.95	80.80	76.34	97.21	80.38	107.72	99.04	118.59	86.76	64.54	80.46	94.12	98.99	79.44	102.80	139.16	134.28	135.18	95.93	100.71	108.97	119.33	102.03	115.63	118.00	85.69	125.79	109.32	28.82	56.08	94.54	124.35	103.37	107.77	90.98	93.90	109.83	79.60	119.04	145.96	114.35	81.63	82.57	106.55	81.72	94.76	145.75
QG37_01615	121.54	118.23	73.10	70.98	108.75	106.29	107.59	99.97	121.00	99.71	86.74	91.47	95.34	101.54	103.05	106.79	132.94	142.26	126.50	109.21	103.28	108.74	119.91	97.11	123.38	130.22	94.58	121.02	93.45	25.81	64.44	110.65	135.99	107.03	104.88	84.26	91.34	108.10	82.22	122.85	135.40	128.52	86.95	88.10	110.44	116.86	96.51	129.11
QG37_01616	124.85	115.78	68.88	65.21	111.87	111.92	111.56	107.04	119.76	102.13	88.57	100.51	92.51	103.18	104.73	116.46	134.55	150.21	122.30	109.28	110.31	121.16	133.95	107.24	126.65	130.45	91.55	124.92	95.14	29.16	61.89	113.77	123.96	113.62	113.25	87.38	105.93	111.65	93.23	117.93	127.21	118.50	98.29	81.57	112.55	113.62	86.42	130.70
QG37_01617	113.62	116.88	66.10	74.50	123.56	106.58	110.77	101.98	123.56	101.20	89.91	84.84	89.01	102.43	104.59	110.25	138.30	151.99	130.62	109.40	112.99	131.44	131.25	99.88	117.30	148.81	103.28	119.07	98.77	28.25	71.17	112.26	140.94	112.96	106.82	93.15	106.17	123.12	82.81	114.96	131.12	127.54	102.91	94.17	106.96	112.40	112.02	134.28
QG37_01618	106.07	93.47	63.07	61.50	83.52	91.95	88.85	87.41	95.43	88.36	76.98	90.84	77.93	96.07	91.21	98.02	112.99	118.18	101.31	81.57	106.29	87.86	95.51	78.07	108.66	118.48	86.17	94.31	83.24	18.58	63.74	86.43	93.98	94.07	99.10	87.23	85.03	100.71	84.04	89.74	107.28	94.31	76.51	80.10	87.39	89.77	76.45	114.81
QG37_01619	112.47	120.31	66.95	61.17	105.88	109.84	112.08	109.32	125.78	97.94	78.15	90.22	91.06	98.86	101.19	107.75	138.65	139.94	126.78	110.01	110.59	113.92	123.80	91.98	124.19	133.21	94.54	117.72	88.35	32.35	63.96	111.96	118.98	109.16	108.25	78.73	95.98	103.24	82.07	117.91	129.64	119.17	92.09	92.82	111.97	113.12	94.00	141.98
QG37_01620	99.04	115.98	66.29	43.41	85.08	101.32	94.52	96.64	105.48	91.93	66.54	87.39	74.82	93.53	92.83	107.38	118.39	115.10	102.98	94.51	73.43	92.72	110.99	94.72	105.13	114.43	70.83	103.02	61.02	27.47	64.54	88.96	111.62	129.00	102.93	84.04	82.95	99.14	71.43	106.20	101.41	110.34	66.39	76.34	91.36	85.72	80.91	138.67
QG37_01621	61.80	73.41	49.91	35.89	60.15	59.26	71.21	79.18	78.65	62.46	41.07	70.82	47.26	58.98	60.78	72.35	86.55	78.61	75.83	71.69	59.88	62.79	83.16	69.05	80.16	80.25	56.52	72.00	42.22	16.22	45.00	81.99	89.22	81.98	68.59	60.69	71.98	77.36	52.65	79.39	77.17	76.76	44.67	48.93	71.19	62.82	59.20	108.51
QG37_01622	121.22	121.80	71.28	73.75	109.36	119.21	96.79	119.06	130.13	104.82	87.52	92.09	84.32	94.90	100.35	114.65	135.99	147.55	123.18	122.71	120.85	114.52	136.84	110.43	123.53	140.11	90.34	112.20	93.53	29.31	70.45	101.18	119.78	113.98	124.33	100.05	95.84	110.98	98.69	131.59	138.73	125.35	85.42	87.74	100.61	111.43	106.13	134.26
QG37_01623	126.65	130.70	61.09	64.43	102.03	104.86	103.41	114.51	131.27	103.15	86.08	93.92	98.01	99.38	95.19	107.52	138.28	150.11	138.39	106.95	115.53	119.67	130.95	96.86	122.11	154.79	98.57	121.51	113.89	24.52	73.67	118.88	129.22	118.23	111.97	91.86	100.46	104.35	80.51	122.84	137.08	116.56	103.18	94.51	112.96	117.05	105.16	152.15
QG37_01624	134.61	121.49	50.63	71.49	64.76	109.59	104.05	91.56	103.59	96.52	61.33	85.87	81.43	99.38	110.97	94.20	144.89	132.81	104.26	93.28	92.83	107.49	96.93	90.90	114.50	113.66	92.40	128.51	85.14	15.04	65.62	103.12	111.81	96.87	99.57	80.65	91.80	111.10	90.06	89.78	125.80	91.49	82.21	81.13	88.21	107.63	72.43	129.46
QG37_01625	95.41	100.70	57.24	58.65	81.36	93.98	82.63	88.21	96.09	80.60	69.22	78.17	76.36	81.81	88.81	99.60	116.07	123.50	102.53	86.02	104.37	98.41	112.08	75.65	93.38	112.42	80.50	102.91	76.53	21.00	57.27	91.49	106.59	95.89	95.56	77.73	89.69	83.62	80.71	93.09	113.44	103.49	82.66	71.17	95.27	95.97	83.89	107.42
QG37_01626	121.98	105.97	59.52	70.69	105.99	91.78	105.17	104.08	120.40	92.29	80.32	78.84	84.28	103.64	102.31	113.26	128.40	149.19	122.72	105.28	114.46	108.59	114.82	95.98	101.24	116.23	91.49	115.82	88.53	19.81	67.12	118.42	114.44	115.99	93.33	83.80	92.65	104.22	88.80	107.02	130.62	110.30	100.48	81.13	95.00	101.48	105.28	136.54
QG37_01627	121.80	119.69	61.11	79.04	90.63	102.49	107.54	119.71	122.73	104.68	87.99	90.10	82.29	92.36	100.97	106.16	134.82	151.77	131.21	105.88	101.30	122.15	109.48	84.72	110.80	134.99	88.31	116.75	95.02	19.49	72.52	110.06	140.79	109.21	106.75	89.10	84.35	113.63	77.90	107.95	146.39	129.96	92.80	94.48	110.46	114.37	109.92	147.50
QG37_01628	119.18	135.16	73.35	67.66	115.21	126.08	117.86	118.91	136.27	109.67	100.52	106.91	97.39	108.80	109.17	113.95	142.16	162.44	149.59	113.81	134.25	136.17	140.37	113.96	122.62	151.58	103.74	133.11	115.82	30.30	70.36	121.85	143.82	122.16	122.14	103.01	113.08	116.73	100.05	126.67	151.31	133.66	99.81	95.73	120.13	109.71	109.73	144.34
QG37_01629	122.25	96.26	52.76	58.94	85.85	92.49	98.38	95.79	118.44	74.88	75.76	68.74	96.36	86.40	86.60	103.33	109.44	139.01	109.78	99.20	107.19	99.30	104.16	91.58	111.92	119.95	90.90	100.82	85.85	27.82	59.14	105.27	95.53	99.59	88.23	81.58	95.05	94.69	85.61	88.91	128.83	101.70	80.95	74.30	84.80	111.43	88.88	116.98
QG37_01630	32.83	40.51	24.92	22.46	36.48	31.55	33.78	30.97	26.70	30.63	18.14	34.79	32.24	28.43	36.49	34.36	38.25	35.57	39.30	35.99	26.55	31.63	40.14	31.90	34.83	35.30	30.71	44.60	39.01	7.03	22.29	30.25	33.48	28.80	22.31	27.54	20.29	25.63	26.34	31.70	42.74	38.09	29.78	17.61	19.54	25.70	25.59	27.61
QG37_01631	104.37	100.99	58.96	70.52	101.43	98.51	96.91	98.98	98.68	85.25	70.43	80.97	77.53	92.06	91.10	94.80	123.55	118.13	118.97	109.03	97.89	95.27	108.78	91.68	105.46	127.18	84.15	102.50	84.80	24.86	66.51	106.40	116.41	106.50	94.01	72.34	92.23	88.24	75.70	102.46	121.44	104.45	77.90	89.04	96.98	86.74	80.56	134.10
QG37_01632	108.91	116.35	61.48	63.49	96.44	109.11	94.17	104.84	112.70	84.66	82.73	89.57	78.89	96.77	78.90	103.78	120.77	143.85	133.88	98.31	107.42	107.39	111.09	86.29	104.75	116.95	92.35	112.40	85.91	24.53	68.63	102.06	125.98	105.26	91.68	86.94	98.54	101.41	81.49	108.96	118.35	119.05	87.92	83.67	98.25	115.69	92.20	124.52
QG37_01633	100.73	98.56	61.43	66.06	96.21	109.05	103.85	103.22	103.03	89.04	78.98	84.90	84.81	89.32	87.09	107.19	121.65	135.75	116.90	103.31	109.90	107.99	104.25	81.36	104.79	122.08	88.45	112.83	85.77	21.09	63.56	93.22	105.55	93.40	90.54	78.31	83.19	84.52	85.32	97.87	122.14	111.41	76.72	75.51	100.44	96.45	84.15	116.02
QG37_01634	124.01	123.08	73.34	70.07	111.33	109.52	120.56	109.75	134.59	93.63	85.92	101.09	107.29	101.97	114.86	107.61	135.86	142.53	127.26	120.80	124.38	123.05	135.06	96.89	142.17	140.42	98.47	120.33	101.52	30.73	72.30	102.30	127.03	116.83	108.39	86.49	100.85	104.31	88.21	119.69	141.79	118.91	89.41	81.45	108.37	113.22	91.73	141.38
QG37_01635	111.09	100.44	50.22	60.65	95.69	91.29	103.59	100.12	119.37	88.61	55.23	78.53	87.63	109.66	97.95	107.73	141.29	126.93	133.40	114.25	97.91	106.75	94.37	96.83	105.75	112.86	84.48	128.41	83.14	25.10	67.49	97.59	123.58	101.14	95.18	86.82	83.29	92.81	78.28	109.79	142.78	103.41	85.50	77.09	94.42	107.90	100.74	132.57
QG37_01636	115.90	122.41	63.45	67.14	103.65	106.85	110.32	115.11	118.04	99.34	83.07	95.61	94.49	103.39	99.03	101.40	134.24	142.03	123.73	102.91	107.31	106.39	124.59	98.05	114.20	120.36	89.98	117.70	91.66	27.53	68.45	108.16	128.29	118.66	107.08	85.41	106.32	105.53	94.14	110.25	127.45	124.91	86.68	88.39	107.00	99.54	96.12	129.70
QG37_01637	136.11	150.74	77.36	78.17	127.35	119.37	130.88	135.34	137.69	129.01	99.88	107.61	114.28	115.31	120.76	124.33	165.33	163.02	155.44	124.98	122.69	138.93	139.56	121.82	135.92	156.81	114.44	137.96	119.90	40.44	83.31	144.13	158.08	133.42	121.87	112.97	127.15	132.98	104.96	137.71	170.07	140.58	101.59	98.14	113.52	131.44	105.11	166.26
QG37_01638	122.05	102.30	67.27	59.67	105.76	91.29	105.53	113.63	128.04	96.88	85.98	95.21	105.32	105.02	87.85	106.28	131.10	147.25	120.78	119.53	110.04	106.93	119.96	96.43	119.87	137.72	97.32	123.00	97.73	60.58	101.88	109.13	105.71	121.58	113.79	89.59	107.20	113.65	92.88	109.60	123.38	115.07	95.09	84.45	109.59	113.54	102.34	131.28
QG37_01639	111.91	114.75	63.82	68.06	98.77	96.69	96.82	106.43	104.39	101.48	85.30	87.29	84.28	89.99	84.79	110.68	123.73	129.79	108.69	97.63	113.15	112.97	115.36	94.17	114.82	134.97	80.85	103.60	87.48	26.03	59.88	108.58	121.48	104.76	103.85	83.82	92.65	104.41	83.38	109.07	113.64	116.06	90.09	77.17	99.43	105.64	84.51	135.64
QG37_01640	139.96	135.93	67.32	76.09	136.04	128.88	130.27	123.93	145.63	121.81	91.07	126.17	117.72	89.59	118.51	117.68	181.78	180.90	147.78	125.40	131.08	148.92	158.14	108.91	128.31	140.46	126.40	130.19	104.69	32.66	71.51	136.92	152.01	121.01	116.02	88.24	106.10	129.62	104.46	133.55	145.79	138.45	116.73	74.93	97.77	112.57	101.26	151.45
QG37_01641	123.45	118.96	71.48	71.91	109.56	106.91	107.43	111.72	121.05	100.97	91.71	92.59	100.74	103.14	99.07	117.66	137.70	147.80	132.35	122.07	109.32	116.12	123.63	103.71	118.74	133.15	97.13	123.70	97.90	29.00	68.46	116.70	128.28	114.46	104.67	88.74	102.49	106.46	94.85	118.09	137.27	121.36	92.04	87.73	110.48	107.87	97.07	137.21
QG37_01642	115.70	103.47	57.77	71.01	98.79	113.19	122.19	97.90	114.32	97.62	89.41	85.77	84.23	105.26	97.72	107.44	133.15	138.93	113.04	101.18	106.36	108.80	107.22	90.55	105.01	123.40	89.38	108.08	89.12	32.35	65.48	103.79	116.06	105.35	104.15	89.77	93.82	95.10	78.20	106.43	120.37	112.13	78.65	80.12	102.24	93.43	83.82	128.76
QG37_01643	134.08	116.33	74.12	70.11	112.68	109.83	117.47	117.18	125.96	111.48	88.05	92.54	104.31	112.58	96.11	116.62	134.60	142.59	126.01	119.28	122.73	106.23	130.25	99.59	122.84	147.41	95.15	123.24	113.94	28.67	69.27	117.34	132.06	105.17	114.47	93.25	92.95	109.63	88.31	118.02	136.59	121.68	96.70	94.55	106.41	111.27	91.07	132.86
QG37_01644	69.71	91.93	44.99	45.49	66.33	66.25	79.51	81.76	69.91	74.05	69.27	67.79	70.40	67.78	62.54	77.57	93.12	93.88	89.70	80.66	70.49	70.59	86.37	62.58	69.09	86.29	63.91	84.67	66.99	18.15	45.19	74.33	67.44	70.93	65.44	54.69	64.33	61.31	59.74	70.04	107.48	94.29	53.72	61.27	67.46	65.57	58.70	81.41
QG37_01645	117.74	113.78	60.34	65.78	97.29	104.61	102.03	109.26	103.07	93.93	79.49	84.93	87.54	90.34	92.33	103.02	123.55	136.48	120.76	107.20	97.61	107.60	120.35	86.10	107.87	130.60	84.42	110.97	91.20	25.03	71.04	102.43	117.53	102.91	94.81	84.07	95.93	102.69	91.51	109.56	121.11	111.88	79.91	78.57	83.64	95.42	83.55	113.58
QG37_01646	327.79	258.83	153.12	135.34	218.62	204.10	216.16	213.74	243.06	211.88	183.01	190.58	196.12	203.10	196.48	213.08	290.27	257.14	263.89	232.21	208.99	234.09	253.70	187.99	228.73	259.36	198.36	244.88	207.34	66.81	130.74	237.93	381.48	267.95	243.40	197.19	242.28	267.54	214.66	282.29	261.85	275.41	188.77	241.64	297.08	312.81	250.65	413.29
QG37_01647	112.29	109.80	70.34	69.42	103.43	101.52	103.13	101.36	113.58	96.82	76.91	88.82	90.57	98.41	95.84	102.13	121.62	138.62	126.54	103.31	97.01	100.02	117.84	92.18	108.33	127.76	89.78	117.89	92.57	27.06	65.82	103.80	120.49	114.83	95.28	81.54	81.11	93.70	78.80	106.76	121.15	107.28	79.60	76.20	99.99	97.09	87.27	123.90
QG37_01648	119.80	126.56	73.23	77.43	111.03	111.00	102.62	113.27	122.66	119.68	98.60	94.41	95.69	107.16	114.22	111.45	127.11	156.44	120.77	119.02	106.03	102.86	139.57	112.82	112.93	134.38	86.82	117.33	98.22	27.40	66.85	115.11	142.75	125.35	114.84	86.05	99.93	105.74	91.04	117.63	128.59	135.14	83.15	94.56	102.34	117.68	95.78	139.42
QG37_01649	121.04	124.60	65.84	71.99	110.40	110.38	115.12	106.91	126.23	103.71	89.99	89.90	108.03	98.63	97.78	108.57	136.21	146.30	116.49	116.64	112.62	112.80	133.37	94.91	115.51	133.52	94.37	124.96	96.67	31.23	65.47	113.50	127.07	116.42	114.37	83.12	95.65	104.72	90.56	123.67	132.65	123.99	98.03	91.29	108.43	112.22	103.83	136.66
QG37_01650	135.08	120.20	64.91	81.81	114.89	116.48	110.44	114.32	123.94	103.76	86.99	113.67	101.14	99.39	95.40	110.33	150.57	146.61	119.78	116.12	117.75	109.41	119.69	86.94	117.03	132.30	94.48	129.48	86.84	25.73	70.23	103.73	120.08	104.88	93.69	92.96	90.39	115.29	83.79	110.16	135.28	113.39	80.38	97.30	116.86	94.39	97.60	137.03
QG37_01651	118.05	110.15	74.22	73.44	107.61	109.70	108.15	108.14	105.94	102.45	88.16	97.58	92.12	97.31	95.80	117.35	132.25	144.40	138.77	115.84	115.24	111.65	133.07	100.04	108.28	130.57	101.04	120.71	100.50	23.79	67.15	108.02	110.06	106.56	107.04	82.90	97.32	93.80	91.78	119.04	129.99	119.16	75.54	88.64	98.91	115.97	94.87	128.05
QG37_01652	115.63	102.97	68.76	70.38	103.26	115.40	109.73	112.28	110.31	112.35	89.40	84.74	98.38	108.00	99.88	117.76	136.96	157.71	127.64	113.09	112.40	110.02	128.26	102.02	123.23	136.65	93.63	133.06	93.29	26.18	67.28	119.46	128.29	107.48	100.35	89.42	96.96	110.32	91.30	116.65	127.71	125.96	85.58	87.85	108.53	109.39	98.32	137.89
QG37_01653	110.11	105.79	66.27	70.58	86.77	105.88	97.44	101.99	103.86	91.79	78.49	89.83	86.25	107.22	90.51	103.73	127.39	121.08	120.68	113.46	101.89	97.23	119.08	83.31	106.02	126.60	87.94	118.20	82.73	24.22	60.21	107.57	118.00	95.55	92.94	86.00	89.80	90.56	81.02	111.02	125.83	118.01	85.02	73.33	91.88	104.98	92.76	114.05
QG37_01654	119.53	127.32	78.42	72.55	122.27	116.63	116.21	120.15	115.35	111.42	90.24	94.93	100.60	103.77	116.42	116.50	146.79	148.26	140.47	116.29	121.04	130.27	124.68	110.50	112.22	137.15	99.71	120.62	98.41	29.24	72.39	113.36	135.10	123.77	110.08	93.56	103.33	127.22	99.68	133.87	133.54	125.94	88.40	87.00	111.34	109.05	99.24	137.51
QG37_01655	128.15	132.84	83.55	70.51	118.23	126.43	122.15	114.92	118.00	120.54	102.18	93.57	96.02	112.89	99.40	126.50	136.97	142.37	138.17	103.24	114.79	121.06	138.75	111.54	125.72	149.97	99.34	114.21	110.19	23.56	69.52	123.14	139.52	110.00	108.20	87.39	102.00	116.42	101.95	122.17	163.02	128.27	96.45	84.32	115.81	106.93	86.91	152.88
QG37_01656	118.50	119.99	72.42	61.79	108.65	105.27	107.01	96.21	104.21	100.97	80.37	91.66	110.90	113.10	99.81	114.30	123.00	117.27	119.53	111.97	120.19	112.71	118.60	103.58	111.47	117.51	92.31	88.46	91.15	30.73	63.70	128.46	119.77	123.37	103.28	89.17	108.33	97.19	101.14	117.48	128.89	118.21	83.47	85.06	89.69	119.45	87.79	138.04
QG37_01657	128.76	135.92	81.16	77.14	113.79	108.47	103.34	127.80	124.08	118.41	107.25	95.93	103.95	127.89	111.97	130.31	136.53	118.91	126.65	130.01	111.75	130.00	112.90	106.50	117.92	138.28	94.27	131.63	93.85	19.91	60.80	120.50	138.66	135.98	125.33	104.23	136.26	112.00	112.92	118.32	126.69	123.17	93.31	71.16	93.71	93.12	88.81	145.19
QG37_01658	129.08	129.37	72.86	72.94	115.82	113.91	115.65	112.68	124.34	109.94	91.88	94.50	86.16	100.07	99.86	109.33	134.08	158.68	137.20	115.04	113.47	123.30	134.99	104.37	115.90	150.66	105.50	130.09	98.52	27.91	68.62	121.92	126.98	113.99	108.78	94.25	106.75	114.09	90.84	116.81	143.98	132.92	96.47	93.14	109.48	117.92	104.03	128.91
QG37_01659	116.82	109.57	72.69	79.72	109.77	102.44	97.69	108.57	110.02	107.42	83.78	80.98	87.55	93.57	94.68	99.93	126.78	147.47	134.10	100.82	116.46	119.23	125.40	101.30	119.26	142.17	107.67	124.91	85.57	29.33	62.19	105.70	126.80	112.31	106.79	83.44	102.63	106.73	84.18	120.66	138.71	124.45	95.97	89.77	108.66	111.61	91.73	117.56
QG37_01660	105.60	111.22	63.04	65.24	106.96	102.46	94.13	103.40	117.74	99.64	85.26	89.66	86.45	96.38	100.03	112.39	132.65	140.50	124.95	102.59	106.77	109.93	129.96	103.78	111.59	122.41	86.56	105.76	88.84	27.28	73.82	112.19	118.15	99.43	96.27	90.77	104.31	106.94	80.50	118.68	127.57	123.87	92.73	86.78	109.03	107.50	97.85	130.48
QG37_01661	89.89	97.50	51.01	76.11	94.70	81.55	107.59	94.55	110.57	88.77	72.63	76.22	80.95	86.66	95.48	101.80	124.42	120.09	115.93	101.46	99.01	102.35	108.18	92.05	97.89	123.34	91.98	107.91	84.29	25.63	62.19	111.68	106.92	113.06	104.31	69.92	95.71	108.21	83.86	99.83	115.45	113.28	83.15	74.42	98.75	97.01	90.47	118.88
QG37_01662	99.81	95.34	50.23	63.55	88.92	91.32	84.70	85.50	95.56	83.95	63.89	76.41	76.72	80.31	89.57	97.08	114.36	136.76	102.33	93.19	97.74	99.26	114.36	85.34	96.69	113.25	84.36	104.26	82.71	26.39	51.98	102.13	102.01	93.43	98.65	75.55	94.04	98.63	74.71	94.84	106.61	104.99	75.86	75.43	98.33	91.65	95.71	122.86
QG37_01663	90.42	108.21	67.38	47.83	78.83	90.32	85.73	82.77	75.23	72.11	65.93	63.62	72.35	93.76	81.98	106.01	126.60	125.17	126.92	83.02	99.88	112.79	115.54	88.03	95.78	115.15	81.19	87.89	79.06	21.11	49.61	91.09	90.20	101.76	78.20	54.54	88.82	123.47	65.65	105.46	110.93	89.56	69.24	79.47	98.48	105.48	89.67	133.04
QG37_01664	72.44	81.51	41.95	41.52	69.33	72.74	79.25	75.05	82.08	61.23	58.85	50.05	62.32	65.88	65.85	81.03	101.76	104.34	87.69	65.25	86.28	84.47	94.04	67.57	76.34	86.16	61.15	89.63	63.23	16.84	49.77	77.07	63.24	95.19	82.64	59.88	83.02	91.86	69.65	101.12	105.74	98.84	72.25	58.51	67.90	75.28	61.43	98.11
QG37_01665	80.09	73.02	40.29	54.83	64.68	89.32	75.74	81.45	82.66	72.11	61.65	56.06	55.63	62.87	73.48	87.00	96.77	104.31	104.91	79.62	79.76	72.50	92.43	84.39	92.62	105.47	70.24	82.03	74.73	20.41	47.69	72.81	82.52	82.49	73.61	65.59	62.12	79.35	80.08	84.77	95.07	83.99	77.41	72.41	88.47	82.40	62.92	98.99
QG37_01666	86.57	78.19	41.45	53.11	72.51	68.75	88.07	73.28	100.05	80.71	68.52	71.87	62.22	67.21	88.21	89.51	105.10	119.85	94.62	73.69	103.82	89.78	103.55	79.51	83.44	102.57	72.95	88.92	66.24	20.01	55.68	91.17	87.60	84.83	80.75	63.51	86.58	80.42	69.97	90.30	95.00	91.83	63.41	69.99	79.18	95.29	74.83	102.13
QG37_01667	20.65	42.63	19.39	30.95	41.77	37.08	32.87	39.44	43.03	33.68	25.35	24.65	29.08	32.45	34.59	32.49	41.67	43.76	34.01	43.76	31.22	33.56	39.28	35.01	41.62	37.78	26.63	45.70	31.09	10.92	22.34	40.94	39.98	36.35	34.71	27.66	28.10	30.07	33.33	40.63	45.18	39.31	25.07	56.39	45.36	63.03	54.34	67.13
QG37_01668	61.87	67.81	27.97	42.02	48.53	51.10	57.88	48.71	66.98	50.15	43.69	34.25	44.16	49.27	59.29	47.21	67.40	70.23	49.67	55.39	58.44	47.39	69.67	42.30	59.69	60.51	50.82	61.07	46.05	16.39	36.38	51.95	52.74	59.19	45.49	44.76	49.00	53.62	52.95	63.00	57.32	53.70	39.78	76.14	87.05	94.54	95.72	116.50
QG37_01669	123.18	96.68	52.84	43.20	84.99	83.66	88.73	82.30	112.39	82.06	65.22	68.87	67.32	78.92	94.08	83.34	97.52	126.38	115.55	73.16	81.70	87.42	97.00	78.16	89.66	116.20	73.92	96.39	72.02	16.96	44.53	91.15	99.92	96.79	87.99	68.79	96.73	97.11	79.03	88.45	108.40	103.00	79.08	71.96	104.89	97.41	90.67	116.60
QG37_01670	107.75	121.58	70.10	57.55	92.94	83.94	93.52	108.87	119.35	94.79	86.11	98.90	93.82	108.31	103.20	100.31	118.35	133.48	125.75	103.24	94.85	115.26	117.37	109.83	115.83	138.47	91.14	109.01	98.90	29.21	62.73	106.08	123.34	104.19	103.58	85.63	101.94	109.61	82.80	108.64	131.78	121.19	81.20	90.82	112.55	107.00	89.95	130.43
QG37_01671	94.33	67.01	40.50	39.63	59.10	67.39	68.76	70.69	78.31	65.97	58.82	59.72	53.55	73.32	52.45	56.35	85.61	87.48	74.12	64.11	65.14	70.59	70.67	70.96	58.67	93.73	58.96	45.11	52.97	13.48	49.78	69.41	76.46	81.96	68.73	58.22	71.78	72.56	46.74	91.26	74.78	75.14	40.91	74.64	87.69	111.24	89.69	102.18
QG37_01672	115.73	93.84	62.35	65.79	89.14	100.22	99.19	91.00	95.80	81.88	70.38	76.61	69.95	88.64	99.45	95.92	115.12	132.97	121.73	81.26	117.34	106.58	98.58	79.35	93.02	141.44	83.39	98.83	91.74	29.80	74.04	96.78	109.40	93.76	103.34	74.20	98.62	106.38	74.78	124.46	134.10	116.56	70.73	83.70	106.79	106.58	105.41	119.50
QG37_01673	124.44	120.45	53.86	61.15	105.39	107.77	89.56	90.91	115.95	100.02	80.41	93.80	76.12	101.34	106.55	100.86	98.79	159.87	121.76	105.83	119.25	110.94	106.42	90.88	118.60	141.99	78.50	120.94	97.29	20.43	76.25	115.60	124.07	98.48	103.78	89.09	78.65	115.04	71.29	99.35	133.97	121.76	97.43	79.71	106.19	117.49	84.27	153.58
QG37_01674	118.33	111.38	61.43	78.99	93.02	104.23	109.18	101.31	120.98	95.02	79.86	93.39	85.61	112.56	99.24	116.73	125.72	160.92	122.44	100.95	121.44	116.77	135.91	108.41	116.66	142.53	90.35	117.13	89.82	28.63	73.86	117.48	119.56	118.73	116.42	86.09	97.36	101.75	93.07	120.54	133.57	127.16	92.57	88.12	111.15	120.39	106.23	133.36
QG37_01675	119.25	115.99	68.85	66.01	115.84	102.76	109.79	97.45	118.04	110.08	78.84	91.37	88.01	107.10	98.51	114.47	145.72	149.97	134.77	116.46	117.17	127.31	126.41	107.67	114.37	135.65	100.18	114.31	96.11	26.58	67.04	123.45	123.71	111.98	110.15	88.36	103.45	112.32	88.02	119.25	138.43	123.34	83.77	91.00	114.76	112.31	102.59	140.05
QG37_01676	102.32	108.81	63.74	78.94	116.93	90.26	104.02	106.16	115.00	95.09	67.43	80.18	94.18	93.71	105.90	106.71	118.42	147.78	128.82	99.68	93.05	112.64	126.60	97.84	118.24	135.43	86.36	112.97	97.45	23.00	78.29	91.94	128.30	112.56	108.48	82.85	118.61	103.38	87.15	118.74	121.69	121.10	92.46	89.06	101.31	97.34	88.04	118.74
QG37_01677	121.21	118.19	60.86	58.60	96.73	104.50	98.83	106.30	117.85	96.30	70.56	86.08	86.72	96.11	97.01	108.32	131.58	139.60	133.78	105.85	107.15	112.08	112.84	105.61	108.58	125.05	91.94	108.27	101.49	23.27	68.38	103.88	131.36	112.45	104.61	83.27	99.70	106.75	92.76	129.91	130.82	115.20	85.47	79.99	113.33	101.87	103.12	133.97
QG37_01678	112.54	113.62	69.50	69.76	106.13	113.20	108.31	110.80	116.15	102.49	90.95	89.97	90.27	104.30	98.60	125.00	124.77	150.53	128.79	108.12	106.78	112.04	131.71	106.59	125.54	135.30	89.78	128.70	85.26	32.55	74.05	124.24	125.91	115.07	107.70	85.01	107.95	119.42	95.42	110.57	126.83	121.48	94.03	82.02	102.58	106.26	93.17	131.71
QG37_01679	107.49	126.60	68.43	67.90	96.93	113.15	105.99	101.30	125.37	115.70	86.40	76.48	109.44	83.64	107.58	104.75	121.37	131.99	142.24	116.55	105.02	120.95	114.35	111.47	118.88	135.65	99.70	116.58	92.95	29.12	74.11	115.77	117.65	121.52	100.82	97.78	106.30	100.45	100.50	122.12	125.06	127.79	119.27	93.32	108.96	110.52	113.54	147.97
QG37_01680	136.51	130.81	62.44	66.19	115.43	116.05	103.20	118.16	132.24	106.75	94.90	89.76	115.75	84.19	115.08	124.02	146.46	164.33	136.68	109.90	110.41	128.57	120.51	108.00	132.27	164.90	104.49	134.45	91.93	32.54	75.12	120.24	125.44	127.61	109.78	103.22	98.40	118.35	92.18	136.95	166.24	121.48	102.09	92.32	123.04	121.71	104.45	148.73
QG37_01681	107.40	98.44	58.21	48.83	80.09	90.70	89.28	84.76	110.15	94.87	91.36	72.08	87.01	83.43	91.56	83.29	120.66	108.79	102.25	88.95	75.83	82.25	108.48	82.97	95.24	108.63	87.65	90.73	73.54	30.16	65.13	84.65	103.46	86.69	99.94	78.92	62.03	80.07	63.15	112.62	104.47	111.65	71.54	76.56	92.28	85.03	79.30	128.20
