GENE	CDC_B11096	CDC_B11097	CDC_B11098	CDC_B11099	CDC_B11101	CDC_B11102	CDC_B11103	CDC_B11105	CDC_B11112	CDC_B11113	CDC_B11114	CDC_B11115	CDC_B11116	CDC_B11117	CDC_B11118	CDC_B11119	CDC_B11200	CDC_B11201	CDC_B11205	CDC_B11206	CDC_B11207	CDC_B11208	CDC_B11209	CDC_B11210	CDC_B11212	CDC_B11213	CDC_B11214	CDC_B11215	CDC_B11216	CDC_B11217	CDC_B11218	CDC_B11219	CDC_B11220	CDC_B11221	CDC_B11222	CDC_B11223	CDC_B11224	CDC_B11225	CDC_B11226	CDC_B11227	CDC_B11228	CDC_B11229	CDC_B11230	CDC_B11243	CDC_B11244	CDC_B11245	CDC_B11246	CDC_B11247
QG37_00888	3.9093	6.6112	6.3493	6.1919	6.1357	6.2470	6.3780	6.2869	1.8605	6.2270	6.1782	6.0321	6.1036	6.3325	6.0463	6.4386	6.2387	6.4641	6.4794	6.2360	6.3542	6.3735	6.4989	6.1815	6.2415	6.1443	6.2776	6.1246	6.1920	5.8878	6.2267	6.1473	3.4762	1.7304	1.7328	1.6504	1.6246	1.6482	1.7774	1.6903	1.6806	1.7442	1.7603	2.8441	2.8208	2.8858	2.9355	2.8543
QG37_00889	1.4396	1.8949	0.9443	0.9323	1.5730	1.8886	0.8707	1.6587	1.1331	1.5654	1.7269	1.0502	0.9540	1.7700	1.5214	1.7296	1.7700	1.8229	1.7966	1.8696	1.9886	1.7255	1.6091	1.6830	1.6713	1.7643	1.7597	1.7850	1.7246	1.3331	1.5983	0.9574	1.6441	1.7992	1.8526	1.7688	1.7160	1.6986	1.9529	1.7162	1.8065	1.9422	1.6158	1.4433	1.2106	1.2792	1.3848	1.3942
QG37_00890	1.0553	1.0585	0.9598	1.0402	0.9923	0.9829	0.9665	0.9622	0.9999	1.0909	1.1595	0.9920	1.1843	1.0934	1.0462	1.0127	0.9273	1.0363	1.1176	1.1130	0.9229	1.1433	1.1230	0.9438	1.0607	1.0183	0.8896	1.1061	1.0240	0.7705	0.9115	0.9521	0.9326	0.8523	0.6359	0.7267	0.6632	0.8238	0.7027	0.7981	0.7811	0.7556	0.6556	0.8133	0.7879	0.7439	0.6108	0.7776
QG37_00891	1.0751	1.0132	1.0253	0.9712	1.0101	0.9774	1.0796	1.0674	0.9609	1.0751	1.1057	0.9416	1.0168	1.0178	0.9657	1.0112	1.0473	1.0066	1.0392	1.0765	1.0617	0.9986	0.9745	0.9288	1.0149	0.9307	0.9671	1.0522	0.9766	0.8581	0.9173	0.9544	1.0229	0.9603	1.0414	1.0783	0.9645	1.0606	1.0341	1.0582	1.0479	0.9606	0.9814	1.0748	1.0314	1.0822	0.9198	0.9823
QG37_00892	1.0510	0.9306	1.0221	0.8861	0.9994	0.9556	1.0855	0.9838	0.9325	0.9290	0.9796	0.9503	1.0204	0.9570	1.0233	0.9722	0.9407	0.8460	0.8961	0.9145	0.9586	0.9531	0.8707	0.9442	0.9860	0.8747	0.8758	0.8932	0.9423	0.9339	0.9591	0.8708	1.0184	0.8984	0.9489	0.9794	0.9798	0.9586	0.9563	0.8988	1.0015	0.8201	0.8301	0.9835	0.8839	0.7468	0.9107	0.9369
QG37_00893	1.1888	1.1563	1.1156	1.0573	1.0873	1.0944	1.1223	1.0822	1.1549	1.1421	1.1705	1.2438	1.0601	1.0203	1.0595	1.1051	1.1104	0.9424	0.9420	1.1831	0.9766	1.0759	1.0645	1.0224	1.1511	1.0451	1.1913	1.1043	1.2902	1.2574	1.0390	1.2271	1.1250	1.2427	1.0200	1.2736	1.1428	1.1374	1.0511	1.1107	0.9977	1.2582	1.1382	1.2000	1.1560	1.2587	1.0183	1.1399
QG37_00894	1.0566	0.9268	0.8938	0.9776	0.9238	0.9838	0.8932	0.9380	0.9106	0.9475	0.9278	0.8705	0.9700	0.9695	0.8563	0.9422	0.9394	0.9656	0.9666	0.9022	0.9480	0.9943	0.9985	0.9488	0.8860	0.9829	0.8516	0.8897	0.9266	0.7587	0.8351	0.8730	1.0206	0.9696	0.8818	0.9804	0.8556	0.8318	0.9588	0.9032	1.0000	0.9826	0.9202	0.9769	0.9197	0.9560	0.9830	0.9149
QG37_00895	0.9983	1.0970	0.8723	0.9571	0.9893	1.0145	0.9638	0.9518	1.0099	0.9859	0.9363	0.9589	1.1388	0.9491	0.9299	0.9388	0.9815	0.9761	0.9372	0.8739	0.9685	0.9632	0.8633	0.8683	0.9362	0.8447	0.9813	0.9043	0.7861	0.9379	1.0180	0.9753	0.9150	1.0423	0.9013	0.9538	1.0724	0.8241	0.9720	1.1282	0.9311	0.9023	1.0543	1.0394	0.9601	0.8886	0.9938	0.8146
QG37_00896	1.0324	0.8633	1.0452	0.9920	0.9163	0.9313	1.0020	0.9561	0.9244	0.9428	1.0567	0.8937	0.9488	0.9313	0.9040	1.0299	0.9896	0.9928	0.9432	1.0338	0.9086	0.9682	0.9268	0.9804	0.8950	0.9905	0.9045	0.9581	1.0158	0.9269	0.9301	0.9726	0.9070	0.9127	0.8459	1.0137	0.8573	0.8927	0.9835	0.9179	0.9725	0.9930	0.9888	0.9401	0.9563	0.9908	1.0099	0.8855
QG37_00897	1.0877	1.0355	1.0776	0.9622	1.0383	1.1701	1.0276	0.8755	1.1183	1.0536	0.8485	0.9920	1.0354	1.0476	0.9886	1.0672	0.9095	1.0195	1.0409	0.9320	1.0227	1.0952	1.0389	1.0408	1.0618	1.0922	1.1097	1.1219	0.9460	1.0436	0.8506	0.9327	0.9848	0.9132	1.1127	1.0039	0.9560	0.9914	0.9395	0.9371	1.0086	0.9674	1.0042	0.9075	1.0300	1.0254	1.0723	1.1321
QG37_00898	1.0066	1.0019	1.0013	0.8828	0.8707	0.9604	0.8702	1.0488	0.9472	0.8759	1.0160	0.8105	0.9536	0.9725	0.9334	0.9148	0.9182	0.8515	0.9728	0.9780	0.8577	0.8711	0.9607	0.9410	0.9001	0.9473	0.9003	0.9188	0.8972	0.9382	0.8584	0.8774	0.9559	1.0411	0.9737	0.9025	0.9161	0.8790	0.9515	0.9299	1.0396	1.0369	0.8623	1.0681	1.0189	1.1228	1.0392	1.0165
QG37_00899	0.7080	0.6925	0.7915	0.6410	0.5979	0.7600	0.6971	0.6400	0.6631	0.7838	0.6098	0.7119	0.6173	0.8199	0.7307	0.7073	0.5976	0.5470	0.7485	0.6768	0.6045	0.6328	0.5802	0.6831	0.5327	0.5560	0.8188	0.7323	0.5248	0.5611	0.7757	0.6116	0.7382	0.6449	0.6412	0.5338	0.5765	0.6812	0.6433	0.5053	0.5794	0.6239	0.5587	0.5634	0.6135	0.5964	0.3983	0.5835
QG37_00900	0.9025	0.8237	0.8565	0.8751	0.9323	0.9175	0.8767	0.9573	0.9073	0.8590	0.9728	0.8929	0.9348	0.9904	0.9078	0.9062	0.9103	0.9044	0.8917	0.9233	0.9552	0.9147	0.8193	0.9356	0.8921	0.8310	0.9165	0.9123	0.9296	0.8669	0.9039	0.8502	0.8359	0.9099	0.9363	0.8079	0.8559	0.9707	0.8612	0.8659	0.9469	0.8306	0.8239	0.9289	0.9367	0.9863	0.8809	0.9083
QG37_00901	0.9290	1.0414	1.1096	0.9050	1.0622	1.0305	1.0733	0.9675	1.0514	0.9936	1.0491	1.0381	1.0925	1.0410	1.0600	1.0206	1.0556	0.9919	1.0032	1.0755	1.1148	1.0265	1.0375	0.9636	0.9497	1.0621	1.0155	0.9827	0.9669	1.0894	1.1162	1.1082	1.0021	1.0074	1.0163	1.0230	0.9391	0.9998	1.0442	1.0473	1.0261	0.9928	0.9225	1.0125	1.0108	1.0569	1.0078	0.9971
QG37_00902	1.0909	1.0032	0.9482	1.0155	0.9936	1.0412	1.0428	1.0126	1.0140	0.9733	0.9718	1.0083	1.0524	1.0436	1.0453	0.9094	0.9475	1.0042	0.9329	1.0505	1.1018	0.9755	0.9595	0.9393	1.0774	0.9543	1.0030	0.9628	0.9253	0.8815	1.0327	1.1394	1.0079	1.0243	1.0206	1.0465	1.0104	0.9507	1.0238	1.0213	0.9800	1.0927	0.9419	1.0849	1.1386	1.0974	1.1055	1.0493
QG37_00903	0.8075	0.8650	0.9148	0.9121	0.7821	0.9620	0.9092	0.9325	0.9359	0.8475	0.9197	0.9306	0.9597	1.0038	0.9466	0.8645	0.8325	0.8300	0.8199	0.8551	0.8285	0.8149	0.8759	0.8289	0.7844	0.8219	0.8174	0.7805	0.7775	0.6620	0.9220	0.8209	0.8363	0.8179	0.9054	0.9042	0.8455	0.9941	0.8569	0.9787	0.8565	0.8105	0.8866	0.8662	0.8507	0.8989	0.7790	0.8992
QG37_00904	0.8764	0.9099	1.0106	0.8711	0.8821	1.1115	1.0635	0.8760	0.9905	0.9295	0.9610	0.8014	0.9493	0.8863	1.0788	1.0515	0.9043	0.9941	0.8869	1.0333	1.0777	0.8464	0.9157	0.9128	0.9464	0.9491	0.7800	0.8808	0.9412	0.8866	0.8587	0.8261	0.9030	1.0657	0.8969	0.9719	0.9464	1.1647	0.9960	1.0814	0.9816	1.1297	0.9109	0.9329	1.0353	0.9710	0.9287	1.0237
QG37_00905	1.0401	1.0319	0.9045	1.1311	0.9644	1.0361	1.0922	0.9908	0.9939	0.9909	1.2105	1.0924	1.1512	1.1320	1.0480	0.9607	1.0575	0.9333	1.0755	1.1270	1.0290	1.0598	1.0149	1.1703	0.9966	1.0704	1.1596	0.9731	1.1400	1.0139	1.1751	0.8766	0.9757	0.9627	0.9539	1.1301	1.0313	1.1353	0.9312	1.0711	1.0347	0.9340	1.0361	1.1929	1.1066	1.0903	1.0210	1.0833
QG37_00906	1.0639	1.0045	1.0837	0.8873	0.9315	0.9848	0.8972	0.9157	0.9660	0.9670	0.8965	0.9096	0.9094	1.0734	0.9095	0.9964	0.9037	1.0180	0.8832	0.9265	0.9936	0.9929	0.9484	1.0367	0.9431	0.9983	0.9459	0.9478	0.9354	0.8660	0.8591	0.8987	0.8499	0.9484	0.9530	0.8949	0.9077	0.9270	0.9147	0.8676	0.8273	0.9837	0.9606	0.8894	1.0372	0.9062	0.9559	0.9295
QG37_00907	1.0517	0.9995	1.0257	0.9607	0.9470	1.0301	1.0150	1.0238	0.9302	0.9767	0.9937	0.9863	1.0191	0.9674	0.9533	1.0513	0.9448	1.0146	0.9966	0.9872	1.0504	1.0236	0.9946	1.0259	0.9721	0.9480	0.9797	0.9786	0.9357	0.9567	0.8970	0.9497	0.9445	0.9776	0.9940	0.9649	0.9969	1.0244	1.0376	1.0367	1.0106	0.9660	0.9588	0.9982	0.9894	1.0116	0.9683	0.9461
QG37_00908	1.0398	0.8956	0.9315	1.0489	0.8400	0.8856	0.9788	1.0371	0.8556	0.9523	0.7708	0.8107	0.9022	1.0805	1.0089	1.0218	0.9715	0.9261	0.8961	0.9803	1.0135	0.9963	0.9746	0.8317	0.8712	0.9539	0.8983	0.8507	0.8910	0.7045	0.8124	0.9111	1.0012	0.8960	0.8883	0.9373	1.0047	0.9085	0.8553	0.7769	1.0749	0.9410	0.8680	0.8936	0.8789	0.9244	0.9382	0.8632
QG37_00909	1.0309	1.0012	0.9234	0.9031	0.9138	0.9585	1.0580	1.0656	1.0488	0.9335	0.9704	0.9894	0.9823	1.1600	1.0328	1.0259	0.9253	1.1078	0.9436	1.0320	0.9794	0.9668	0.9401	0.9417	0.8484	0.8885	1.0527	0.9597	0.9772	1.0055	1.1634	0.9662	0.9718	1.0863	0.9900	1.0468	0.9511	0.8910	0.9946	0.9672	0.9535	0.9168	0.9682	0.9564	0.8586	0.8908	0.9751	0.9153
QG37_00910	1.1058	0.9569	0.8752	0.9349	0.9504	0.9411	0.8936	0.8539	1.0417	0.9525	0.9492	0.8767	0.8677	0.9424	0.8875	0.8196	0.8767	0.9780	1.0122	0.9189	0.8775	1.0336	0.8895	0.9136	0.8834	0.9050	0.9510	0.9183	0.8763	0.6854	0.8094	0.9758	0.9001	0.9044	1.0163	1.0596	0.7786	0.9111	0.8350	1.0908	0.9591	0.9701	0.8650	0.9757	0.8909	0.9592	0.8893	1.0036
QG37_00911	2.1923	2.5082	2.1728	2.2711	2.3392	2.2767	2.2033	2.2262	2.4545	2.3334	2.3257	2.1546	2.4786	2.1855	2.1380	2.1181	2.2273	2.1657	2.3403	2.2193	2.0666	2.2839	2.2495	2.3246	2.3668	2.0752	2.3585	2.3567	2.1930	2.2801	2.3905	2.2904	3.3678	2.5295	2.3925	2.5662	2.6431	2.5833	2.5601	2.5636	2.3368	2.5898	2.4860	2.0970	2.4419	2.3376	2.2503	2.4801
QG37_00912	0.7661	0.8690	0.9073	0.7207	0.8285	0.8806	0.9164	0.8064	0.8107	0.8088	0.8430	0.7710	0.7704	0.9380	0.8116	0.8627	0.7061	0.8047	0.8312	0.8555	0.7364	0.7245	0.7633	0.8134	0.7532	0.8093	0.7452	0.6876	0.6609	1.2692	1.0458	0.8294	0.7429	0.7349	0.8920	0.9332	0.8123	0.7986	0.8265	0.8614	0.8995	0.7321	0.8516	0.8212	0.7588	0.8642	0.8380	0.8238
QG37_00913	0.9445	0.9579	1.0381	0.7575	0.8444	0.9866	1.0278	0.9891	0.9941	0.9426	0.9008	1.0714	0.9240	0.9744	0.9826	0.9536	0.9661	0.9960	1.0571	1.0623	0.9419	1.0705	0.9381	0.9254	0.9951	0.9074	0.9460	0.9654	0.9185	1.0970	0.8658	0.9794	0.9565	0.9182	1.0455	0.9498	0.9742	0.9761	0.9835	0.8863	1.0521	0.9618	0.9843	1.0311	0.9259	0.9968	0.9660	0.9300
QG37_00914	1.0191	0.8920	0.9414	0.9430	0.8338	0.9420	0.9227	0.9267	0.9843	0.8993	0.8863	0.8315	0.9462	0.9688	0.9738	0.8290	0.8883	0.8960	0.9727	0.8957	0.9837	0.9186	0.9656	0.8863	0.9300	0.9386	0.8981	0.8357	0.8933	0.9248	0.8844	0.8256	1.0123	0.8325	0.8967	0.9518	0.9405	0.9541	0.8990	0.8656	0.9081	0.9590	0.9783	0.9375	0.9059	0.9239	1.0149	0.8991
QG37_00915	0.8702	0.9985	1.0945	0.9035	0.8919	1.0782	0.9738	0.9197	1.1166	0.9645	1.0045	0.9594	0.9800	0.9821	1.0602	1.0692	0.9427	0.9947	1.0456	1.0144	1.0635	1.0160	0.9304	0.9334	0.9124	0.9547	1.0137	0.9422	1.0349	1.0373	1.1887	0.9869	0.9812	0.9720	1.0588	0.9751	0.9414	1.0685	1.0332	1.0363	0.9369	0.9819	0.9417	1.0162	1.0019	0.9309	1.1005	1.1319
QG37_00916	0.8996	0.9652	0.8846	0.9002	0.9538	0.8570	0.9547	0.9531	0.8766	0.8935	0.8873	0.8442	0.9092	1.0150	0.9483	0.9347	0.8853	0.9260	1.0040	0.9122	0.9439	0.9161	0.9690	0.9711	0.8889	0.9407	0.9153	0.8920	0.8892	0.8621	0.9022	0.8873	0.9868	0.9355	0.8942	0.9909	0.9435	0.9520	0.9978	0.9366	0.9506	0.9226	0.9307	0.9299	0.9419	0.9448	0.9046	0.9670
QG37_00917	0.6899	0.5236	0.5416	0.5752	0.6303	0.5164	0.6035	0.5777	0.5761	0.5630	0.7257	0.6398	0.4248	0.6489	0.5838	0.5079	0.6363	0.5647	0.6302	0.6075	0.5628	0.6389	0.6364	0.6177	0.5354	0.5436	0.4225	0.4409	0.4933	0.4232	0.4615	0.5936	0.7109	0.8475	0.6372	0.5669	0.6408	0.8144	0.7141	0.7582	0.6206	0.6927	0.6484	0.8266	0.6197	0.7800	0.6157	0.7718
QG37_00918	0.8368	0.8347	0.8059	0.8740	0.8631	0.8311	0.9171	0.8872	0.8712	0.7959	0.8235	0.8558	0.7854	0.8992	0.9739	0.9267	0.8776	0.8420	0.8842	0.8192	0.8661	0.9201	0.9023	0.8394	0.8412	0.7329	0.8866	0.7899	0.7824	0.8306	0.8301	0.8598	0.8244	0.9000	0.9352	0.9310	0.8256	0.9465	0.9204	0.9049	0.9204	0.8680	0.8898	0.9066	0.9290	0.8498	0.9493	0.8975
QG37_00919	0.7570	0.8189	0.8801	0.6765	0.8348	0.8804	0.9099	0.8712	0.7895	0.9106	0.7725	0.7724	0.7227	0.8488	0.7243	0.9190	0.7923	0.7985	0.9444	0.7760	0.8847	0.9222	0.7220	0.8539	0.7868	0.7548	0.8972	0.6927	0.7156	0.6626	0.8473	0.7866	0.6795	0.8882	0.8256	0.9332	0.7840	0.8052	0.7601	0.6900	0.7974	0.8451	0.6002	0.7721	0.7478	0.8130	0.8095	0.8292
QG37_00920	0.8570	0.7866	0.8444	0.9169	0.7906	0.8389	0.9493	0.8222	0.8371	0.8285	0.8013	0.8043	0.8169	0.8283	0.8695	0.8615	0.8211	0.8569	0.9338	0.8847	0.9764	0.9094	0.8472	0.8332	0.8275	0.8443	0.7918	0.7795	0.7248	0.7639	0.8623	0.7931	0.7441	0.8578	0.8271	0.9889	0.8381	0.9664	0.8844	0.8445	0.9014	0.8956	0.8352	0.8619	0.9723	0.9587	0.9768	0.9748
QG37_00921	0.8555	0.7457	0.6894	0.7157	0.7489	0.8409	0.7837	0.8330	0.7952	0.7236	0.7307	0.7404	0.7045	0.7470	0.7988	0.7915	0.8534	0.8238	0.8212	0.7694	0.8169	0.7952	0.7649	0.7739	0.8061	0.7140	0.6926	0.6802	0.6296	0.8594	0.7995	0.7537	0.7454	0.7847	0.7680	0.7921	0.8448	0.8671	0.6941	0.8989	0.8386	0.8360	0.7779	0.9095	0.8605	0.8810	0.7935	0.8164
QG37_00922	0.7264	0.6868	0.7506	0.7260	0.6577	0.6390	0.7278	0.8379	0.8156	0.5369	0.6635	0.6368	0.6684	0.7152	0.6409	0.7844	0.6462	0.7140	0.7538	0.6486	0.8655	0.8314	0.7967	0.7341	0.7012	0.7010	0.6581	0.6072	0.6809	0.6647	0.6970	0.6468	0.7704	0.7842	0.7514	0.7622	0.8551	0.8691	0.7939	0.6641	0.7994	0.7701	0.7765	0.8209	0.8278	0.8482	0.7704	0.7373
QG37_00923	0.8627	0.9185	0.7371	0.9280	0.8344	0.8731	0.8956	0.8895	0.8767	0.8633	0.8066	0.8157	0.8639	0.9905	0.8771	0.7117	0.7448	0.8389	0.9735	0.8785	0.9380	0.9233	0.8745	0.8147	0.8814	0.8675	0.8964	0.8711	0.7579	0.6356	0.8714	0.7367	0.8729	0.7643	0.7432	0.9731	0.8495	0.8588	0.8783	0.8044	0.8225	0.7417	0.7350	0.8506	0.8397	0.9288	1.0463	0.8920
QG37_00924	0.9856	0.9210	0.9216	0.8896	0.8891	0.8276	0.8449	0.8571	1.0594	0.8568	0.8930	0.8375	1.0545	0.8599	0.8632	0.9055	0.9194	0.9692	0.8827	0.8621	1.0418	0.9229	0.7811	1.0044	0.9077	0.9101	0.9140	0.8264	0.8895	0.8991	0.8877	0.8809	0.9329	0.8914	0.8633	0.9852	1.0087	0.9748	1.0587	1.0006	0.9304	0.9625	0.9592	0.9772	1.0247	0.9989	1.0814	0.9849
QG37_00927	0.8848	0.8291	0.7779	0.9349	0.8688	0.9729	0.9775	0.9285	0.8402	0.8368	1.0571	0.8865	0.8508	0.8983	0.9703	0.9925	0.9030	0.9098	0.9889	0.9732	0.9561	0.9627	1.0202	0.9464	0.9236	0.8253	0.9413	0.7830	0.7761	0.5881	0.9592	0.8687	0.9765	0.9638	1.0621	0.9483	0.8980	1.0323	0.9556	0.9152	0.8798	0.9562	0.8871	1.0284	0.8595	0.9479	0.9911	0.9917
QG37_00928	0.9497	0.8422	0.7941	0.8553	0.9555	0.8440	0.9876	0.9830	0.8368	0.8860	0.9524	0.8253	0.9334	0.8020	0.8715	1.0318	0.8232	0.9608	0.8925	0.8394	0.8600	0.9673	0.9814	0.9194	1.1057	0.9177	0.8999	0.9999	0.9535	0.7902	1.0179	0.9019	0.7900	0.9629	0.8813	0.9747	0.8653	1.0235	0.8449	0.9258	0.8437	1.0655	0.8845	0.9046	0.9129	0.9442	0.8566	0.8375
QG37_00929	0.7476	0.6141	0.7350	0.7648	0.8455	0.7702	0.8539	0.8511	0.8240	0.8187	0.7548	0.7298	0.8412	0.7972	0.6784	0.7952	0.6993	0.7005	0.8058	0.6651	0.7474	0.7375	0.7764	0.7261	0.7916	0.8577	0.8194	0.8108	0.8566	0.7181	0.9794	0.7503	0.5844	0.6482	0.7461	0.7823	0.5982	0.6318	0.7225	0.7216	0.6641	0.7923	0.7756	0.6404	0.6076	0.6163	0.5562	0.6009
QG37_00930	0.8979	0.8788	0.8758	0.8708	0.9013	0.8728	1.0086	0.8975	0.9683	0.9847	0.8713	0.9685	0.8653	1.0020	0.9242	0.9440	0.9179	0.9579	0.9114	0.8538	0.9773	0.9015	0.9881	0.9578	0.9790	0.8289	0.9387	0.8407	0.8617	0.7905	0.9673	0.8534	0.9413	0.9337	1.0064	0.9897	0.9501	0.9623	0.9833	0.9481	0.8536	0.9158	0.9688	0.9666	0.9481	0.9904	0.9314	0.9262
QG37_00931	0.8858	0.9098	0.8957	0.9520	0.8479	0.7609	0.8157	0.8286	0.9003	0.7497	0.8718	0.7943	0.8214	1.0019	0.8929	0.9577	0.9663	0.9194	0.9592	0.8745	0.9118	0.8869	0.8615	0.7846	0.8581	0.8027	0.7963	0.7348	0.8471	0.7736	0.7859	0.9134	0.8728	0.9090	0.8390	1.0797	0.8052	1.0169	0.9057	0.8447	0.9449	0.8589	0.9985	0.8584	0.9021	0.9350	0.9948	1.0083
QG37_00932	0.8843	0.8410	0.7858	0.8946	0.9171	0.8322	0.8102	0.8924	0.8337	0.8323	0.9622	0.8502	0.9180	0.9474	1.0116	1.0300	0.8504	0.8733	0.9301	0.9335	0.8847	0.9421	0.8413	0.8614	0.8794	0.8652	0.9150	0.8596	0.8387	0.7772	0.8778	0.8787	0.8179	0.9274	0.9832	0.9415	0.8830	0.9407	0.9238	0.9376	0.8616	0.8777	0.9893	0.9999	0.9703	0.9241	0.9685	0.9971
QG37_00933	0.8278	0.7354	0.7057	0.7546	0.8100	0.8633	0.8229	0.9197	0.8586	0.7543	0.8095	0.8101	0.8051	0.8850	0.7843	0.9119	0.8206	0.8659	0.8740	0.8020	0.8476	0.7917	0.8423	0.7988	0.8922	0.7988	0.8399	0.8065	0.7972	0.9721	0.8484	0.7523	0.7974	0.8964	0.9037	0.9165	0.8476	0.8671	0.9631	0.8835	0.9611	0.8728	0.9793	0.8466	0.7544	0.9367	0.9356	0.8588
QG37_00934	0.7672	0.7898	0.8910	0.8869	0.8256	0.8652	0.8279	0.7957	0.8652	0.8517	0.8763	0.7685	0.8263	0.8324	0.8817	0.9062	0.9043	0.8598	0.8359	0.8961	0.7866	0.8669	0.8337	0.8776	0.8360	0.8695	0.8879	0.8465	0.8366	0.8230	0.8050	0.8390	0.8557	0.8399	0.8581	0.8891	0.7762	0.9487	0.8982	0.8692	0.9891	0.8354	0.8153	0.9070	0.8297	0.8602	0.8198	0.8327
QG37_00935	0.7640	0.8260	0.7345	0.8740	1.0488	0.8991	0.7600	0.8697	0.8930	0.7877	0.8714	0.8809	0.8326	0.8880	0.9408	0.8542	0.8501	0.9255	0.7778	0.9542	0.9167	0.7662	0.7856	0.7487	0.8140	0.9304	0.7535	0.9406	0.7142	1.0388	0.7867	0.8349	0.6846	0.7782	0.9191	0.8851	0.8911	0.7470	0.7249	0.8560	0.8751	0.7402	0.9054	0.9096	0.7456	0.9885	0.6859	0.8207
QG37_00936	1.0263	0.8867	0.7108	0.9139	1.0369	0.8829	0.8444	1.1108	0.9411	1.0146	0.8419	1.0112	1.0191	0.9902	0.8282	0.7948	1.0827	0.8783	1.0438	0.8871	0.9372	0.6962	0.8937	0.9839	0.9465	0.8760	0.8190	0.7786	0.7461	0.9412	0.8327	0.9205	0.9158	0.9722	0.8746	0.9172	1.0628	0.9993	0.9590	0.9582	0.9733	0.9959	0.7676	1.0542	0.8639	0.9855	0.9328	0.9086
QG37_00937	1.0917	1.0863	1.0644	1.0832	0.9939	1.0203	1.0379	1.0590	1.0547	1.1166	1.0065	1.0125	1.0274	1.0180	1.0263	1.0478	1.0102	1.0124	1.0539	0.9628	1.0189	1.0076	1.0704	1.0687	1.0026	1.0017	1.0404	1.0148	1.0130	1.0224	1.0656	1.0022	0.9801	1.0591	1.0327	1.0016	1.0369	1.0847	1.0674	1.0272	1.0106	1.0957	1.0248	1.0361	1.0320	1.0921	1.0304	1.0187
QG37_00938	0.9935	1.0022	0.8694	0.9011	0.9398	0.9746	1.0002	1.0429	0.9838	0.9637	0.9841	0.9543	0.9203	1.0492	0.9314	0.9823	0.9584	0.9998	1.0058	0.9869	0.9814	0.9774	0.9289	0.9746	0.9813	0.9214	0.9509	0.9605	0.9726	0.9733	0.9947	0.9553	1.0016	0.9752	0.9936	0.9850	0.9567	0.9578	1.0118	1.0491	1.0415	1.0101	1.0453	1.0751	1.0018	1.0737	1.0538	1.0578
QG37_00939	0.8753	0.8617	0.9281	0.9389	0.9122	0.8907	0.8710	0.8762	1.0182	0.8670	0.8849	0.8073	0.8561	0.8391	0.8872	1.0245	0.8341	0.8060	0.8676	0.8422	0.9540	0.8543	0.9215	0.8257	0.8641	0.9185	0.7548	0.8665	0.6878	0.8172	0.9082	0.8034	0.8286	0.7467	0.7918	0.7813	0.9170	0.8250	0.8792	1.0450	0.8839	1.0006	0.9946	0.8891	0.8864	0.9654	0.8585	0.8561
QG37_00940	0.8945	0.9323	0.8502	0.9002	0.8396	0.7921	0.8031	0.9129	0.8639	0.8528	0.8479	0.9057	0.8568	0.9068	0.8877	1.0107	0.9055	0.9199	0.8868	0.9156	0.9098	0.8527	0.9292	0.8902	0.7870	0.8434	0.8516	0.7981	0.7926	0.7866	0.8879	0.7668	0.9164	0.9081	0.7748	0.9178	0.9173	0.8408	0.9240	0.8788	0.9391	0.8833	0.8294	0.9317	0.8163	0.9740	0.8951	0.9578
QG37_00941	0.9597	0.9278	0.8817	0.9185	1.0001	0.9606	0.9827	0.8723	1.0617	0.8430	0.9620	0.8876	0.8861	1.0020	1.0085	1.0505	0.8643	0.9771	1.0019	1.0873	0.9671	0.8236	0.9341	0.9567	0.9197	0.8530	1.1594	0.9117	0.8561	0.7775	0.9807	0.9737	1.0388	0.9581	1.0003	0.9856	0.9544	0.9874	0.9498	0.9838	0.9786	0.9583	1.0353	0.8449	1.0921	1.0641	1.0142	1.0429
QG37_00942	0.9188	1.0082	0.8561	0.8844	0.8034	0.8062	0.8671	0.8672	1.0274	0.9305	0.8154	0.7311	0.8415	0.9745	1.0344	0.8964	0.9238	0.9830	1.0232	0.8582	0.9073	0.9697	0.9443	0.7768	0.6698	0.8286	0.9750	0.7077	0.8453	0.7639	1.1282	0.8594	0.8638	0.8546	0.8691	1.0270	1.0295	0.9613	0.8794	0.8966	1.0336	0.9104	0.8744	0.9447	0.9863	1.0866	1.0250	1.0471
QG37_00943	0.8992	0.8946	0.8208	0.8462	0.8377	0.8148	0.8594	0.9002	0.9090	0.8044	0.8591	0.8468	0.7434	0.8892	1.0921	0.9304	0.8412	0.9586	0.9321	0.8172	0.8401	0.8875	0.9076	0.8795	0.8232	0.7832	0.8786	0.8426	0.8987	0.7799	0.9975	0.7760	0.9297	0.8848	0.9202	0.9377	0.9123	0.9075	0.9235	0.8741	0.9495	0.8895	0.8741	0.9469	0.9909	1.0047	1.0053	0.9520
QG37_00944	0.8145	0.7850	0.8035	0.8543	0.7447	0.8194	0.7655	0.8600	0.7949	0.7675	0.8404	0.8115	0.7262	0.9500	0.9003	0.8744	0.7531	0.9472	0.9423	0.7677	0.8525	0.8303	0.9059	0.8386	0.8372	0.8825	0.8020	0.8035	0.7783	0.7017	0.9035	0.8205	0.8541	0.8051	0.9018	0.8681	0.8837	0.8866	0.8442	0.8729	0.9474	0.9199	0.9795	0.8739	0.9324	0.9090	0.9238	0.9651
QG37_00945	0.8445	0.9024	0.8100	0.8056	0.7974	0.7887	0.8542	0.8183	0.9420	0.8028	0.8798	1.0249	0.9170	0.9852	1.0154	0.9706	1.0315	0.8323	0.9442	0.6674	0.9928	0.9116	0.8871	0.8962	0.9557	0.9495	0.9734	0.8647	0.8531	0.7987	0.9366	0.7947	0.7939	0.8793	0.9407	1.0145	0.9366	0.9494	0.9906	0.9971	0.8876	0.8770	0.8670	0.8583	1.0035	0.8341	0.9390	1.0500
QG37_00946	0.9100	0.9442	0.8616	0.8875	0.9089	1.0053	0.9752	0.9576	0.9978	0.8633	0.9678	0.9282	0.8044	0.9369	0.9969	0.9844	0.8866	0.9615	0.9587	0.9553	0.9151	0.8771	0.9346	0.8875	0.9403	0.9952	0.9790	0.8795	0.8522	0.8475	0.9263	0.9535	0.9591	0.9407	0.9691	0.9474	0.9642	1.0226	0.9596	0.9329	1.0154	0.9131	0.9809	1.0265	0.9614	0.8934	1.0125	1.0559
QG37_00947	0.8470	0.8915	0.8544	0.9024	0.9414	0.9710	0.8767	0.9123	0.8757	0.9288	1.1025	0.9223	0.9520	0.9963	0.9750	0.9369	0.7960	0.9534	1.1358	0.9142	0.9469	0.8867	1.0096	0.8708	1.0592	0.8716	0.9890	0.9075	0.9544	0.9400	0.9121	0.9061	0.9978	0.8815	0.9589	0.9534	0.8575	0.9277	0.8695	1.0519	0.8951	1.0086	0.9495	1.0370	1.0041	1.0501	0.7583	1.1388
QG37_00948	1.0449	0.9675	0.8010	1.0223	0.9853	0.7713	0.7944	1.0131	0.9251	0.9859	1.0379	0.7964	0.9225	1.0196	0.8559	0.8051	0.7988	1.0609	1.0324	1.0070	0.9958	0.9206	1.0943	1.0638	1.0870	0.8707	0.9190	0.9438	0.9727	0.6353	0.9507	0.9589	0.9503	0.9661	1.1052	0.9651	0.9511	0.8794	0.9161	0.9853	1.2303	0.9855	0.9562	0.8014	1.0220	1.0495	0.9364	1.0020
QG37_00949	1.0553	1.0463	0.9738	1.2849	1.0543	0.9733	1.1499	1.0206	1.1803	1.1393	1.0668	1.0494	0.9897	1.0087	1.1000	1.1746	1.0632	1.0250	1.0058	0.8183	1.2224	1.1463	1.1307	1.2165	1.2413	0.9291	1.0015	1.0880	1.0148	0.8566	1.2173	0.9749	1.0221	1.1356	1.0872	1.0412	1.0509	1.0029	0.9591	0.9621	0.9198	1.0022	0.9041	0.9354	1.0179	0.8492	0.9820	0.9374
QG37_00950	0.7946	0.8797	0.7754	0.9055	0.8245	0.8146	0.9055	0.8692	0.9449	0.9065	0.7539	0.7891	0.8795	0.9810	0.8651	0.8777	0.8582	0.9667	0.8633	0.9089	0.8342	0.9472	0.8200	1.0303	0.9671	0.8318	0.8869	0.7906	0.7374	0.8727	0.9661	0.7720	0.8864	0.8199	0.8958	0.8865	0.9158	0.9837	0.8183	0.8498	0.9671	1.0945	0.9592	0.9327	0.8956	1.0609	0.9583	0.9355
QG37_00951	0.9941	1.0852	0.8679	0.9543	0.8194	0.9258	0.9491	0.8887	0.8886	1.0033	0.8080	0.9700	0.8485	0.9936	0.9836	0.9590	0.8963	0.9441	0.8821	0.8768	0.9320	0.9530	1.0455	1.0041	0.9448	0.8917	0.9408	1.0107	0.6991	0.9266	0.9738	0.9073	0.8964	0.9182	0.8315	0.9846	1.0024	1.0098	1.0954	0.9994	0.9322	1.0268	0.8312	0.8501	1.0049	1.0483	1.0880	1.0494
QG37_00952	0.8329	0.9980	0.8699	0.7028	0.9942	0.9699	0.7536	0.9733	1.2380	1.1702	0.7092	1.0940	0.7953	0.8485	1.0040	1.0943	0.9089	0.9601	1.0445	1.0298	1.0189	0.9621	1.0674	1.0870	1.0024	1.0053	1.0462	0.9456	0.7957	0.8969	1.0857	0.9644	1.0581	0.9543	0.8403	0.9124	1.1756	1.1099	1.1493	1.0608	0.9959	1.0991	1.1100	0.8976	0.9024	1.0835	1.1589	1.1608
QG37_00953	0.9618	0.8881	0.8248	0.8424	0.8981	0.9059	0.8030	0.8263	1.0456	0.8500	0.7761	1.0737	0.7823	0.8511	0.9779	1.1363	0.8839	0.9782	0.9918	0.9300	0.9151	1.0027	0.8651	1.0731	0.8037	0.9447	1.0877	0.8421	0.7798	1.1688	1.0782	0.8139	0.9919	1.0451	1.0484	0.9878	1.1377	0.8816	0.9387	0.9470	0.9326	0.9542	0.9189	0.9327	0.8561	1.0216	0.9566	0.8397
QG37_00954	0.9967	0.8897	0.9357	0.8536	0.8017	0.7882	0.7854	0.8882	0.9891	0.7461	0.7967	0.6569	0.7349	0.7777	0.9352	1.0847	0.9937	0.9554	0.8939	0.8746	0.8461	0.9675	1.0578	0.8697	0.8450	0.8417	0.9630	0.8186	0.8488	0.7499	0.8168	0.9761	0.9198	0.7806	0.8708	0.9909	0.9548	1.0637	0.8752	0.9880	0.7904	0.9154	0.7754	1.0735	0.9071	1.3182	0.9245	1.0070
QG37_00955	0.6489	0.5902	0.6527	0.6003	0.6142	0.5435	0.6495	0.5927	0.6693	0.4919	0.5137	0.5414	0.5517	0.6908	0.6684	0.6026	0.6897	0.6123	0.5875	0.6179	0.5916	0.8261	0.8003	0.5619	0.6683	0.5740	0.5648	0.4423	0.5549	0.6102	0.6913	0.6288	0.6125	0.5815	0.6120	0.5841	0.5650	0.6806	0.5876	0.6684	0.6701	0.6437	0.6460	0.7946	0.6395	0.7943	0.6572	0.6631
QG37_00956	0.5196	0.6367	0.5294	0.4629	0.6314	0.6882	0.4587	0.6085	0.6130	0.5803	0.4810	0.6696	0.4653	0.7577	0.5984	0.6503	0.6275	0.5536	0.5710	0.4775	0.5656	0.7440	0.6815	0.5088	0.6021	0.5034	0.5653	0.6174	0.4671	0.5189	0.6132	0.6133	0.6482	0.5188	0.6090	0.7419	0.6424	0.6635	0.7252	0.6808	0.7054	0.8000	0.6282	0.8138	0.6378	0.6552	0.6728	0.7452
QG37_00957	0.7857	0.8000	0.8343	0.7666	0.8144	0.8442	0.8818	0.8447	0.8213	0.7826	0.8222	0.8108	0.8056	0.9409	0.8980	0.9715	0.8685	0.8788	0.9493	0.8238	0.9494	0.8394	0.9157	0.8294	0.9245	0.8204	0.9254	0.7999	0.7726	0.8827	0.8305	0.8741	0.9061	0.8207	0.7998	0.9140	0.9098	0.8380	0.9080	0.9143	0.8721	0.9473	0.9211	0.8239	0.9242	0.8220	0.9155	0.9876
QG37_00958	0.8623	0.8208	0.9170	0.8866	0.8296	0.8298	0.8513	1.0094	0.8512	0.8388	0.8522	0.7186	0.8848	0.9811	0.9496	0.8567	0.7811	0.8798	0.8988	0.8368	0.9854	0.9320	0.9637	0.7428	0.7724	0.8399	0.9006	0.8332	0.8071	0.9533	0.8880	0.8044	0.8794	0.8191	0.8498	0.7953	0.8583	0.8743	1.0181	0.9104	0.9109	0.8222	0.8677	0.7674	0.8250	0.8877	0.9223	0.9235
QG37_00959	0.8517	0.8096	0.9275	0.8489	0.8962	0.7687	0.8758	0.8937	0.9420	0.7741	0.8247	0.9151	0.9070	0.8943	0.8990	0.8770	0.8481	0.9364	0.9643	0.7793	0.9245	0.8715	0.9265	0.9669	0.8628	0.8724	0.8781	0.7895	0.6835	0.7711	0.9056	0.7765	1.0148	0.8087	0.9134	0.9209	0.9616	0.8522	1.0311	0.8140	0.9600	0.8915	0.9032	0.9528	0.9510	0.9669	0.9164	0.9644
QG37_00960	0.9898	0.7589	0.7379	0.9195	0.9031	0.8458	0.8794	1.0021	0.8654	0.8166	0.7388	0.8825	0.8111	0.8612	0.8588	1.0398	0.8274	0.8911	1.0414	0.8716	0.9060	0.7494	0.8665	0.7779	0.8932	0.8267	0.7633	0.8170	0.8413	1.8099	1.0520	0.8974	0.8488	0.7437	0.9428	0.9162	0.8573	0.8570	0.9669	0.8753	0.9547	1.0064	1.1518	1.0834	0.9511	0.8690	0.8634	0.8855
QG37_00961	0.9894	0.7767	0.9803	1.0000	0.9262	0.9092	0.8805	0.8556	0.8279	0.9840	1.1161	0.9639	0.8747	0.9249	1.1746	1.0088	0.8670	1.0474	0.9145	1.1047	1.1955	0.8576	0.8302	0.9998	0.9541	0.8752	0.8094	0.8772	0.8083	1.1597	1.0476	0.8260	0.8584	0.8553	0.9409	0.9325	1.0108	0.9351	0.9655	1.0077	0.9818	1.0017	0.9752	1.0581	1.0867	0.9679	0.8788	0.9037
QG37_00962	1.0183	0.9666	0.8350	0.8882	0.8708	1.0201	0.9060	0.8605	0.8554	0.9167	1.0271	0.8966	0.9345	1.0947	1.0393	1.0267	0.9146	0.9272	0.8489	0.9654	1.0247	0.9712	0.9371	1.0530	0.8371	0.8980	0.8321	0.7503	0.8869	0.8545	0.9004	0.9197	1.0035	0.8895	0.9438	0.9991	0.9398	1.0890	0.9657	0.9401	0.9887	0.9788	1.0086	1.0670	1.0461	1.0379	1.0306	1.0251
QG37_00963	0.8501	0.9216	0.9156	0.8878	0.9067	0.8705	0.9323	0.9016	0.9201	0.8469	0.8193	0.9848	0.8727	0.9708	0.9638	0.9230	0.7553	1.0486	1.0229	0.8044	1.0913	1.0010	0.8575	0.9669	0.9423	0.8988	0.9043	0.7028	0.8949	0.7223	0.9493	0.8934	0.7722	0.9317	0.8703	0.8244	0.7895	0.8939	0.8259	0.9713	0.8464	0.8438	0.8679	0.9218	0.9548	0.9069	1.0514	0.8458
QG37_00964	0.9008	0.9552	0.8854	0.8601	0.8981	0.9229	0.8859	0.8967	0.9152	0.8829	0.8725	0.8503	0.8917	0.9579	1.0010	0.9762	0.9017	0.9239	0.9668	0.8802	0.9917	0.9623	0.9515	0.9167	0.9568	0.9565	0.9593	0.9310	0.9432	0.8215	0.9661	0.9695	0.9375	0.9069	0.9742	1.0181	0.9457	0.9672	1.0722	0.9549	1.0135	0.9287	1.0084	0.9636	1.0448	0.9593	0.9886	1.0032
QG37_00965	0.9734	0.9990	0.9039	0.9734	0.9961	0.8858	0.9447	0.8839	0.9179	0.8300	0.8378	0.9127	0.9824	0.9572	1.1358	0.9032	0.9589	1.0185	1.0589	0.9389	0.8852	1.0701	1.0124	1.0672	0.9814	0.9328	1.0062	0.8946	0.8927	1.0433	0.9196	0.8821	0.9338	0.9781	0.9853	0.9536	0.9724	1.2515	1.0606	0.9185	1.0365	0.9915	1.0056	0.9154	0.9708	0.9371	0.9472	0.9870
QG37_00966	0.8835	0.8703	0.7965	0.9118	0.8672	0.8624	0.9002	0.8706	0.8483	0.8879	0.8426	0.7423	0.8701	0.9374	0.8930	0.9365	0.8714	0.8579	0.9004	0.8589	0.9693	0.8703	0.8670	0.8416	0.8315	0.8470	0.8495	0.8235	0.8259	0.7857	0.8928	0.8159	0.7802	0.8610	0.8488	0.9491	0.9011	0.8959	0.8997	0.9681	0.9704	0.9373	0.9178	0.9779	0.9699	1.0171	0.8728	0.9195
QG37_00967	0.7820	0.8257	0.7970	0.8097	0.8176	0.8923	0.8253	0.8345	0.8411	0.7544	0.7874	0.7944	0.7341	0.8936	0.8630	0.8691	0.8385	0.8209	0.8870	0.8145	0.8516	0.8227	0.8334	0.8814	0.8326	0.7895	0.7581	0.7118	0.6923	0.7636	0.8008	0.7977	0.7795	0.8593	0.8808	0.8249	0.8076	0.8789	0.8649	0.8880	0.8954	0.8982	0.8701	0.8990	0.8555	0.7938	0.8460	0.9106
QG37_00968	0.8142	0.8438	0.9110	1.0305	0.8393	0.9261	0.8535	0.8625	0.8344	0.8384	0.9171	0.8272	0.8121	0.8921	0.8934	0.9518	0.7910	0.9239	0.8612	0.8589	0.9193	0.8892	0.8893	0.8977	0.9022	0.8616	0.8618	0.8643	0.8264	0.6402	0.9439	0.8286	0.8918	0.8858	0.8202	0.8160	0.9372	0.9441	0.7744	0.8829	0.8946	0.8858	0.9203	0.9901	0.9016	0.9423	0.9902	0.9045
QG37_00969	0.8442	0.9199	0.7492	0.7960	0.8268	0.7820	0.7814	0.8121	0.8361	0.7997	0.7612	0.8137	0.7939	0.9573	0.9129	0.8746	0.8221	0.8056	0.8922	0.7287	0.8684	0.9157	0.9176	0.8238	0.9293	0.8640	0.7714	0.8478	0.7544	0.6805	0.8836	0.7698	0.7896	0.9131	0.8948	0.8762	0.9432	1.0187	0.8053	0.9363	0.8882	0.9142	0.9235	1.0234	0.9155	1.0444	1.0355	0.9504
QG37_00970	0.9134	0.8701	0.8470	0.8720	0.9767	0.8535	0.9405	0.8757	0.8737	0.7986	0.9330	0.9596	0.8712	0.9817	0.9821	0.8781	0.8774	0.9113	0.8646	0.8771	0.9573	0.8090	0.8758	0.9585	0.9824	0.9173	0.9780	0.7581	0.8367	0.6181	0.8937	0.7912	0.9759	0.9163	0.9100	0.9577	0.8937	0.9554	0.9067	1.0729	0.9618	1.0256	0.9219	1.0336	1.0025	1.0320	0.8721	0.9883
QG37_00971	0.8456	0.9279	0.8747	0.8969	0.9323	0.9346	0.8881	0.8977	0.8809	0.8495	0.8260	0.9142	0.8930	0.9294	0.9389	0.8536	0.9211	0.9319	0.9286	0.8481	0.9688	0.9213	0.9296	1.0089	0.9636	0.8610	0.8653	0.7720	0.8707	0.8903	0.8909	0.9116	0.9350	0.9106	0.9524	0.9443	0.9313	0.9177	0.9322	0.9435	0.9205	0.9323	0.9384	0.9282	0.9853	0.9979	0.9790	0.9656
QG37_00972	0.7865	0.8161	0.7997	0.9429	0.8730	0.8836	0.8270	0.8978	0.8631	0.8600	0.7749	0.8276	0.7014	0.8558	0.9173	0.8648	0.8194	0.8939	0.8460	0.7601	0.8606	0.7667	0.8462	0.8894	0.9128	0.8479	0.8590	0.7744	0.7493	0.6269	0.8164	0.7102	0.7954	0.7848	0.8910	0.8506	0.7823	0.9078	0.8675	0.8397	0.9269	0.9147	0.8594	0.9287	0.7783	0.8260	0.8740	0.8024
QG37_00973	0.8616	0.9182	0.6857	0.8423	0.8235	0.9550	0.9097	0.9344	1.0418	0.8483	0.7805	1.0030	0.9019	0.9564	0.9019	0.8776	0.9204	0.8718	1.0133	0.8566	1.1051	0.8669	0.9136	0.9070	0.8690	0.8981	0.9591	1.0839	0.7464	0.9873	0.8894	1.0126	0.9679	0.8198	1.1134	0.9461	1.0102	0.8738	0.8773	1.0250	0.8994	0.9441	1.1026	0.9906	0.8883	0.8121	1.1172	1.1032
QG37_00974	0.8107	0.8639	0.8144	0.8296	0.8348	0.8765	0.7880	0.8910	0.9225	0.8279	0.8235	0.8751	0.8079	0.9043	0.9261	0.9844	0.8468	0.8191	0.8061	0.8151	0.9062	0.8772	0.8929	0.8550	0.9173	0.7434	0.9031	0.8546	0.8084	0.8648	0.8967	0.7876	0.8442	0.8147	0.9221	0.9447	0.8960	0.9091	1.0815	0.8403	0.8211	0.9155	0.8170	0.8819	0.7677	0.8412	0.9077	0.9024
