GENE	CDC_B11096	CDC_B11097	CDC_B11098	CDC_B11099	CDC_B11101	CDC_B11102	CDC_B11103	CDC_B11105	CDC_B11112	CDC_B11113	CDC_B11114	CDC_B11115	CDC_B11116	CDC_B11117	CDC_B11118	CDC_B11119	CDC_B11200	CDC_B11201	CDC_B11205	CDC_B11206	CDC_B11207	CDC_B11208	CDC_B11209	CDC_B11210	CDC_B11212	CDC_B11213	CDC_B11214	CDC_B11215	CDC_B11216	CDC_B11217	CDC_B11218	CDC_B11219	CDC_B11220	CDC_B11221	CDC_B11222	CDC_B11223	CDC_B11224	CDC_B11225	CDC_B11226	CDC_B11227	CDC_B11228	CDC_B11229	CDC_B11230	CDC_B11243	CDC_B11244	CDC_B11245	CDC_B11246	CDC_B11247
QG37_07313	1.2708	1.2795	1.2388	1.2205	1.1461	1.1313	1.0704	1.0356	1.0398	1.0856	1.0820	1.1358	1.1716	1.0562	1.1138	1.0674	1.0826	1.1318	1.1348	1.1874	1.0528	1.0352	1.0207	1.1652	1.0626	1.1356	1.2000	1.2101	1.2753	1.0912	1.0502	1.1396	1.1747	1.0664	1.1630	1.0453	1.1414	1.0200	1.1156	1.0147	1.1751	1.0378	0.9690	1.0919	1.1227	1.0931	1.1647	1.1876
QG37_07314	1.1514	1.1671	1.1983	1.1727	1.1436	1.1416	1.0333	1.1685	1.0391	1.0672	1.2812	1.0986	1.0411	1.0660	0.9892	0.9509	1.0992	1.0779	1.0739	1.1250	1.0594	1.0750	1.0494	0.9739	0.9828	0.9845	1.1527	1.1278	1.0517	1.1018	1.1198	1.0879	1.0536	1.1641	1.0234	1.0331	1.1378	1.0209	1.1620	0.9895	1.1179	1.0543	1.0656	1.0011	1.1770	1.0492	0.9921	1.0896
QG37_07315	1.2571	1.1097	1.1480	0.9970	1.2352	1.1682	1.1959	1.0555	1.1778	1.1934	1.1139	1.1718	1.1846	1.0196	1.1116	0.9894	1.0871	1.1841	1.1516	1.1062	1.0344	1.2089	1.0253	1.1095	1.1564	1.1599	1.2102	1.1218	1.1129	1.1300	1.0842	1.1825	1.1712	1.2228	1.1508	0.9798	1.2412	1.2020	1.0737	1.1406	1.1220	1.2074	1.1484	1.1187	1.1400	1.1317	1.0747	1.2082
QG37_07316	1.1931	1.1371	1.2205	1.0155	1.0643	0.9532	1.0003	1.0777	1.0169	1.2461	1.0632	1.2572	1.1075	1.0046	0.8933	0.9956	1.0331	0.9865	0.9731	1.0686	0.9844	0.9759	1.1208	1.1497	1.1602	1.0853	1.0349	1.1407	1.0563	1.0900	1.2752	1.0657	1.0882	1.1001	1.0536	0.8801	1.0777	1.0804	0.9813	1.0171	1.0843	1.0859	1.0401	1.0383	1.0845	1.1848	1.0669	1.1421
QG37_07317	1.0315	1.0841	1.0862	1.0511	0.9750	1.0063	1.0187	0.9889	0.9625	0.9418	1.0305	0.9619	1.0749	0.9754	1.0061	1.0945	0.9424	0.9843	0.9460	1.0648	1.0057	1.0064	0.9344	1.0019	1.0051	0.9996	0.9757	1.0438	0.9758	0.9533	0.8765	0.9686	1.1274	0.9656	0.9593	1.0463	1.0081	0.9875	1.0778	0.9631	1.0426	0.9532	0.9396	1.0056	1.0916	1.0251	0.9649	1.0701
QG37_07318	1.1092	0.9990	0.9847	0.8177	0.9580	0.8986	0.9648	0.9119	0.9285	0.8658	0.8688	0.8493	0.9476	0.8251	0.9158	0.8549	0.8294	0.8732	0.9359	0.8837	0.8101	0.9823	0.9332	0.8891	0.8851	0.9120	0.9501	0.8564	1.0439	0.7733	0.8879	0.9314	1.0511	0.8034	0.9100	0.9185	0.9344	0.8967	0.8667	0.8986	0.8916	0.8187	0.8288	0.8001	0.9722	0.8863	0.9754	0.9142
QG37_07319	0.1819	0.5495	0.5783	0.3953	0.4656	0.5596	0.5726	0.5707	0.5558	0.5439	0.6331	0.5857	0.5589	0.4599	0.5077	0.5288	0.5837	0.4367	0.5483	0.5215	0.5094	0.5331	0.5297	0.4941	0.4760	0.6206	0.4980	0.5186	0.4843	0.4795	0.4656	0.5407	0.8411	0.5148	0.5794	0.5169	0.5505	0.5597	0.4598	0.6308	0.5064	0.5757	0.4923	0.5928	0.6513	0.4746	0.5950	0.5702
QG37_07320	0.7314	0.9272	0.8326	0.8446	0.8014	0.9996	0.7772	0.8924	0.8204	0.8408	0.8403	0.8563	0.7639	0.9160	0.8317	0.8345	0.7380	0.7297	0.7996	0.8035	0.6427	0.8379	0.7858	0.9104	0.8616	0.7819	0.9496	0.8204	0.7427	0.7481	0.7712	0.6916	1.1027	0.8900	0.9637	0.8418	0.9215	0.9814	0.6686	0.8536	0.7568	0.7076	0.6591	0.7089	0.6217	0.8726	0.6893	0.7204
QG37_07321	1.1147	1.0225	1.0452	1.0110	1.0046	0.9787	1.0151	1.0079	1.0485	1.0355	1.0512	1.0693	1.0438	0.9393	1.0405	0.9930	0.9787	1.0151	1.0054	1.0263	0.9704	0.9781	1.0363	0.9764	1.0052	0.9988	0.9452	1.0089	1.0034	0.8878	1.0266	1.0425	1.0389	0.9983	0.9276	1.0800	0.9686	1.0086	1.1439	1.0071	0.9952	0.9746	1.1038	1.0227	0.9626	1.0382	0.9783	0.9962
QG37_07322	1.1528	1.0912	1.1058	1.0059	1.0800	1.1201	1.0006	1.1485	1.0979	1.0871	1.0691	1.3020	1.0670	1.1007	1.0447	1.0657	1.0463	1.0278	1.0773	1.2271	1.1468	1.0289	1.0672	1.1120	1.0961	1.1555	1.1024	1.1019	1.1732	0.8354	1.0696	1.0282	1.1205	0.9689	1.0553	1.1209	1.0542	0.9812	1.0162	1.0851	1.0985	1.1063	0.9539	1.0425	1.0269	1.1073	1.0404	1.0441
QG37_07323	0.9358	0.9790	0.9544	0.8243	0.8990	1.0426	1.0221	0.8998	0.9831	1.0216	1.0128	0.9093	0.9178	0.8862	0.8479	0.9547	0.9419	0.7831	0.8730	0.9386	0.9239	1.0611	0.9538	0.8843	0.9781	0.9786	1.0714	0.9272	0.9812	1.0406	1.1668	0.9841	0.9619	1.0172	0.8226	0.8117	0.8983	0.8180	1.0492	0.8254	0.7845	0.9703	0.9425	0.7443	0.9337	1.0368	0.9636	0.6932
QG37_07324	0.9561	0.5676	0.5266	0.3854	0.5574	0.6306	0.4998	0.6467	0.6220	0.6130	0.5783	0.6243	0.5101	0.4907	0.5287	0.6437	0.5107	0.5293	0.5308	0.5892	0.5187	0.6167	0.5205	0.5134	0.6935	0.5355	0.6198	0.6552	0.5443	0.5214	0.4901	0.5289	0.5749	0.7415	0.6034	0.5858	0.6346	0.6569	0.5197	0.6150	0.5954	0.7200	0.7775	0.5432	0.6331	0.6144	0.5342	0.6867
QG37_07325	1.1610	1.1783	1.0855	0.9931	1.1201	1.1011	1.0544	1.1143	1.0467	1.2179	1.1300	1.2282	1.1249	0.9747	1.0990	1.0088	1.0326	1.0657	1.0822	1.0982	1.0673	1.0489	1.0385	1.0868	1.1345	1.1500	1.0581	1.1313	1.1639	1.1343	0.9654	1.0495	1.1406	1.0803	0.9880	0.9728	1.0927	1.0563	1.1376	1.0414	1.1084	1.0423	1.0952	1.0063	1.0324	1.1088	1.0150	1.0618
QG37_07326	1.1039	1.0250	0.9253	0.9119	0.9796	1.0581	0.9101	0.8825	0.8835	0.9851	0.9874	0.9606	0.9098	0.8764	0.9399	0.9340	0.8146	0.8268	0.8758	0.9843	0.9106	0.8140	0.9651	0.9310	1.0400	0.9878	0.9911	1.0433	1.0282	0.9057	0.8980	0.7892	0.9265	0.8589	0.8412	0.8358	0.8966	0.8941	0.9545	0.7995	1.0514	0.9246	1.0104	0.9302	0.9259	0.9522	0.9239	0.8860
QG37_07327	0.6498	0.3474	0.4788	0.3817	0.4801	0.5305	0.4321	0.4732	0.4294	0.4832	0.4153	0.4566	0.4504	0.4419	0.4057	0.4368	0.4671	0.3834	0.3915	0.3683	0.3824	0.4398	0.4297	0.3278	0.4071	0.5081	0.3822	0.4839	0.4162	0.5571	0.4077	0.4064	0.3666	0.4463	0.4053	0.4521	0.4298	0.4013	0.4838	0.3808	0.4653	0.3865	0.3941	0.3577	0.5191	0.5044	0.5718	0.5886
QG37_07328	0.9224	1.0240	1.0602	1.0738	1.0025	1.1258	1.0217	1.0188	1.0859	1.1713	1.0647	0.9986	1.0543	1.0442	0.9310	0.9884	1.0663	1.0157	0.8802	1.0004	1.0020	0.9718	1.0635	1.0379	1.0836	1.0256	0.8810	1.0084	1.0077	0.9521	0.9018	1.0199	0.9487	1.0752	0.9237	1.0730	1.0727	0.9552	0.9598	1.0147	1.0796	0.9059	0.9194	0.8911	1.0856	1.0847	0.9761	1.0881
QG37_07329	1.2011	1.1789	1.1257	0.9922	1.1322	1.1093	1.1757	1.1960	1.1133	1.2121	1.2255	1.1562	1.2651	1.0616	1.0246	1.1022	1.1327	1.0290	1.1090	1.0996	1.0929	1.1263	1.0226	1.1057	1.1453	1.1673	1.1866	1.2065	1.1099	1.0061	1.0070	1.1265	1.1175	1.1444	1.0956	1.1803	1.0896	1.0327	1.0889	1.0993	1.0956	1.1732	1.0666	1.0334	1.1556	1.1125	1.1748	1.1102
QG37_07330	1.2106	1.1542	1.0304	1.1050	1.0486	1.0764	1.0840	1.0914	1.0514	1.0507	1.0631	1.0075	1.1001	0.9225	1.1082	1.0020	1.0863	0.9891	1.0802	1.0593	1.0611	1.0845	1.0413	1.0406	1.0621	1.1092	1.0658	1.0662	1.0097	1.1582	0.9733	1.0308	1.0951	1.0387	1.0526	1.0805	0.9964	0.9509	0.9381	1.0304	1.1156	1.0372	0.9580	1.0413	1.1032	0.9840	1.0285	1.0070
QG37_07331	1.2545	1.1123	1.2705	1.1123	1.0716	1.2199	1.1576	1.1235	1.1412	1.2274	1.1027	1.0961	1.1148	1.0820	1.1423	1.1503	1.1637	1.0197	1.0738	1.1698	1.0408	1.1239	1.0985	0.9494	0.9994	1.0125	1.0974	1.1478	1.0980	1.0855	1.1104	1.1294	1.0322	1.0474	1.1007	1.1313	1.1012	1.0600	1.0820	1.1054	1.1936	1.1420	0.9671	1.1218	1.1955	0.9843	1.2078	1.0217
QG37_07332	1.1682	1.1056	1.1447	1.0577	1.1860	1.1698	1.1257	1.0824	1.1341	1.1961	1.1417	1.1353	1.1820	0.9887	1.0713	1.0740	1.0947	1.0382	1.0036	1.1730	1.0612	1.0893	1.0235	1.0861	1.0496	1.1368	1.0350	1.1687	1.1794	1.0303	1.0055	1.0738	1.0836	1.1051	1.0761	1.0487	1.1176	1.0009	1.0961	1.0266	1.1363	1.1576	0.9953	1.1045	1.0354	1.0117	1.0029	0.9822
QG37_07333	1.2479	1.2081	1.0862	1.0321	1.1394	1.0788	1.1964	1.0778	1.1008	0.9447	1.1128	1.0574	1.0337	0.8839	0.9553	1.0020	1.2241	0.9919	1.1001	1.0651	1.1213	1.0293	0.9818	1.0594	1.0581	1.0897	1.0489	1.1540	1.0445	1.0270	0.9379	1.0282	1.0097	1.0499	1.0564	1.0956	1.2318	1.0046	1.1270	1.1240	1.1751	1.1549	1.1187	0.9670	0.9884	1.0187	1.0302	0.9971
QG37_07334	1.0250	1.0129	1.0050	0.9528	1.0093	1.0288	1.0102	0.9528	1.0612	1.0813	0.9997	1.0252	0.9940	1.0379	1.0049	0.9397	0.9942	1.0001	0.9377	1.0896	1.0272	1.0392	0.8404	0.9148	1.0183	0.9694	1.0217	1.0206	0.9547	0.8985	0.9422	0.8846	0.9406	1.0090	1.0169	0.9962	0.9734	0.9579	1.0750	0.9183	1.0704	0.9512	0.9063	0.9663	0.9514	1.0561	0.9917	0.9346
QG37_07335	1.1288	1.0510	1.0600	1.1436	1.0662	1.0443	1.1454	1.0315	0.9379	0.9248	1.0483	1.0470	1.0985	0.9739	0.9300	0.9809	0.9732	0.9891	0.9940	1.1278	1.0183	1.0422	0.9898	0.9648	0.9550	1.0351	1.0349	1.0416	1.0243	0.9094	1.0902	0.8821	1.0018	0.9890	1.0184	1.0428	1.0106	1.0719	0.9091	0.8902	1.0813	1.0362	0.8960	1.1126	1.0903	1.0648	0.9570	1.0100
QG37_07336	1.0983	0.9399	0.8888	1.0042	0.9984	0.9328	1.0086	0.9948	1.0296	0.9584	1.0526	0.9277	1.0474	0.8770	0.9835	0.9860	0.9416	0.8861	0.8812	0.9723	0.9511	0.9944	0.9240	0.9532	0.9067	0.9622	0.8923	0.9851	0.9098	0.8030	0.8330	0.9247	0.9980	1.0229	0.9056	1.1038	0.9273	1.0123	0.9494	1.0497	1.0536	0.9712	0.9219	1.0694	0.9139	0.9531	0.9154	1.0577
QG37_07337	1.1922	1.2239	1.0828	1.1881	1.1206	1.1759	1.1127	1.1227	1.0383	1.1236	1.1006	1.0672	1.2091	1.2330	1.0744	1.1787	1.1403	1.1298	1.1960	1.1152	1.1313	1.0853	1.0654	1.0444	1.0473	1.1122	1.1124	1.0817	1.0899	1.2522	1.0920	1.0429	1.0120	1.2301	1.0056	0.9957	1.1880	1.1422	1.0714	1.1129	1.0837	1.2118	1.0877	1.0343	1.1258	1.1515	1.0687	1.0518
QG37_07338	1.1752	1.1452	1.0576	1.1187	1.1152	1.0930	1.1309	1.0291	1.1128	1.0948	1.1636	1.0944	1.1574	1.0722	1.0244	1.0759	1.0903	1.0684	1.0966	1.1123	1.0682	1.0056	1.0537	1.0311	1.1194	1.1171	1.1307	1.1382	1.0758	1.0324	1.1214	1.0735	1.0783	1.1553	1.0687	1.0428	1.1167	1.0425	1.1107	1.0964	1.1868	1.1177	1.1046	1.1131	1.0809	1.0563	1.1094	1.1767
QG37_07339	1.2274	1.1106	1.0007	1.0461	1.0175	0.9977	1.0169	0.9793	0.9483	1.0272	1.0079	0.8391	0.9193	0.9412	1.0193	0.9468	1.0047	1.0028	0.8927	0.9903	1.0904	1.0300	0.9932	1.0304	1.0645	1.0291	0.9326	1.1288	0.9705	1.2140	1.1847	0.9759	0.8925	0.9475	0.9819	0.9530	0.9546	0.9223	1.0796	0.9159	1.0929	1.0656	1.0027	0.9909	1.0922	0.9745	0.9576	1.1010
QG37_07340	0.9971	1.1470	1.0186	1.1598	1.0591	1.1234	1.0206	1.0826	1.1016	0.9643	1.0185	1.0953	1.0748	0.9624	0.9929	1.0942	1.0815	1.0415	1.0839	1.0340	1.0461	1.0640	0.9852	1.0138	1.0000	1.0215	1.0017	1.0658	1.0052	0.9791	0.8874	0.9564	1.0751	1.0389	1.1110	1.0101	0.9546	1.0539	1.0594	0.9971	1.1944	0.9475	1.0478	0.9966	1.0888	1.0839	0.9584	1.0133
QG37_07341	0.7144	0.5814	0.5723	0.5307	0.5336	0.6635	0.7050	0.6602	0.6102	0.5777	0.6639	0.6256	0.6416	0.6345	0.6178	0.5736	0.6180	0.6207	0.5843	0.6440	0.6467	0.6466	0.6221	0.5636	0.6130	0.5928	0.6522	0.5674	0.5577	0.5405	0.5471	0.5235	0.7786	0.6446	0.6093	0.6494	0.6256	0.5718	0.5626	0.6937	0.5562	0.5712	0.7059	0.6831	0.6024	0.6864	0.6815	0.6129
QG37_07342	0.7729	0.7795	0.7676	0.8159	0.8042	0.8606	0.7650	0.8182	0.8224	0.7475	0.7788	0.8474	0.9977	0.7400	0.6306	0.6946	0.7614	0.7476	0.9068	0.7111	0.6942	0.8935	0.8121	0.7283	0.7300	0.7976	0.8712	0.8133	0.7694	0.6087	0.9029	0.9047	0.6267	0.7438	0.8207	0.9666	0.7676	0.8087	0.8721	0.7736	0.8086	0.9405	0.8173	0.5795	0.8521	0.6369	0.8134	0.7001
QG37_07343	0.9127	0.9430	0.9264	0.8128	0.8886	0.9170	0.9209	0.9997	0.9126	0.9643	0.9252	0.9872	1.0092	0.9592	0.8871	0.9856	0.9245	0.8349	0.9732	0.9903	0.9078	0.9837	1.0096	0.9670	0.9179	0.9334	0.9325	0.9124	0.8931	0.8015	0.8545	0.8949	0.9782	0.9650	0.9824	0.9175	0.9287	0.9684	0.9665	0.8749	0.9984	1.0005	0.9176	0.9437	0.8663	0.8868	0.9340	0.8941
QG37_07344	0.9932	0.9767	1.0610	0.9324	0.9968	1.0133	1.0193	1.0526	1.0129	1.0485	0.9690	1.0040	1.0295	0.9355	0.9935	0.9621	0.8707	0.9714	0.9245	0.9153	0.9620	0.9648	0.9979	0.9342	0.9349	0.9826	0.9084	0.9538	0.9268	0.8900	0.8990	0.9686	0.9876	0.9222	0.8861	1.0034	0.9528	1.0032	0.9925	1.0375	0.9171	1.0549	0.8914	1.0392	1.0620	1.0587	0.9644	1.0734
QG37_07345	0.9946	0.9420	0.9831	1.0035	0.8856	0.8403	0.9508	1.0262	0.9609	0.8581	0.8911	0.8047	1.0142	1.0339	0.9400	1.0034	0.8375	0.8745	0.8842	0.9794	1.0371	0.8910	0.8903	0.8837	0.9618	0.8180	0.8735	0.8657	0.8826	0.6617	0.8923	0.8192	1.0407	0.8716	0.9521	0.9168	0.9726	0.9095	1.0130	0.9185	0.8960	1.0217	0.7863	0.8723	0.8340	0.9005	0.8730	0.9462
QG37_07346	0.9490	1.1267	1.1711	1.1637	1.1066	0.9607	1.1401	1.1463	1.2263	1.1261	0.9641	0.9341	1.1148	1.0037	1.0843	0.9868	1.1575	1.2245	1.1111	1.0734	1.0369	1.1425	1.0430	0.9301	1.0699	1.0425	1.0928	1.1648	1.0849	1.5480	1.2154	1.1489	1.1099	0.9586	1.0688	1.1695	1.1665	1.0252	1.0579	1.1140	1.1893	1.3492	1.0373	0.8695	1.1594	0.9775	1.0843	1.1861
QG37_07347	1.0777	0.9008	1.0701	0.9721	1.0647	0.9908	1.0258	0.9846	1.0694	0.9938	1.0246	0.9925	1.0771	1.0029	1.0233	0.9699	1.0211	1.0526	1.0351	1.0808	1.0357	1.0296	1.0831	1.0088	1.0479	0.9388	1.0078	0.9732	1.0220	0.8312	1.0961	1.0481	1.0684	0.9841	1.0434	0.9528	1.0120	1.0387	1.0485	0.9191	1.1017	1.0534	0.9037	0.9685	1.0188	1.0453	0.9286	0.9858
QG37_07348	1.0244	1.0750	0.9885	0.9181	0.9326	1.0108	1.0134	1.0074	1.0290	1.0239	1.0025	1.0015	1.0345	1.0369	0.9745	1.0437	1.0590	1.0218	1.0522	0.9993	1.0567	0.9229	0.9679	1.0613	0.9419	0.9085	1.0821	0.9925	0.9412	0.9442	0.9836	1.0181	1.0888	1.0046	0.9643	0.9955	1.0410	1.0762	1.0385	1.0318	1.0464	0.9921	1.0268	0.9779	0.9615	1.0864	0.9985	0.9891
QG37_07349	0.9600	1.0641	1.1722	0.9868	1.0491	0.9547	1.0889	1.1218	1.0415	0.9367	0.9884	0.9505	0.8633	0.9714	1.0776	1.0239	0.9344	0.8984	1.0273	1.0030	1.1159	0.9416	0.9423	1.0464	1.1208	0.8461	1.1181	0.9980	1.1502	2.2828	1.4267	1.0914	1.1253	1.0655	1.1489	1.3169	1.1018	1.1026	1.0400	1.1106	1.1866	1.0473	1.0305	0.9710	1.0652	1.0171	1.0329	0.9201
QG37_07350	0.8888	0.9078	0.8847	0.8832	1.1816	0.9966	1.1053	1.1705	1.0662	1.0203	1.0090	1.1234	0.9626	1.1203	0.9802	0.9102	0.9043	1.0454	1.0708	0.8768	1.0776	0.9558	0.9424	1.1156	1.1295	0.7576	0.9880	1.0891	0.9886	1.6696	1.4100	1.1739	0.9206	1.0408	0.9515	0.9829	0.8952	1.1268	1.0150	0.9677	1.0045	1.1563	0.9411	0.8220	1.0814	0.9874	1.1282	1.0692
QG37_07351	1.0146	1.0743	1.0489	0.9409	1.0351	0.9783	0.9699	1.0475	0.9994	0.9323	1.0395	0.9989	0.9641	1.0989	1.0838	0.9206	0.9700	1.0220	1.0155	0.9765	0.9292	0.9743	0.9579	1.0705	0.9696	1.0463	1.0462	1.0918	1.1106	0.8442	1.0206	1.0639	1.0472	1.0150	1.0265	0.9368	1.0329	0.9411	0.9253	0.9313	1.0590	0.9460	0.9752	1.1038	1.0850	1.0029	1.1173	1.0217
QG37_07352	1.0263	1.0684	0.9886	1.0136	1.0513	0.9787	0.9800	0.9597	1.0812	1.0345	1.0532	1.0170	0.9619	1.0479	0.9839	1.0469	0.9408	1.0542	1.0230	0.9813	0.9866	1.0791	1.0238	1.0537	1.0827	0.9794	1.0604	0.9715	1.0105	0.9679	0.9635	1.0635	1.0652	1.0923	1.1357	1.0867	1.0460	1.0504	1.1232	1.0702	1.0715	1.0754	1.0145	0.9567	1.0215	1.0365	1.0945	1.0703
QG37_07353	1.0093	0.9262	0.8871	1.1416	1.1272	1.0636	0.9927	0.9507	1.1586	0.9811	1.0016	1.1323	0.9336	1.0640	1.1862	1.0651	1.0469	1.0920	1.0127	0.9792	1.0254	1.1529	1.0688	1.1023	1.0465	1.0787	1.0754	0.9748	0.9276	1.2373	0.9888	0.9611	1.0996	1.1349	1.1080	0.9646	1.1562	1.0721	1.2830	1.0472	1.0384	1.0587	1.0526	1.1387	1.0251	1.1787	1.1410	1.2224
QG37_07354	0.9835	0.9467	0.9052	0.9939	0.9265	1.0747	0.9692	1.0127	0.9400	1.0292	0.8650	0.9936	0.7566	0.8198	0.8835	1.1235	0.9778	1.0665	0.8587	0.9438	0.9576	0.8464	1.0049	1.0154	0.8971	0.9181	1.1146	0.9103	0.9660	0.8518	1.0469	1.1326	0.9225	1.1039	1.0189	1.0261	0.9684	1.0796	1.1498	0.9183	0.9124	0.8923	0.9546	1.0933	0.8062	0.9393	0.9692	1.0309
QG37_07355	1.1166	1.1830	0.9872	0.8999	1.0402	1.0445	1.0105	0.9790	1.1428	1.0450	0.9148	1.0428	0.9703	1.0513	1.0434	0.8056	0.9940	1.0075	1.1558	1.0788	1.0258	1.0145	1.0093	0.9072	1.0704	1.2039	1.0031	0.9435	1.0595	1.2895	1.1854	1.0675	1.0584	0.9366	1.0048	0.9815	1.1303	1.0639	1.3264	1.0463	0.9416	0.9819	0.9826	0.9961	1.0052	1.0797	1.1224	0.9311
QG37_07356	0.8799	0.9803	0.9134	0.8120	0.8673	0.8831	0.8875	0.9557	1.1642	0.7807	0.8655	0.9371	0.9404	0.8972	1.0031	1.0424	0.9217	1.0605	1.0768	0.9515	1.0145	0.9270	0.9724	0.9668	0.8643	0.8754	0.8891	0.9039	0.7963	0.8769	0.8031	0.7878	0.8989	0.8612	0.9190	0.8491	0.9152	0.9547	0.9759	0.9909	0.9918	0.9686	0.9624	0.8252	0.8301	0.9908	0.8334	0.8522
QG37_07357	0.8773	0.8679	0.8441	1.0325	0.8115	0.7877	0.8466	0.8788	0.8741	0.7474	0.8803	0.7450	0.7604	0.9457	0.8449	0.9404	0.9613	0.9164	0.9792	0.8800	0.9371	0.9602	0.9385	0.9935	0.8543	0.8939	0.9271	0.8669	0.8602	0.9154	0.8791	0.9368	0.8737	0.8739	0.9450	0.9393	0.8503	0.8549	0.8225	0.9812	0.8205	0.9402	0.9033	0.9036	0.8765	1.0380	0.8966	0.9029
QG37_07358	0.8729	0.7480	0.8286	0.8681	0.7632	0.8658	0.8528	0.7891	0.9223	0.7819	0.8451	0.8119	0.7961	0.9435	0.7395	0.8825	0.8751	0.9319	0.8588	0.8359	0.9066	0.7923	0.8054	0.9875	0.9149	0.7861	0.8337	0.8978	0.8332	0.8524	0.8347	0.8429	0.8139	0.8686	0.8777	0.8214	0.8694	0.9181	0.9407	0.8507	0.8521	0.8808	0.7825	0.9262	0.8603	0.8770	0.9405	0.7958
QG37_07359	1.0521	0.9846	0.9172	0.9623	1.0065	0.9120	0.8107	0.8342	0.9785	0.9546	0.8851	0.9009	0.9000	0.9221	0.8285	0.9066	0.9335	0.8897	0.9735	0.9038	0.9075	0.8983	0.9169	0.9531	0.8701	0.9076	0.9543	0.8561	0.9239	0.8618	0.9847	0.8569	0.8968	0.9153	0.9925	0.9714	0.9464	0.9591	0.9302	0.9155	0.9280	0.9574	0.8503	1.0570	0.9226	1.0316	0.9881	0.9489
QG37_07360	0.8645	0.7351	0.7865	0.9346	0.9088	0.8076	0.9418	0.8300	0.8787	0.7955	0.7931	0.8741	0.8867	0.7706	0.8197	0.8551	0.8409	0.9302	0.8918	0.8031	0.9122	0.8431	0.8954	0.8866	0.8941	0.8201	0.8360	0.8257	0.7398	0.8400	0.8548	0.7772	0.8639	0.8885	0.9115	0.8523	0.8341	0.9439	0.8497	0.8869	0.8599	0.9063	0.8314	0.8728	0.9167	0.9515	0.9305	0.9565
QG37_07361	0.9003	0.8430	0.9601	0.9699	0.9759	0.8429	1.0265	1.0090	0.8224	1.0381	1.0419	1.0069	0.9116	0.8859	1.0117	1.0126	0.7949	0.8998	0.9259	0.9126	1.0109	0.8134	0.8923	0.8208	0.8752	0.8833	0.8922	0.9380	0.7713	0.7614	0.8325	0.7782	1.0218	0.9814	1.0635	1.0570	0.9741	0.9404	1.0460	1.0732	0.8571	0.9057	1.0551	1.0798	1.0450	0.9533	1.0066	1.1262
QG37_07362	1.0728	1.0469	0.9981	0.8745	1.0056	1.0642	0.9916	0.9287	1.0213	1.0561	0.7607	1.0351	0.8443	1.1833	1.1501	0.9969	0.9886	0.9708	0.9353	1.1307	1.0636	0.9668	1.0333	1.1908	0.9488	1.0929	1.0367	0.9496	0.8813	0.9415	1.1336	0.9643	1.0331	1.1198	0.9119	1.0672	0.8861	1.0141	0.8585	1.0746	1.1296	1.0254	1.0221	1.1118	1.0741	1.1098	0.9118	0.9360
QG37_07363	0.9335	0.9449	0.9151	0.9670	0.9743	0.8945	0.9195	1.0386	0.9699	0.8478	0.9229	0.9066	0.9420	0.8942	0.9265	1.0220	0.9154	0.9331	0.9732	0.9000	0.9269	0.9723	0.9799	0.9250	0.9593	0.9309	0.9179	0.8477	0.8938	0.7827	0.9576	0.9478	0.9490	0.9889	1.0130	0.9962	0.9840	0.9798	0.9563	0.9991	0.9544	0.9793	0.9966	0.9818	1.0245	1.0597	1.0208	1.0103
QG37_07364	0.8943	0.8337	0.9069	0.9241	0.9097	1.0413	0.7940	0.8718	0.9099	0.7490	0.9682	0.9474	0.9284	0.8379	1.1555	1.0334	0.8794	0.9270	0.8383	0.9729	0.8616	0.9028	0.9198	0.9313	0.9974	0.8829	0.9339	0.8570	0.8746	0.8530	0.8801	0.8642	0.7332	1.0485	0.9065	1.0522	0.9374	0.9711	0.9929	0.8600	0.8551	0.9356	0.9202	0.9518	0.8250	0.8160	0.9009	0.8130
QG37_07365	0.8663	0.7763	0.9484	0.9295	0.8203	0.7583	0.8993	0.8620	0.8459	0.7412	0.8897	0.7689	0.8523	0.8406	0.8837	0.8911	0.8774	0.9397	0.9516	0.9132	0.9245	0.8458	0.9241	0.7857	0.9299	0.9477	0.8954	0.7642	0.8601	0.6957	0.8130	0.8173	0.8350	0.8923	0.9263	0.8778	0.7603	0.9164	0.8650	0.9231	0.9746	0.9023	0.8775	0.9635	0.8973	0.9394	0.8067	0.8956
QG37_07366	1.0574	0.9702	0.9757	1.0183	1.0796	0.8711	1.0581	0.9338	1.0572	0.9297	0.9940	0.8515	1.0162	0.8888	0.9400	0.9365	1.0058	0.9469	0.8572	0.9557	0.9024	1.0094	0.9010	0.8603	0.9155	0.8001	0.9848	0.8560	0.8731	1.1849	1.0308	0.8610	0.9243	0.9125	0.8929	0.9837	0.9234	0.9569	0.9344	0.9711	1.0131	1.1171	0.9137	1.0691	1.0922	0.9017	0.9393	1.1042
QG37_07367	0.8875	0.7696	0.9980	0.7583	0.8750	0.8131	0.8702	0.8056	0.8897	0.7652	0.8937	0.8593	0.7819	0.8421	0.7690	0.7692	0.9807	0.8122	0.7410	0.8333	0.7951	0.8826	0.7591	0.8300	0.9369	0.8388	0.8247	0.7758	0.7972	1.0115	0.8652	0.8061	0.7890	0.8792	0.9140	0.8385	0.7567	0.7582	0.7761	0.7802	0.8120	0.8253	0.8035	0.8565	0.7757	0.8277	0.8130	0.8665
QG37_07368	0.9528	0.8071	0.8618	0.7781	0.7657	0.9293	0.8040	0.7305	0.8327	0.7338	0.8172	0.7804	0.8187	0.7951	0.7644	0.7774	0.9214	0.6998	0.8025	0.8105	0.7563	0.9112	0.6007	0.6886	0.8434	0.7412	0.6753	0.7180	0.5663	1.1413	0.8558	0.7254	0.6351	0.7704	0.7151	0.8861	0.7069	0.7582	0.7198	0.7080	0.6895	0.6807	0.6616	0.6294	0.7804	0.8757	0.7420	0.8599
QG37_07369	0.9374	0.9930	1.0025	0.9336	0.8838	1.0325	0.8870	1.0188	0.9865	0.9128	0.9244	1.0589	1.0389	0.9702	0.9509	0.9832	1.0222	0.9545	1.0029	0.9307	1.0104	0.9324	1.1084	0.9277	1.0312	0.9468	1.0011	1.0195	0.9455	0.9118	0.9997	1.0095	0.9530	0.9541	0.9408	1.0471	0.8985	1.0304	0.8795	0.8897	1.0595	0.9477	0.7444	0.9526	0.9442	0.9430	0.8626	1.1092
QG37_07370	1.0505	1.1619	1.0898	1.0498	0.9728	1.0549	0.9409	1.1274	1.0986	1.1139	0.9698	1.1203	0.8831	1.0663	0.9978	0.9956	0.9044	1.0345	1.0238	1.0960	0.9207	0.9961	0.9360	0.9342	1.0159	0.9794	1.2139	1.1375	0.8594	0.8057	1.2017	0.9701	1.2228	1.0266	0.9191	0.8321	0.9671	1.0805	0.9838	1.0631	1.1951	1.0440	1.2572	1.0489	1.0041	0.8857	1.0424	1.1399
QG37_07371	1.0718	0.8911	0.8044	0.9289	0.9167	0.9268	0.9626	0.8915	0.9272	0.8823	1.0187	0.9693	0.9004	1.0058	0.9391	0.9505	1.0089	1.0079	0.8729	0.9194	1.1164	1.0371	0.9590	0.9509	0.9094	0.9451	1.0541	0.8473	0.8190	0.7627	0.8759	0.8710	0.8655	0.8923	0.9268	0.8884	0.9140	0.8713	0.9803	0.8899	0.9702	0.9559	0.9186	1.0168	0.9214	0.9208	0.9321	1.1011
QG37_07372	1.1069	1.1127	0.9651	1.0757	0.9473	1.0233	1.0509	1.1508	1.0149	0.9723	1.0117	1.0477	1.0690	1.0278	1.0224	0.9272	0.9821	0.9995	0.9986	1.0018	1.0111	0.9872	1.0418	1.0140	1.0015	0.9278	1.0007	0.9775	0.9242	0.9260	0.9860	0.9491	0.8629	0.9453	0.8574	0.9636	0.9780	0.9309	0.9757	1.0406	0.9717	0.9706	1.0255	1.0847	0.9957	1.1485	0.9312	1.1370
QG37_07373	1.2288	1.1996	1.0063	1.1456	1.1147	1.1840	1.0697	1.3176	1.0410	1.0661	0.9562	1.2298	1.1488	1.2218	1.1160	1.0735	1.1447	1.1119	1.1691	0.9846	1.1202	0.8814	1.0527	1.0680	1.1129	1.0716	1.1622	1.0292	1.0387	1.5350	1.2488	1.1558	0.5603	1.0945	1.1942	1.1690	1.2488	1.1447	0.9624	1.1655	0.9815	1.2940	1.1627	0.5424	0.5679	0.5949	0.4516	0.7258
QG37_07374	1.1520	1.0799	0.8680	1.0354	1.1179	1.1071	0.9797	1.2056	1.0654	1.0408	0.9098	1.1247	1.1951	1.0741	1.0177	0.9515	0.9903	1.0766	1.1686	0.9871	1.0229	0.9640	1.0236	0.9371	1.0872	1.0925	1.1765	1.0505	0.8850	1.4410	1.0143	1.0440	0.8632	1.0213	1.1325	0.8947	1.2006	1.1252	1.0480	1.0688	1.0284	1.2746	1.1206	0.8129	0.8420	0.7866	0.6768	0.9494
QG37_07375	0.8573	0.7803	0.7962	0.8720	0.8315	0.8390	0.8613	0.7783	0.8756	0.7970	0.8870	0.9381	0.9502	0.9098	0.7417	0.7359	0.8711	0.8290	0.9274	0.8659	0.8375	0.9266	0.8493	0.8814	0.7373	0.7520	0.8853	0.8054	0.7728	0.8296	0.7266	0.9632	0.8418	0.8624	0.8591	0.7703	0.8874	0.7975	1.0333	0.8664	0.8004	0.8101	0.8267	0.8701	0.9129	0.8473	0.7712	0.8634
QG37_07376	1.1317	0.9122	0.8897	0.9301	1.0081	0.9658	0.9675	1.0953	0.9921	0.9457	1.1006	0.9055	0.9914	1.0623	0.8968	0.8958	1.0726	1.0750	0.9783	0.9801	0.9875	0.9772	1.0100	0.9623	1.0609	1.0366	1.0270	0.9816	0.9027	0.9054	0.7757	0.8259	0.9343	0.9466	1.0035	0.9867	0.8563	0.9459	0.8772	1.0355	1.0511	1.1381	0.9047	1.0458	1.0980	1.1346	1.0653	1.0436
QG37_07377	1.0348	0.9181	1.0258	0.9464	0.9674	1.0414	1.0478	0.9569	0.9681	0.9822	1.0336	1.0256	0.9792	1.0047	0.9507	0.9986	1.0253	1.0231	1.0006	0.9456	0.9969	0.9793	0.9260	0.9526	0.9472	1.0029	1.0210	1.0176	0.9877	0.8603	1.0070	0.9613	1.0180	1.0238	0.9771	1.0298	1.0025	1.0636	0.9440	0.9723	1.0223	1.0067	0.9515	1.0448	1.0599	1.0456	1.0921	1.0086
QG37_07378	1.0691	0.9412	0.9939	0.9772	1.0243	1.0266	1.0246	1.0212	1.0074	1.0480	1.0301	0.9934	1.0222	1.0413	0.9588	0.9716	0.9879	0.9747	0.9819	1.0019	1.0160	1.0701	0.9996	1.0159	0.9626	0.9725	0.9563	0.9828	0.9953	0.9530	0.9781	0.9327	1.0546	1.0429	0.9878	1.0204	0.9840	1.0789	0.9941	1.0006	1.0206	0.9636	0.9908	0.9979	0.9897	1.0222	0.9945	0.9582
QG37_07379	0.9620	0.9155	0.9467	0.9613	0.9960	0.9539	1.0591	0.9692	0.9016	0.9235	1.0485	0.8650	0.8899	0.9359	0.9402	0.9022	0.9486	0.9400	0.9105	0.9371	0.9511	0.8631	0.8690	0.9362	0.9022	0.9070	0.8257	0.9149	0.9841	0.8463	0.8283	0.8087	0.9218	0.9668	0.9344	0.9447	0.8537	0.9526	1.0215	0.8913	0.9286	0.8215	0.9337	0.9932	0.9507	0.9282	1.0362	0.9236
QG37_07380	0.8063	0.9368	0.8769	1.1246	0.9921	0.8634	1.0290	0.9038	0.9124	0.9285	0.8896	1.0286	0.8441	1.0641	0.8581	0.8811	0.9376	0.8895	0.7974	0.8176	0.8567	0.7785	1.0213	0.9008	0.9408	0.9528	0.8031	0.9177	0.7518	0.8078	0.8668	0.7983	0.8316	0.9753	0.8463	0.9865	0.8342	1.0106	1.0415	0.9218	0.9266	0.9485	0.8823	1.0781	0.7687	0.8189	0.8207	0.7760
QG37_07381	0.8409	0.7514	0.8248	0.7044	0.7654	0.8287	0.8040	0.9580	0.7840	0.7763	0.7063	0.7627	0.8557	0.8557	0.8188	0.7736	0.8132	0.7641	0.8443	0.7903	0.9024	0.7472	0.7894	0.7695	0.6483	0.7477	0.8961	0.8067	0.6324	0.6241	0.7532	0.6346	0.7520	0.7655	0.8782	0.9953	0.7594	0.7987	0.7889	0.8445	0.8649	0.8415	0.6950	0.7298	0.7192	0.9922	0.5765	0.8547
QG37_07382	0.9900	0.9489	0.9595	0.9598	0.9592	0.9919	1.0016	1.0171	0.9168	0.9305	0.9360	0.7881	0.9391	0.9500	0.9007	0.8881	0.9388	0.9427	0.8646	0.8889	0.8968	0.9126	0.9493	0.9454	0.9253	0.9044	0.8604	0.9469	0.9199	0.8121	0.8900	0.8964	0.8645	0.8949	0.9234	0.9666	0.9182	0.9796	0.9761	0.9762	1.0350	0.8687	0.8584	0.9702	0.8958	1.0756	0.8935	0.9459
QG37_07383	0.9627	0.9562	0.9192	0.9318	0.9464	1.0668	1.0127	0.8709	0.9513	0.8405	1.1792	0.8093	1.0027	0.8073	0.8773	1.0009	0.9038	1.0296	0.8708	0.8730	0.9941	0.8400	1.0056	0.7506	0.9256	0.7143	0.8762	1.0042	0.8832	1.0361	0.8628	0.7655	0.9316	0.9790	0.9023	0.7068	1.0902	0.7226	0.8250	0.9182	0.9619	0.9047	0.9327	0.9613	0.9641	0.8236	1.0077	0.9887
QG37_07384	0.9597	0.8177	0.8936	0.9014	0.8288	0.7741	0.8569	0.7720	0.8143	0.7930	0.8584	0.7401	0.8182	0.8150	0.7956	0.8824	0.7813	0.8536	0.7907	0.8233	0.9282	0.8637	0.8432	0.7327	0.7669	0.8436	0.7912	0.7915	0.7273	0.7054	0.7649	0.7573	0.8160	0.8442	0.8329	0.8007	0.7519	0.8534	0.7647	0.8741	0.8383	0.7871	0.8433	0.8408	0.7805	0.8240	0.8337	0.7249
QG37_07385	0.8485	0.9761	0.9306	0.9795	0.8880	1.0640	1.0075	0.9641	0.8756	0.9989	1.1243	1.0688	1.0818	1.0360	1.0111	0.9422	0.9080	0.8678	1.0081	0.8703	0.9069	0.7796	0.8885	0.8155	0.8239	0.8607	0.8366	0.8651	0.9394	0.7860	0.9502	0.8518	0.8478	1.0845	0.9990	1.2012	1.0017	0.9750	1.2008	0.9243	0.9002	1.0261	0.9752	0.8946	0.9166	0.8305	1.0152	0.9387
QG37_07386	0.9093	0.9831	1.0061	0.9249	0.9013	0.9224	1.0089	1.0797	0.9026	0.8386	1.0490	1.0075	0.9938	1.0581	1.0169	1.0648	0.9659	0.8953	0.9732	0.9559	1.0215	0.8288	0.9118	0.7505	0.9693	0.8068	0.8180	0.8317	0.9017	0.9351	0.8999	0.8776	1.0435	0.9519	1.0205	0.9808	0.8745	0.9739	0.8663	0.9898	0.9443	0.8647	0.8051	1.0716	0.9619	0.9232	0.9612	0.9588
QG37_07387	1.1202	1.0950	1.0711	0.9980	1.0955	1.0761	1.1106	1.0748	1.1231	0.9341	1.1439	1.0046	1.1722	1.0867	1.1138	1.2288	0.9790	0.9723	1.0475	1.0025	1.0225	1.0715	1.1534	1.1189	0.9948	1.0355	0.9839	0.9712	0.9725	0.9809	1.1039	1.0325	1.1563	1.0673	1.0611	1.1865	1.0880	1.0612	1.1432	1.0122	1.0668	1.1125	1.0128	1.0007	1.0729	1.1266	1.1147	0.9952
QG37_07388	1.0457	1.1099	1.0862	1.1588	1.0876	1.0285	1.1074	1.1563	1.0414	1.1798	0.9796	1.0854	1.0923	1.0352	1.0730	1.0494	1.0455	1.0169	1.0225	1.0428	0.9298	1.0713	0.9741	0.9410	1.0211	0.9654	0.9757	0.9979	1.0621	0.9873	1.0390	1.0924	1.1752	0.9854	0.8988	0.9854	0.9555	0.9272	0.9161	1.0362	0.8944	1.0827	0.8154	0.8580	0.9032	0.8476	0.7158	0.8479
QG37_07389	0.9642	0.8999	1.0349	0.9162	0.9723	0.9058	0.8710	0.9203	0.8750	1.1026	1.0562	0.9700	1.0211	0.9679	0.8994	1.0502	0.9396	0.9058	0.9760	0.9683	0.9135	0.9289	0.9246	0.9240	0.8412	0.9478	0.9770	0.9313	1.0277	0.8827	0.9027	0.9478	0.9914	0.9925	1.0004	0.9631	0.9088	0.9862	0.9633	0.8482	0.9615	0.9000	0.9282	1.0910	1.0839	1.1076	0.9068	0.9900
QG37_07390	1.1547	1.1357	1.0959	1.0903	1.1733	1.1933	1.1566	1.0637	1.0857	1.1758	1.2002	1.0565	1.1804	1.1076	0.9867	1.1726	1.1668	1.0756	1.1258	1.0688	1.1894	1.1388	1.0893	1.1887	1.1402	1.1194	1.0407	1.0530	0.9720	1.0367	1.0486	0.9903	1.1845	1.0544	1.1795	1.1020	1.0802	1.0623	1.2434	1.0308	1.0775	1.1774	1.1115	1.1863	1.1965	1.0203	1.1670	1.0684
QG37_07391	1.0560	1.0386	1.0378	0.9962	0.8866	0.9476	0.9938	0.9994	1.0288	1.0712	1.0367	0.9414	1.0668	0.9274	0.9258	0.9759	0.9180	0.9806	0.9975	0.9870	1.0366	0.9936	0.9946	0.9808	0.9618	0.9869	0.8951	0.9425	1.0044	0.8954	0.8833	0.9302	0.9302	0.9917	0.9801	1.0786	0.9560	0.9472	1.0065	0.9995	1.1365	0.9434	1.0271	0.9758	0.9743	1.0356	0.9687	1.0185
QG37_07392	1.0268	0.9933	0.8535	0.9817	0.9636	1.0933	0.8597	0.9519	1.0180	0.8341	0.9582	0.6759	0.8646	0.9273	0.7882	0.9510	0.9340	0.9938	1.0104	0.9293	0.9349	0.9546	0.9043	0.9506	0.8525	0.9663	0.8156	0.9471	0.9476	0.6038	0.8927	0.7897	0.9676	0.8861	0.8743	0.9877	1.0703	0.7865	0.8771	0.9177	0.8854	0.9626	0.9059	0.8758	0.9584	0.8694	0.9978	0.8060
QG37_07393	0.9370	0.7687	0.9240	0.8917	0.8664	0.9556	0.8808	0.8301	0.9024	0.8244	0.9075	0.7655	0.9960	0.9009	0.8909	0.8870	0.8764	0.8167	0.8793	0.9076	0.9167	0.8374	0.8260	0.8515	0.8608	0.7560	0.7720	0.7730	0.8100	0.8121	0.8402	0.7605	0.9356	0.8444	0.9307	0.9069	0.8624	0.7580	0.8071	0.7625	0.9449	0.8576	0.8504	0.8899	0.8018	0.9089	0.8214	0.8291
QG37_07394	0.9804	0.8480	0.7980	0.8941	0.7232	0.8140	0.8363	0.7427	0.7341	0.8030	0.8902	0.9731	1.0052	0.8956	0.7954	0.7555	0.8960	0.7990	0.6853	0.7478	0.7795	0.8144	0.9261	0.9016	0.8104	0.7784	0.6501	0.9601	0.8773	0.9509	0.9712	0.8186	0.8577	0.8363	0.7469	0.9281	0.6917	0.8769	0.7828	0.7492	0.8100	0.8147	0.7082	0.7903	0.8021	0.8233	0.8382	0.7831
QG37_07395	0.6896	0.5011	0.5136	0.4235	0.4382	0.4643	0.5742	0.4471	0.4801	0.4890	0.3883	0.4553	0.4302	0.3976	0.5298	0.4387	0.5205	0.5111	0.4591	0.5381	0.4713	0.4602	0.4692	0.4794	0.5054	0.3980	0.5992	0.4700	0.4624	0.5250	0.4584	0.5016	0.6237	0.6772	0.6450	0.6178	0.6211	0.4617	0.5966	0.5096	0.5336	0.6005	0.6683	0.5521	0.6593	0.6051	0.7604	0.6560
QG37_07396	0.7438	0.7775	0.8419	0.6565	0.7900	0.8946	0.7466	0.7904	0.8044	0.7267	0.7419	0.8810	0.6688	0.7155	0.5650	0.6073	0.7445	0.5605	0.7011	0.7196	0.7041	0.6758	0.7856	0.6743	0.7712	0.8725	0.7617	0.6785	0.8413	1.0994	0.5660	0.7066	0.8737	0.5879	0.6055	0.7212	0.6325	0.6473	0.8661	0.6424	0.7252	0.7583	0.6599	0.8039	0.7777	0.7800	0.8317	0.9339
QG37_07397	1.0854	1.0377	1.2172	0.9783	0.9238	0.8429	1.0192	0.9428	0.9000	0.8612	0.8446	0.8973	0.7400	0.9317	0.8539	0.9253	0.8234	0.8687	0.9673	1.0319	0.8207	0.8966	0.8876	0.7078	0.9193	0.9880	1.0316	0.8608	0.8916	0.7193	0.8729	0.8970	0.9197	0.7783	0.9230	0.8831	0.8625	0.7365	0.8809	0.8219	0.9892	0.9414	0.7543	0.9015	0.8886	0.7873	0.9824	1.0459
QG37_07398	1.1382	1.0235	1.0766	0.9543	1.0467	1.0838	1.0546	0.9839	0.9874	0.9252	1.1136	1.0352	0.9915	0.9972	1.0030	0.9841	1.0401	0.9806	1.0432	1.1536	0.9561	1.0567	0.9301	0.9699	1.0311	0.9613	1.0188	0.9639	1.0369	1.0264	0.8932	0.9641	1.0776	1.0196	1.0730	1.0885	1.0553	0.9867	1.0283	1.0387	1.0671	0.9915	0.9609	1.0647	0.9980	0.9756	0.9946	1.0663
QG37_07399	0.8153	0.6640	0.7357	0.6300	0.8394	0.8340	0.7335	0.8712	0.6000	0.6468	0.7772	0.6512	0.7397	0.8682	0.7594	0.7230	0.7354	0.7064	0.7108	0.7439	0.7112	0.7100	0.6856	0.8369	0.8494	0.7701	0.6273	0.7545	0.5983	0.5832	0.5420	0.6105	0.7494	0.7678	0.7968	0.5678	0.5611	0.5523	0.6549	0.8415	0.7756	0.7792	0.5967	0.9785	0.8313	0.8297	0.7315	0.7305
QG37_07400	0.7204	0.6794	0.7144	0.6628	0.6930	0.6738	0.7223	0.7421	0.7503	0.6507	0.6273	0.6729	0.5651	0.6743	0.7118	0.7081	0.7156	0.6975	0.5643	0.6563	0.6705	0.6639	0.6858	0.6444	0.7350	0.6581	0.6853	0.6465	0.5732	0.6281	0.7007	0.5737	0.7059	0.6482	0.6694	0.6167	0.5761	0.5946	0.5182	0.7140	0.7751	0.6230	0.6241	0.8563	0.8486	0.7984	0.7727	0.8194
QG37_07401	0.9446	0.8171	0.7929	0.8898	0.8899	0.8637	0.9637	0.9027	0.8736	0.7552	0.8345	0.6779	0.6638	0.8151	0.9274	0.8706	0.7025	0.8616	0.7903	0.7456	0.8633	0.8682	0.9601	0.9338	0.8836	0.8237	0.9331	0.8912	0.7161	0.6729	0.8408	0.7807	0.9366	0.7845	0.8260	0.8241	0.7979	0.7714	0.7980	0.9390	0.8515	0.8089	0.8315	0.8891	0.7865	0.9041	0.8497	0.8025
QG37_07402	0.8614	0.8371	0.7590	0.8201	0.7188	0.8244	0.9796	0.9366	0.7580	0.8495	0.7097	0.8729	0.6770	0.7710	0.8782	0.8481	0.7780	0.8939	0.8272	0.9151	0.7108	0.7971	0.9068	0.9412	0.8567	0.8978	0.9152	0.8122	0.7358	0.7863	0.7738	0.9165	0.9123	0.7708	0.6841	0.7612	0.8029	0.8289	0.9159	0.8262	0.8569	0.8005	0.7079	0.8245	0.8687	0.9012	0.8840	0.9116
QG37_07403	1.0848	1.1600	0.9023	0.6179	1.0461	0.8514	0.9233	0.8312	0.9576	0.9433	1.0559	0.9913	0.9498	1.0001	0.8663	0.9766	0.8976	1.0281	0.9125	1.0067	0.8803	0.9839	0.9980	0.9608	0.7933	0.9843	0.8382	1.0983	0.9892	0.7636	0.8979	0.9038	0.8582	0.8325	0.8023	0.9611	0.8169	1.1257	0.7780	0.9894	0.9360	0.9614	0.9357	0.8935	0.9338	0.9910	0.9181	0.8675
QG37_07404	0.9863	0.7819	0.7521	0.7649	0.9524	0.7332	0.8601	0.8725	0.8816	0.7854	0.8075	0.8129	0.9294	0.7413	0.8155	0.9375	0.8517	0.8493	0.8089	0.7479	0.8431	0.8804	0.8382	0.8595	0.9546	0.8872	0.8635	0.8968	0.9629	0.6302	0.8227	0.8075	0.8594	0.9386	0.8099	0.7790	0.9127	0.8444	0.8138	0.8346	0.8818	0.9475	0.9390	0.7043	0.8041	0.8792	0.8509	0.8832
QG37_07405	0.9475	0.7699	0.8115	0.7881	0.9579	0.7228	0.8667	0.8868	0.8149	0.8167	0.8725	0.7531	0.8093	0.8400	0.7985	0.8148	0.7933	0.8170	0.8481	0.8172	0.9814	0.9192	0.8245	0.7608	0.8525	0.8445	0.9290	0.8415	0.8490	0.6523	0.7155	0.8464	0.8411	0.8804	0.9214	0.8535	0.7946	0.8245	0.8116	0.8830	0.8464	0.8796	0.8831	0.9952	0.8594	0.9026	0.8598	0.8259
QG37_07406	0.9223	0.7896	0.8945	1.0381	0.8089	0.7425	1.0405	0.7881	0.6261	0.8682	0.6736	0.8591	0.7394	0.8451	0.9131	0.7570	0.9015	1.0090	0.9044	0.9393	0.9491	1.0220	0.9674	0.7781	0.8509	0.8947	0.9366	1.0647	0.8190	0.8763	0.7192	0.8853	0.6858	0.8411	0.7872	0.8644	0.6947	0.9785	0.8396	0.8036	0.8012	1.0615	0.7512	1.0065	0.8748	0.9970	0.9752	0.9541
QG37_07407	1.0246	0.9836	1.0296	1.0355	0.9794	1.0648	1.1085	1.0228	1.0129	1.0212	1.0295	0.9642	0.9211	1.0731	0.9617	1.0299	0.9970	1.0662	1.0076	1.0435	1.0563	0.9788	0.9693	1.0176	0.9920	1.0148	0.9677	0.9805	0.8887	0.9512	0.8844	0.9800	0.9686	0.9701	1.0496	1.0503	0.9972	1.0046	1.0470	1.0014	1.0446	0.9811	0.9903	1.0073	0.9758	1.0101	1.0192	0.9638
QG37_07408	1.1321	0.9378	1.1544	0.9476	0.8742	1.0779	1.0373	0.9063	0.9332	1.0549	1.1291	0.8970	0.9007	1.0308	0.8754	1.0836	0.8992	1.1327	1.1247	0.9776	0.9802	0.9476	1.0751	0.8304	1.0393	1.1046	1.0001	0.9873	0.9228	1.0085	0.7948	1.0084	1.0883	0.9311	0.9581	1.0365	1.0131	0.9709	1.0244	0.9507	1.0471	1.0560	0.8357	1.0054	0.9490	0.9994	1.0450	1.1545
QG37_07409	1.1587	1.0315	1.0513	0.9704	1.0300	0.9369	1.0262	1.1219	0.8652	0.8751	0.9878	1.0392	1.0682	0.9520	0.9461	0.9438	0.9238	1.0115	0.8517	0.9301	1.0283	0.9417	1.0026	1.0218	0.9843	1.0572	1.0201	0.8908	0.8553	0.9421	1.0767	0.8640	1.0148	0.9747	1.0081	0.9731	1.0528	0.9897	1.0672	1.0607	1.1683	0.9763	0.8963	0.9873	0.9056	0.9197	0.8709	1.0390
QG37_07410	0.9297	0.9974	0.7847	0.9209	0.8887	0.9143	0.9407	0.9499	0.9361	0.9265	0.8807	0.9592	0.8962	0.9490	0.9583	0.9453	0.8680	1.0845	0.9894	1.0348	0.9983	0.9441	0.8810	0.8779	0.9054	0.9609	0.8602	0.8836	0.9452	0.8245	0.9430	0.7709	0.9716	0.9837	0.9704	1.0552	1.0218	0.8950	1.0703	0.9371	1.0167	0.9527	0.8211	0.9582	0.9096	0.9111	0.8818	0.9652
QG37_07411	0.9408	0.9734	1.1437	0.8624	0.9291	1.0065	0.8126	0.8690	0.9963	0.9541	1.1159	0.8632	0.8567	0.8967	0.8166	0.9577	0.7893	0.9789	0.9632	1.0428	0.8428	0.9872	0.8712	0.9662	0.9438	0.9389	0.7832	1.0274	0.9919	1.0731	0.8945	0.9601	0.7896	1.0676	0.9566	1.0491	0.9464	0.8834	0.8079	0.9810	1.0782	1.0424	0.8855	0.8725	0.7780	1.0074	0.8452	0.9430
QG37_07412	0.9408	0.8200	0.8953	0.8187	0.7838	0.9672	0.7897	0.7916	0.7601	0.8629	0.8632	0.8210	0.8623	0.8101	0.7918	0.7389	0.7443	0.8573	0.8143	0.8057	0.8282	0.7739	0.8102	0.7922	0.7244	0.8114	0.7583	0.8281	0.7572	0.8663	0.6742	0.7937	0.7208	0.8572	0.7641	0.8104	0.7506	0.7794	0.8547	0.7338	0.8649	0.7810	0.8628	0.6688	0.6858	0.6957	0.6896	0.8468
QG37_07413	0.9233	0.8965	0.9566	0.9001	0.9143	0.9331	1.0030	0.9008	0.8946	0.8541	0.8739	0.8337	0.8803	0.9389	0.9053	0.9055	0.8513	0.8536	0.9143	0.9075	0.8915	0.8754	0.8945	0.8731	0.8564	0.8505	0.8646	0.8891	0.8504	0.7548	0.8755	0.7956	0.8549	0.8862	0.8533	0.8810	0.9209	0.8305	0.9035	0.8819	0.9529	0.8973	0.8598	0.9004	0.8764	0.9145	0.9449	0.9158
QG37_07414	1.0367	1.0806	0.9862	1.0763	1.0094	1.0878	1.1000	1.0494	1.0777	1.0591	1.0429	1.0693	1.0722	1.0158	1.0051	1.0534	0.9171	0.8721	0.9287	0.9745	0.9130	1.0156	0.9701	0.9564	0.9635	0.9420	0.8899	1.0627	1.0681	0.9942	0.8699	1.0387	1.0950	1.0192	0.9880	0.9398	1.0617	1.0165	1.0650	0.9641	1.0442	0.9908	1.0179	0.9486	1.0712	0.9990	0.9758	0.9991
QG37_07415	1.2099	1.0794	1.0431	0.9575	1.0327	0.9854	1.0657	1.0261	1.0698	1.1218	1.1379	1.0370	1.0209	1.0261	0.8879	1.0285	1.0022	0.9618	1.0001	1.0524	1.0332	1.1482	1.0217	1.1089	0.9991	0.8924	0.9807	1.0499	0.9833	1.1279	1.0098	1.0624	0.9922	0.9230	1.0650	1.0292	1.0146	1.0429	0.9289	1.0447	1.1205	1.0072	1.0886	0.9124	0.9286	1.0569	1.0015	0.9790
QG37_07416	0.9426	0.8802	0.8035	0.9005	0.7872	0.9399	0.9010	0.8725	0.8896	0.8921	0.8514	0.7844	0.9097	0.8501	0.9102	0.9030	0.8289	0.8946	0.9293	0.9740	0.9797	0.8515	0.8921	0.9050	0.8257	0.8428	0.7786	0.7494	0.7952	0.6735	0.7705	0.8322	0.8298	0.8700	0.9396	0.8206	0.8932	0.7962	0.8746	0.9134	0.9304	0.9210	0.7823	0.7939	0.8579	0.9100	1.0030	0.9123
QG37_07417	1.0775	0.9377	0.9792	0.9016	0.9272	1.0853	1.0494	0.9183	1.0409	0.9236	1.1114	0.8077	1.0494	0.8135	0.8885	0.9826	0.8925	0.9254	0.9238	1.0047	0.8896	1.0018	0.8542	0.9449	0.9234	0.8725	0.7974	1.0209	0.8789	0.7905	0.8158	0.8792	0.8284	0.7062	0.8785	0.7387	0.9125	0.9783	0.7449	0.7708	0.9218	0.9252	0.8388	0.9531	0.9772	0.9373	0.9526	1.0464
QG37_07418	0.8289	0.7605	0.7875	0.8628	1.0202	0.9932	1.0305	0.8152	0.9202	0.9473	0.7945	0.7723	0.9676	0.8104	0.8578	1.0689	0.9890	0.7605	0.8593	0.8640	0.9023	0.8675	0.9137	0.8788	0.8470	0.9491	0.8174	0.9070	0.8305	0.7717	0.9675	0.8891	0.8260	0.8454	0.9962	1.0897	0.8400	0.8812	0.8736	0.9571	0.9192	0.7324	0.8063	0.7911	0.8502	0.9458	0.8676	0.9990
QG37_07419	1.0251	0.8481	0.9315	0.9339	1.0539	0.9213	1.0108	0.9776	0.8635	0.9159	0.9436	0.9069	0.9652	0.9927	0.9007	0.9999	1.0062	0.9261	0.9803	0.9521	1.0001	0.9067	0.8876	0.9502	0.9033	0.9074	0.8621	0.9002	0.8970	0.8266	0.9129	0.9209	0.9098	1.0165	0.9649	0.8908	0.9646	0.9656	0.9373	0.8725	0.9727	0.8165	0.8572	0.9706	0.9055	0.9871	0.9444	0.9254
QG37_07420	1.1217	1.0458	1.0268	1.1396	0.9476	1.1161	0.9082	0.9840	0.9309	1.0886	1.2409	0.8878	0.9746	0.9565	1.1033	0.8494	1.0504	1.0540	0.9335	1.0634	1.0937	0.9821	1.0172	1.1100	0.9992	1.0989	1.1022	0.9094	1.1626	0.9388	1.1291	0.9582	1.0872	1.0674	1.1878	1.0079	0.9211	1.1909	1.1899	0.9165	1.0689	1.0912	0.9774	1.0418	1.0417	1.0210	1.0235	1.2586
QG37_07421	0.8867	0.8878	0.8840	0.9027	0.9186	0.9246	0.9750	1.0018	0.8967	0.9488	0.9599	0.8642	1.0027	1.0816	0.9633	0.9859	1.0370	0.9213	0.8603	0.9305	0.8882	0.8847	0.9141	0.8809	0.9213	0.8438	0.9022	0.8415	0.7809	0.7945	0.9442	0.9275	0.9030	0.8824	0.8550	0.9286	0.9444	0.8902	0.8871	0.9540	0.9514	0.9515	0.9100	1.0273	0.8850	0.9698	0.9493	0.9278
QG37_07422	0.1391	0.3608	0.2696	0.4427	0.3874	0.4150	0.3955	0.3605	0.4013	0.4421	0.5144	0.3038	0.3910	0.4940	0.4045	0.4439	0.2629	0.2507	0.3635	0.3578	0.2854	0.2593	0.2934	0.2960	0.3108	0.3113	0.3665	0.3326	0.2758	0.3804	0.3042	0.4552	0.3804	0.5384	0.5579	0.6091	0.4418	0.5960	0.4962	0.3718	0.3134	0.4550	0.4543	0.3811	0.4894	0.4100	0.4340	0.4747
QG37_07423	0.8930	0.7346	0.6706	0.6990	0.6581	0.7679	0.6885	0.8371	0.7724	0.5489	0.7315	0.5924	0.7243	0.7757	0.6739	0.7864	0.6620	0.5794	0.7043	0.8260	0.6602	0.6529	0.6456	0.5522	0.7141	0.5964	0.6708	0.6020	0.6293	0.8139	0.5404	0.7433	0.6793	0.7045	0.8897	0.8265	0.7065	0.7311	0.7594	0.8316	0.6996	0.6750	0.7031	0.5696	0.6913	0.8204	0.7120	0.7409
QG37_07424	0.8907	0.8985	0.8511	0.9947	0.9159	0.8634	0.8748	0.8744	0.8437	0.9012	0.6930	0.8072	0.8221	0.8294	0.8357	0.9369	0.8658	0.7652	0.6922	0.6579	0.9626	0.8979	0.7598	0.7036	0.8655	0.8393	0.7069	0.8857	0.7244	0.7281	0.9048	0.6805	0.9522	0.7971	0.9303	1.0071	0.7695	0.8491	0.9274	0.9855	0.8174	0.8082	0.9257	0.9483	0.8604	0.7838	0.9123	0.8800
QG37_07425	0.9563	0.8869	0.8822	0.8955	0.9284	0.9360	0.8667	0.9311	0.9574	1.0064	0.9776	0.8868	0.9197	0.9715	0.8927	0.9028	0.8832	0.9031	0.8733	0.9602	0.9891	0.9159	0.9240	0.9121	0.9616	0.9093	0.9081	0.8672	0.8126	0.7742	0.8267	0.7996	0.9227	0.8763	0.9283	0.8942	0.8412	0.8528	0.9708	0.8852	0.9662	0.9429	0.8450	0.9491	0.9466	0.9826	0.9612	0.9632
QG37_07426	0.9930	1.1355	1.0141	0.9440	0.9872	1.0521	0.9890	1.1434	0.9860	1.0115	1.0574	1.0441	1.2358	1.0470	1.0166	1.0269	1.0086	0.8828	0.9186	0.9682	0.9620	1.0568	1.0191	0.9706	1.0076	1.0114	0.8926	0.9606	0.9392	0.9306	1.0456	0.9238	1.0165	0.9833	1.0059	1.0439	1.1188	1.1374	1.0389	0.9265	1.0308	1.1216	0.9623	1.0075	1.0834	1.0117	0.9636	1.0046
QG37_07427	0.9244	0.8835	0.8930	0.9443	0.8999	0.8777	0.8580	0.8493	0.7360	0.8621	1.0940	0.8766	0.9742	1.0569	0.8980	0.8507	0.7301	0.9301	0.7795	0.9357	0.9501	0.8694	0.7733	0.9360	0.7475	0.7260	0.7899	0.9705	0.8962	0.6596	0.7455	0.7947	0.8787	0.8315	0.8909	0.8036	0.9946	0.9702	0.8787	0.9077	0.8284	0.9011	1.0141	0.8236	0.9359	0.8815	1.0308	1.0317
QG37_07428	0.9325	0.8040	0.8202	0.8128	0.7789	0.8133	0.8013	0.8778	0.8742	0.7816	0.8526	0.7640	0.8988	0.9571	0.9495	1.0067	0.7775	0.7648	0.8692	0.8483	0.9098	0.8344	0.8590	0.8586	0.8149	0.7730	0.8197	0.8317	0.7742	0.8818	0.7299	0.7911	0.8337	0.9315	0.8816	0.8875	0.8525	0.9315	0.8839	0.9602	0.7437	0.9342	0.8465	0.9276	0.8017	0.8796	0.8160	0.9531
QG37_07429	0.9330	0.8729	0.8559	0.9065	0.8577	0.9719	0.9484	0.9051	0.9082	0.8849	0.9700	0.9299	0.8649	0.9227	0.9184	0.9644	0.8840	0.9020	0.9624	0.9161	0.9980	0.9147	0.8479	0.8720	0.8243	0.8641	0.8976	0.8485	0.8385	0.8060	0.8953	0.8578	0.9277	0.9399	0.9652	0.9574	0.9198	0.8992	0.8610	0.9921	0.9363	0.8798	0.9036	0.9606	0.9058	0.9047	0.9262	0.8818
QG37_07430	0.9510	0.9212	0.9845	0.9731	0.9655	0.9479	1.0026	1.0336	0.9301	0.9623	0.9553	0.9805	0.8771	1.1122	0.8601	0.9547	0.9375	0.9232	0.8717	1.0012	1.0082	1.0299	0.8448	0.8914	0.8310	0.9011	0.8892	0.9222	0.9351	0.9782	0.9782	0.8883	1.0134	0.9216	1.0143	0.8870	0.9838	0.9499	0.9308	0.8851	0.9012	0.9539	0.8792	0.9286	1.0237	0.9490	1.0586	0.9575
QG37_07431	0.7622	0.9463	0.8252	0.7376	1.0408	0.8856	0.8152	0.8894	0.9006	0.8738	0.7708	0.7141	0.8308	0.8332	0.8676	0.7883	0.8305	0.8472	0.7797	0.7555	0.8559	0.8692	0.8180	0.8128	0.8591	0.9081	0.7930	0.7595	0.7098	0.7433	0.7565	0.7918	0.8797	0.8508	0.8006	0.8835	0.8448	0.8889	0.8788	0.8592	0.9503	0.8261	0.7346	0.8763	0.8839	0.7927	0.9102	0.9951
QG37_07432	0.7622	0.8340	0.7965	0.7890	0.8672	0.8602	0.8231	0.8912	0.9920	0.8115	0.9557	0.8578	0.8267	1.0555	0.8213	0.9781	0.9097	0.7691	0.8679	0.8143	0.8995	0.8869	0.8470	0.7891	0.7712	0.7827	0.8868	0.8056	0.7285	0.7617	0.7815	0.8342	0.8706	0.9267	0.8965	0.8156	0.8689	0.8090	0.8282	0.8426	0.8421	0.8497	0.7992	0.8662	0.8138	0.9305	0.7842	0.8463
QG37_07433	0.9763	0.9193	0.9829	0.9311	0.8967	0.7617	0.9420	0.8859	0.7261	0.7974	1.0100	0.8403	0.9425	0.9539	1.0654	0.8271	0.8891	0.7809	0.9191	0.8256	0.9527	0.9150	0.8628	0.8418	0.7374	0.8095	0.9854	0.8473	0.8112	0.8218	0.7544	1.0005	0.8306	0.8108	0.9475	0.8888	0.9493	0.8850	0.9190	1.0235	0.9057	0.8272	0.8543	0.8586	0.9735	0.9889	0.9857	0.9409
QG37_07434	0.8169	0.7604	0.8609	0.7046	0.7204	0.8291	0.7937	0.8726	0.7920	0.7219	0.9066	0.6799	0.7359	0.8234	0.7671	0.8191	0.8575	0.7323	0.7867	0.8445	0.9479	0.8316	0.7865	0.7639	0.8088	0.7528	0.8376	0.8013	0.6878	0.6826	0.6691	0.8564	0.7951	0.7920	0.8569	0.8717	0.8504	0.8205	0.7894	0.7555	0.8707	0.7566	0.8103	0.7934	0.8231	0.8318	0.8599	0.8568
QG37_07435	1.5789	1.0453	1.0198	0.9443	0.9996	0.8959	1.0111	1.1079	0.9776	0.8670	0.9009	0.8687	0.7690	1.1536	0.8764	1.0410	1.0787	1.0186	1.0632	0.9811	0.8976	0.8741	0.9957	1.0937	1.0855	0.9044	1.0768	0.9491	0.9456	1.0740	0.9179	0.9424	0.9372	1.0392	1.0420	1.1456	0.9654	1.0450	1.0199	1.1008	1.0354	1.0266	1.1106	1.1269	0.8320	0.9792	1.0444	0.9656
QG37_07436	0.9937	0.9284	0.8511	0.9487	1.0108	1.0769	1.1036	0.9593	0.9841	0.9834	0.9445	0.9684	1.0028	1.0366	0.9328	1.0311	0.9006	1.0009	1.0830	0.9084	0.9757	0.9769	0.9324	0.9583	0.8884	0.9912	0.9677	0.9444	0.9565	0.9491	0.9433	0.8808	0.9865	0.8640	0.9961	0.9768	1.0023	0.9840	1.0305	0.9627	1.0245	1.0109	0.9112	0.9373	0.9639	1.0244	0.9367	0.9686
QG37_07437	0.8727	0.9005	0.8994	0.9697	0.9135	0.8281	0.9738	0.9623	1.0029	0.8916	1.0306	0.9355	1.0177	0.9221	0.9564	0.9498	0.8537	1.0254	0.9027	0.7771	1.0631	0.9985	0.9027	0.8633	0.9075	0.9913	0.9940	0.8286	0.9427	0.9006	0.8404	0.8359	0.9533	1.0414	0.9230	0.8315	0.9918	0.9570	0.9531	0.9068	1.0310	0.8571	0.8783	0.9383	0.9018	0.9402	0.9325	0.9123
QG37_07438	0.8448	0.8130	0.8593	0.7162	0.8297	0.8260	0.9557	0.9494	1.0769	0.8955	0.9516	1.0217	1.0677	1.0519	0.9068	1.0519	0.8823	0.9200	0.9568	0.9170	1.1236	1.0167	0.9802	0.9136	1.0069	0.8458	0.9616	0.8365	0.9249	0.7633	0.9031	0.9144	0.9386	0.9216	0.9544	1.0551	0.9707	0.9507	0.9351	0.9432	0.9166	0.8937	0.9168	0.9166	0.9364	0.8848	0.9975	0.9034
QG37_07439	0.9336	0.8745	0.8866	1.0436	0.9115	0.8877	0.8880	0.9864	0.8424	0.8646	1.0276	0.8669	0.9187	0.9811	1.0011	0.9708	0.9258	1.0006	0.9714	0.9468	0.9412	1.0200	0.8556	0.9480	0.8950	0.8860	0.8479	0.8396	0.8858	0.8415	0.9111	0.9132	0.8846	0.9922	0.9931	0.9231	1.0222	0.9011	0.8925	0.9205	0.9399	0.9026	0.9024	1.0398	1.0309	0.9678	1.0317	1.0760
QG37_07440	0.8263	0.8288	0.8278	0.8877	0.7183	0.8638	0.7816	0.7765	0.8077	0.7756	0.8682	0.7229	0.8070	0.8531	0.8875	0.7862	0.8229	0.7828	0.8143	0.7553	1.0165	0.7916	0.8883	0.8116	0.8356	0.8602	0.7044	0.8174	0.7405	0.7496	0.6816	0.8054	0.7974	0.8594	0.8436	0.8773	0.7843	0.8706	0.8026	0.9252	0.9163	0.7972	0.8815	0.8788	0.7751	0.9268	0.8232	0.9005
QG37_07441	1.0099	0.9918	1.0111	1.0267	0.8699	1.0245	1.0307	0.8234	1.0052	0.8434	1.0253	1.0111	0.7988	1.0110	0.9409	1.0021	1.0025	1.0680	1.0227	0.9923	1.0622	0.9713	0.9966	1.0080	1.0454	0.9265	1.0028	0.9000	0.9036	1.0700	0.8948	0.9697	0.8974	0.9847	0.9494	0.8404	0.8968	0.9306	0.9315	1.0148	1.1148	1.0362	0.8566	1.0720	1.0139	0.9632	0.9872	0.9704
QG37_07443	0.7947	0.7674	0.7718	0.8387	0.7147	0.9209	0.7673	0.8575	0.8353	0.7807	0.7716	0.8042	0.7920	0.8719	0.8236	0.8586	0.8346	0.8071	0.8816	0.9932	0.8934	0.8361	0.8226	0.8391	0.8372	0.8284	0.8386	0.7724	0.8045	0.8063	0.7887	0.8419	0.7898	0.8957	0.8282	0.8800	0.7664	0.7931	0.8964	0.9080	0.8371	0.7963	0.8312	0.9360	0.7982	0.9106	0.8625	0.8463
QG37_07444	0.8300	0.8217	0.8161	0.7966	0.8333	0.7936	0.9147	0.9388	0.8873	0.8574	0.8026	0.8445	0.8778	0.9455	0.9010	0.9112	0.8775	0.9147	0.9190	0.8735	0.8632	0.8852	0.8896	0.8831	0.8918	0.8972	0.9213	0.7799	0.8097	0.8093	0.7969	0.8375	0.8664	0.9022	0.9459	0.8672	0.8569	0.8489	0.9296	0.9210	0.9411	0.8868	0.8615	0.9297	0.9497	0.9804	0.8885	0.9983
QG37_07445	0.9881	0.9905	0.9553	0.8736	0.9775	0.9452	0.9192	1.0100	0.9561	0.9603	0.9547	0.9542	0.9660	0.9483	1.0241	0.8792	0.9251	0.9722	0.9770	1.0205	0.9770	0.9401	0.9241	1.0093	0.9342	0.9709	0.9092	0.8963	0.8966	0.8342	0.9808	0.9039	1.0261	0.9612	0.9509	1.0197	0.9820	0.9862	0.9976	0.9771	1.0457	1.0084	0.9625	1.0793	1.0575	1.0577	1.0953	1.0964
QG37_07446	0.9643	1.0827	0.9919	0.9752	0.9373	1.0372	0.9271	0.8486	0.9697	1.0825	1.1297	0.9977	1.1668	0.9840	1.0605	0.9983	1.0642	0.9918	0.9368	0.9430	1.1187	1.0208	1.0053	1.0358	0.9962	1.0210	1.0153	1.1018	1.1238	0.9782	1.0760	1.0225	1.0711	1.0888	1.0816	1.0648	0.9900	1.1064	0.9585	0.9630	1.0614	1.0737	0.8834	1.1046	1.0525	1.1152	1.0821	1.0830
QG37_07447	0.9207	1.0076	0.8790	0.8197	0.9696	0.9159	0.9278	0.9579	0.9074	0.9794	1.0929	0.8609	0.8629	1.0678	0.8386	0.8790	0.9764	0.9103	0.9233	0.9027	0.8731	0.9774	1.0743	0.9837	0.9084	0.9446	0.8465	0.8848	0.9163	0.6978	0.9722	0.9518	0.9402	0.9460	0.9991	0.8961	0.9860	1.0823	0.7890	1.0015	0.9583	0.9888	1.0018	0.9705	0.9634	1.1011	0.8815	1.0286
QG37_07448	0.8653	0.9478	0.7494	0.8971	1.0411	0.8936	0.9929	0.9128	0.9158	0.9252	0.9308	0.8543	0.8385	0.8674	0.9768	1.0338	0.8947	0.9439	1.0412	0.9615	0.9440	0.9415	0.9165	0.8796	0.9869	0.9633	0.9106	0.9054	0.8562	0.7599	0.9286	0.9278	0.9133	0.8473	1.0116	0.8898	0.9176	0.8769	0.8902	0.9231	0.8549	0.8380	0.9519	0.9516	0.9620	1.0316	0.9477	0.9754
QG37_07449	0.9768	0.9528	1.0098	0.8630	0.9468	0.9799	0.9404	0.8739	1.0218	1.0080	0.9176	1.0973	0.9265	0.9335	0.9438	1.0430	0.9833	0.9972	0.9522	0.9107	0.9844	0.9123	0.9618	1.0452	0.9905	1.0577	1.1313	0.8604	0.8429	0.8930	0.8335	0.9338	1.1287	1.0270	0.8864	0.9217	0.9260	0.9748	1.0816	0.9477	1.0076	0.9453	1.0280	0.9747	0.9599	1.0288	1.0632	1.0314
QG37_07450	1.1282	0.9700	0.9431	0.9652	1.0030	0.8247	0.9889	0.9625	1.1562	0.9136	1.1808	1.0088	1.0445	0.8457	0.7912	0.9133	0.8805	1.1379	1.0822	1.0464	1.1491	0.7579	0.9942	0.9681	0.9374	1.0105	0.9634	0.9969	0.9629	0.8403	0.9675	0.9754	1.1049	0.9926	1.0092	1.0250	1.1153	1.0565	0.9989	1.1208	1.1199	1.1128	0.9852	0.9038	0.7978	0.8693	0.9632	0.8146
QG37_07451	1.0023	0.9787	0.7955	0.8551	1.0613	0.8488	0.9214	1.0400	1.0831	1.0086	1.0614	1.0486	0.9988	0.8976	0.8279	0.9551	0.9646	1.0693	1.2328	1.0125	1.0633	0.9029	1.0005	1.0006	1.0437	1.0100	0.9733	1.0191	1.0253	0.8590	0.9146	0.9255	1.0796	0.9809	1.0249	0.9846	1.0998	1.0590	1.0000	1.0935	0.9959	1.1592	0.9543	0.2401	0.2522	0.2835	0.2516	0.2736
QG37_07452	0.9421	0.8993	0.8425	0.9524	0.9395	0.8848	0.9009	1.0288	0.9986	0.8900	0.8356	0.9927	0.9226	1.0300	0.9245	0.9501	1.0040	0.9654	1.0107	0.9784	0.9672	1.0026	0.9242	1.0490	0.9644	0.9451	1.0182	0.8725	0.8906	0.9288	0.9322	0.9063	0.9536	0.9541	0.9674	1.0015	0.9292	0.9388	1.0178	0.9918	1.0101	1.0093	1.0091	1.0155	0.9497	0.9203	1.0019	1.0276
QG37_07453	0.8998	0.7497	0.7042	0.8330	0.7785	0.8649	0.7608	0.8622	0.7816	0.7883	0.8166	0.7906	0.7409	0.8078	0.8145	0.8228	0.8221	0.7527	0.8978	0.8427	0.8463	0.7971	0.8149	0.8655	0.8601	0.7328	0.7828	0.7926	0.7425	0.8236	0.7330	0.7167	0.7638	0.8382	0.8229	0.8478	0.7808	0.8118	0.8218	0.8702	0.7933	0.8479	0.8187	0.9117	0.8547	0.8194	0.9366	0.8289
QG37_07454	0.9299	0.8788	0.9297	0.9986	0.9172	0.8514	0.9546	0.9467	1.0491	0.9329	0.9537	0.8929	0.9427	0.9388	0.8743	0.9795	0.9144	0.9663	0.9768	0.9893	0.9265	0.8911	0.9251	1.0259	0.8872	0.8855	0.9118	0.7666	0.7659	0.8969	0.9047	0.9730	0.9212	0.9058	0.9815	0.9041	0.9646	0.9806	0.9723	0.9284	1.0868	0.9881	0.9359	1.0673	1.0043	1.0425	1.0906	1.0723
QG37_07455	0.8485	0.7614	0.6964	0.8929	0.8242	0.8969	0.8137	0.8778	0.8924	0.8491	0.7824	0.9269	0.8711	0.8657	0.8903	0.8360	0.9476	0.8455	0.8774	0.9212	0.8739	0.9553	0.8190	0.9419	0.9725	0.8838	0.9797	0.8433	0.8798	0.8384	0.8048	0.8101	0.8762	0.9337	0.9427	0.8986	0.9185	0.9867	0.9043	0.9417	0.9229	0.9140	0.9890	0.9175	0.9330	1.0327	0.9472	0.8990
QG37_07456	0.8628	0.7786	0.8715	1.0181	0.8938	0.7754	0.8867	0.8697	0.8274	0.7990	0.8057	0.8665	0.7506	0.9054	0.8536	0.8777	0.8860	0.9243	0.9237	0.8475	1.0015	0.8427	0.9208	0.9469	0.8669	0.9057	0.9172	0.8805	0.8579	0.7017	0.9651	0.9210	0.8718	0.8164	0.8839	0.9285	0.8887	0.9749	0.9609	1.0375	0.9397	0.8619	0.8438	1.0028	0.9520	0.9692	1.0404	0.8601
QG37_07457	0.9451	0.9387	0.8115	0.9042	1.0086	0.9417	0.9213	0.7965	0.9141	1.0062	1.0234	0.9703	0.8551	1.0887	0.9720	0.9464	0.8786	1.0349	0.9655	0.9522	0.8717	0.9533	0.9624	0.8439	0.9766	0.7549	0.8868	0.8121	0.8202	0.6441	0.9516	0.8349	1.0285	1.0351	0.9358	0.9653	0.9195	0.9238	0.9719	0.9094	0.9784	0.8787	0.9404	0.9535	0.9215	0.8921	0.7845	1.0755
QG37_07458	0.9413	0.8203	0.8860	0.8250	0.9083	0.8751	0.8601	0.8481	0.8839	0.8986	0.9434	0.9375	0.8512	0.9767	0.9342	0.9619	0.9202	0.9928	0.9396	0.8943	0.8712	0.9845	0.9702	0.9291	0.8658	0.8700	0.8875	0.9115	0.9566	0.8642	0.8010	0.8568	0.9440	0.9918	0.9689	0.9303	0.9284	0.9720	0.9572	0.8861	1.0216	0.8981	1.0078	0.9578	0.9364	0.9122	0.9252	0.9418
QG37_07459	0.8487	0.9778	0.7074	0.9309	0.9423	0.9711	0.8501	0.9457	0.8510	0.9551	0.9139	0.9650	0.8932	0.8961	0.8756	0.9340	0.8353	0.9808	0.9199	0.9164	0.9440	0.9693	0.9393	1.0558	0.8783	0.9273	0.9304	0.9521	0.8610	0.7915	0.8604	0.8274	0.8827	0.8249	0.8251	0.9332	0.8900	0.9134	0.8823	0.8914	0.8374	0.9456	0.8009	0.9340	0.8708	0.9980	1.0014	1.0499
QG37_07460	0.9024	0.9512	1.0619	0.9530	1.0227	0.9691	0.9135	1.0216	0.9221	0.8514	0.8641	0.8836	0.8294	0.8184	1.0049	0.9309	0.9995	0.9476	0.8751	0.7921	0.8906	1.0071	0.8229	0.9771	1.0570	1.0219	0.9714	0.8507	0.7983	0.9321	1.1216	0.9639	0.9914	0.9618	0.9195	0.8832	0.8663	0.9555	0.9952	0.9287	1.0805	1.0869	0.9833	0.8830	0.9718	0.9996	1.0322	1.0295
QG37_07461	0.9258	0.9511	1.0559	0.7327	0.9026	0.8812	0.9445	0.9515	0.9274	0.9187	0.9083	0.8937	0.9638	1.0073	0.9753	0.8862	0.9114	1.0368	0.9363	0.8881	1.0163	1.0105	0.9732	0.9251	0.9981	0.9666	0.9520	0.8992	0.8962	0.8915	1.0171	0.8971	0.9382	0.9388	0.9928	0.9687	0.9629	0.9396	1.0103	1.0001	0.9969	1.0250	1.0021	1.0674	0.9855	1.0777	1.0394	1.0843
QG37_07462	0.9566	0.8829	0.8263	0.7650	0.9335	0.8984	0.8413	0.9154	0.9951	0.8387	0.9834	0.9178	1.0060	1.0142	0.8269	0.9702	1.0006	0.9550	0.9965	0.8934	0.8957	1.0113	0.9373	0.9273	0.9269	0.8861	1.0193	0.8141	0.9761	0.8572	0.7597	0.8575	0.9331	0.8391	0.9089	1.0134	0.8190	0.8815	1.0666	0.8521	0.9796	1.0238	0.9819	1.0404	0.8664	1.0925	1.0392	0.9682
QG37_07463	1.1487	0.9688	0.6918	0.7528	0.8693	0.8301	1.0472	0.9184	0.9425	0.8969	0.9919	0.8825	0.9361	1.0889	0.9458	1.0253	0.8923	0.8980	0.9950	0.9979	1.0879	0.8270	0.9249	0.8480	1.0047	0.8321	1.0558	0.8361	0.9106	0.4568	0.8880	0.9479	0.9930	0.7635	0.9759	0.8602	0.9655	0.8720	0.9865	0.8326	0.9326	0.9521	0.9398	0.7775	0.9337	0.9504	1.0030	0.9065
QG37_07464	0.8573	0.8388	0.8282	0.8561	0.7828	0.8203	0.7976	0.8303	0.9081	0.7751	0.8897	0.8186	0.8122	0.8674	0.9055	0.9139	0.8162	0.8715	0.8602	0.7969	0.9407	0.8653	0.8506	0.8827	0.8533	0.8431	0.7959	0.8329	0.7932	0.7290	0.7850	0.9060	0.8955	0.8225	0.8263	0.8712	0.9180	0.9202	0.8691	0.7758	0.8689	0.7860	0.8020	0.9030	0.7555	0.8916	0.8251	0.8801
QG37_07465	0.9778	0.8797	0.9357	0.9725	0.9310	0.9128	0.8799	0.8884	0.8454	0.8847	0.8257	0.7850	0.8755	0.9231	0.9153	0.9747	0.9043	0.9367	0.8783	0.9025	0.9202	0.9311	0.9560	0.9415	0.9316	0.8969	0.8937	0.8692	0.8503	0.9066	0.9374	0.8469	0.8894	0.8831	0.9982	0.8946	0.9220	0.9617	1.0594	0.8888	0.9754	0.9464	1.0054	0.9811	0.9641	0.9501	0.9769	0.9516
QG37_07466	0.8569	0.9297	0.8908	0.9145	0.8075	0.8983	0.8659	0.8569	0.8365	0.9259	0.8200	0.8430	0.8394	0.8526	0.9646	0.9289	0.9683	0.8462	0.9031	0.9440	0.8917	0.9597	0.9026	0.9182	0.8623	0.8323	0.9073	0.8144	0.9014	0.9612	0.8613	0.8822	0.9110	0.8678	0.9562	0.8290	0.9199	1.0327	0.8670	0.8908	0.9557	0.9228	0.9600	0.9680	0.9217	0.9564	0.9070	0.9642
QG37_07467	1.3862	0.9237	0.8572	0.9541	0.9465	1.0456	1.0054	0.9834	0.9811	1.1401	1.0214	1.0944	0.9598	1.0043	1.0499	0.9511	1.0269	0.9044	1.0350	0.9950	1.0488	1.1207	1.0518	1.1049	0.9403	0.9141	0.9586	0.9118	0.9415	1.0812	1.0969	0.9447	1.0697	0.9565	0.9932	0.9480	1.1512	1.1509	0.9365	1.2069	0.8708	1.0657	1.0859	0.9168	1.0927	1.0577	1.1150	1.0707
QG37_07468	0.8437	0.8271	0.8403	0.8826	0.8527	0.7999	0.8278	0.8105	0.8639	0.8982	0.7370	0.8659	0.8091	0.9428	0.9091	0.9189	0.8162	0.8634	0.8391	0.7245	0.9028	0.8781	0.8272	0.8422	0.8283	0.8418	0.8738	0.8114	0.8045	0.8357	0.7971	0.8364	0.8804	0.8834	0.8403	0.8710	0.9204	0.8112	0.8310	0.8513	0.8644	0.7922	0.8189	0.9012	0.9682	0.8971	0.8385	0.8974
QG37_07469	0.8225	0.7848	0.8391	0.9937	0.7458	0.8460	0.7644	0.8671	0.8091	0.7949	0.9290	0.8423	0.7925	0.9382	0.8498	0.9664	0.8399	0.7478	0.8828	0.7257	0.9638	0.7671	0.9487	0.8553	0.9317	0.8577	0.9351	0.7954	0.8370	0.8578	1.0791	0.8199	0.9867	0.7891	0.9679	0.9965	0.9465	0.8954	0.7778	0.7496	0.7489	0.7563	0.8146	0.8576	0.7669	0.8790	0.7455	0.9046
QG37_07470	0.8475	0.9185	0.9380	1.0556	0.8511	0.8693	0.8737	0.9801	0.9291	0.8218	0.9612	1.0639	0.8908	0.9826	0.8623	0.9163	0.7460	0.7701	0.7103	0.7566	0.8989	0.9133	0.8550	0.9668	0.9124	0.8387	0.9106	0.8575	0.9481	0.6208	1.0567	0.8161	0.9037	0.8231	0.8305	0.9733	0.8400	0.6546	0.7794	0.8010	0.8909	0.8596	0.8864	0.8529	0.8134	0.8633	0.7118	1.0051
QG37_07471	0.9486	0.8551	0.9819	1.0459	0.8127	0.8453	0.9966	0.8070	0.9862	0.8980	0.8672	0.6803	0.8597	0.8206	0.8723	1.0503	0.9094	0.9556	0.8791	0.8745	0.9242	0.7592	0.9813	0.9139	1.0186	0.9173	0.9491	0.8790	0.8131	0.8154	0.8756	0.8330	1.0962	0.9069	1.0088	0.9216	0.9148	0.8560	0.8931	1.1513	1.0121	0.9823	0.8136	0.9714	0.8932	0.8275	0.9372	0.9680
QG37_07472	0.9284	0.8492	0.9716	0.8611	0.7767	0.8554	0.9160	0.8635	0.8821	0.8334	0.8913	0.7968	0.8068	0.9444	0.8780	0.8567	0.9212	0.8036	0.8525	0.7613	0.9762	0.9255	0.8934	0.8506	0.8886	0.7815	0.8313	0.7479	0.8504	0.7081	0.7729	0.7637	0.9524	0.9263	0.9282	0.8189	0.8554	0.8740	0.8640	0.8800	1.0071	0.8556	0.8959	1.0212	0.8438	0.9749	0.9965	0.9764
QG37_07473	0.9460	0.9257	0.8353	0.8613	0.8893	0.8330	0.9865	0.9512	1.0569	0.9092	0.8930	0.8971	0.8137	1.0557	0.9519	1.0003	0.9637	0.9926	0.9794	0.8976	0.9838	0.9358	0.9103	0.8912	0.8803	0.9005	0.8664	0.8990	0.7950	0.7972	1.0147	0.8796	0.9644	0.9068	0.9707	0.8919	0.9203	0.9878	0.9436	1.0037	1.0971	0.8705	0.9143	0.9648	0.9566	1.0352	0.9688	1.0030
QG37_07474	0.9657	0.9884	1.0229	0.9006	0.9913	0.8975	1.0461	1.0533	1.0526	0.9612	1.0363	1.0027	1.0350	1.0649	0.8717	1.0791	0.9551	1.0958	0.9756	0.9859	0.9923	0.9910	1.0121	0.9216	1.0414	0.9509	0.9744	0.9707	0.9306	1.1294	0.9954	0.9214	0.9300	0.9479	1.0596	1.0053	1.0281	0.9054	1.0162	1.0515	1.0006	0.9918	0.9647	1.0713	1.0619	1.0059	0.9632	1.0108
QG37_07475	0.9089	0.9248	0.9057	0.8971	0.9619	0.9190	0.9055	0.8617	0.9307	0.8949	0.9651	0.9004	0.8575	0.9252	0.9117	0.9402	0.9112	0.9074	0.9803	0.9086	1.0176	0.9874	0.9593	0.9628	0.9286	0.9175	1.0012	0.9569	0.8360	0.8909	0.9618	0.9233	0.9361	0.9000	0.9691	0.9571	0.9349	0.9571	0.9517	0.9611	0.9664	0.9761	0.9554	1.0151	0.9938	1.0160	0.9633	0.9864
QG37_07476	1.1110	0.9376	1.0005	0.9503	0.9541	1.1162	0.9487	0.8746	0.9664	0.9263	0.8966	0.9735	0.8823	0.7943	1.0311	0.9629	0.9126	1.1679	1.0366	0.9436	0.9169	0.9703	0.9824	1.0005	0.9434	0.8620	1.0118	0.9941	0.9634	1.2974	0.8703	1.0517	1.0979	0.0274	0.0313	0.0315	0.0280	0.0275	0.0359	0.0258	0.0289	0.0398	0.0285	1.1216	1.1397	1.1494	0.9381	1.2300
QG37_07477	0.9376	0.9237	0.9426	0.9599	0.9748	0.9393	0.8703	1.0017	0.8607	0.8031	0.8677	0.8919	0.8984	1.0253	0.9838	0.9733	0.9291	1.0613	1.0255	0.9321	1.0092	0.9188	0.8812	0.9355	1.0210	0.8863	0.9699	0.9292	0.8484	0.9606	0.8907	0.8764	0.9144	0.8815	0.7218	0.8629	0.9000	0.8762	0.8397	0.7715	0.7985	0.9837	0.9502	1.0025	0.9879	0.9951	1.0411	0.9800
QG37_07478	0.9378	0.9338	1.0576	0.8069	1.1042	1.0056	0.9118	0.8412	1.0245	0.9802	1.0050	0.9828	0.9406	1.1776	1.0409	0.9289	0.8906	1.1295	0.7995	0.8782	0.9650	0.9313	0.9912	0.9977	0.9983	0.9630	1.0166	0.8853	1.1028	0.8742	0.9763	1.0078	0.9549	0.0000	0.0000	0.0000	0.0118	0.0000	0.0112	0.0176	0.0000	0.0029	0.0000	1.1549	1.1278	0.9798	0.9020	0.9238
QG37_07479	0.8770	0.9515	0.7221	0.8200	0.8264	0.8965	0.9869	0.9188	0.8933	0.8200	1.0198	0.7517	0.9402	0.9116	0.9042	0.8807	0.9218	0.9040	0.9635	0.8355	1.1109	0.8338	1.0468	0.9573	0.9687	0.8422	0.9971	0.9194	0.9161	0.8897	0.8110	0.8628	0.9261	0.8272	0.7469	0.7460	0.7838	0.8887	0.8941	0.9577	0.9124	0.9299	0.8913	1.1209	1.1273	0.9872	0.9494	0.9082
QG37_07480	0.8650	0.8271	0.8018	0.8211	0.8323	0.8518	0.9326	0.8018	0.8042	0.8456	0.8061	0.7962	0.9275	0.9482	0.9266	0.8584	0.8058	0.8808	0.9181	0.7207	0.8241	0.7769	0.9924	0.9257	0.8958	0.8104	0.9557	0.7644	0.8369	0.7329	0.8126	0.8856	0.7711	0.8146	1.0284	0.9270	0.8056	0.8499	0.8931	0.9210	0.8229	0.8652	0.9012	0.8430	1.0041	0.8903	0.9796	0.8982
QG37_07481	0.9342	0.9283	0.8641	1.0153	0.9651	0.9477	0.8786	0.9594	0.9184	0.9196	0.9290	0.8517	0.8360	0.9585	0.9619	1.0021	0.9818	0.9630	0.9327	0.8336	0.9597	0.9667	0.9337	1.0588	0.9673	0.8907	1.0293	0.8651	0.9820	0.9985	0.9604	0.9431	0.9449	0.9868	0.9829	0.9816	0.9988	1.0232	1.0435	1.0375	1.0659	1.0573	1.0630	1.0295	0.9186	1.0412	1.0640	1.0198
QG37_07482	1.1965	0.8695	0.9779	1.0070	0.9542	0.8322	0.8438	0.8475	0.9795	0.9888	0.9660	1.0364	0.6917	0.9576	1.0898	0.9871	0.9165	1.0566	1.2905	0.9597	0.9537	0.9947	1.0140	1.0050	1.0910	0.9924	0.8063	0.8598	0.9347	1.0139	1.1196	0.8320	1.0798	0.8890	1.1015	0.9342	1.0046	1.0619	0.9573	1.1129	0.9721	0.9938	0.9438	0.9275	1.1531	0.9565	1.0393	1.1079
QG37_07483	0.6843	0.5749	0.5282	0.6588	0.6608	0.6624	0.7430	0.7928	0.5976	0.6119	0.7046	0.5829	0.7541	0.7883	0.6795	0.7352	0.8263	0.7314	0.7783	0.6427	0.7633	0.9265	0.8531	0.7463	0.7382	0.6922	0.6257	0.6172	0.5323	0.5953	0.6332	0.8124	0.8287	0.6906	0.8376	0.6923	0.9473	0.8480	0.8020	0.9036	0.6756	0.7458	0.6965	0.7054	0.7813	0.7735	0.8747	0.8406
QG37_07484	0.6210	0.6168	0.6730	0.6438	0.6128	0.6731	0.6716	0.7654	0.7602	0.6022	0.6105	0.7952	0.6193	0.6608	0.6929	0.7681	0.6510	0.6975	0.7509	0.6134	0.6281	0.6466	0.8085	0.7610	0.6589	0.6913	0.6577	0.6631	0.5939	0.6432	0.7172	0.7272	0.7149	0.7652	0.8251	0.6696	0.7041	0.8589	0.7691	0.6110	0.6795	0.6675	0.6947	0.8248	0.6704	0.8138	0.8173	0.8223
QG37_07485	0.9383	0.8156	0.8949	0.6890	0.6957	0.8516	0.8145	0.8256	0.8659	0.9017	0.8134	0.6868	0.7140	0.9084	0.8544	0.7795	0.7489	0.8942	0.8874	0.9147	0.8420	0.8218	0.8222	0.8990	0.8346	0.8474	0.8261	0.7381	0.7563	0.5753	0.8147	0.7475	0.8269	0.9027	0.7289	0.7474	0.9390	1.1236	0.7782	0.7350	0.9009	0.8949	0.6816	0.8665	0.8936	1.0181	1.1155	0.8976
QG37_07486	0.9160	0.8859	0.8376	0.8484	0.8888	0.8540	0.9788	0.8862	0.8422	0.8718	0.9065	0.9192	0.8533	1.0155	0.8808	0.9705	0.8971	0.9456	0.9487	0.8270	0.9485	0.8768	0.9831	0.9745	0.8645	0.9461	0.9434	0.8888	0.7977	0.7918	1.0085	0.8352	0.8733	0.9400	0.9415	0.9800	0.8540	1.0169	0.8657	0.9054	0.9039	1.0190	0.9681	0.9333	1.0345	0.9347	0.9895	1.0074
QG37_07487	0.7405	0.8220	0.7629	0.8853	0.7971	0.7563	0.9141	0.7931	0.8995	0.8226	0.8145	0.7499	0.7704	0.8955	0.8089	0.9137	0.8014	0.8442	0.8574	0.7682	0.9253	0.9355	0.9040	0.9817	0.8315	0.8541	0.8328	0.8308	0.7807	0.8039	0.8014	0.8447	0.7627	0.9451	0.8226	0.8361	1.0024	0.8803	0.8247	0.8722	0.8364	0.8334	0.8966	0.8434	0.9084	0.8771	1.0417	0.9513
QG37_07488	0.7478	0.6416	0.8315	0.8553	0.6272	0.8081	0.7517	0.7875	0.8643	0.8233	0.7673	0.8249	0.7648	0.7697	0.8340	0.8883	0.6337	0.7462	0.7109	0.6780	0.7057	0.7721	0.8204	0.8171	0.7071	0.6465	0.8106	0.8271	0.7128	0.7163	0.8235	0.9174	0.7300	0.9388	0.9574	0.8351	0.8470	0.9463	0.7339	0.7517	0.7525	0.7899	0.8306	0.5488	0.5844	0.5527	0.7497	0.5804
QG37_07489	0.9960	0.9677	0.9751	1.0187	0.9986	0.9653	0.9139	1.0211	0.9745	0.9861	0.9449	0.8803	0.8897	0.9927	1.0028	1.0574	0.9936	1.0339	0.9663	0.9085	0.9642	1.0007	1.0916	1.0698	1.0972	0.9423	0.8482	0.9576	0.8917	0.8481	0.8790	0.8882	0.9480	0.9795	1.0650	0.8982	0.9383	0.8344	0.8596	1.0120	0.9924	1.0917	1.0789	1.0420	1.0689	0.9638	1.0853	1.0960
QG37_07490	0.8163	1.0061	0.9513	0.8641	0.9925	0.8204	0.8936	0.8539	1.0541	0.9190	0.8742	0.9862	0.9921	0.8320	1.0276	0.9489	1.0150	1.0911	1.1679	0.9609	0.9787	0.8793	1.1962	0.9147	0.9484	1.0244	0.7908	0.9143	0.9242	0.9069	0.9598	0.9143	0.8246	0.9187	0.8057	0.8833	0.9057	0.9021	0.9385	0.9169	0.9801	0.9435	1.0171	1.0886	1.0193	1.0726	0.8882	0.9529
QG37_07491	0.9180	0.9083	0.8330	0.9371	0.9002	0.9491	0.9261	0.9558	0.9164	0.8055	0.9658	0.8649	0.9120	0.9160	0.9421	0.9417	0.8620	0.9707	1.0110	0.9057	0.9206	0.9401	0.9659	0.9730	0.8696	0.9133	0.9162	0.8882	0.9035	0.8021	0.9389	0.8925	0.9403	0.8656	0.9422	0.8939	0.9335	0.9761	0.8011	0.8772	1.0387	0.9175	1.1036	1.0847	0.9585	1.0353	1.0728	1.0001
QG37_07492	0.8337	0.8781	0.9338	0.9049	0.8292	1.0176	0.8291	0.8432	0.9033	0.9244	0.8475	0.7980	0.8070	0.9084	0.9458	0.9430	0.9278	0.9256	0.9849	0.7904	0.8285	0.8492	0.8540	0.9413	0.8918	0.8366	0.7929	0.8015	0.7973	0.7566	0.9523	0.8507	0.9201	0.8857	0.9805	0.8949	0.9024	1.0099	1.0026	0.8213	0.8481	0.8600	0.8521	0.8592	0.8667	0.8029	0.8968	0.9667
QG37_07493	0.7062	0.6769	0.8634	0.7016	0.7838	0.7148	0.6838	0.7878	0.7294	0.6869	0.7314	0.7377	0.6334	0.8728	0.7521	0.7535	0.7422	0.7931	0.7113	0.7223	0.6900	0.7232	0.7881	0.7392	0.7002	0.7534	0.7523	0.7556	0.8267	0.7014	0.8266	0.6872	0.6981	0.8705	0.7889	0.7334	0.7724	0.8408	0.7793	0.8172	0.7429	0.8083	0.8123	0.9385	0.7128	0.7284	0.7684	0.7868
