GENE	CDC_B11096	CDC_B11097	CDC_B11098	CDC_B11099	CDC_B11101	CDC_B11102	CDC_B11103	CDC_B11105	CDC_B11112	CDC_B11113	CDC_B11114	CDC_B11115	CDC_B11116	CDC_B11117	CDC_B11118	CDC_B11119	CDC_B11200	CDC_B11201	CDC_B11205	CDC_B11206	CDC_B11207	CDC_B11208	CDC_B11209	CDC_B11210	CDC_B11212	CDC_B11213	CDC_B11214	CDC_B11215	CDC_B11216	CDC_B11217	CDC_B11218	CDC_B11219	CDC_B11220	CDC_B11221	CDC_B11222	CDC_B11223	CDC_B11224	CDC_B11225	CDC_B11226	CDC_B11227	CDC_B11228	CDC_B11229	CDC_B11230	CDC_B11243	CDC_B11244	CDC_B11245	CDC_B11246	CDC_B11247
QG37_00464	0.8255	0.6621	0.6877	0.4600	0.6141	0.6633	0.6264	0.6098	0.5987	0.6040	0.5782	0.5700	0.7118	0.6372	0.5415	0.5301	0.4280	0.5593	0.5770	0.5385	0.5560	0.5571	0.6854	0.6070	0.6632	0.6029	0.5916	0.6144	0.5650	0.5059	0.6129	0.4942	0.5868	0.5820	0.5469	0.5679	0.5519	0.5020	0.5514	0.5509	0.4419	0.5728	0.4504	0.7724	0.7753	0.7379	0.6411	0.8079
QG37_00465	0.9251	0.8208	0.8163	0.8230	0.7673	0.7342	0.7729	0.8305	0.6557	0.8165	0.7073	0.8390	0.8549	0.6948	0.7560	0.6072	0.8308	0.7296	0.9322	0.7899	0.7612	0.7982	0.8657	0.6799	0.7994	0.8193	0.9783	0.9894	0.6751	0.7048	0.9025	0.7188	0.8161	0.8939	0.8670	0.7143	0.7291	0.8636	0.7761	0.8115	0.6259	0.7442	0.7316	0.9253	0.9347	0.8644	0.7500	0.8129
QG37_00466	1.0212	1.0234	1.1383	1.0617	1.0827	1.1507	1.1148	0.9572	0.9915	1.1825	0.9070	0.9295	0.9287	1.0325	0.9003	1.0537	1.0327	1.1150	0.9635	0.9278	1.0141	1.0049	0.9616	0.8421	1.0041	1.0108	1.0490	1.0427	1.3232	0.8151	0.8357	1.1884	0.9402	1.0333	1.0428	1.1321	0.8626	0.8998	1.0537	0.9138	1.1553	1.1142	0.8892	1.2848	1.0244	1.2157	1.1013	0.9160
QG37_00467	1.0253	0.9373	0.9726	0.8500	0.9481	0.9600	0.9562	1.0017	0.9389	1.0093	0.9815	0.8770	0.9582	0.9875	0.8983	0.9193	0.9117	0.9239	0.9887	1.0626	0.9571	0.9085	0.8477	0.9112	0.9055	0.9112	0.9931	0.9316	0.9608	0.8472	0.8548	0.9210	0.9435	0.9696	0.9234	0.9998	0.9150	0.9138	0.8913	0.9474	1.0081	0.9943	0.8908	1.0026	0.9285	0.9645	0.8982	0.9142
QG37_00468	1.1923	1.2836	1.1825	1.1131	1.2011	1.1760	1.0773	1.2342	1.1842	1.1964	1.1455	1.1234	1.2595	1.0634	1.1748	1.1741	1.0676	1.0913	1.1759	1.1957	1.0542	1.1729	1.0927	0.9755	1.1135	1.0748	1.0582	1.1401	1.2932	1.0388	1.0033	1.0870	1.1552	1.1116	1.1493	1.1722	1.0662	1.1409	1.0646	1.0514	1.1841	1.1174	1.0164	1.0676	1.1821	1.1894	1.0950	1.1100
QG37_00469	0.9202	0.7720	0.7558	0.8127	0.7834	0.8574	0.7875	0.8189	0.8589	0.7759	0.8801	0.7543	0.8022	0.7666	0.7992	0.7769	0.8627	0.7858	0.7813	0.8903	0.7374	0.7806	0.8103	0.7683	0.7627	0.7691	0.8300	0.7820	0.7705	0.6717	0.8317	0.7489	0.8106	0.8060	0.8240	0.8021	0.8198	0.8354	0.8994	0.7742	0.8168	0.7167	0.8125	0.7982	0.7758	0.7551	0.8775	0.7762
QG37_00471	1.1788	1.1178	1.1444	1.0381	1.0540	1.1676	1.1473	1.0541	1.0374	1.1509	1.1046	1.0837	1.1512	1.0128	0.9994	1.0428	1.0436	1.0449	1.0551	1.1866	1.0099	1.0702	1.0557	0.9790	1.0912	1.1072	1.0794	1.1165	1.1197	1.0130	1.0348	1.0723	1.0755	1.0591	1.0355	1.1232	1.0982	1.0708	1.1010	1.0959	1.0798	1.0362	1.0203	1.0637	1.0901	1.0386	1.1101	1.0720
QG37_00472	0.8539	1.0716	0.9449	1.1168	0.9236	1.0632	1.1146	1.0998	1.0889	1.1106	1.0950	0.8726	1.1617	1.1283	1.0730	1.2011	1.0024	0.9035	0.9065	0.9198	0.9266	0.8740	0.9718	0.8919	0.9875	0.9979	0.8700	1.1594	0.9844	0.8821	0.8834	1.0857	0.9348	0.9470	1.1703	1.1011	0.9987	1.0445	0.8687	0.9507	0.9303	0.8170	0.9403	1.0682	0.9411	0.9515	0.9658	1.0295
QG37_00473	0.9286	0.8859	1.1309	0.9564	1.1432	1.0924	0.9696	1.0856	1.0028	0.9087	0.8869	0.9196	0.9090	0.9385	0.9502	1.0131	0.9273	0.9381	1.0181	1.1604	0.8674	1.0352	0.8807	0.8896	0.9873	0.9640	0.9897	1.1278	1.0265	1.2774	0.8425	1.0040	1.0560	0.7872	1.0004	0.9571	1.0143	0.8588	0.8933	0.9429	0.9359	0.9252	0.8512	1.0205	1.0417	0.8649	1.2103	0.8410
QG37_00474	1.0639	0.9266	0.9794	0.8604	1.0388	1.0226	1.0284	0.9389	0.8899	0.9996	0.9870	0.9422	1.0264	1.0350	0.8949	1.0074	0.8944	0.9357	0.9679	0.9235	1.0162	0.9895	0.8708	0.9463	0.9641	0.9997	0.9257	1.0359	0.9126	0.8675	0.8044	0.9702	1.0523	0.9478	0.9626	1.0131	1.0404	0.8664	1.0243	0.9180	0.9326	0.9689	0.9381	0.9678	1.0631	0.9782	1.0037	0.9583
QG37_00475	1.0511	0.8989	0.9545	0.9705	0.8678	0.9249	1.0358	0.9513	0.9041	0.9110	0.9210	0.8049	1.0040	0.9024	0.8329	0.9156	0.9559	1.0102	1.0117	1.0573	0.9967	0.9053	0.8943	0.9767	0.9504	0.9390	0.9555	0.9297	0.8391	0.8457	1.0068	0.9024	0.9391	0.9451	0.8653	0.9184	1.0447	1.0140	0.8659	0.9495	0.9986	1.0259	0.8678	0.8495	1.0498	1.0556	0.9360	0.9233
QG37_00476	0.9253	0.9437	0.8551	0.9577	0.9716	0.9332	0.9480	0.9236	0.9624	0.9146	0.9372	0.9151	0.8763	0.9633	0.9964	0.9410	0.8446	0.9041	0.9579	0.9142	0.9889	0.9250	0.9076	0.9488	0.9851	0.9383	0.9460	0.8910	0.9175	0.8866	0.8900	0.9330	0.9197	0.9119	0.9443	0.9883	0.9605	0.9619	0.8955	0.9582	0.9727	0.9453	0.8717	0.9604	0.9216	0.9303	0.9355	1.0176
QG37_00478	0.9699	0.9872	0.9371	0.8141	0.9266	0.7938	0.8508	0.8765	0.8920	0.9455	0.9887	0.9564	0.8635	0.8248	1.0613	0.9622	0.9276	0.8423	0.8764	0.9855	0.8326	1.0033	1.0351	0.9421	0.8497	0.9818	0.9770	1.1031	1.0428	0.7232	0.9954	0.9325	1.0119	1.0239	1.0222	0.8287	1.0392	0.9585	1.0486	1.0085	1.0764	1.0813	1.0124	1.0035	0.9268	0.9070	1.0881	0.9639
QG37_00479	0.8960	0.8500	0.9088	0.9148	0.8661	0.8622	0.9165	0.9470	0.9128	0.7865	0.8454	0.9027	0.8978	0.9662	0.9608	0.9743	0.8484	0.9858	0.8740	0.9432	0.9965	0.8496	0.8024	0.8696	0.8789	0.8532	0.9657	0.9907	0.8658	0.8909	0.8855	0.8606	0.8241	0.9365	0.9751	0.9957	1.0155	0.8602	0.9717	0.9542	1.0468	0.9795	0.9067	0.9752	1.0082	0.9592	0.9758	0.8759
QG37_00480	1.0257	0.8836	0.8720	1.0136	0.8575	1.0348	1.0156	0.8738	0.9187	0.8371	0.9984	0.7991	1.0204	0.9253	0.9554	1.0549	0.9686	0.9197	0.9009	0.9254	1.0185	0.9188	0.9109	0.8772	0.9497	0.8459	0.9773	0.8704	0.8979	0.9873	0.8692	0.9537	0.8831	0.9475	0.9588	1.0187	0.9732	1.0052	1.0648	0.9240	0.9913	0.9901	0.9149	1.0169	0.9939	0.9851	1.0107	0.9035
QG37_00481	0.9426	0.9222	0.8099	0.8314	0.9026	0.8770	0.9501	0.9202	1.0024	0.8835	0.9244	1.0082	0.9644	0.8768	0.9802	0.9722	0.8717	1.0105	0.9562	0.9556	0.9265	0.9226	0.9145	0.9002	0.8815	0.8716	0.8843	0.9645	0.8575	0.7530	0.9357	0.8748	0.8825	0.9445	0.9624	1.0093	0.9663	0.8774	0.9753	0.8990	0.9644	0.9220	0.8987	1.0036	0.9544	0.9544	1.0474	0.9606
QG37_00482	0.9566	0.7663	0.6107	0.7716	0.7610	0.7279	0.8262	0.7341	0.8762	0.7966	0.9434	0.7701	0.6935	0.7596	1.0197	0.9270	1.0037	0.9678	0.8163	0.7648	0.7360	0.8451	0.8632	0.8505	0.8595	0.8700	0.8467	0.7980	0.8567	0.8648	1.0082	0.6663	0.7410	1.0017	0.9324	0.7313	0.9500	1.0052	0.8824	0.7178	0.7958	0.8639	0.7904	0.9572	0.9025	0.7666	0.8008	0.7493
QG37_00483	0.8180	0.8246	0.8864	0.7905	0.8977	0.7849	0.9033	0.8470	0.8320	0.7773	0.9598	0.7694	0.8109	0.8637	0.8749	0.8511	0.7576	0.8627	0.8337	0.7749	0.8891	0.8802	0.8226	0.7962	0.8389	0.8351	0.7221	0.8187	0.8691	0.7981	0.8133	0.7662	0.8701	0.9015	0.8287	0.8432	0.7721	0.9443	0.9273	0.8368	0.8903	0.8539	0.8243	1.0422	0.8515	0.9382	0.8419	0.8817
QG37_00484	1.0081	0.8399	1.1605	0.6661	0.8389	0.8796	0.8869	0.7516	0.9165	0.8446	0.9908	0.9277	0.8541	0.9779	0.9598	0.8204	0.9469	0.8394	0.9495	0.8891	0.9155	0.7694	0.9139	0.7814	0.9342	0.8842	0.6744	0.9436	0.8456	0.7463	0.9720	0.9861	0.9493	0.8876	0.9993	0.7927	0.7999	1.0366	0.8938	0.8729	0.8759	0.9520	0.8560	0.8429	0.8482	1.0810	0.9237	0.9300
QG37_00485	0.9441	0.8543	0.9890	0.9382	0.9004	0.9241	0.8939	0.9066	0.9062	0.9466	0.8910	0.8105	0.9706	0.8344	0.9365	0.9597	0.8756	0.9180	0.8561	0.8565	0.8210	0.9298	0.9048	0.8562	0.8676	0.8837	0.9930	0.9188	0.8978	0.8324	0.9171	0.9229	0.8436	0.9076	0.9021	0.9469	0.9098	1.1651	0.8414	0.8122	0.9021	0.9497	0.9235	0.9917	0.9521	0.9758	0.9118	0.9369
QG37_00486	0.9995	0.9957	0.9958	1.0728	0.9948	1.0044	1.0197	1.0056	0.9701	1.0310	0.9758	0.9566	0.9318	1.0410	1.0292	1.0938	0.9596	0.9404	1.0063	0.9918	0.9804	0.9439	0.9470	1.0014	0.9511	0.9595	1.0871	0.9586	0.9365	0.8842	0.9937	0.9099	0.9838	1.0072	0.9411	0.9655	1.0168	1.0514	1.0831	0.9696	0.9284	0.9492	0.9510	1.0035	0.9409	0.9590	0.9614	1.0321
QG37_00487	1.0775	1.0549	0.9778	1.1511	1.0874	0.9256	1.0300	0.9375	1.0377	1.0115	0.8968	0.9951	1.0105	0.9563	1.0229	0.9763	1.0205	0.9809	1.0089	1.0688	0.9537	0.9247	0.9509	0.9832	1.0247	1.0703	1.0795	1.0520	1.0017	0.9842	0.9996	0.9909	0.9866	0.9677	1.0174	1.0716	0.9359	1.0624	1.0929	1.1118	1.0155	1.0380	1.0170	1.0782	1.0405	0.9940	1.0372	1.0619
QG37_00488	0.9698	1.0246	1.0324	1.2021	1.0885	1.0245	1.1500	1.0141	1.0539	1.0835	1.0742	1.1716	0.9979	0.9936	1.0637	1.0858	1.0386	1.0075	1.0375	1.0783	1.0232	0.9294	1.0631	0.9992	1.0685	0.9503	1.0940	1.0558	0.9817	0.7742	1.1480	1.1157	1.0875	1.1063	1.0890	0.9870	1.0628	1.0137	1.0827	0.9157	0.9511	1.0340	0.9343	1.1176	1.0921	0.9520	1.0943	1.0001
QG37_00489	1.0560	0.9783	1.0267	0.9558	0.9837	1.0275	0.9541	1.0534	0.9757	0.9923	0.9590	0.9930	1.0436	1.0046	0.9707	0.9875	1.0357	0.9572	0.9750	1.0057	0.9897	0.9636	0.9646	0.9743	0.9317	1.0022	0.9662	0.9827	0.9665	0.8833	1.0033	0.9426	1.0205	1.0162	0.9366	0.9567	0.9470	0.9946	1.0340	0.9805	0.9726	0.9740	0.9138	0.9695	0.9768	0.9898	0.9800	0.9731
QG37_00490	1.1223	0.9797	1.0780	1.1041	1.0438	1.1272	1.0987	1.0923	1.0447	1.0471	1.0705	1.0177	1.1333	1.0581	1.0382	1.1253	1.0224	0.9757	1.0386	1.0832	1.1038	1.0838	1.0431	1.0200	1.0509	1.0321	0.9770	1.0544	1.0432	1.0758	1.0396	1.0254	1.0232	1.1061	1.0419	1.1885	1.0905	1.0311	1.0645	0.9952	1.0959	1.0499	0.9991	1.1275	1.0243	1.0783	1.0764	1.0422
QG37_00491	1.1340	1.0788	0.9880	1.1532	1.1377	1.1669	0.9659	1.1309	1.0491	1.0561	1.1322	1.0756	1.0940	1.0698	1.2179	1.1200	1.0718	1.0707	1.0549	1.0752	1.0168	1.0393	0.9491	1.0568	1.0958	1.1174	1.0529	1.0736	0.9922	0.8948	0.9712	1.0882	1.0921	0.9592	1.0612	1.0080	1.0382	1.0590	1.0435	1.1141	1.1819	1.0637	1.0539	0.8561	0.9483	1.0943	1.1080	0.9888
QG37_00492	1.0083	1.0250	1.0785	1.1149	1.1058	1.0990	1.1015	1.0807	1.1682	1.0833	1.2156	1.1763	1.0872	1.0395	1.0898	1.1772	1.1031	0.9871	1.1655	1.0729	1.0774	1.0853	1.1216	1.0227	1.0517	1.0251	0.9378	0.9519	0.9863	1.0233	1.0609	0.9860	1.0621	1.1587	1.1996	1.0216	1.1184	1.1149	1.2924	1.0868	1.1191	0.9936	1.0369	1.0248	1.0997	1.2263	1.0576	1.0052
QG37_00493	0.8919	0.9645	0.9319	0.8934	0.8295	0.9190	0.9482	0.9634	0.9226	0.9886	0.8782	0.8052	0.9281	0.9380	0.9901	0.9608	0.9553	0.9798	0.9267	0.9876	0.9783	0.8050	0.9285	0.8977	0.9923	0.9271	0.9842	0.9410	0.9468	0.8909	0.8551	0.9367	0.9279	0.9466	0.9785	1.0448	0.9104	0.9697	0.9321	0.9270	0.9291	0.8569	0.9504	1.0371	1.0486	0.9589	1.0909	0.9165
QG37_00494	1.0795	1.0743	1.0286	1.0464	1.0361	1.0239	1.0878	1.1157	1.0519	0.9933	1.0655	1.0311	1.0669	1.0539	1.0007	1.0695	1.0028	1.0468	1.0201	1.0673	1.0775	1.0965	1.0248	1.0284	1.0310	1.0005	1.0307	1.0634	1.0682	0.9169	0.9883	1.0324	1.0613	1.0377	1.0795	1.0369	1.0157	0.9930	1.0022	0.9583	1.0330	1.0486	0.9981	1.0179	1.0728	1.0278	1.0807	1.0407
QG37_00495	1.2142	1.0036	1.0323	1.0318	1.0337	1.1585	1.1587	1.1015	1.0273	1.0594	1.0353	1.0429	1.0480	1.0285	1.0231	1.0903	1.0545	1.0351	1.0659	1.0507	1.0092	1.1018	0.9635	0.9706	1.0226	1.0984	0.9252	1.2051	1.0676	1.0276	1.0584	1.0029	1.0669	1.0615	1.0112	1.1290	1.0989	0.9810	1.0043	1.0709	1.1014	1.0019	1.0151	1.0311	1.0578	1.0273	0.9802	0.9713
QG37_00496	1.0981	0.9095	0.9960	0.8699	1.0596	1.0370	0.9556	0.9742	0.9452	1.0892	0.9567	0.9454	1.1007	0.9634	0.9801	1.0737	0.9753	1.0526	1.0416	0.9604	1.0229	1.0178	0.9215	1.0001	1.0308	1.0229	0.9428	0.9944	1.0458	0.8812	1.0185	0.9486	1.0229	1.0618	0.9818	1.0857	0.9915	0.9563	1.0671	1.0816	1.0677	1.0317	1.0597	1.0309	0.9704	1.0975	0.9187	0.9979
QG37_00497	0.8858	1.0077	1.1748	1.0055	0.9104	0.8664	0.9638	1.0417	1.1599	0.9800	1.0953	0.8494	1.0552	1.0517	0.9818	0.9310	1.0299	0.9400	0.9707	1.1516	1.0788	1.0430	0.8878	1.0420	0.8312	1.1624	1.0978	1.0136	1.0573	1.0088	1.1563	1.0177	1.0745	0.9324	1.1144	0.8492	1.1224	0.9398	1.0051	1.0031	1.0085	1.1101	1.0279	0.9998	1.0110	0.9257	0.9561	1.0501
QG37_00498	1.0665	0.9669	1.1402	0.9875	1.0346	1.0963	0.9420	1.0336	1.0615	1.0868	1.0906	0.9989	1.0049	1.0671	1.0031	1.0647	1.0749	0.9563	1.0169	1.0600	1.0195	1.0170	1.0960	1.0130	1.0046	1.0142	1.0888	1.0575	1.0567	0.9654	1.0322	1.0424	1.0300	1.1214	1.1665	1.0726	1.0661	0.9804	1.0981	1.0057	1.1607	1.1365	1.0022	1.0398	1.1799	1.0471	1.0534	1.0271
QG37_00499	1.1207	1.0597	1.0118	1.0232	0.9973	1.0465	1.1501	1.0786	0.9820	1.0781	1.1234	0.9690	1.0408	0.9688	0.9020	1.0079	1.0319	1.1099	0.9994	1.0002	1.0635	1.0562	1.0490	1.0620	1.0609	1.1259	1.1033	0.9990	0.9626	1.0449	1.1237	0.9564	0.9535	1.0004	0.9464	0.9910	1.0753	1.1310	0.9927	1.0559	1.1181	0.9411	0.9469	1.1130	0.9544	1.0453	0.9678	0.9299
QG37_00500	1.0252	0.8198	0.8353	0.8900	0.8914	0.9710	0.8646	0.9992	0.8260	0.8930	0.9345	0.7722	0.8873	0.8146	1.0708	0.7595	0.7813	1.0575	0.9323	0.8757	0.8793	0.9461	0.7825	0.9119	0.9436	0.8436	0.7769	0.9346	0.8887	0.8551	0.8398	0.8540	0.8593	1.0677	0.8174	0.7275	0.9730	1.0026	0.9367	0.9446	0.8716	0.8495	0.8898	0.9787	0.9027	0.8802	0.8292	0.9116
QG37_00501	0.9059	0.8788	0.8530	0.7696	0.9273	0.9380	0.9376	0.8129	0.8675	0.8478	0.8836	0.8004	0.8902	0.9361	0.8000	0.8954	0.8636	0.9556	0.9097	0.8948	0.9372	1.0003	0.8989	0.8727	0.8925	0.8773	0.8568	0.8504	0.8275	0.8033	0.8975	0.8204	0.8441	0.8937	0.8319	0.8405	0.9104	0.9543	0.9293	0.7928	0.8986	0.8887	0.8137	0.9959	0.9245	0.9649	0.9861	0.9252
QG37_00502	1.1303	0.9174	1.0460	1.0154	0.9231	1.0003	0.9841	1.0222	0.9720	0.9669	0.9688	1.0603	0.9935	1.1055	0.9981	1.0634	0.9572	1.0270	1.0124	0.9248	1.0673	0.9681	0.9578	1.0739	0.9452	0.9927	0.9651	0.9296	0.8965	0.9342	1.0896	1.0030	0.8936	1.1549	1.0532	1.0795	1.0057	1.1191	1.0920	0.9405	0.9991	1.0363	0.9485	0.9464	1.0182	1.0214	1.0322	1.0336
QG37_00503	1.0263	0.9342	1.0459	1.0052	0.9265	0.9207	1.0340	1.0932	0.9989	1.0836	1.0156	0.9943	1.0178	0.9511	0.9771	1.0452	0.9322	1.0965	1.0181	0.9872	1.0722	1.0784	0.9615	1.1154	1.0755	1.0465	1.0102	0.9925	0.9150	1.1694	1.0764	1.0501	0.9354	1.0334	1.0955	1.0944	1.0851	0.9220	0.9705	0.9795	1.0969	1.1153	0.9663	1.0582	0.8933	0.9660	0.9918	1.1091
QG37_00504	1.0455	0.9956	1.1182	1.0065	0.9809	1.0526	1.0187	0.9709	1.0796	1.0434	0.9572	0.9308	0.9401	0.8722	1.0217	0.9061	1.0634	1.0125	1.0675	1.0324	1.0583	1.0559	0.9084	0.9793	0.9525	0.9823	0.9383	1.0549	1.0056	0.9767	0.9490	1.0067	1.0250	0.9550	1.0356	1.0527	1.0000	1.0028	0.9756	0.9867	1.0749	1.0129	1.1316	0.9537	1.0782	1.0289	0.9833	1.0091
QG37_00505	1.0658	1.0681	1.1218	1.0656	1.1663	0.9980	1.1720	1.0519	1.1661	1.0680	0.9691	1.1173	1.1697	1.0908	1.0173	1.1546	1.1184	0.9787	1.0570	1.2412	1.0645	1.1873	1.0134	1.0687	0.9592	1.0380	0.9346	0.9238	0.8934	0.8675	1.0072	0.9968	1.1803	1.0756	1.0517	1.0566	1.1207	1.1015	0.9408	0.9435	0.9459	0.9476	1.0263	1.1248	1.0411	1.0457	0.8948	1.1399
QG37_00506	0.9744	0.9324	1.0005	0.9757	1.0781	0.9519	0.9583	0.9834	0.9670	0.9896	1.0717	0.9949	0.9788	0.9822	0.9878	0.9400	1.0009	0.9501	0.9381	0.9677	0.9478	0.9659	0.9261	0.9061	0.9650	0.9401	0.9870	0.9458	0.9719	1.0139	0.9801	0.9887	0.9267	0.9535	1.0295	0.9638	0.9552	0.9529	0.9584	0.9583	1.0137	0.9391	0.9044	0.9581	0.9802	0.9675	0.9422	0.9418
QG37_00507	1.0413	1.0402	0.9565	1.1519	1.2523	1.1136	1.1519	0.9922	1.1898	1.0581	1.1482	1.1233	1.1697	1.0731	0.9238	1.1526	1.0873	1.0535	1.2047	1.0579	1.0383	1.1293	1.0721	1.2270	1.1225	1.0681	1.2396	1.0525	1.2397	1.1482	1.1708	1.0324	1.1584	1.4234	1.1805	1.2068	1.0506	0.9861	1.0013	1.2155	1.0729	1.0506	1.1352	1.3766	1.0720	1.1760	1.1517	1.2519
QG37_00508	1.1117	1.0300	1.0928	1.0852	1.1362	1.1355	1.0530	1.1123	1.0074	1.1074	1.1291	1.0332	1.1084	1.0711	1.0598	1.0884	1.0435	1.0300	1.0437	1.1842	1.1531	1.0663	1.0239	1.0017	1.0492	1.0764	1.0606	1.0288	1.0641	1.0576	1.0699	1.1316	1.0863	1.0534	1.1232	1.1582	1.1468	1.0722	1.1744	0.9864	1.0640	1.0780	1.0567	1.0961	1.0570	1.1415	1.1283	1.1187
QG37_00509	1.0375	1.0968	0.8598	0.8972	0.9218	0.9532	1.0163	1.0128	0.9138	0.9079	0.9445	0.9403	0.9026	0.9304	1.0408	0.9757	0.9547	0.9923	1.0306	0.9528	1.0114	1.0194	0.9276	0.9667	0.9236	1.0122	0.8968	0.9553	0.9129	0.7272	0.8538	0.9450	1.0126	0.9873	0.9635	0.9994	0.9216	0.9879	0.9288	0.9460	0.9539	0.9766	0.9617	0.9770	0.8655	1.0187	1.0161	1.0003
QG37_00510	1.0634	1.0074	1.0894	0.9234	1.0446	1.0821	1.0359	1.0603	1.0078	1.0087	1.1006	0.9828	1.0727	1.1105	1.0182	1.0828	1.0232	1.0467	1.0206	1.0508	1.0875	1.0090	1.0668	1.1050	1.0625	1.0012	0.9130	0.9116	0.8675	0.8830	0.8962	1.0392	0.9795	1.0954	1.1051	1.0119	1.0776	1.1502	1.1265	1.0099	1.0039	0.9520	0.9761	1.0197	0.9234	1.1045	0.9763	1.0079
QG37_00511	1.0206	1.0126	0.9047	0.9010	1.0609	1.0273	0.8928	1.0341	0.8922	0.9570	0.9121	1.0101	0.9736	0.9643	1.0013	0.9735	1.0392	0.9652	0.9364	0.9660	1.0420	0.9710	1.0014	1.0663	0.9899	0.9961	0.9271	0.9429	0.9105	0.7690	1.0581	0.9350	0.9641	1.0230	0.9455	0.9963	1.0615	1.0006	0.9788	0.9429	0.9989	1.0705	0.9886	1.0172	1.0126	1.0409	0.9700	0.9556
QG37_00512	0.9748	0.9041	0.9486	1.0661	0.8868	0.8854	0.9122	0.8806	0.8702	0.8731	0.8465	0.9557	0.8515	1.0563	0.8632	0.9161	0.9921	0.9237	0.9848	0.8974	0.8466	0.9210	0.9540	0.8776	0.9845	0.9595	0.9140	0.9716	0.8571	0.7614	1.1627	0.8654	0.7983	0.8663	0.7819	0.9639	0.9129	0.9244	0.9443	0.8740	0.8624	0.9279	0.9974	0.8556	0.8714	0.9504	0.8235	0.9277
QG37_00513	0.9865	0.8775	0.8912	0.8690	1.0283	0.8322	0.8740	0.9642	0.8264	0.8571	0.8659	0.8759	0.9529	1.0564	0.9593	0.9300	0.9537	0.9491	0.9142	0.9305	0.9523	0.9046	0.9776	1.0456	0.8863	0.8729	0.8331	0.9622	0.9530	0.7442	0.9386	0.9038	1.0010	0.8184	0.9468	0.7800	0.9180	1.0840	0.8702	0.9617	0.9140	0.9571	0.9068	0.9662	0.8880	1.0648	0.9889	0.9689
QG37_00514	0.7985	0.8549	0.9240	0.8322	0.8478	0.8973	0.9338	0.8915	0.9506	0.8744	0.9549	0.8518	0.9702	0.8024	0.9848	0.9047	0.9146	0.8922	0.8783	0.8763	0.7732	0.8756	0.8520	0.8943	1.0034	0.8505	1.0376	0.8926	0.9593	0.9082	0.8993	0.8762	0.9459	0.8729	0.9589	0.9420	0.9125	0.9919	0.9653	0.8143	0.7939	0.8538	0.8252	0.8460	0.7522	0.8293	0.9434	0.9745
QG37_00515	0.9630	0.7333	0.6938	0.7901	0.6321	0.8296	0.6606	0.7945	0.8156	0.7970	0.8659	0.6932	0.7774	0.7194	0.8032	0.8328	0.7589	0.8769	0.7415	0.8407	0.8509	0.8017	0.8731	0.9885	0.6644	0.8505	0.8130	0.6677	0.5569	0.6075	0.8274	0.7207	0.6651	0.7906	0.9673	0.7983	0.8956	0.8665	0.9820	0.8397	0.7635	0.7959	0.7274	0.7326	0.6531	0.8665	0.8099	0.8204
QG37_00516	0.6449	0.7660	0.6813	0.6505	0.7045	0.7874	0.7051	0.6677	0.7019	0.6281	0.6477	0.5980	0.6866	0.7304	0.7146	0.7202	0.7205	0.7142	0.7417	0.6386	0.8060	0.7152	0.6773	0.7141	0.6414	0.6915	0.7415	0.6526	0.6955	0.6496	0.6692	0.6648	0.7219	0.6481	0.7237	0.6580	0.6674	0.9140	0.7677	0.7262	0.7224	0.7040	0.6963	0.7070	0.7715	0.7164	0.7113	0.6770
QG37_00517	0.6021	0.5182	0.6296	0.5563	0.6677	0.7311	0.6024	0.5605	0.6564	0.5050	0.6572	0.5711	0.5983	0.6476	0.5211	0.6376	0.6518	0.5542	0.6238	0.4711	0.6935	0.5778	0.5179	0.6405	0.5446	0.5174	0.4800	0.5195	0.5185	0.3716	0.6979	0.4645	0.4599	0.6284	0.6877	0.6205	0.6349	0.5859	0.6404	0.5705	0.5695	0.5532	0.5216	0.5258	0.7070	0.7556	0.5648	0.7099
QG37_00518	0.7843	0.6898	0.7082	0.7067	0.6461	0.8244	0.6679	0.7291	0.6554	0.6588	0.6784	0.5740	0.7348	0.7968	0.5973	0.6911	0.7489	0.6621	0.6276	0.6862	0.6834	0.6035	0.6602	0.7112	0.6740	0.7473	0.6568	0.5557	0.6045	0.5681	0.7695	0.7242	0.6495	0.6805	0.7240	0.5761	0.7629	0.6371	0.7789	0.7243	0.6838	0.6208	0.5929	0.6201	0.6972	0.6703	0.7109	0.6465
QG37_00521	0.7377	0.8158	0.7944	0.8962	0.8716	0.8583	0.8229	0.7869	0.8139	0.8964	0.9211	0.7695	0.7704	1.0737	0.9798	0.7979	0.7485	0.8131	0.8271	1.0168	0.9953	0.8715	0.8287	0.8765	0.6684	0.6083	0.9380	0.8463	0.7082	0.8415	0.7284	0.7412	0.7479	1.0026	1.0111	0.8826	0.7875	0.8423	0.9203	0.9485	0.9032	0.7153	0.8226	0.8422	0.9336	0.9294	0.9791	0.9599
QG37_00522	0.9529	1.0802	0.9349	0.8513	1.0787	0.9602	0.8926	1.0362	1.0273	1.0233	0.9466	0.8858	0.9871	0.9730	1.0648	0.8794	0.8537	0.9518	0.8779	1.1578	1.0985	1.0450	1.0624	0.9239	0.8968	0.9054	1.2008	1.0150	1.0430	0.5320	1.0597	0.8343	0.9694	1.0683	1.0024	0.9956	1.0558	1.0552	0.7896	0.9216	0.9756	1.1836	0.9913	0.9546	1.1105	0.9355	1.2680	0.9799
QG37_00523	0.9377	0.8832	0.9869	0.9911	0.8773	1.0011	0.9487	0.8885	0.9499	0.9393	0.9188	0.8817	0.8696	1.0049	1.0016	0.9334	0.8922	1.0413	0.9917	0.9598	1.0079	0.9961	0.9512	1.0009	0.9342	0.8978	0.9241	1.0353	0.8458	0.8393	0.9666	0.9379	0.9266	0.9863	0.9637	0.9836	1.0109	0.9649	1.0313	0.9790	0.9211	0.9783	0.9709	0.9754	0.9759	0.9749	1.0366	1.0002
QG37_00524	0.8799	0.7699	0.7740	0.6625	0.7297	0.7181	0.8534	0.7055	0.8454	0.7067	0.6718	0.7608	0.7249	0.7240	0.9036	0.7685	0.7478	0.8088	0.8639	0.6253	0.7430	0.8119	0.8389	0.7068	0.9267	0.8373	0.6756	0.7609	0.7235	0.8051	0.7817	0.6748	0.7400	0.8303	0.6436	0.7052	0.7636	0.9150	0.8058	0.7380	0.8383	0.7806	0.7398	0.8000	0.7906	0.7631	1.0055	0.7938
QG37_00525	0.8794	0.8254	0.8034	0.7806	0.8159	0.8819	0.7970	0.8778	0.8113	0.7050	0.8025	0.7748	0.7287	0.8267	0.7741	0.8663	0.8270	0.7545	0.8234	0.7538	0.7641	0.8526	0.8615	0.8738	0.8077	0.7811	0.8131	0.7066	0.6675	0.7178	0.8218	0.7171	0.7781	0.8046	0.8502	0.8754	0.7851	0.8888	0.7973	0.7835	0.8688	0.8395	0.7091	0.8465	0.9024	0.7558	0.8753	0.8677
QG37_00526	0.8773	0.7919	0.9264	0.9489	0.8508	1.0714	0.9363	0.8732	0.9267	0.9216	0.8655	0.9706	0.9393	0.9513	0.8371	1.1022	0.9641	0.8900	0.8570	0.9170	0.6754	0.8134	0.9051	1.1365	0.8198	0.9245	0.9410	0.9252	0.8875	0.6356	0.9833	0.7573	0.9385	0.7506	0.9415	0.9379	0.8983	0.9914	0.9791	1.0240	1.0153	0.9392	0.8619	1.0922	1.0233	0.9271	0.9897	1.0433
QG37_00527	1.2305	0.7671	0.9020	0.7138	0.9131	1.0025	0.8880	0.8940	0.8937	1.0023	0.9120	0.9797	0.9869	1.0060	0.8467	1.1868	0.9494	0.9406	0.9080	0.9744	0.8113	0.8068	0.8917	0.9570	0.9054	0.8484	0.9035	1.0070	0.7957	1.0055	0.8429	0.8822	0.8745	0.9562	1.1068	0.8997	0.9202	0.9600	0.9902	0.9050	1.0180	0.9141	0.8287	0.9064	0.9518	0.7937	0.8132	0.8960
QG37_00528	0.7440	0.6000	0.5047	0.5472	0.6032	0.6220	0.5238	0.5565	0.5024	0.5817	0.6222	0.6507	0.6369	0.6501	0.5787	0.5774	0.4817	0.5148	0.6680	0.6327	0.5260	0.6446	0.6511	0.5850	0.5114	0.4825	0.5055	0.6604	0.5006	0.4383	0.6060	0.6623	0.4105	0.5982	0.5333	0.6489	0.7091	0.7137	0.6295	0.6457	0.6568	0.6271	0.6702	0.4884	0.5581	0.5619	0.6237	0.6011
QG37_00529	0.8721	0.9254	0.9476	0.8568	0.7826	0.9759	0.8633	0.9984	0.8840	0.9443	0.8087	0.8004	1.0267	0.8524	0.8835	0.8540	0.8430	0.9051	0.9099	0.9482	0.8967	0.9056	0.7827	0.8834	0.8420	0.8269	0.8046	0.9247	0.8431	0.8190	0.9346	0.8773	0.9108	0.8399	0.8177	0.9614	0.7926	0.8378	0.8766	0.9388	0.9533	0.9655	0.8139	1.0277	0.9075	0.8600	0.9523	0.9348
QG37_00530	1.2059	1.0512	1.0321	1.0577	1.0962	1.1473	1.1757	1.0313	0.9894	1.0600	1.2917	1.0739	1.1817	1.1880	1.0808	1.1072	1.1798	1.0293	0.9539	1.1911	1.0135	1.0029	1.0025	1.1009	0.9240	1.1015	1.0615	1.0691	1.0353	1.3095	0.9413	1.0468	1.1191	1.1910	1.2264	1.0320	1.1536	1.0970	1.0452	1.0609	1.0306	1.0913	0.9944	1.0465	1.1265	0.9597	1.0988	1.0874
QG37_00531	1.2183	1.0080	1.1888	0.8870	1.1537	1.0986	0.9305	1.1319	1.1016	1.1000	1.0011	0.8914	1.1939	0.9820	1.0742	1.1345	1.0573	1.1233	1.1314	1.0528	1.2884	1.0032	1.0939	1.0410	0.9039	1.0241	1.0933	1.1237	1.1177	0.9060	1.0600	1.0716	0.9806	0.9656	1.0361	1.1071	1.0495	1.1985	1.1458	0.9633	1.0861	1.0475	1.0137	0.9807	1.0391	0.9337	0.9777	1.1063
QG37_00532	1.0211	1.0601	1.0875	1.1096	1.0909	1.0353	1.0320	1.0632	1.1458	0.9572	1.0717	0.8175	1.0825	0.9723	0.9266	0.9105	1.1308	1.1249	1.0488	1.1901	0.9952	0.8978	1.1262	1.0136	0.9372	0.9723	1.0163	1.1150	0.9119	1.1137	0.9244	1.0657	1.0873	0.8742	1.0009	1.0743	0.9483	0.9865	1.0215	1.0839	1.1212	0.9911	1.0341	1.0459	0.9409	1.0214	1.0779	1.0010
QG37_00533	1.1687	1.1358	1.1440	1.0787	1.1312	1.1529	1.2321	1.0885	1.0322	1.2298	1.0980	1.1372	1.1128	1.1158	1.0652	1.0743	1.0408	1.0712	0.9991	1.1369	1.0756	1.1318	1.0067	1.0175	1.0283	1.0548	1.1331	1.0701	1.0267	1.0130	0.9940	1.1044	1.1173	1.1496	1.0949	1.1351	1.0964	1.1277	1.1151	1.1322	1.1514	1.0345	1.0566	1.1185	1.0630	1.0387	1.1544	1.0788
QG37_00534	1.1388	1.3957	1.2521	1.0164	1.4426	1.1960	1.3028	0.9756	1.2171	1.3921	1.4268	1.5381	1.3008	1.3205	1.3832	1.2698	1.1880	1.0070	1.1163	1.2923	1.0612	1.0916	1.0314	1.1079	1.0910	1.1425	1.1138	1.2164	1.0039	1.2149	1.3434	1.2041	1.4343	1.1571	1.0586	1.0641	1.1842	0.9879	1.1884	1.0810	1.1624	1.2402	1.0874	1.1794	1.3256	0.9518	1.0914	1.2521
QG37_00535	1.0844	1.0474	1.2369	1.0290	1.0333	1.0958	1.0377	1.0489	0.9792	1.1115	1.0259	1.0374	1.0069	0.9938	0.9504	1.0440	1.0513	1.0031	1.0118	0.9863	1.0406	0.9704	0.9617	1.0103	1.1314	1.0151	1.0499	0.9948	1.0095	1.0224	0.9142	0.9512	0.9469	1.0241	0.9672	1.0585	0.9883	0.8936	1.0107	1.1546	1.0831	1.0115	0.8989	0.9959	0.9873	1.0018	0.9985	0.9795
QG37_00536	1.0965	0.9303	0.9958	0.9579	0.9903	1.0494	1.0654	1.0529	1.0806	0.9321	1.0228	1.0848	1.0633	0.8563	1.0030	1.0515	0.9393	1.1047	1.0370	1.0764	1.0126	1.0588	0.9782	0.9096	0.9506	0.8691	1.0821	0.9181	0.9663	1.0176	0.9106	0.9163	1.0164	0.9090	0.9429	1.0831	1.0187	0.9201	0.9502	0.9892	0.9865	0.9931	0.9385	1.0439	1.0521	1.0739	1.2094	1.0688
QG37_00537	0.9927	0.9260	0.9669	0.9217	1.0806	0.9516	1.0117	0.9599	0.9172	0.9586	1.0540	0.9504	1.0154	0.9425	0.9325	0.9962	0.9919	1.0117	1.0458	0.9439	1.0166	0.9717	1.0151	0.9781	0.9563	0.9158	0.9311	0.8531	0.8374	0.9818	0.9357	1.0381	0.9731	0.9556	0.9580	1.0223	0.9515	0.9742	0.9657	0.9692	0.9286	0.8766	0.8460	1.1111	0.9809	1.0422	0.9604	0.9967
QG37_00538	1.0511	1.0786	1.0272	0.9718	0.8694	0.9612	0.8989	1.0482	1.1321	1.0712	0.9621	1.0398	1.0505	1.1376	0.8610	1.0122	1.1880	1.0703	0.9886	1.1540	0.9494	0.9225	0.9564	0.9856	0.9508	0.8855	1.1980	1.0081	1.0445	1.1534	1.0726	1.0314	1.1124	1.1129	1.0614	0.9961	1.1176	0.9735	0.9218	1.0093	1.0214	1.0069	1.1492	1.1064	1.1073	1.2768	0.9699	0.9810
QG37_00539	0.9238	0.9541	1.1207	1.0038	0.9581	0.9110	0.9669	1.0633	1.0668	1.0179	0.9846	0.9384	0.9412	0.9354	0.8919	0.9401	1.0167	1.0734	1.0574	1.2417	0.8368	0.9628	0.9939	0.9930	0.9134	0.9827	0.9286	1.0357	1.0732	1.1604	0.9651	0.9999	0.8975	0.8457	1.1294	1.0252	0.9709	0.9095	0.8857	1.0617	0.9678	0.9964	0.9881	1.1757	1.0619	1.0712	1.1168	0.9729
QG37_00540	0.8937	0.9593	1.0641	0.8436	0.8992	0.9116	0.9205	1.0259	0.9870	0.8779	0.8731	0.8389	0.9136	0.8829	1.0295	0.9955	0.9036	0.9161	1.0193	0.9932	0.8311	0.8972	1.0024	0.9384	1.0460	1.0718	0.9137	0.9524	1.0270	0.9636	0.9559	1.0401	1.0176	0.9802	0.9180	0.9362	0.8714	0.9061	0.8800	0.8577	0.9381	0.7687	0.9041	0.9310	0.7518	0.9870	0.9125	0.9036
QG37_00541	0.9975	1.0052	1.0266	0.9108	0.9845	0.9948	1.0408	1.0216	0.9892	1.0200	1.0904	1.0211	1.0448	1.0122	0.9930	1.0676	1.0430	1.0409	0.9878	1.0422	1.0013	1.0080	1.0960	1.0568	0.9881	1.0527	1.0691	1.0140	0.9555	0.8739	0.9456	0.9369	1.0334	0.9903	0.9445	1.0153	1.0758	1.0341	1.0592	1.0193	1.0495	1.0051	0.9913	1.0032	1.0201	1.0367	1.1188	1.0783
QG37_00542	0.8705	0.8502	0.8261	0.8464	0.8813	0.8381	0.9786	0.8464	0.9011	0.8204	0.8214	0.8505	0.8980	0.9223	0.8837	0.9741	0.8664	0.8714	0.8905	0.9323	0.8903	1.0010	0.8018	0.8909	0.8985	0.8612	0.9094	0.8436	0.7643	0.8163	0.8867	0.8486	0.9184	0.9302	1.1304	0.9129	0.8327	0.9059	0.9272	0.8957	0.9736	0.8308	0.8700	0.9914	0.9064	1.0184	0.7629	0.9217
QG37_00543	0.6377	0.4949	0.4650	0.4037	0.4726	0.5461	0.5231	0.5100	0.5148	0.5020	0.5423	0.4416	0.4510	0.5193	0.4632	0.5415	0.4585	0.5021	0.3991	0.5685	0.4054	0.4377	0.4890	0.4109	0.4504	0.4115	0.3498	0.4823	0.3996	0.3756	0.4941	0.4198	0.4594	0.5183	0.4004	0.3604	0.5178	0.4748	0.4531	0.5306	0.4711	0.4679	0.4288	0.6428	0.4848	0.6693	0.4758	0.4484
QG37_00544	0.8642	0.7976	0.8971	0.7988	0.8221	0.8794	0.9423	0.9076	0.8227	0.8002	0.8737	0.8843	0.7761	0.8481	0.8186	0.8539	0.8375	0.7932	0.9459	0.8900	0.8181	0.8243	0.8314	0.7749	0.7538	0.8147	0.8896	0.8594	0.6986	1.2358	1.0083	0.8072	0.8769	0.7838	0.8307	0.7480	0.8479	0.7953	0.8821	0.8243	0.8541	0.9050	0.8303	0.8791	0.8495	0.8691	0.9426	0.8228
QG37_00545	0.9852	0.8482	0.9361	0.8928	0.8611	0.8823	0.9089	0.9037	0.9402	0.9022	0.9067	0.8976	0.8956	0.8599	0.7868	0.9613	0.8500	0.9134	0.9116	0.9894	0.9478	0.8885	0.8998	0.8884	0.9081	0.9215	0.9275	0.8737	0.8859	0.7733	0.8574	0.8693	0.9602	0.8745	0.9366	0.8516	0.9419	0.8604	0.8253	0.8792	0.9786	0.8828	0.8544	1.0242	0.8723	0.9329	0.8859	0.9780
QG37_00546	1.1191	0.9240	0.8264	0.9520	0.8416	1.0278	0.9434	0.8650	0.9414	1.0389	0.8920	0.8040	0.8600	0.9720	1.0418	0.8126	0.9532	1.1066	1.0342	0.9054	0.9708	0.9568	1.0230	0.8834	0.8950	1.0051	0.8102	0.9432	0.8326	0.8797	0.9280	0.8773	0.9195	0.8499	0.8270	0.9792	0.9594	0.8419	0.9149	0.7838	0.8504	0.8639	0.7978	1.0461	0.9915	0.9296	1.0907	0.9799
QG37_00547	1.0595	0.8582	0.8081	1.0357	0.9742	1.0511	0.9868	0.8475	0.9017	1.0344	1.0993	0.8842	0.9717	0.8701	1.1925	0.9967	0.9754	1.2019	1.0908	0.8287	0.9861	0.9777	0.8976	0.9380	0.9817	0.9198	0.7863	0.9920	0.7972	0.9454	0.7707	0.9048	0.9295	0.9239	0.9609	0.8664	1.0330	1.0404	1.0697	0.8585	1.0112	0.8499	0.8683	0.9412	0.9912	0.9866	1.1984	0.9046
QG37_00548	1.0579	1.0589	1.0130	0.9585	0.9970	1.0576	1.0467	0.9980	0.9215	1.0833	1.0218	1.0199	1.0169	1.0110	1.0307	1.0174	0.9312	1.0126	0.9867	0.9478	1.0027	1.0245	0.9672	0.9215	1.0025	1.0340	0.9391	0.9987	0.9540	0.9657	0.9821	0.9905	0.9588	1.0229	1.0055	0.9501	1.0142	1.0155	1.0105	0.9756	1.1491	0.9460	0.9798	1.0344	1.0412	1.0040	1.1370	0.9908
QG37_00549	0.7429	0.8649	1.0795	0.9483	0.8169	0.7756	0.8912	0.7393	0.8485	1.0216	0.9470	1.1389	0.8676	0.9067	0.7758	0.9138	0.9005	0.8836	0.7412	1.0228	0.8968	0.9545	0.8575	0.7648	1.0104	1.0248	0.9590	0.9783	0.9329	0.5123	0.9317	0.7148	0.8481	0.7901	0.8490	0.9398	0.8965	0.8562	0.9415	0.8680	0.9204	0.8558	0.7403	1.0161	0.9968	0.9862	1.0985	0.9711
QG37_00550	1.0869	0.9556	0.9855	1.2600	1.0000	1.0247	1.1017	0.9752	0.9590	0.9803	1.2270	0.8582	0.8309	0.8261	0.8855	0.8796	1.0865	1.0372	0.9504	1.0570	0.9270	0.9613	0.9365	0.7977	0.8399	0.9326	0.9441	0.7875	0.9330	0.7711	0.9176	0.7900	0.9325	0.9473	1.0402	0.9382	0.8961	0.9771	1.0163	0.9133	1.0544	0.8565	0.8425	0.9902	0.9912	0.9685	0.9458	0.9614
QG37_00551	0.9471	0.8968	0.8405	1.0217	0.9897	0.8996	0.9332	0.9336	0.9873	0.9302	1.0964	0.9956	0.8113	0.8803	0.8935	0.9608	0.8999	0.8738	0.9386	1.0088	0.9222	0.9171	0.9113	0.8979	0.8056	0.8975	0.8728	0.8504	0.8125	0.6638	0.8953	0.7790	0.8792	0.8295	0.8635	0.8949	0.7893	0.9105	0.9762	0.9040	0.9117	0.8472	0.8793	0.9382	0.8670	0.8282	0.9193	0.8408
QG37_00552	0.9590	0.8926	0.8867	0.8402	0.8416	0.9782	1.0058	0.9464	0.8769	0.7358	0.8254	0.8213	0.8934	0.8708	0.8011	0.8055	0.8678	0.7936	0.7773	0.8148	1.0132	0.8500	0.8575	0.9920	0.7048	0.8160	0.6735	0.8687	0.8689	0.8036	0.7425	0.7732	0.8906	0.8328	0.8503	0.8358	0.8160	0.8701	0.8869	0.9002	0.9426	0.7561	0.7710	0.8516	0.8670	0.9750	0.9090	0.8733
QG37_00553	0.9557	0.9827	0.9693	1.0532	0.9304	1.0809	1.0734	1.0296	0.9651	1.0393	1.1042	1.0985	1.0670	1.0776	1.1337	1.1627	1.1441	1.0343	1.0867	0.9717	1.2160	0.9466	1.0359	1.0830	1.1522	1.1865	1.1020	1.0335	1.0246	0.7851	1.0919	1.1037	0.9830	1.0645	1.0324	1.0451	1.1135	1.0653	0.8930	0.9713	1.0306	1.0422	0.8091	1.1478	0.9689	1.1772	0.9128	0.9727
QG37_00554	1.1672	1.1255	1.0284	0.9138	0.9544	1.2156	1.1293	1.0265	1.0339	0.9684	1.1533	1.0637	1.1362	1.0060	1.0206	1.0484	1.0331	1.0593	1.0527	1.1421	1.0340	1.0369	1.0715	1.0791	1.0525	0.9800	0.9985	1.0052	1.1084	1.0664	0.9321	0.9505	1.0888	1.0932	1.1372	1.0366	1.0641	0.9769	1.0820	1.1503	1.0682	1.0159	0.9982	0.9473	0.9939	1.0998	1.0817	1.0271
QG37_00555	0.9829	1.0962	1.1342	1.0198	1.1295	0.9605	1.0161	1.0201	0.9737	1.1147	1.0222	0.9336	1.0537	1.0614	0.9258	1.0724	1.0320	1.0636	1.0256	1.1052	0.9741	1.0417	0.9967	1.0599	1.0196	0.9898	1.0808	1.0000	0.9454	0.9715	1.2370	0.9785	1.0459	1.0466	1.0323	1.0669	0.9763	0.9912	1.0088	0.9654	1.1362	1.1044	0.9901	1.0896	1.0205	1.0261	0.9680	0.9122
QG37_00556	1.2187	1.0702	1.0287	1.1807	1.1155	1.1622	1.0221	0.9511	1.0489	1.1487	1.1967	0.9038	1.0622	0.8920	0.9607	1.0241	0.9730	1.1516	1.0434	1.1036	0.9014	1.0605	1.0735	1.1085	1.1068	1.0964	1.1786	1.1989	1.2802	1.3346	1.1996	1.0815	1.1784	0.9498	0.9337	0.8678	1.0246	1.0252	1.1015	0.9582	1.1875	1.0459	1.1932	0.9352	0.8790	1.0287	1.1151	0.9475
QG37_00557	1.2728	1.0479	1.2151	1.0515	1.1287	1.1899	1.1098	0.9800	0.9044	0.9068	1.0714	1.0513	1.0456	1.0069	1.0066	1.0019	0.9913	1.1323	0.9179	1.1249	1.0773	0.9267	1.0683	1.0407	1.0510	1.0781	1.0928	1.0921	1.0848	0.9979	1.1383	1.0378	1.2158	1.0555	1.1023	1.0630	1.0984	1.1688	1.0985	1.0661	1.1255	1.0293	1.1155	1.1383	1.0868	0.9540	1.0654	1.0732
QG37_00558	1.2638	1.1006	1.1645	1.1881	1.0716	1.2034	1.2055	1.0669	1.0539	1.1480	1.1598	1.1552	1.1153	1.1678	0.9677	1.0953	1.1232	1.1098	1.0568	1.1786	1.1519	1.0472	1.0338	1.0880	1.1120	1.0763	1.0361	1.1019	1.1019	1.0115	1.0241	1.0504	1.1496	1.0506	1.1161	1.2098	1.0824	1.1150	1.1037	1.0994	1.1310	1.0439	1.0180	0.9777	1.1482	1.1089	1.0816	0.9709
QG37_00559	1.1996	1.0929	1.0881	1.1132	1.1568	1.1295	1.1104	1.1525	1.0479	1.1310	1.1028	1.0259	1.1486	1.0748	1.0199	1.0764	1.1284	1.0668	1.0730	1.1133	1.1602	1.1508	1.0234	1.1241	1.0588	1.1177	1.0824	1.0637	1.1288	1.0436	0.9279	1.0686	1.1396	1.1872	1.0861	1.1939	1.0945	1.0563	1.1623	1.1385	1.1395	1.1640	1.0555	1.1505	1.0983	1.1198	1.1413	1.1182
QG37_00560	0.4483	0.8627	0.9027	0.5748	0.6594	0.6288	0.8062	0.7054	0.6731	0.7758	0.6735	0.6940	0.6145	0.6493	0.6309	0.6007	0.6646	0.6020	0.7393	0.7118	0.5982	0.7531	0.5177	0.7211	0.6627	0.5777	0.6001	0.6306	0.5797	0.8039	0.6475	0.6233	0.6969	0.8029	0.7824	0.7586	0.7649	0.7652	0.7731	0.7899	0.7022	0.8707	0.7052	0.7044	0.8239	0.6328	0.7049	0.6986
QG37_00561	1.0382	1.0064	0.9057	0.9875	0.9895	0.9610	0.9674	1.0251	0.9022	0.9732	1.0411	0.8829	0.9764	1.0050	1.0038	0.9005	1.0752	0.9822	0.9491	1.0701	0.9154	1.0281	1.0176	0.9810	0.9156	0.9145	1.0618	0.9513	0.9708	0.8627	0.9497	0.8932	1.0661	0.9329	0.8776	0.9548	0.9511	0.9527	0.9068	0.9038	0.9912	0.9336	0.8061	0.8586	0.9453	0.8219	0.9379	0.8455
QG37_00562	1.0898	1.0439	1.0488	1.0896	0.9696	1.1593	1.0652	0.9907	0.9811	1.0867	1.0864	0.8765	1.0548	1.0237	0.9463	0.9997	0.9784	1.0176	0.8873	1.1273	1.0469	0.9723	0.9746	0.9988	1.0469	1.0022	0.9756	0.9738	0.8779	0.9324	1.0216	0.9986	1.0083	0.9802	1.0368	1.1191	0.8823	0.9311	0.9459	1.0144	1.0800	1.0458	1.0012	0.9766	0.9092	1.0111	0.9452	0.9940
QG37_00563	1.2362	1.1326	1.0541	1.1449	1.0752	1.0540	1.0333	1.2676	1.0688	1.1211	1.1320	1.0146	1.0681	1.0308	0.9132	1.0244	1.0999	1.0785	1.0512	1.0090	1.0494	1.0500	1.0122	0.9648	0.9287	1.1227	1.1277	1.0555	1.0306	1.0464	0.8661	0.9732	0.9789	1.0773	1.1406	1.2061	1.0417	1.0896	0.9686	0.9084	1.0962	1.1412	0.9225	0.9809	1.0323	0.9976	1.0006	1.0574
QG37_00564	1.0662	1.0514	1.1152	1.0258	1.0376	1.0342	1.0576	1.0604	1.0402	0.9796	1.0622	1.0123	0.9878	0.9719	0.9727	1.0287	1.0544	1.0093	0.9832	1.0236	1.0191	1.0613	0.9318	1.0194	1.0058	0.9719	0.9722	0.9479	0.9522	0.8584	0.9591	0.9817	1.0179	0.9998	0.9514	0.9694	1.0074	0.9424	1.0238	1.0083	0.9918	0.9646	0.9881	1.0474	1.0165	1.0419	1.0237	0.9941
QG37_00565	0.9293	0.9322	0.8148	0.7220	0.8810	0.8991	0.8744	1.0301	0.8966	0.9460	0.9195	0.7315	0.8765	0.7468	0.8755	0.8501	0.8713	0.7985	0.8546	0.8315	0.8023	0.7920	0.8934	0.9076	0.7788	0.7629	0.7864	0.7906	0.7612	0.5662	0.8699	0.8604	0.8471	0.7298	0.7742	0.7089	0.7153	0.7284	0.6322	0.7152	0.6899	0.8827	0.6947	0.7432	0.7634	0.7276	0.6679	0.7337
QG37_00566	0.9963	0.8993	0.8735	0.9753	0.8728	0.9146	0.9629	0.8873	0.8868	0.9255	0.8841	0.8685	0.9588	0.8809	0.9006	0.8694	0.8956	0.8316	0.8191	0.8869	0.8374	0.9007	0.9031	0.8765	0.7828	0.8854	0.7411	0.8798	0.8119	0.7372	0.8321	0.8026	0.8821	0.8662	0.8871	0.8675	0.8755	0.9048	0.8197	0.8796	0.9071	0.9437	0.8147	0.9901	0.9725	0.8778	0.9084	1.0331
QG37_00567	1.1918	0.9070	1.0103	0.9519	1.0384	0.9758	0.9782	1.0819	1.1053	1.0377	0.9716	1.0469	1.0579	1.0271	0.8896	0.8603	0.8620	0.9979	0.9817	1.0961	1.0223	1.0272	1.0373	0.9896	0.8147	0.9032	0.9243	0.9513	1.0795	0.9306	0.8456	0.8805	1.0273	0.9920	0.9499	1.0074	0.9894	0.9623	0.9991	0.9843	0.9748	1.0415	0.9461	1.0223	1.0172	1.0117	1.1093	0.9306
QG37_00568	1.0063	1.0024	1.0973	0.8960	1.0550	1.0264	1.0185	1.0580	0.9416	0.9379	1.0743	1.0166	0.9377	1.0367	1.0811	0.9605	0.9610	1.1176	0.9483	1.2548	1.1015	0.9376	0.8962	0.9743	0.9440	1.0312	0.9032	1.0591	1.0774	0.8239	0.7671	0.9101	1.0791	0.8990	1.0888	0.9595	1.0595	0.9589	0.9985	0.9718	0.9798	1.0627	0.8938	1.0211	1.0853	1.1186	1.0191	0.9292
QG37_00569	0.8481	0.9133	0.8762	0.7417	0.9210	0.8049	0.8585	0.9309	0.7736	0.8829	0.9607	0.8018	0.8147	0.8980	0.7840	0.7561	0.7636	0.8768	0.7897	0.8919	0.8675	0.8187	0.7887	0.8715	0.8239	0.7569	0.8050	0.8198	0.8337	0.5975	0.8237	0.8797	0.8609	0.7473	0.6496	0.6352	0.7126	0.6256	0.6668	0.7182	0.7179	0.7841	0.6527	0.5036	0.5668	0.5821	0.6366	0.5468
QG37_00570	1.1342	1.0685	0.9948	0.9185	1.0138	1.0481	1.0274	1.0320	1.0549	1.0484	0.9880	1.1072	1.0668	1.0298	1.0002	1.0095	1.0028	1.0573	1.0570	1.0565	1.1000	1.0287	1.0007	1.0017	1.0403	1.0965	1.0119	0.9211	0.9945	0.9851	0.9451	0.9899	1.1091	1.0584	1.1194	0.9930	0.9338	1.0522	1.1062	1.0361	0.9645	0.9582	0.9777	1.0263	1.0341	0.9877	0.9285	1.0461
QG37_00571	1.0862	1.1127	1.1491	1.0573	1.0766	1.1254	1.1502	0.9424	1.0391	1.0738	1.0392	1.0069	1.1289	1.0211	0.9882	0.9790	1.0581	1.0555	1.1057	1.1118	1.0439	1.0796	1.1246	1.0344	1.0357	1.0168	1.0897	1.0469	1.0287	1.0006	1.0180	1.0301	1.0155	1.0158	1.0830	1.0370	0.9580	0.9800	1.0808	1.0320	1.0708	1.0345	1.0767	1.1703	1.0148	1.1266	1.0144	0.9987
QG37_00572	1.1896	0.9754	1.0418	1.0540	1.0661	1.1424	1.1230	1.2257	1.0036	1.0162	0.9776	1.1590	1.1219	1.0371	0.9604	0.9631	0.9817	1.0407	0.9796	1.0423	0.9790	1.0273	0.9326	0.9174	1.0709	0.9625	0.9928	1.0786	1.0114	0.9218	0.9634	1.0815	0.9842	0.9998	0.8616	1.0190	0.9490	0.9278	1.0126	1.0426	1.0486	0.9342	1.0412	1.0354	0.9008	1.1128	1.0990	0.9921
QG37_00573	1.0176	0.9058	0.8770	0.8947	0.9374	0.9858	0.9322	0.8881	0.9010	0.9982	0.9436	0.8892	0.9133	0.9603	0.8898	0.9805	0.9750	0.9921	0.9607	0.9204	0.9978	0.8785	0.9594	0.9591	0.9263	0.9552	0.8654	0.8507	0.8788	0.9630	0.8424	0.8738	0.8431	0.8817	0.7946	0.8647	0.9369	0.9823	0.8890	0.9427	0.9420	0.9526	0.8878	0.9674	0.9042	0.9290	0.8533	0.8958
QG37_00574	1.0761	0.9044	1.2231	1.0579	1.1049	0.9876	1.0163	0.9141	0.9154	0.8134	0.8109	0.8946	1.0681	0.9903	1.1155	1.1530	1.0514	0.9174	1.0524	0.9411	0.9695	0.8944	0.9879	1.1275	1.0305	0.9192	1.0378	0.9593	0.8503	0.8436	0.9181	0.8893	0.9456	1.1361	1.0419	0.8993	0.8860	1.1137	0.9645	0.9238	0.9879	0.7952	0.9575	0.8437	1.0593	1.0131	0.8600	0.8993
QG37_00575	1.1668	1.0754	1.1462	1.0423	1.1173	1.1230	1.0734	1.0651	1.0785	1.0749	1.0887	1.0715	1.1253	1.0580	1.0276	1.0354	1.0761	1.0856	1.0360	1.0778	1.1089	1.0943	1.0767	1.0634	1.0731	1.1065	1.0987	1.1038	1.0471	1.0406	1.0198	1.0436	1.1018	1.0546	1.0859	1.0787	1.0678	1.0582	1.0238	1.1371	1.0946	1.0577	1.0060	1.0826	1.1096	1.1034	1.0527	1.0919
QG37_00576	1.0421	1.0319	1.1136	1.0451	1.0049	1.1194	0.9948	0.9918	0.9454	0.8869	1.0253	1.0273	1.0202	0.9862	0.9594	1.1303	0.9643	0.9913	0.9935	1.0441	0.9624	0.8924	0.9827	0.8703	0.9787	0.9727	0.9279	0.9948	0.8917	0.7924	0.9980	1.0544	1.0167	1.0527	1.0752	1.0125	0.9092	1.0894	0.9669	0.9627	1.0556	0.9989	0.9664	1.0803	1.0006	0.9584	1.0230	1.0131
QG37_08395	0.6160	0.9384	0.8001	0.8303	0.7152	0.6017	0.5664	0.6806	0.7668	0.7361	0.7067	0.6175	0.6807	0.6968	0.6828	0.6044	0.7487	0.6033	0.7649	0.6138	0.7332	0.6849	0.7178	0.6556	0.7993	0.5576	0.7780	0.6857	0.8232	0.4965	0.7076	0.8467	0.7141	0.6892	0.8043	0.6964	0.8503	0.7793	0.7218	0.8656	0.8074	0.7396	0.7990	0.8079	0.7125	0.7251	1.0004	0.7491
QG37_00577	1.1381	1.0228	0.9695	0.9050	0.9685	0.9971	0.9447	0.9138	0.9629	0.9918	0.9026	0.9722	0.9553	0.9199	0.9388	0.9808	0.9991	1.0343	1.0436	1.0875	1.0261	0.9296	0.9162	0.9419	1.0339	0.9986	0.9694	0.9552	0.8723	0.8112	0.9609	0.9497	1.0028	1.0570	0.9953	1.0150	0.9892	0.9809	1.0214	0.9421	1.0729	0.9023	0.8811	1.0613	0.9905	1.1033	0.9961	0.9170
QG37_00578	1.1486	1.2700	1.2461	1.1350	1.1390	1.1766	1.2899	1.1100	1.2162	1.1989	1.2354	1.3586	1.3036	1.1884	1.1999	1.1655	1.1735	1.0427	1.1942	1.2750	1.1907	1.2563	1.1278	1.2973	1.1677	1.0567	1.1195	1.1169	1.2258	0.9888	1.0621	1.1296	1.1147	1.2132	1.2324	1.2901	1.1759	1.2020	1.1555	1.1424	1.3178	1.1996	1.1149	1.2060	1.2415	1.1620	1.2536	1.1063
QG37_00579	0.9737	0.8732	0.9790	1.0472	1.0030	0.9718	0.8767	1.2010	0.8993	0.9291	0.8900	0.9640	1.0057	0.7761	0.9696	0.9408	0.9305	0.9577	0.9323	0.9405	0.9218	0.8757	0.9782	0.9643	1.0045	1.0186	0.9215	0.7778	0.9067	0.7581	0.9080	1.0164	0.8664	0.9704	0.8386	0.8988	0.9541	0.8508	0.9610	0.9668	0.7534	0.7701	0.8621	0.9680	0.9861	0.9474	0.9325	0.9926
QG37_00580	0.9938	0.8651	0.8868	1.0676	0.8544	1.0706	0.9478	1.1069	0.9781	1.0193	0.8954	0.9155	0.9334	0.8367	0.8452	1.0051	0.8357	1.0922	0.9294	0.9535	0.8815	0.7951	0.9172	1.0501	0.9349	0.9800	0.9520	0.7772	0.9017	0.9645	0.8476	0.8955	0.8501	0.9264	0.7662	0.8622	0.8288	0.7945	0.8804	1.0279	0.7154	0.8897	0.8638	0.8494	0.8918	0.8916	0.8273	0.9327
QG37_00581	0.6746	0.8643	0.8895	0.7469	0.7358	0.8078	0.8965	0.7895	0.6644	0.8487	0.8545	0.7588	0.7804	0.7492	0.7600	0.7633	0.7366	0.8434	0.7779	0.7939	0.8402	0.7111	0.8378	0.7225	0.8887	0.8936	0.6412	0.7631	0.8883	0.7572	0.7836	0.7685	0.8089	0.8739	0.8610	0.9227	0.7664	0.8352	0.7920	0.8252	0.8474	0.9359	0.6576	0.9448	0.7594	0.8783	0.8243	0.8515
QG37_00582	0.5454	0.5169	0.6441	0.6738	0.5156	0.6439	0.6244	0.6002	0.5149	0.7059	0.5847	0.5644	0.6496	0.6998	0.5102	0.6017	0.6047	0.5851	0.6786	0.6557	0.6154	0.4555	0.5889	0.5375	0.6276	0.5856	0.5624	0.4845	0.5500	0.4226	0.5486	0.4175	0.6257	0.6182	0.6631	0.4647	0.7817	0.6557	0.5261	0.5425	0.6022	0.6688	0.6284	0.8948	0.9869	0.9519	0.9577	0.9989
QG37_00583	0.6621	0.7848	0.8460	0.8209	0.5195	0.7491	0.7369	0.7297	0.7438	0.6566	0.8353	0.6992	0.7510	0.5955	0.6811	0.6532	0.6655	0.6733	0.8468	0.8509	0.8400	0.5835	0.6739	0.6802	0.6526	0.6608	0.6867	0.7669	0.6894	0.6341	0.6983	0.4298	0.8046	0.6831	0.7755	0.7023	0.6611	0.7106	0.6223	0.7008	0.6782	0.7165	0.7869	0.8734	0.8476	0.7258	0.8052	0.9027
QG37_00584	1.1279	0.9211	1.0149	0.8134	1.0362	1.0130	0.9894	0.9379	1.1525	1.0126	0.8324	0.8125	0.9280	1.0167	0.8591	0.9172	0.8679	1.0263	1.0791	1.0033	1.0248	0.8905	0.7862	0.7983	0.9772	0.8827	1.0063	0.9174	0.9830	2.4413	1.6130	0.8967	1.1161	0.9134	0.8313	0.9409	0.9837	0.9582	0.8743	1.0214	1.1016	0.9569	0.9934	0.8366	0.9963	0.9682	1.1283	0.8711
QG37_00585	1.0336	0.9513	1.0480	0.9656	0.9200	0.9691	0.8957	0.9766	0.8880	0.9029	0.9671	0.9041	0.8546	0.9287	0.8672	0.8956	0.8725	0.9601	0.9197	0.9769	0.9371	0.9160	0.9410	0.9187	0.9083	0.9677	0.8818	0.9077	0.8755	0.7999	0.8754	0.8578	0.8739	0.9506	0.9404	0.9471	0.9714	0.9080	0.8857	0.9382	0.9981	0.9153	0.9649	0.9254	0.8949	1.0387	0.9162	0.9017
QG37_00586	0.9272	0.5823	0.5384	0.4467	0.5805	0.6701	0.6813	0.5991	0.6204	0.4341	0.5356	0.5749	0.6178	0.3916	0.5161	0.5480	0.5431	0.5359	0.5309	0.7008	0.4486	0.5900	0.6195	0.4969	0.5371	0.4758	0.5672	0.6027	0.5173	0.6269	0.4213	0.4508	0.5013	0.5980	0.5275	0.6267	0.5106	0.5280	0.4085	0.5579	0.5309	0.5676	0.5297	0.6502	0.5854	0.7325	0.6349	0.7326
QG37_00587	1.0176	0.8753	1.0580	0.8781	0.9677	0.8554	1.1161	0.7908	0.7541	0.7426	0.9418	0.8677	0.8988	0.9043	0.7625	0.8200	0.8660	0.7949	0.8077	0.8792	0.8502	0.8855	0.8014	0.8371	0.6907	0.8194	0.7215	0.8662	0.7387	0.9236	0.7721	0.9350	0.8437	0.8095	0.7734	0.7472	0.9054	0.8115	0.7976	0.8318	0.8101	0.7608	0.7556	0.8324	0.7489	0.7869	0.6954	0.7626
QG37_00588	0.9245	0.9126	0.8672	0.9812	0.8752	0.9094	0.9353	0.9865	0.8960	0.8545	0.9721	0.8925	0.8244	0.8249	0.9380	0.9212	1.0324	0.8810	0.9181	1.0662	0.9806	0.9001	0.9066	0.8770	0.9143	0.8775	0.9080	0.9977	0.9236	1.0755	0.9671	0.7267	0.8983	0.8868	0.8946	0.8427	0.9265	1.0687	0.8604	0.8446	0.8386	0.9409	0.8326	0.9564	0.8904	0.8560	0.9954	0.8842
QG37_00589	0.9759	1.0371	0.8996	0.9232	0.9537	0.7506	0.9205	0.9258	0.7842	1.0736	0.8968	0.8591	0.8473	0.9343	0.9560	0.8917	0.9503	0.8667	1.0183	1.0188	0.8771	0.7874	1.0100	0.7869	0.7934	0.7275	0.9086	0.8221	0.5650	0.5490	0.8034	0.7661	1.1070	0.9369	0.9114	0.8794	0.8762	0.9354	0.8979	1.1154	0.8995	1.0547	0.8563	0.8601	1.1320	0.9832	0.8907	1.1206
QG37_00590	1.0494	0.9796	1.0594	0.9198	0.8654	1.1250	1.0060	1.0089	1.1852	0.9162	1.0658	1.0355	0.9547	1.0143	0.9657	1.0068	0.7887	0.9563	0.9241	0.9293	1.0287	0.9243	0.8662	0.8566	0.8747	0.7680	1.1984	0.8662	1.1728	0.7624	1.0080	0.8942	1.1333	1.0616	1.2614	1.0488	0.9575	0.8044	0.9376	0.9124	0.9758	0.9391	0.9352	0.9086	1.0761	1.2816	1.0813	1.1306
QG37_00591	0.9615	0.8884	1.0491	1.0590	0.9215	0.9327	0.9338	0.9628	0.8761	0.8599	0.9766	0.9231	0.9657	0.8977	0.9410	1.0015	0.8345	0.9339	0.9260	0.8835	0.8632	0.8632	0.8570	0.8989	0.8866	0.8729	0.9350	0.8280	0.8337	0.7784	0.8724	0.9507	0.9811	0.9627	0.9895	0.9399	1.0091	0.9669	0.9183	0.9462	0.9099	0.9079	0.9756	1.0523	1.0722	1.1380	0.9855	1.0121
QG37_00592	1.2074	0.9738	1.1153	0.9010	1.0507	1.0614	0.9945	0.9281	1.0220	1.0378	1.0512	0.9562	1.1021	0.9836	1.0134	1.0051	1.0165	1.0713	1.0192	0.9921	1.0273	1.0646	0.9472	1.0100	0.9832	0.9668	1.0338	1.0218	0.8476	1.2725	1.1179	0.9957	1.1184	1.1246	1.0462	0.9685	1.0486	1.0751	0.9806	1.0416	1.0647	0.9961	1.0845	0.9974	0.9786	1.0410	1.0224	1.0480
QG37_00593	1.1374	1.0768	1.0472	0.9569	1.1531	1.1467	0.9126	0.9882	1.0404	1.0727	1.0130	0.8965	1.0670	0.9727	1.0037	1.0543	0.9528	1.0743	0.9092	0.9976	1.1133	1.0375	1.0155	0.9886	1.1469	1.0018	1.0604	1.2555	1.1067	0.7921	1.0827	0.9949	1.2118	0.8961	1.0776	0.9304	1.0515	0.9782	1.1063	0.8301	1.0199	0.9576	1.0105	0.9447	0.9866	0.9758	1.0941	1.0865
QG37_00594	1.0898	1.1075	1.0701	1.0406	1.0397	1.1027	1.1521	1.0558	1.0312	1.0486	1.0918	1.0225	1.0898	1.0745	1.0660	1.0978	1.0511	0.9793	0.9864	0.9983	0.9727	1.0152	1.0149	0.9150	0.9774	0.9973	1.0055	0.9767	0.9673	1.2577	0.9321	0.9616	1.1080	0.9955	1.1537	1.0973	1.0714	1.0588	1.1226	1.0344	1.0891	1.0214	1.0476	1.1593	1.0063	1.1213	0.9624	1.0632
QG37_00595	0.9282	0.9818	1.0190	1.0447	0.9520	0.8370	0.9467	1.0294	1.0636	1.0035	1.1507	0.9796	1.0892	1.0711	1.0154	0.9049	1.0077	1.0707	0.9362	0.8781	0.8300	0.9248	0.9214	0.8874	0.9519	0.8924	1.0060	0.8886	0.8933	1.0931	0.8486	0.8652	0.8894	1.0609	0.9003	1.1010	0.8889	0.9494	0.9512	0.9671	0.9914	0.8996	0.8137	0.9253	0.8243	0.9189	0.9820	0.9454
QG37_00596	1.1937	0.9677	0.8793	0.8227	0.9545	0.9039	0.8958	0.8111	0.8425	0.9721	0.8797	0.9147	0.7707	0.8349	0.8628	0.9354	0.8642	0.8931	0.8524	0.8150	0.8726	0.8816	0.7695	0.7731	0.8376	0.8025	0.8685	0.9101	0.9004	0.7423	0.7329	0.7497	0.9551	0.8650	0.8311	0.9268	0.8228	0.8490	0.8261	0.8289	0.9845	0.7961	0.7197	0.9374	0.7872	0.9309	0.8525	0.9585
QG37_00597	1.0464	1.0396	0.8524	0.7808	0.8365	0.6665	0.8841	0.5612	0.9071	0.7740	0.8089	0.9102	0.8451	0.7785	0.7531	0.7480	0.7698	0.8392	0.8060	0.8667	0.7761	0.8954	0.8963	0.6147	0.8231	0.8332	0.7690	0.7588	0.6892	0.8788	0.7811	0.8621	0.6406	0.8568	0.6726	0.8768	0.8219	0.6580	0.7223	0.7766	0.7606	0.9080	0.7848	0.8363	0.8366	0.7254	0.9296	0.7863
QG37_00598	0.9858	0.8040	0.9565	0.8566	0.8594	0.9240	0.8809	0.9335	0.9194	0.8833	0.9614	0.8744	0.9377	0.9463	0.8263	0.9405	0.8798	0.7597	0.9449	0.8590	0.8778	0.9161	0.8615	0.7397	0.8847	0.9284	0.8626	0.9279	0.8012	1.3613	1.0983	0.7797	0.8406	0.8236	0.9808	0.9340	0.9900	0.8961	0.9892	0.7480	0.8991	0.8929	0.8313	0.7911	0.7913	0.8974	0.8749	0.9065
QG37_00599	0.9936	0.9632	0.8905	1.0620	1.0930	0.9309	0.9870	0.9769	1.0041	0.9161	0.9592	0.9393	0.9131	0.7912	0.9302	0.9968	0.9118	0.9591	1.1033	1.0248	1.0507	1.1278	1.0021	1.0329	0.9868	0.9580	0.9998	1.0268	0.9030	1.0176	0.7047	0.9209	0.9612	0.9727	0.9271	0.9970	1.0745	1.0029	0.9133	1.0258	0.9193	0.8634	0.8343	1.0139	0.8743	1.0030	1.1007	1.0006
QG37_00600	0.8877	0.9319	0.8690	0.8978	0.9545	0.9810	0.9671	0.8830	0.9162	0.8400	0.9577	0.9232	0.9521	0.8327	0.8488	0.9887	0.9969	0.9121	0.9025	0.8651	0.9202	0.9628	0.9770	0.9316	0.8176	0.8980	0.9414	0.8472	0.8333	0.8448	0.7481	0.9638	1.0274	0.9889	0.9986	0.9330	0.9972	0.9735	0.8883	0.9295	0.8879	1.0118	0.8955	0.8887	0.9679	0.8955	0.9996	0.8771
QG37_00601	1.0723	0.9985	1.0123	0.9577	0.9290	1.0054	1.0135	1.0111	0.9687	1.0185	1.0127	1.0351	0.9951	0.9951	0.9982	0.9726	1.0116	0.9623	1.0052	0.9468	0.9949	1.0146	0.9363	0.9874	0.9661	0.9657	0.9114	1.0152	0.9228	1.0000	1.0263	1.0336	0.9944	0.8956	0.9852	1.0337	1.0329	1.0130	0.9989	0.9665	0.9897	0.9851	0.9345	0.9628	1.0860	1.0439	0.9533	1.1165
QG37_00602	1.0581	0.9840	1.0928	1.0215	1.0313	1.0361	0.9016	0.9032	1.0090	1.0022	0.9245	1.0460	0.9749	1.0529	0.9244	0.9224	0.9417	0.9078	0.9669	0.9860	0.9415	0.9354	1.0130	0.8850	0.9213	0.9609	1.0597	1.0397	0.9656	1.0964	0.8664	0.9530	0.8863	0.9894	0.9655	0.8882	0.9761	1.0625	0.8781	0.9433	0.9098	0.9296	0.9322	1.1195	0.9926	0.9964	0.8922	1.0371
QG37_00603	1.0952	1.1001	1.2166	0.9662	0.9576	0.9734	0.9129	0.8855	0.9404	1.0943	0.9194	0.9131	0.8268	0.9129	1.1994	0.9815	0.8012	1.0066	1.0057	0.9262	1.0858	0.9262	1.0802	1.0568	1.0803	1.0292	1.1008	1.2429	1.0428	1.1540	0.9449	1.0029	0.9532	0.8708	0.9248	1.0279	0.9696	1.1002	0.9409	0.8729	0.9754	0.9239	0.9820	1.0396	0.9994	1.0303	0.9198	1.0293
QG37_00604	0.9162	0.9145	0.8888	0.9481	0.9108	0.8982	0.9360	0.9927	0.9677	0.9139	0.9367	0.9499	0.8390	1.0145	0.9016	1.0226	0.9166	0.8316	0.9471	0.9569	0.9721	0.9694	0.8011	0.9445	0.9154	0.9619	1.0433	1.0520	0.8883	0.9667	0.9336	0.8974	0.9297	0.9250	0.9843	0.8963	0.9666	1.0151	0.9698	0.8989	0.8865	0.9911	0.9758	1.0340	0.9665	0.9855	0.8836	0.9583
QG37_00605	1.0324	0.9562	1.0143	1.0374	0.9553	0.9450	0.9322	0.9704	1.0595	1.0317	0.8847	1.0052	0.9439	1.0070	0.9924	0.8937	0.9545	0.9764	0.9851	1.0428	0.9732	1.0191	1.0435	1.0001	0.9646	0.9627	1.0290	0.9729	0.8836	0.8193	0.9146	1.0029	0.9086	0.9769	0.9467	0.9910	0.9924	1.0120	1.0222	0.9049	0.9637	1.0228	0.9531	1.0386	1.0095	1.0100	0.9597	1.0318
QG37_08396	1.0097	1.1922	1.2208	1.0836	1.0407	0.9121	1.0441	0.9833	0.9387	1.0328	0.8852	1.0811	0.9893	0.9660	1.1952	1.0844	1.1153	1.0699	0.9186	1.0060	1.0453	1.1438	1.0896	0.8480	1.0036	1.0231	1.3551	1.0192	1.0667	0.6878	1.1883	1.0515	0.9457	1.0673	1.1801	1.0309	1.1283	1.0171	1.0591	0.8055	1.0102	0.9587	0.6930	1.2096	0.9246	1.1850	0.7478	1.0319
QG37_00606	0.9389	0.9307	1.0145	0.8969	0.9797	0.9901	0.9729	0.8812	0.9462	0.8620	1.0266	0.8983	0.8975	0.9269	0.8821	0.8863	0.8921	0.9805	0.9805	0.9448	1.0175	0.8543	0.9493	0.9470	0.8641	0.9333	0.9874	0.8589	0.8436	0.6290	0.9093	0.9153	0.9686	0.9072	1.0170	0.9592	0.8563	1.0048	0.9393	0.8377	0.9646	0.8980	0.9495	1.0943	0.9793	0.9851	0.9352	0.9022
QG37_00607	0.8842	0.8023	0.7980	0.8398	0.8233	0.9240	0.9585	0.8531	0.9335	0.7868	0.8638	0.8805	0.8549	0.8860	0.9805	0.8807	0.8780	0.8723	0.9733	0.9148	0.8669	0.7896	0.8393	0.9423	0.8601	0.9045	0.8237	0.7501	0.7332	0.7908	0.7550	0.8517	0.8812	1.0048	0.7921	0.9463	0.7436	0.8247	0.9474	0.9223	0.9403	0.8222	0.9427	0.9923	0.9473	1.0170	0.8832	0.8771
QG37_00608	1.1237	0.9964	1.0219	0.9499	1.1126	1.1577	1.0574	1.0831	1.1029	1.0238	0.9806	0.8365	0.8808	1.0603	0.8693	1.0747	1.0051	1.0446	0.9882	1.0543	1.1689	1.0033	1.0452	1.1203	0.8165	0.8846	0.8897	1.0424	1.0355	0.7308	0.8023	0.8976	1.0590	1.0327	0.8955	0.9139	1.1037	1.0703	0.9946	1.0583	0.9779	1.0129	0.9313	1.0317	1.1403	1.1538	1.0212	1.2066
QG37_00609	1.0923	0.9846	1.0771	0.9581	1.0480	1.0439	1.0700	1.0318	1.0789	0.9810	1.0972	0.9635	0.9846	1.0134	1.0620	1.0696	1.0071	1.0568	1.0246	1.0516	1.1074	0.9828	1.0780	1.0340	0.9631	1.0034	1.0782	1.0434	0.9187	1.0076	0.9698	0.9810	1.0385	0.9525	0.9288	0.9785	1.0213	0.9966	0.9163	0.9713	0.9326	0.9772	0.9790	1.0779	1.0499	1.0018	1.0063	1.0997
QG37_00610	1.0141	0.9173	0.7796	0.9457	0.8462	0.9377	0.8525	0.9117	0.9121	0.8973	0.8502	0.7871	0.8752	0.8838	0.8509	0.9823	0.9133	0.9960	0.9829	0.8266	1.0141	0.9139	0.9300	0.9267	0.9565	0.9112	0.8295	0.8417	0.7972	0.9027	0.6648	0.7966	0.8436	0.7556	0.8717	0.8608	0.8082	1.0099	0.9803	0.9455	0.8809	0.8611	0.7943	0.9807	0.9341	0.8798	0.9320	1.0491
QG37_00611	0.9709	1.1071	0.9833	0.7747	0.8755	0.8952	1.0199	0.7902	1.0119	0.8490	1.0101	1.0564	1.0507	1.0964	0.9653	0.9515	0.9835	0.9504	1.0074	0.9800	0.9515	1.0020	0.8205	1.0533	0.9575	0.9719	1.1377	1.1231	0.8783	0.9524	0.9150	0.8192	1.0665	0.9988	1.1065	0.8891	0.8775	1.0200	1.1549	0.9506	0.8428	0.8864	0.9597	1.2068	0.9798	1.0582	1.0283	0.9470
QG37_00612	1.1286	1.0799	1.0895	0.9299	0.9501	0.9115	1.0303	1.0401	0.9962	1.0692	1.0351	1.0962	1.1392	1.0856	1.0291	0.9002	0.9303	1.0991	1.1304	0.9915	1.0087	1.0400	0.9983	1.0448	0.9543	1.1231	1.1472	1.0377	0.9020	1.1343	0.9351	0.9441	1.0155	1.2562	1.1031	1.0513	1.0640	1.0574	1.1569	0.8209	1.0900	0.9403	0.9797	0.9584	0.9640	0.9013	1.0804	1.0640
QG37_00613	0.9843	0.8335	0.9897	0.9361	0.9097	0.9074	0.9484	1.0082	0.8870	0.8737	0.9035	0.9853	0.9623	0.8867	0.9216	0.8345	0.9402	0.9771	0.9319	0.9565	0.9872	0.9445	0.9668	0.9185	0.9416	0.8841	0.8940	0.8588	0.8340	0.7799	0.8164	0.8141	0.9716	1.0299	0.9393	0.9231	0.9813	0.9824	0.9575	0.8797	0.9443	0.9903	0.8804	0.9407	0.9435	0.8571	1.0069	0.8942
QG37_00614	0.9981	0.6274	0.7829	0.6960	0.7649	0.7833	0.7341	0.7057	0.7565	0.7701	0.5909	0.7480	0.8867	0.7266	0.7045	0.9723	0.8540	0.8034	0.8106	0.8422	0.7673	0.8621	0.7670	0.8982	0.6739	0.6210	0.8408	0.7265	0.7629	0.6314	0.7781	0.7177	0.7526	0.8109	0.8294	0.8223	0.8290	0.8874	0.6228	0.7184	0.8540	0.7877	0.6852	0.7291	0.7876	0.8313	0.6572	0.6696
QG37_00615	0.8650	0.7197	0.5984	0.7337	0.6949	0.7725	0.7705	0.6967	0.6903	0.5144	0.6375	0.6081	0.5513	0.7149	0.7160	0.6544	0.5864	0.6171	0.7377	0.6407	0.6349	0.6233	0.6080	0.6427	0.6343	0.6390	0.5410	0.6878	0.5352	0.8627	0.5823	0.6090	0.6837	0.6834	0.6956	0.5759	0.6837	0.7298	0.7141	0.7229	0.6702	0.7190	0.7043	0.7922	0.6938	0.7682	0.7666	0.7262
QG37_00616	0.7799	0.8198	0.7801	0.9354	0.7657	0.8527	0.8855	0.8926	0.9441	0.9179	0.7349	0.8096	0.7591	0.8646	0.9812	0.9385	0.8042	0.8947	0.9180	0.7959	0.8480	0.8931	0.8779	0.8156	0.8722	0.8693	0.7644	0.7311	0.8003	0.7821	0.8270	0.7309	0.7654	0.8477	0.9277	0.7858	0.9082	0.7322	0.8207	0.8436	0.7936	0.8244	0.7869	0.9488	0.7889	0.8084	0.9251	0.9226
QG37_00617	1.0712	1.0546	1.0271	1.0361	0.9739	1.0133	0.9468	1.0409	1.0011	1.0074	0.9593	0.9250	0.9783	1.0465	1.0245	0.9936	0.9387	1.0021	0.9832	1.0721	1.0359	1.0268	0.9662	0.9283	0.9916	0.9955	0.9253	0.9336	0.9687	0.9515	0.9728	0.9631	1.0036	1.0137	1.0323	1.1322	0.9877	1.0436	1.1422	1.0710	0.9884	1.0786	0.9280	1.1205	1.0449	1.0261	0.9966	1.0117
QG37_00618	0.9649	1.0817	1.1076	1.1688	1.0036	0.8039	1.2228	1.0882	1.0707	1.0064	1.0358	1.1441	1.1005	0.9884	1.1001	1.0350	1.0622	0.9078	1.0508	1.1257	0.9546	0.9892	1.2642	0.9370	1.0351	0.9955	0.9763	1.0683	0.8569	0.7918	0.8752	0.9339	0.9015	0.9984	1.0881	0.8485	1.1323	1.0174	0.7657	1.0957	1.0638	1.0705	1.0299	1.0277	0.9185	1.1597	1.0477	0.8462
QG37_00619	0.9322	0.9408	0.7887	0.9631	0.8855	0.8723	0.8637	0.9505	0.9099	0.9100	1.0119	0.9206	0.8466	0.8872	0.8831	0.9636	0.9896	1.0062	0.9874	0.8705	0.9655	0.8817	0.8190	0.8986	0.8300	0.8930	0.9167	0.9310	0.9663	0.7687	1.0332	0.8448	0.9676	0.9470	0.8483	0.8366	0.9628	0.9373	0.9296	0.9452	1.0049	0.9490	0.8324	0.8152	0.9048	0.8728	0.8295	0.9816
QG37_00620	0.9509	0.8642	0.8780	0.9186	0.8910	0.9643	0.9008	0.9093	0.9004	0.8873	0.9672	0.8894	0.9146	0.9866	0.9212	0.8654	0.9328	0.9500	0.9171	0.9482	1.0424	0.9159	0.9146	0.8843	0.9092	0.9066	0.8917	0.8811	0.8795	0.7260	0.9090	0.8751	0.8687	0.8560	0.9538	0.8827	0.9397	0.8495	0.8579	0.8511	1.0010	0.9033	0.8764	0.9341	0.9249	0.9624	1.0143	0.9344
QG37_00621	0.5940	0.4688	0.4843	0.4982	0.3515	0.4720	0.4563	0.4185	0.4827	0.4313	0.5711	0.3618	0.4385	0.3992	0.5044	0.4146	0.5302	0.4132	0.4766	0.4339	0.4392	0.4546	0.4064	0.4721	0.3912	0.3515	0.4721	0.4135	0.3211	0.4641	0.3966	0.4123	0.4589	0.4771	0.5097	0.4288	0.5225	0.5163	0.4196	0.4519	0.3136	0.4646	0.4854	0.6393	0.4766	0.4526	0.4894	0.4588
QG37_00622	0.2361	0.4776	0.5249	0.5170	0.4080	0.4829	0.5098	0.5350	0.4379	0.4837	0.4804	0.3901	0.6364	0.5821	0.5249	0.4824	0.4890	0.4391	0.5096	0.4469	0.4112	0.4038	0.3867	0.4791	0.4025	0.3950	0.4637	0.5263	0.3778	0.6420	0.3996	0.5249	0.4527	0.5752	0.4441	0.4333	0.4731	0.6112	0.5332	0.5246	0.4357	0.5215	0.5012	0.6491	0.5486	0.5115	0.4527	0.4208
QG37_00623	0.8556	0.8418	0.8647	0.8190	0.7931	0.7762	0.9021	0.8468	0.8333	0.8255	0.9338	0.8360	0.9863	0.8161	0.8326	0.8595	0.9145	0.7937	0.7808	0.8331	0.8851	0.8285	0.8565	0.9065	0.8445	0.8233	0.9116	0.8809	0.8057	0.8036	0.8172	0.8505	0.8207	0.7771	0.8280	0.9051	0.8881	0.9147	0.8367	0.7952	0.8519	0.8722	0.7536	0.8473	0.8355	0.8322	0.8009	0.8134
QG37_00624	1.0502	1.0129	0.9617	0.9842	0.9493	1.0156	1.0441	0.9965	1.0189	0.9788	0.9364	0.9824	1.0311	0.9753	0.9421	1.0218	0.9423	1.0086	1.0537	0.9726	1.0444	0.9588	0.9332	0.9727	0.9908	0.9476	0.9973	0.9769	0.8987	0.8972	0.9784	0.9385	0.9721	0.9543	0.9393	0.9354	0.9754	1.0383	0.9668	0.9668	1.0629	0.9689	0.9587	0.9528	1.0379	0.9681	1.0338	1.0419
QG37_00625	0.9559	0.8265	0.9806	1.0835	0.9665	0.9922	1.2153	1.1595	1.0122	1.0233	1.0804	0.9920	0.8091	1.1347	1.0701	0.9829	0.9030	1.0148	0.8525	1.0667	0.9634	0.9535	0.9127	0.9035	0.9225	0.9965	1.0983	0.8992	1.0412	1.2458	0.7154	0.7523	0.8869	0.8334	0.9114	0.9871	0.9977	1.0216	0.9524	0.8234	1.0416	0.9632	0.9142	0.9614	0.7524	0.9056	0.8463	0.9632
QG37_00626	1.0053	1.0279	1.1342	1.0222	0.8847	0.9935	0.9578	1.0948	0.9278	1.0381	1.1176	0.9944	1.0368	1.1007	1.0210	0.9638	0.9367	0.9690	0.9241	0.9933	1.1144	0.9295	0.9690	0.9507	1.0664	0.9734	1.0709	1.0899	1.0870	0.8909	0.8962	1.0308	0.9874	1.0596	1.0451	0.9433	1.1366	0.9111	0.9999	1.0713	1.0784	0.9486	1.0121	1.0867	0.8259	1.0443	0.9429	1.1063
QG37_00627	1.0895	1.0248	1.0849	1.0329	0.9902	1.0515	1.0077	1.0977	0.9674	0.9475	1.0652	1.0358	1.0787	1.1074	0.9591	1.0018	0.9848	0.9975	0.9468	1.0901	1.0228	0.9734	1.0288	0.9621	0.9476	1.0151	0.9694	0.9279	0.9598	0.9512	1.0906	0.9377	1.0088	0.9338	1.0405	0.9847	1.0323	1.0300	0.9511	0.9817	1.0067	0.9386	0.9557	1.0918	1.0325	1.0251	1.0113	1.0443
QG37_00628	1.0824	0.9941	1.0050	0.9744	1.0148	0.9470	1.0277	0.9534	1.0877	1.0706	1.0925	1.0694	0.9198	0.9586	0.9723	1.0841	0.8872	0.9747	1.0053	0.9340	0.9821	0.9687	1.0543	1.0057	0.9002	0.9751	1.0796	1.0057	1.0455	0.9442	0.9944	1.0382	0.9300	1.0020	0.9581	0.9719	1.0543	0.9645	1.0371	0.9460	1.0124	0.9393	0.9868	1.1530	1.0796	1.0524	1.1028	1.1359
QG37_00629	1.1222	0.9766	0.9457	0.9106	0.9211	0.9405	1.0551	0.9734	0.9647	0.9123	1.0380	0.9347	0.9617	0.8567	0.8957	0.9559	0.8762	1.0134	0.9951	1.0810	0.9844	0.9726	1.1045	0.9900	0.9513	0.8978	1.0891	0.9024	0.9066	0.8209	0.9392	0.9734	0.9537	0.9787	0.9869	1.0259	0.9327	0.8566	1.0309	0.9449	1.0204	0.9864	0.8897	0.9955	1.0586	0.9871	0.9583	0.9672
QG37_00630	1.0027	1.0927	1.0110	0.8928	1.0091	1.1574	1.0954	0.9761	0.9116	1.0256	0.9705	1.0607	1.0575	0.9825	1.0273	0.9664	1.0819	1.0809	1.0486	1.1295	0.9756	1.0181	1.0678	0.9476	1.0992	1.0365	0.9910	1.0121	1.2043	0.9761	0.9399	0.9593	0.9877	0.9849	1.0516	1.1478	1.0250	1.0492	1.1579	0.9782	1.0939	1.0460	1.0144	0.9584	0.9627	0.9554	0.9325	0.9692
QG37_00631	1.0757	1.0734	1.0576	0.9986	1.0698	1.0661	0.9948	1.0246	1.0431	1.0064	1.1139	0.9599	1.1060	1.0623	1.0824	1.0050	1.0093	1.0269	1.0404	1.0083	1.0021	0.9717	1.0513	1.0124	0.9908	0.9825	0.9790	1.0093	1.1232	1.1094	1.0518	0.9749	1.0036	1.0276	1.0415	1.1459	1.1001	0.9970	1.0133	1.0524	1.1264	0.9433	0.9560	1.1016	1.0501	1.1371	1.0958	1.0526
QG37_00632	1.0059	0.9576	1.1313	0.8806	0.9874	1.0639	1.0001	1.0642	1.0078	0.9918	1.0269	0.8946	0.9343	1.0285	0.8624	0.9600	0.9210	0.9684	1.1190	0.9211	1.0508	0.9702	0.9312	1.0182	0.9483	0.9399	0.9790	1.0025	1.0027	0.8427	0.8741	1.0028	0.8977	0.9358	0.9629	0.9403	0.9706	0.9782	1.0000	0.9565	0.9467	1.0197	0.9961	0.8854	0.9883	1.0285	1.0710	0.9715
QG37_00633	1.0063	0.8580	1.0194	0.8917	0.9233	0.9327	1.1486	1.0517	1.0982	0.9095	1.1722	1.0151	1.0687	0.8557	0.9702	1.0421	0.9294	0.9691	1.1716	1.0134	0.8798	0.8905	0.8921	0.9150	0.9830	0.9212	0.9341	0.9397	0.9404	1.0173	1.0600	0.8544	0.9325	1.0229	1.1164	1.0035	0.8534	0.8686	0.9933	0.8539	0.8152	1.0964	0.7254	0.8608	0.9492	0.8632	1.0228	0.8458
QG37_00634	0.9097	0.9402	0.8712	0.9528	1.0399	0.9190	1.0069	1.0189	1.1036	0.9514	1.0272	0.8060	0.9428	0.8825	0.9733	0.8968	0.8787	0.9206	1.0130	0.8449	0.8100	0.8633	0.9257	0.9333	0.9049	0.9493	0.8772	0.8834	0.9413	0.9791	0.9267	0.9105	0.9755	0.9202	1.0239	0.9839	0.9584	0.9393	0.9793	0.9747	0.9354	0.9090	0.9264	0.9132	0.9934	0.8275	0.8467	0.8626
QG37_00635	1.0887	0.9610	1.0077	1.1435	0.9908	1.0319	0.9993	1.0304	0.9973	1.0810	1.1145	0.9101	1.0004	1.0632	0.9218	1.0212	0.9408	1.0792	1.0253	0.9950	0.9969	1.0812	0.9782	0.9386	0.9176	0.9931	1.0110	1.0389	1.0077	0.9924	1.0012	0.9521	1.0353	0.9187	1.0568	0.9865	0.9826	0.9871	1.0198	1.0066	0.9871	0.9424	0.9299	1.1131	1.0626	1.0422	1.0151	0.9784
QG37_00636	1.0496	0.9689	1.1748	0.9543	0.9892	1.0791	0.9801	0.9938	0.9831	0.9478	0.9861	1.0069	0.9904	0.9610	0.8923	0.9727	0.9751	1.0003	1.0181	1.0881	1.0235	0.9953	0.9963	1.0578	1.0347	0.9804	0.9724	0.9788	0.9505	0.8988	0.9580	0.9456	1.0398	1.0004	1.0035	1.0775	1.0562	1.0592	0.9864	0.9971	1.0010	0.9945	0.9868	1.0149	1.0378	0.9911	0.9966	1.0423
QG37_00637	1.0335	1.0043	1.0409	1.0020	0.9636	1.0865	1.0689	0.9448	0.9735	1.0149	1.0110	1.0027	1.0011	0.9657	1.0423	0.9361	1.0579	1.0339	1.0504	1.0433	1.0677	1.1147	0.9787	1.0226	1.0879	0.9784	0.9419	0.9881	1.0296	1.2128	0.9343	0.9333	1.0658	1.0280	1.0268	1.1056	0.9978	0.9575	1.0061	1.1095	1.0884	1.0702	0.8967	1.1439	1.0899	1.0825	1.0849	1.0966
QG37_00638	0.8655	0.9164	0.9710	0.8598	0.8916	0.8483	0.9424	0.9687	0.9315	0.8403	0.9812	0.8939	0.9391	0.9836	0.8924	0.8947	1.0335	0.9183	0.9894	1.0380	0.9393	1.0186	1.0664	0.9033	0.9409	1.0363	0.9161	0.9708	0.9849	0.8157	1.0284	0.9019	0.8753	1.0080	0.9009	0.9661	0.9898	0.9475	0.9434	0.9446	0.9609	0.9065	0.9870	0.9832	0.9813	1.0407	1.0726	1.0163
QG37_00639	0.9858	0.9365	0.9821	0.8629	0.9309	0.8998	0.9719	0.9667	0.8533	0.9800	0.9965	0.8817	0.9596	0.9185	0.8998	1.0318	0.8980	0.9602	0.9072	0.9612	1.0143	0.9654	0.9145	0.9459	0.9803	0.9491	0.9139	0.9199	0.8480	1.0855	0.9892	0.9475	0.9467	0.9479	1.0092	1.0017	0.9238	0.9520	0.9608	1.0103	1.0491	0.9812	0.9547	0.9953	0.9641	1.0132	0.9746	0.9825
QG37_00640	1.0030	0.8859	0.9133	0.8783	0.9429	1.0072	1.0189	1.0222	0.8651	0.9452	0.8402	0.9276	0.9448	0.9501	1.0381	0.9919	0.8928	0.9909	0.8772	0.9941	1.0198	0.9774	0.8148	0.9630	1.0227	0.9597	0.9552	0.9764	1.0134	1.1964	1.0756	0.9153	0.8908	0.8805	0.8966	0.9734	0.8016	0.9681	0.9851	1.0192	1.0349	0.9361	0.9082	0.9093	0.8928	0.9457	0.9390	1.0663
QG37_00641	0.7180	0.8567	0.9271	1.0269	0.8166	0.8068	0.6598	0.8283	0.6723	0.9081	0.5789	0.9625	0.6601	0.7777	0.8721	0.8141	0.6406	0.7731	0.7602	0.7268	0.8128	0.7646	0.8401	0.7543	0.6805	0.7313	0.8665	0.7546	0.7178	0.7439	0.6439	0.8347	0.7946	0.5849	0.6432	0.8504	0.8303	0.7600	0.6807	0.6455	0.7405	0.7275	0.7613	1.0008	0.7139	0.7841	0.7621	0.7962
QG37_00642	0.9933	0.9139	1.1616	1.0043	0.9255	1.0620	0.8989	1.0288	0.9733	0.8982	0.9983	0.9397	1.0358	0.9260	0.9036	0.9813	0.9618	1.0345	0.9209	1.0572	1.0196	1.0468	1.1148	0.9139	0.9144	1.0214	0.9956	0.9609	0.9182	1.0300	0.9904	1.0027	1.0337	0.7989	0.9978	1.0791	1.0367	0.8892	0.9549	0.9597	1.1202	0.9992	0.9261	0.8876	0.8320	1.0956	1.0117	0.8579
QG37_00643	1.1550	1.2293	1.0328	1.2170	1.1183	1.1122	1.1412	1.1231	1.1368	1.1279	1.1044	1.1672	1.2237	1.0590	1.0535	1.1409	1.0685	1.1611	1.0855	1.1796	1.0768	1.1447	1.0788	1.1360	1.0133	1.1691	1.2191	1.1046	1.0709	1.2095	1.0940	1.1515	1.1912	0.9573	1.1321	1.1658	1.0739	0.9936	0.9989	1.1586	1.1856	1.1407	1.1108	1.1797	1.0743	1.1620	1.2212	1.0309
QG37_00644	1.0390	0.9814	1.0495	1.0226	0.9980	1.0455	0.9558	1.0545	0.9963	0.9928	1.0012	0.9137	1.0405	1.0052	1.0105	0.9509	0.9565	0.9678	0.9904	1.0896	1.0660	1.0369	0.9457	1.0054	0.9438	0.9861	0.9969	0.9690	0.9609	0.9557	0.9377	0.9431	0.9767	0.9391	1.0342	0.9924	1.0252	0.9641	1.0603	1.0093	0.9943	0.9248	0.9749	0.9671	0.9992	0.9779	1.0043	0.9719
QG37_00645	0.9536	1.0120	1.0411	0.9545	0.9847	0.9398	0.9832	0.9887	0.8704	0.8021	0.8845	0.9363	0.8645	1.0079	0.8492	0.9031	0.9450	0.9289	0.9105	0.8646	1.0820	0.9118	0.9197	0.8951	0.9359	0.9814	1.0380	0.8872	0.8869	0.7014	1.0430	0.8310	0.9506	0.8163	0.9000	0.9541	0.8974	0.9921	1.0050	0.9474	1.0121	0.9540	0.9883	0.9838	0.9320	0.9797	1.0347	0.9374
QG37_00646	1.0596	0.9154	1.0574	1.2125	0.9899	1.0996	0.9756	1.0523	0.9074	0.9118	0.9940	1.1007	1.0418	0.9663	0.9747	1.1489	0.9686	1.0801	1.0483	1.1083	0.9901	0.9615	0.9643	1.0914	0.9452	0.9819	1.0041	1.1270	0.9439	1.0045	0.9894	0.9439	0.9578	1.0450	1.0826	0.8600	1.0886	0.9265	1.1006	1.1293	1.0834	1.0492	0.8875	0.9353	1.0152	0.9985	1.0574	0.9546
QG37_00647	0.9779	0.9508	1.0939	1.0215	0.8245	1.0535	0.9966	1.0065	1.0215	0.8922	1.0367	1.0608	1.0343	0.9545	1.0290	0.9640	0.9185	0.9395	0.9801	0.9359	0.9928	0.9837	0.9209	1.0545	0.8913	0.9584	0.9396	1.0107	0.8995	0.9182	0.9494	0.9647	0.9246	0.9311	0.9849	1.0920	0.9967	1.0101	0.9982	1.0222	1.0036	0.9043	0.9986	0.8561	0.8859	1.0622	0.9892	0.9252
QG37_00648	1.1427	1.1809	1.1351	1.0834	1.1378	1.1696	1.0072	1.0610	0.9925	1.0779	1.0506	1.1668	0.9998	1.0297	1.0625	1.0822	1.0441	1.0041	1.0607	1.0223	1.0916	1.0345	0.9425	0.9926	0.9795	1.0371	0.9526	0.9974	0.9616	0.9109	0.9098	0.9902	1.0734	1.0871	1.1304	0.9764	1.0452	1.0687	1.1273	1.0109	1.0724	1.0255	1.0445	1.0458	1.0765	1.1450	1.1147	1.0518
QG37_00649	1.1280	1.0860	1.0557	1.0081	1.0913	1.1281	1.0822	1.0444	1.1195	1.1468	1.1163	1.0516	1.0900	1.0511	0.9918	1.0427	1.0077	0.9999	1.0599	1.1065	1.0721	1.0547	1.1008	1.0884	1.0774	1.0713	1.0411	1.0497	1.0860	0.9363	1.0207	1.0625	1.1131	1.0402	1.0394	1.0362	1.0155	1.0555	1.0420	1.0131	1.0504	1.0150	1.0176	1.0871	1.0538	1.0167	1.0752	1.0292
QG37_00650	0.4971	0.5423	0.4970	0.6117	0.5443	0.5437	0.5155	0.4913	0.6331	0.5517	0.6035	0.4541	0.5101	0.5841	0.5498	0.5094	0.5114	0.4900	0.5087	0.6194	0.5568	0.5705	0.5957	0.5860	0.5570	0.5358	0.5387	0.7235	0.5861	0.7099	0.4722	0.6192	0.5049	0.5472	0.5584	0.4619	0.4921	0.4880	0.4713	0.4984	0.4960	0.5931	0.3854	0.8972	0.8645	0.7871	0.9059	0.7654
QG37_00651	0.7895	0.6744	0.4177	0.5786	0.6146	0.5798	0.5790	0.5476	0.5692	0.6363	0.5149	0.6095	0.6487	0.7019	0.4864	0.4809	0.5843	0.5580	0.5700	0.5407	0.5515	0.6119	0.6476	0.5431	0.6257	0.5395	0.5235	0.6357	0.5731	0.5608	0.5099	0.6383	0.5635	0.5926	0.5542	0.4676	0.6252	0.5027	0.6057	0.6469	0.5296	0.6258	0.5187	0.7254	0.8650	0.7425	0.9427	0.8471
QG37_00652	1.0403	0.9038	0.7758	0.7643	0.8732	1.1713	0.9932	0.9828	0.8917	0.9354	0.9186	0.9142	0.9205	1.0786	0.9901	0.9349	0.8603	1.1639	0.8250	0.9909	1.1956	0.9063	0.8620	0.8902	0.7776	0.9048	0.8015	1.0456	0.8641	0.8969	0.9430	0.8011	0.9035	0.8878	0.9652	0.7723	0.9788	0.9351	0.7975	0.8775	0.8884	0.9300	0.8811	1.0421	0.8767	0.9015	0.9306	1.0522
QG37_00653	0.7410	0.5088	0.3869	0.5091	0.3525	0.4500	0.3316	0.5391	0.4180	0.3813	0.4420	0.3581	0.3823	0.2921	0.3740	0.4323	0.3686	0.4566	0.4920	0.4032	0.4221	0.5619	0.4062	0.5191	0.4001	0.4086	0.4605	0.4148	0.3928	0.4850	0.5433	0.4255	0.4119	0.3631	0.3948	0.4658	0.3198	0.4150	0.5368	0.4495	0.4468	0.5269	0.5018	0.4068	0.4808	0.4042	0.4074	0.4628
QG37_00654	0.6235	0.8240	0.7873	0.9192	0.6904	0.6994	0.7266	0.7241	0.7371	0.7688	0.6690	0.8098	0.7236	0.5853	0.7683	0.6905	0.7248	0.7513	0.8607	0.7391	0.7846	0.8238	0.6974	0.7058	0.8197	0.7496	0.7006	0.7879	0.8254	0.6132	0.8010	0.7854	0.8145	0.8221	0.7261	0.6148	0.5068	0.6944	0.8018	0.6602	0.7910	0.8404	0.6489	0.5486	0.8927	0.9005	0.6602	0.7423
QG37_00655	0.9566	0.9110	0.9705	0.9160	0.9482	0.8324	0.9342	0.9409	0.8907	0.9570	0.9002	0.9116	0.9071	0.8863	0.8866	0.9069	0.9669	0.9315	0.9389	0.8776	0.9516	0.9011	0.9589	0.8163	0.9014	0.8821	0.9094	0.9224	0.9228	0.8824	0.8971	0.8657	0.9422	0.8909	1.0080	0.9000	0.8911	0.8618	0.9364	0.8407	0.8787	0.9255	0.9312	0.8903	0.9167	0.8814	0.8753	0.9409
QG37_00656	0.9801	0.8269	1.1292	0.8681	1.0576	1.0810	1.0857	0.8586	0.8946	0.9348	0.9962	0.9132	1.0011	0.9760	1.1195	1.0136	0.9561	0.9845	1.0610	1.0329	0.8097	0.9891	0.8707	1.0360	0.8739	1.0005	0.9099	0.9576	0.9006	0.8293	1.0627	0.8728	1.1653	0.9631	0.9251	1.1632	0.9861	0.9763	0.8494	0.9272	0.9272	0.9494	0.8699	1.0387	1.0573	0.9904	1.0044	1.0584
QG37_00657	1.3828	1.1541	0.9397	0.9800	1.1686	1.1135	1.1225	1.1460	1.2231	1.1772	1.2306	1.1975	1.2483	1.2283	1.1871	1.1728	1.0726	1.2424	1.1103	1.3057	1.1915	1.2663	1.1968	1.1039	1.0124	1.1658	1.2010	1.2495	1.2587	1.1858	0.9459	1.0867	0.9940	1.0439	1.2217	1.2396	1.2126	1.1412	1.1059	1.1490	1.2299	1.2302	1.1314	1.1556	1.3907	1.2223	1.1537	1.0781
QG37_00658	1.0480	1.1147	1.1817	1.1105	1.1560	1.0248	1.1375	1.0744	1.1025	1.0729	1.1038	1.1987	1.2393	1.0818	1.1664	1.1323	1.1065	1.1408	1.1544	1.0785	1.0735	1.3234	1.0615	1.0968	1.1101	1.1041	1.1094	1.0653	1.0663	1.0246	1.0833	1.0458	1.2354	1.0751	1.0102	1.0724	1.2680	1.2212	1.1949	1.1308	1.1247	1.1774	1.1248	1.1675	1.2797	1.1660	1.3137	1.1246
QG37_00659	1.1231	1.0660	0.9800	0.9472	0.9876	0.9252	1.1373	1.1146	1.1059	0.9610	1.0851	0.8901	0.8954	1.0555	0.9007	0.9705	0.9843	1.0421	1.0530	1.0213	1.0218	0.9163	0.9327	0.8979	0.8178	0.9529	0.9343	0.9718	1.0068	1.1873	0.9687	1.0243	0.9733	1.0155	1.0654	1.0724	1.0494	1.0342	1.0152	1.0103	1.0936	1.0893	0.9512	1.0624	0.9013	0.9947	1.0850	1.0525
QG37_00660	1.0181	0.8745	0.8733	0.9088	0.9204	0.8880	0.8941	0.8491	0.8989	0.8390	0.8821	0.7907	0.8279	0.8451	0.8840	0.9258	0.7968	0.9135	0.7772	0.8896	0.8852	0.8442	0.8908	0.8828	0.8672	0.8456	0.8649	0.8237	0.8118	0.7517	0.7744	0.8122	0.8948	0.8933	0.8737	0.9607	0.8452	0.8839	0.8038	1.0247	0.9619	0.9289	0.7885	0.8247	0.9204	0.9680	0.9042	0.8793
QG37_00661	1.0314	0.9527	0.9903	0.8981	0.9091	0.9060	0.9338	1.0087	0.9688	0.9555	0.9335	0.8567	0.8619	1.0023	0.9290	1.0267	0.9610	0.9051	0.9294	0.9691	1.0198	0.9873	0.9398	0.9482	0.8892	0.9691	0.9386	0.8990	0.9427	0.8078	0.9437	0.9549	0.9961	0.9571	0.9883	1.0480	0.9846	1.0798	0.9426	0.9597	0.9863	0.9625	0.9094	1.0633	0.9485	1.1116	1.0196	0.9424
QG37_00662	0.9647	0.8491	0.7965	0.9247	0.9662	0.9667	0.9117	0.9883	0.8943	0.8938	0.9407	0.8402	0.8464	0.8404	0.9424	0.9148	0.8917	0.9417	0.8561	0.8321	0.9157	0.8962	0.9096	0.8693	0.8651	0.8873	0.8387	0.7873	0.8280	0.7702	0.8924	0.8522	0.8465	0.9701	0.9467	0.9180	0.8034	0.9015	0.8216	0.8144	0.9379	0.8424	0.8322	0.9964	0.9424	0.8632	0.9091	0.8970
QG37_00663	1.0454	1.0579	0.9798	1.0025	0.9554	0.9847	0.9669	1.0125	0.9835	1.0123	0.9491	1.0012	1.0407	1.0002	1.0103	1.0111	0.9951	0.9930	1.0080	0.9822	1.0199	1.0045	1.0362	1.0054	0.9902	1.0308	0.9680	0.9851	0.9627	0.8927	0.9627	0.9746	0.9849	1.0417	1.0209	1.0369	0.9918	1.0130	1.0337	1.0474	1.1090	1.0274	0.9618	1.1073	1.0543	1.0685	1.0756	1.0262
QG37_00664	0.8828	0.9131	0.9134	0.8785	1.0189	0.9333	0.9365	0.8687	0.8398	0.8537	0.9287	0.9020	0.9657	0.8618	0.8114	1.0470	0.8175	0.9451	0.9111	0.8627	1.0338	0.9579	0.9070	0.9282	0.8729	0.8611	0.9293	0.8208	0.7769	0.7281	0.8986	0.8337	0.9625	0.9906	1.0289	1.0112	1.0107	0.9559	0.9011	0.9499	0.9195	0.8894	0.7949	0.9660	0.8451	0.8839	0.8577	0.8987
QG37_00665	0.8502	0.8068	0.7202	0.8621	0.8208	0.8993	0.8750	0.9543	0.9178	0.8381	0.8353	0.8270	0.7721	0.8189	0.8882	0.9131	0.8229	0.8645	0.8653	0.8252	0.9264	0.8816	0.8889	0.8445	0.8487	0.7715	0.8078	0.8511	0.6691	0.9148	0.8750	0.8393	0.8829	0.9150	0.9159	0.9010	0.8941	0.9309	0.9655	0.9372	0.9227	0.8226	0.8073	1.0414	0.9275	0.9626	0.9814	0.9667
QG37_00666	0.9793	0.9569	0.9840	0.9303	1.0019	0.9166	0.9970	0.9062	0.9802	0.9327	0.9681	0.9854	0.9857	0.9838	0.9911	0.9561	1.0131	0.9838	0.9753	0.9289	1.0406	1.0393	0.9435	0.9200	1.0183	1.0457	0.9717	0.9394	0.9876	0.9436	0.9518	1.0067	0.9422	0.9563	1.0080	0.9575	0.9009	0.9779	0.9852	0.9931	0.9728	1.0390	0.9621	1.0615	1.0341	1.0074	1.0291	1.0097
QG37_00667	1.0410	1.0104	0.9594	1.0309	1.0097	1.0304	0.9096	0.9364	0.9967	1.0043	1.0086	1.0221	1.0376	0.9420	0.9345	0.9735	0.9635	1.0589	0.9853	1.0906	1.0099	1.0121	1.0329	0.9463	0.9328	1.0796	0.9830	0.9169	0.9110	0.9248	0.9652	0.8861	0.9681	1.0105	0.9593	1.0146	0.9898	0.9969	1.0577	1.0356	1.0248	1.0814	0.9515	1.0275	0.9341	0.9449	1.0672	0.9776
QG37_00668	0.9541	0.9732	1.0144	1.0639	1.1203	0.9954	1.0648	0.8413	1.0912	1.1138	0.8619	0.9142	1.0974	1.1841	1.0518	1.0550	1.1727	0.9280	1.0796	0.9646	1.1109	1.0434	1.0256	0.9748	1.0545	0.8480	0.9721	0.8752	0.9203	1.0194	1.0215	1.0787	1.0382	1.0316	1.0803	1.1375	1.0017	1.0298	1.1068	0.8888	0.9399	1.0380	1.1321	1.2275	1.1168	1.0351	0.8745	1.0517
QG37_00669	0.9564	0.9559	0.8801	0.8763	0.9343	1.0451	0.9037	0.9167	0.8752	0.9498	0.8520	0.8441	0.9889	0.9988	0.8341	1.0173	0.9684	0.8818	0.8749	0.9308	1.0573	0.9094	0.9740	0.9317	0.9028	0.7958	0.9262	0.7822	0.8609	0.7442	1.0409	0.9174	0.8813	0.9845	0.9053	0.9185	0.9282	0.8788	1.0267	0.8791	1.0424	0.8697	0.9711	0.9759	0.9900	1.0650	0.8721	0.9571
QG37_00670	1.0109	0.9205	0.9097	0.9699	0.8642	0.9445	0.9279	1.0510	0.8647	0.9688	1.0089	0.8999	0.9534	0.8929	0.8766	0.9645	0.9962	0.9624	0.8646	0.8574	0.9525	0.8918	0.9182	0.9715	0.8213	0.9731	0.9054	0.8961	0.9070	0.8136	0.9422	0.8572	0.9682	1.0187	1.0419	0.8740	0.9665	0.9672	0.8656	0.8293	1.1026	1.0180	0.8952	0.9348	0.9176	0.9219	0.8976	1.0056
QG37_00671	1.0897	0.9200	1.0738	0.9880	0.8668	1.0147	1.0178	1.0497	1.0646	0.9931	0.9247	0.9481	1.0954	1.0353	0.9386	0.9480	1.0113	0.9503	1.0268	1.1554	0.9889	0.9590	0.9010	0.9322	0.9728	0.9789	1.0553	0.9464	1.0398	1.0691	0.8720	1.0216	1.0090	0.9899	1.0220	1.0658	1.0620	0.9988	1.1272	0.9657	1.0159	0.9599	0.9160	1.0243	1.0948	1.0231	0.9514	0.9996
QG37_00672	1.0272	1.0268	0.9004	0.8582	0.9335	0.9761	0.9078	0.9724	0.9582	1.0018	0.9720	0.8592	0.9330	1.0483	0.8983	0.9420	0.9450	0.9228	0.9317	0.9851	0.8986	0.8745	0.9484	0.9367	1.0321	0.9725	0.9184	0.9367	0.9350	0.7451	0.9070	0.8894	0.9463	0.9416	1.0428	1.0032	0.9125	1.0275	0.9285	0.8486	0.9432	0.9026	0.9125	1.0227	1.0196	0.8912	0.9095	0.9505
QG37_00673	1.1187	1.2065	1.1261	1.0639	1.2396	1.1635	1.0749	1.2277	0.9961	1.2595	1.2973	1.0901	1.2182	1.0700	0.9951	1.2292	1.1262	1.1163	1.0317	1.0024	1.1812	1.0810	1.0581	0.9532	0.9863	1.1197	1.0616	1.0874	1.0795	1.2037	0.8812	1.1581	1.1701	1.0569	1.1445	1.1121	1.0001	1.1609	1.1566	0.9910	1.0574	1.1938	1.1812	1.0339	1.2148	1.2263	1.1423	1.0503
QG37_00674	1.0237	1.1593	0.9630	0.9752	1.1223	1.0074	1.1517	1.0797	0.9323	1.0540	1.1706	0.9694	1.0085	0.9381	1.0083	1.0614	1.0632	1.0137	0.8564	1.0708	0.9526	0.9786	0.9565	1.1428	1.0567	0.9610	0.9704	0.9205	0.9511	0.8160	0.9741	0.8973	0.9517	1.0698	1.0436	0.8848	0.9670	1.0644	1.0153	0.8805	1.2039	1.0293	0.9812	1.0501	1.0111	1.0503	1.1493	0.9272
QG37_00675	1.0966	1.0605	1.0688	1.0337	1.0256	1.1033	1.0922	1.0668	1.0563	1.1052	1.0972	0.9946	1.1076	1.0191	1.0571	1.1026	0.9604	0.9868	0.9914	1.1265	1.0549	1.0423	0.9831	1.0912	1.0542	1.0124	1.0216	1.0501	0.9909	1.0349	0.9512	1.0281	1.0371	1.0664	1.0414	1.0661	1.0851	1.0369	1.0762	1.0198	1.0428	1.0210	1.0339	0.9561	1.0540	0.9833	1.0609	0.9871
QG37_00676	0.8176	0.8146	0.9573	0.7613	0.8190	0.8176	0.7715	0.8424	0.8696	0.8370	0.9247	0.7265	0.8381	0.8983	0.7574	0.8560	0.8238	0.7213	0.7198	0.7818	0.7628	0.8151	0.8013	0.8267	0.8036	0.7058	0.7346	0.7409	0.7681	0.5956	0.7622	0.7510	0.7707	0.8243	0.7854	0.7933	0.8678	0.7895	0.8374	0.8946	0.7928	0.9246	0.8235	0.7233	0.7925	0.7204	0.6541	0.7284
QG37_00677	1.2434	1.3267	1.2734	1.2053	1.2066	1.1924	1.1083	1.1384	1.1957	1.1901	1.2128	1.0909	1.2230	0.9838	1.1019	1.2124	1.1844	1.1022	1.0470	1.2077	1.1777	1.2399	1.1713	1.1791	1.1139	1.1677	1.2166	1.1242	1.1997	0.9618	1.1035	1.0507	1.0932	1.1764	1.1041	1.1410	1.0749	1.0114	1.1353	1.3191	1.0704	1.1733	1.0630	1.0482	0.9658	0.8686	0.9788	0.9594
QG37_00678	1.0562	0.9167	1.0312	0.9041	0.9181	1.0139	0.9503	0.9727	0.9057	0.9570	1.0362	0.9354	1.0082	0.9891	0.9556	0.9634	0.9598	0.9386	0.8870	0.9367	0.8980	0.9017	0.9350	0.9519	0.8867	0.9735	0.9084	0.9883	0.9065	0.7942	0.9206	0.9000	0.8768	0.9680	0.9535	0.9451	0.8913	0.9519	0.9117	0.9059	0.9330	1.0066	0.9679	0.9781	1.0065	0.9600	0.9081	0.9463
QG37_00679	0.9911	0.9390	0.9503	1.0312	0.9927	0.9292	0.9648	0.9894	0.9844	0.8728	0.9808	1.0087	0.9974	1.0584	0.8984	0.9311	0.9189	0.9095	0.9315	0.8785	0.9718	0.9070	0.9280	0.9818	0.8886	1.0133	0.8847	0.9335	0.8407	0.7017	0.8831	0.9379	0.9808	0.9057	0.9783	0.9291	1.0230	1.0477	0.9380	0.9467	0.9644	1.0051	0.9041	0.9565	0.9607	1.0544	1.0380	0.9354
QG37_00680	1.1855	1.0439	0.9621	1.0989	1.0344	0.9405	0.9900	1.1187	0.8385	0.8574	1.0972	1.1183	1.0964	1.1129	0.9559	0.8875	0.9997	1.1284	0.9462	1.0606	1.1743	0.9795	0.9748	1.0087	0.9240	1.0426	0.9492	1.0395	1.0110	0.6851	0.9356	0.9922	0.8350	1.1002	0.9202	1.0373	1.0842	1.1524	1.1457	0.9922	1.1269	1.1013	0.8556	0.9099	1.0786	1.0351	1.0581	0.9840
QG37_00684	6.8331	24.2679	23.9445	29.0851	24.1748	24.4060	24.9195	23.6295	25.2055	20.8154	23.6511	21.3928	22.4234	29.0438	27.7726	28.9912	23.6803	27.4237	27.0665	25.2803	26.0340	24.5702	29.0177	27.4661	25.1953	22.7921	24.6595	20.6335	21.3649	21.1722	24.4339	22.9394	21.2711	25.9857	25.0829	27.7634	23.7017	25.5836	21.0651	28.8741	23.9811	23.6958	31.0531	26.8029	24.0092	22.6477	25.5554	21.6239
