GENE	CDC_B11096	CDC_B11097	CDC_B11098	CDC_B11099	CDC_B11101	CDC_B11102	CDC_B11103	CDC_B11105	CDC_B11112	CDC_B11113	CDC_B11114	CDC_B11115	CDC_B11116	CDC_B11117	CDC_B11118	CDC_B11119	CDC_B11200	CDC_B11201	CDC_B11205	CDC_B11206	CDC_B11207	CDC_B11208	CDC_B11209	CDC_B11210	CDC_B11212	CDC_B11213	CDC_B11214	CDC_B11215	CDC_B11216	CDC_B11217	CDC_B11218	CDC_B11219	CDC_B11220	CDC_B11221	CDC_B11222	CDC_B11223	CDC_B11224	CDC_B11225	CDC_B11226	CDC_B11227	CDC_B11228	CDC_B11229	CDC_B11230	CDC_B11243	CDC_B11244	CDC_B11245	CDC_B11246	CDC_B11247
QG37_02887	0.5920	0.4809	0.5650	0.5339	0.5253	0.5882	0.5022	0.5262	0.3995	0.5169	0.3633	0.6310	0.5127	0.6483	0.4767	0.4550	0.5664	0.4900	0.5912	0.3489	0.4826	0.5031	0.4711	0.4241	0.6208	0.5567	0.5247	0.5829	0.4286	0.6044	0.3893	0.4298	0.3034	0.5822	0.5562	0.5124	0.5280	0.4799	0.4899	0.6420	0.5036	0.4317	0.5548	0.3279	0.4625	0.6159	0.5889	0.4572
QG37_02888	0.8907	0.8674	0.9586	0.9777	0.9559	0.9339	1.0373	0.8727	1.0713	0.9241	1.0531	0.8163	0.7377	1.0283	0.9658	0.8782	0.8279	0.8090	0.8228	0.9250	1.0072	0.8592	1.0326	1.0352	0.9357	0.9150	1.0162	1.0001	0.8144	0.7305	0.8943	0.9764	1.1019	0.9703	0.9675	0.7812	1.0423	0.8378	0.9869	0.8432	0.8000	0.9998	0.9114	0.8290	0.8881	0.7631	1.0148	0.7766
QG37_02889	0.9717	1.0147	0.8683	0.8466	0.8019	0.9709	0.9137	0.8874	0.9925	0.9161	1.0036	0.8470	0.8458	1.0731	0.9141	0.8179	0.8660	0.8023	0.9420	0.9652	0.8958	0.8801	0.8262	0.7966	0.8813	0.9104	0.8111	0.8264	0.8771	1.0394	0.7512	0.8859	0.8494	0.7968	0.9975	0.9868	0.9740	0.9064	1.0919	0.8262	0.9679	0.8437	0.8523	0.8451	0.8544	0.8051	0.7971	0.7789
QG37_02890	1.0534	0.9676	0.9807	0.9933	0.9429	1.0617	0.9083	0.8644	0.8940	0.8881	0.8632	0.8464	1.0320	0.9825	0.8951	0.9014	0.9462	0.8850	0.9515	0.9412	0.9622	0.8390	0.9057	0.8926	0.8495	0.8424	0.8432	0.9404	0.7262	0.6387	0.8744	0.8861	0.8802	0.8403	0.8795	0.9770	0.9456	0.8652	0.8337	0.9519	0.9272	0.8184	0.7999	1.0771	0.8902	0.8974	0.9500	0.8538
QG37_02891	1.1292	1.0410	1.0246	1.0009	1.1311	1.0246	1.1201	1.0819	1.0217	1.0329	1.1341	1.0294	0.9657	1.0151	0.9530	1.0507	1.0251	1.0977	1.0293	1.0468	0.9850	1.0253	1.0133	1.0256	0.9597	1.0713	0.9722	0.9920	0.9728	0.8615	0.9417	0.9851	0.9722	0.9997	0.9700	1.0043	1.0626	0.9770	0.9390	1.0090	1.0962	1.0381	0.9381	1.0449	0.9955	0.9747	0.9641	0.8987
QG37_02892	1.0662	1.1240	1.0651	0.9023	1.0195	0.9018	1.2144	0.9129	1.0776	1.0763	1.1852	1.1278	1.1535	0.9068	1.0571	1.0817	1.0716	1.1063	1.0155	1.0443	1.0439	0.9863	1.1085	1.1347	1.1490	1.0522	1.1623	1.0406	1.1864	1.4332	1.0060	1.0976	1.0944	1.0040	1.0243	1.1709	0.9279	0.8986	1.1071	1.0827	0.9938	1.0594	1.0072	1.0449	1.2939	0.9516	1.0204	0.9721
QG37_02893	1.1030	1.1026	1.1128	0.6308	1.0635	1.0485	1.0822	0.9158	1.0666	1.0902	1.1687	0.9341	0.8607	0.9013	0.9314	0.9939	0.9993	1.0538	1.0750	1.0002	1.0680	1.0663	1.0134	1.0089	1.0145	1.0958	1.0276	1.0489	1.1862	0.9806	1.0885	1.0895	1.1323	1.1221	0.8675	1.0002	1.1805	0.9454	1.1080	0.9451	1.1880	1.1186	0.9795	1.0134	1.0790	0.9660	1.1498	0.9352
QG37_02894	1.1551	1.0651	1.1547	1.0823	1.1452	1.1245	1.0947	1.1269	1.0968	1.1166	1.1057	1.1420	1.1486	1.0186	1.1091	1.0914	1.0901	1.1155	1.1026	1.1427	1.1718	1.1502	1.0799	1.0848	1.0585	1.0650	1.0672	1.1465	1.1380	1.1203	1.0581	1.1290	1.0806	1.0884	1.1204	1.1213	1.0387	1.0135	1.1836	1.0635	1.0976	1.1326	1.0876	1.0904	1.1757	1.1029	1.1485	1.0635
QG37_02895	1.1385	1.0554	1.0036	1.0068	1.0494	1.0324	1.0039	0.9886	0.9564	1.0026	0.9830	1.0753	1.0357	1.0157	0.9506	1.0785	0.9887	1.0661	1.0053	1.0943	1.0767	1.0109	0.9854	1.0217	1.0218	1.0256	0.9737	1.0240	0.9658	0.9145	1.0275	1.0289	1.0179	1.0894	1.0288	0.9859	1.0001	1.0620	0.9652	1.0041	1.0307	1.0150	0.9179	0.9905	0.9371	1.0497	1.0254	1.0285
QG37_02896	1.1347	1.0863	0.9704	1.0454	1.0281	1.0355	0.9872	1.0429	1.0661	1.0216	1.0682	0.8820	1.0312	1.0061	1.0329	0.9454	1.0560	1.0830	1.0386	1.1294	1.1021	1.0321	1.0730	1.0599	1.0379	1.0947	1.0283	0.9334	1.1417	1.0376	0.9948	1.0532	1.0664	0.9715	0.9987	1.0148	1.0541	1.0549	1.1008	0.9840	1.0464	1.0038	1.0094	1.0365	0.9929	1.1611	1.0205	1.0604
QG37_02897	0.8743	0.7670	0.8374	0.7747	0.8272	0.8452	0.8598	0.7861	0.8239	0.7695	0.7425	0.7614	0.8444	0.8711	0.8172	0.8061	0.7662	0.8034	0.7812	0.8725	0.9075	0.7383	0.7870	0.7828	0.7486	0.7712	0.8433	0.7579	0.7566	0.6632	0.7027	0.7587	0.8248	0.8271	0.8784	0.7990	0.8165	0.8644	0.8307	0.7733	0.8791	0.8669	0.7956	0.8673	0.8184	0.7847	0.8446	0.7756
QG37_02898	0.8693	0.7913	0.9557	0.8742	0.8839	0.9263	0.8338	0.8748	0.7036	0.9256	0.8700	0.9283	0.9223	1.0199	0.8835	0.8409	0.7761	0.8435	0.9646	0.8295	0.7913	0.9056	0.8679	0.9304	0.8076	0.9131	0.9376	0.8823	0.9451	0.8193	0.6449	0.9046	0.8837	0.9183	0.8790	0.9382	0.8936	0.9429	0.9986	0.8835	0.9519	0.9087	0.9372	0.7583	0.7905	0.8547	0.9166	0.7355
QG37_02899	0.9116	0.8909	0.9416	0.9999	0.9115	0.9399	0.9050	0.9448	0.9396	0.9476	0.9701	0.9579	0.9470	0.9903	0.9079	0.9296	0.9568	1.0341	0.9513	0.9866	0.9711	0.9660	0.9846	0.9235	0.9945	0.8917	0.9669	0.9364	0.9240	0.8797	0.9179	0.9546	0.9436	0.9500	0.9802	0.9347	0.9536	0.9916	0.9719	0.9349	1.0108	0.9195	0.9138	1.0298	0.9408	0.9754	0.9952	1.0541
QG37_02900	1.0025	0.9546	1.1068	1.0797	1.0018	1.0094	1.0247	0.9535	0.9472	0.9614	0.9884	0.9943	0.9672	1.0470	0.9756	1.0131	0.9530	0.9851	0.9908	1.0876	0.9828	1.0738	0.9570	1.0257	1.0077	0.9686	1.0313	0.9593	1.0173	0.9948	1.0096	0.9795	1.0635	1.0459	0.9867	1.0000	0.9741	1.1191	1.0451	0.9871	0.9915	1.1143	0.9907	1.0036	1.0669	1.0678	1.0407	0.9839
QG37_02901	1.0581	1.0511	1.0848	1.0063	1.0754	0.9413	1.0813	1.0109	0.8509	0.8881	1.0472	0.9363	0.9414	1.0482	0.8687	0.9934	0.9986	1.0747	0.9383	1.0147	0.9820	1.0216	0.9685	1.0525	0.9600	0.8760	1.0551	0.8895	0.9382	0.9497	0.9660	0.8967	1.0633	0.8895	1.0088	0.8563	1.0454	0.9092	0.9595	1.0279	1.1039	0.9915	1.0458	1.0481	1.0459	1.0627	0.9996	1.0948
QG37_02902	1.1186	0.9241	0.9055	0.7815	1.0907	0.9131	1.2294	0.8947	1.0513	1.0174	1.2370	1.2874	1.1256	1.4100	1.0499	0.9634	1.2635	0.8987	1.1052	1.0280	1.0750	1.0343	1.0608	0.9351	0.9613	0.8581	1.1019	0.9343	1.0164	1.1813	1.1325	0.9989	0.9934	1.0310	1.1203	0.8604	1.0416	0.9301	1.2637	1.1139	1.1333	1.2555	1.0682	1.2171	0.9750	1.0935	1.1679	1.2110
QG37_02903	0.8306	0.7643	1.0071	0.7332	1.0515	0.8323	1.0121	0.9363	1.0641	1.0033	0.9902	1.0765	0.8612	1.1583	0.9203	0.8472	1.1684	0.8062	1.0806	0.9873	0.9304	0.9691	0.8892	0.8910	0.8469	0.8204	1.0075	0.7992	0.7460	1.1170	0.8877	0.8882	0.8099	0.9293	0.9582	0.8154	1.0053	0.8060	1.0490	0.8953	1.0266	0.9435	0.9704	1.0042	0.9108	0.9000	0.9565	1.1896
QG37_02904	0.9758	0.7634	1.0336	0.8502	0.9626	0.7652	0.7785	0.8165	0.9410	0.8200	0.9116	0.8164	0.8848	1.0200	0.8525	0.7690	0.8673	0.8939	0.9259	0.8093	0.8318	0.8267	0.8354	0.7717	0.7784	0.9036	0.8569	0.7605	0.7200	0.6923	0.7063	0.8021	0.8429	0.8047	0.9364	0.8171	0.8164	0.8920	0.8309	0.8689	0.9625	0.9450	0.8401	0.7719	0.8165	0.9808	0.9090	0.8275
QG37_02905	0.5756	0.4694	0.4272	0.4445	0.4950	0.4893	0.4511	0.4884	0.4015	0.4115	0.4281	0.4385	0.3830	0.4659	0.3493	0.4304	0.3772	0.4127	0.4266	0.4653	0.4250	0.4856	0.4962	0.3365	0.3975	0.4291	0.3527	0.4056	0.4328	0.3904	0.4124	0.3592	0.4450	0.3270	0.4179	0.4016	0.3696	0.4609	0.5577	0.5136	0.4374	0.5017	0.3994	0.3523	0.3201	0.3169	0.3982	0.3356
QG37_02906	0.3154	0.5351	0.4221	0.4665	0.5027	0.4331	0.4762	0.4726	0.4506	0.3673	0.4200	0.4904	0.4042	0.4268	0.4522	0.3823	0.3824	0.4565	0.3856	0.4624	0.3514	0.5015	0.4656	0.5245	0.3440	0.3968	0.4228	0.2745	0.3958	0.5444	0.3914	0.3867	0.5087	0.4333	0.4365	0.4287	0.4424	0.3799	0.4173	0.4744	0.4965	0.5047	0.4441	0.5101	0.5827	0.6830	0.5779	0.5971
QG37_02907	0.7285	0.7512	0.9926	0.6868	0.8385	0.7969	0.7895	0.7834	0.8598	0.6957	0.8686	0.5940	0.8364	0.7468	0.7908	0.7083	0.7014	0.7786	0.8828	0.7912	0.6927	0.8296	0.6459	0.6911	0.7401	0.6967	0.8094	0.5997	0.6872	0.5483	0.7909	0.6093	0.7771	0.7576	0.7999	0.7260	0.6827	0.8800	0.7799	0.8457	0.6901	0.8047	0.8482	0.7499	0.7766	0.9514	0.9106	0.7843
QG37_02908	1.0836	0.9885	1.0332	0.9451	1.0525	1.1332	1.0710	1.0108	0.9890	1.0570	1.0262	1.0015	1.0769	1.0248	1.0600	1.0161	1.0000	0.9510	0.9622	1.0069	1.0322	0.9188	0.9929	0.9552	1.0208	0.9954	0.9573	1.0136	0.9189	0.9488	0.9875	1.0183	1.0020	1.0137	1.0018	1.0793	0.9988	1.0298	1.0720	0.9903	0.9615	1.0248	0.9566	0.9915	0.9682	0.9805	1.0841	1.0063
QG37_02909	0.9831	0.9533	0.9397	0.9005	0.8879	0.9619	1.0303	0.8740	0.8974	0.9197	0.9782	1.0722	1.1050	0.9011	1.0122	1.0272	0.9148	0.8836	0.9430	0.9313	0.9613	0.9345	1.0365	0.8885	0.9649	0.9593	0.9750	0.9595	0.9029	1.0048	0.9467	0.9916	0.9602	1.0406	1.0015	0.8308	0.9459	0.9906	1.0113	0.9507	1.0600	0.8568	0.9619	0.9636	1.0047	0.9701	1.0029	1.0521
QG37_02910	1.1339	1.0941	1.1252	1.1772	1.0385	1.1838	1.1250	1.1459	1.1373	1.1452	1.0142	1.0225	1.1744	1.0997	1.0142	1.0683	1.0861	1.0556	1.0835	1.0731	1.0824	1.1145	1.1357	1.1067	1.0135	1.0855	1.0484	1.1572	1.0879	0.9176	1.0090	1.1142	1.0811	1.0435	1.0804	1.1081	1.0241	1.1129	1.0371	0.9830	1.0611	1.0306	1.0144	1.1019	1.1230	1.1044	1.1959	1.0548
QG37_02911	0.9636	0.9697	0.9220	0.8882	0.9466	0.8987	0.9878	0.8988	0.9618	1.0145	0.8997	0.9459	1.0658	1.0593	0.8577	0.8722	0.8794	0.8785	0.9402	0.8835	0.9687	0.9036	0.9257	0.8904	0.8473	0.9241	0.9890	0.8891	0.9379	0.9615	0.9668	0.9248	1.1055	0.9132	0.8909	0.8363	0.8293	0.8449	0.8296	0.9297	0.8331	0.8962	0.8052	0.8579	0.8453	0.9898	0.8620	0.8696
QG37_02912	1.1995	1.0171	1.0148	0.9731	1.0032	1.0455	1.0178	1.0140	0.9489	0.9991	1.0482	0.9575	1.0452	0.9606	1.0441	0.9822	1.0227	1.0551	1.0281	0.9957	0.9869	1.0247	1.0024	0.9130	0.9604	0.9968	1.0219	1.0181	1.0012	0.7745	0.9957	0.9051	1.0334	1.0412	0.9051	1.0151	0.9147	1.0104	1.0144	1.0145	1.0546	0.9387	0.9102	1.0392	1.0633	0.9946	0.9666	1.0431
QG37_02913	1.0433	0.9461	0.9940	0.8883	1.0685	1.1916	0.9811	1.0582	0.8832	0.9463	1.0138	1.0441	0.8803	0.8665	0.9924	1.0850	0.9640	1.0746	0.9739	1.0439	0.9872	1.0188	0.9965	0.9913	0.9298	1.0348	1.1079	0.9750	1.0065	1.0758	1.1553	0.8802	0.9778	1.0886	1.1406	1.0385	1.0476	1.0197	1.1731	1.1157	1.0640	1.0127	0.9046	0.9725	1.0987	1.0425	1.1888	1.0934
QG37_02914	1.0337	0.9541	1.0747	0.9928	1.0713	1.1498	1.1026	1.0345	1.1013	1.0948	1.0423	0.9802	0.9780	0.9564	1.0523	0.8804	0.9856	1.0091	0.9527	1.1413	1.0986	1.0679	1.0457	1.0768	1.0709	1.1221	1.0339	1.2150	1.0633	0.8760	0.8990	1.0703	0.8983	1.0059	0.9368	0.9627	0.9198	0.9887	0.9768	0.9785	1.0770	0.9809	1.0177	1.1692	1.0550	0.9858	0.9528	1.1089
QG37_02915	1.0607	1.0765	1.0974	0.9782	1.0514	1.0977	1.1835	1.0189	1.1011	1.0902	0.9989	0.9462	1.0677	1.0651	1.0498	1.0665	1.0113	1.0354	1.0547	1.1090	1.0724	1.0255	1.0168	1.0017	1.0111	1.0055	1.0120	1.0247	1.0080	1.0018	0.9700	0.9324	1.0612	1.0204	1.0381	1.0590	1.0371	0.9881	1.0278	1.0181	1.0790	1.0682	1.0861	1.1174	1.0561	1.0822	1.0212	1.0276
QG37_02916	1.0634	1.0081	0.9205	0.9662	1.0951	1.0275	1.0537	1.0255	1.0031	1.0495	1.0054	1.0164	1.0779	0.9812	0.9636	0.9784	1.0415	1.0092	0.9689	1.0792	1.0743	0.9975	0.9573	1.0160	1.0229	1.0137	0.9877	1.0284	1.0343	0.8081	1.0014	0.9651	1.0436	1.0137	0.9481	1.1009	1.0672	0.9893	1.0425	0.9608	1.0415	1.0235	0.9317	1.0438	0.9685	1.0015	0.9734	1.0757
QG37_02917	0.8175	0.7903	0.6390	0.7783	0.7973	0.8840	0.8720	0.9113	0.8171	0.7930	0.7645	0.7577	0.7264	0.8225	0.8400	0.9073	0.8779	0.8262	0.7744	0.8367	0.7534	0.7829	0.8947	0.7633	0.7865	0.7660	0.7723	0.7884	0.7213	0.7684	0.8608	0.7345	0.7958	0.8603	0.8417	0.8398	0.8291	0.9372	0.8436	0.8926	0.8669	0.8161	0.7991	0.9152	0.7928	0.8601	0.8914	0.7946
QG37_02918	0.6275	0.6359	0.5822	0.5851	0.5285	0.5049	0.5922	0.6159	0.6259	0.5623	0.6113	0.5836	0.7091	0.6511	0.6358	0.5257	0.5422	0.5535	0.6145	0.5109	0.4935	0.6168	0.5952	0.6582	0.5553	0.4668	0.6084	0.4990	0.5429	0.6156	0.4434	0.4978	0.6068	0.6576	0.7096	0.7474	0.7131	0.7689	0.6915	0.7467	0.8014	0.7773	0.7092	0.4467	0.5578	0.4448	0.5138	0.4531
QG37_02919	0.4814	0.4800	0.5085	0.5422	0.4480	0.4590	0.5213	0.3726	0.5444	0.4217	0.5558	0.4447	0.4771	0.5213	0.4941	0.5320	0.5386	0.5245	0.6142	0.4898	0.6016	0.6343	0.4932	0.5488	0.4929	0.5830	0.5462	0.5351	0.5350	0.5332	0.4905	0.4861	0.2734	0.4885	0.5157	0.4675	0.5868	0.5022	0.5218	0.5828	0.5259	0.5074	0.4975	0.5655	0.5961	0.5728	0.5900	0.6608
QG37_02920	0.8682	0.8083	0.7197	0.7203	0.7312	0.7031	0.7093	0.7799	0.6918	0.7469	0.7479	0.7249	0.7289	0.7168	0.7959	0.8898	0.8771	0.8713	0.8212	0.6268	0.9545	0.8357	0.7664	0.7710	0.8315	0.7966	0.8291	0.6684	0.7388	0.6235	0.7814	0.7683	0.7779	0.7794	0.9078	0.7564	0.8522	0.8095	0.9133	0.8219	0.8940	0.7988	0.8527	0.8533	0.6828	0.9474	0.6502	0.7502
QG37_02921	0.9154	0.8478	0.7917	0.8977	0.8900	0.9347	0.8315	0.8449	0.8985	0.7959	0.8478	0.8501	0.8193	0.9822	0.8903	0.8888	0.8368	0.9865	0.8726	0.8635	0.9717	0.8809	0.9229	0.9069	0.8920	0.8376	0.9022	0.7571	0.8861	0.7229	0.8816	0.9128	0.8556	0.9062	0.8353	0.8557	0.9019	0.9250	0.9100	0.9426	0.9531	0.8841	0.9597	0.9570	0.9592	1.0276	0.8252	0.9091
QG37_02922	0.7361	0.7452	0.6589	0.7219	0.6511	0.7457	0.7626	0.7454	0.7259	0.7092	0.7425	0.6156	0.5939	0.5901	0.6928	0.7194	0.6333	0.7250	0.6606	0.6708	0.6038	0.7809	0.6292	0.7627	0.7063	0.7751	0.7141	0.8427	0.6555	0.4310	0.7622	0.5398	0.6233	0.6500	0.7978	0.7490	0.7186	0.8036	0.7654	0.7288	0.8226	0.7532	0.8224	0.9771	0.8355	0.6926	0.7724	0.6664
QG37_02923	0.6233	0.5892	0.6033	0.7873	0.5115	0.6034	0.6527	0.5006	0.5177	0.5786	0.6067	0.4270	0.6521	0.6046	0.5717	0.7228	0.6027	0.5730	0.6153	0.6253	0.5407	0.5978	0.7337	0.4583	0.4938	0.5165	0.5536	0.6619	0.4879	0.4977	0.6117	0.5617	0.6238	0.6855	0.7156	0.6195	0.6170	0.6718	0.8140	0.6254	0.6565	0.4559	0.5058	0.6159	0.4896	0.6165	0.5703	0.6715
QG37_02924	0.5896	0.6665	0.4894	0.5691	0.6131	0.6881	0.4852	0.6603	0.6016	0.6471	0.6373	0.5684	0.6670	0.5949	0.6307	0.7516	0.6331	0.6780	0.7027	0.6511	0.6746	0.6057	0.6784	0.6177	0.6555	0.6818	0.5020	0.6384	0.5136	0.5726	0.6274	0.6354	0.6427	0.6729	0.7956	0.7231	0.7151	0.5358	0.5896	0.7017	0.7559	0.5356	0.6068	0.7693	0.6515	0.6864	0.6839	0.7407
QG37_02925	0.9584	0.9423	0.9220	0.9383	0.9097	0.9468	0.9191	0.8753	0.9136	0.8787	0.9278	0.8242	0.9189	0.9113	0.9194	0.9181	0.8672	1.0006	0.9874	0.9298	0.9866	0.9635	0.8835	0.9711	0.9566	0.8969	0.9010	0.8472	0.8852	0.9160	0.8485	0.8600	0.9703	0.9096	0.9876	0.9089	1.0531	0.9660	1.0076	0.9447	1.0781	0.9410	0.9667	0.9793	1.0385	1.0044	1.0019	0.9736
QG37_02926	1.0044	1.0188	1.0122	1.1606	1.0199	0.9705	0.9868	0.9528	0.9630	0.9341	1.1259	0.9599	0.9257	0.9455	0.8558	0.9621	0.9706	0.8788	0.9894	1.0953	0.9975	0.8013	0.9744	0.9919	0.9965	0.8506	0.8695	0.7721	0.7723	0.8257	0.6180	0.7500	0.9073	0.9791	0.8994	1.0328	0.8178	0.9677	1.0915	0.8593	0.8861	0.9178	0.9133	1.2775	1.0891	1.0641	0.9863	0.9081
QG37_02927	0.7511	0.7339	0.7074	0.8254	0.7854	0.7282	0.8691	0.6979	0.7687	0.6967	0.8536	0.7942	0.7898	0.7348	0.8339	0.8660	0.8033	0.7243	0.7935	0.7538	0.8926	0.7688	0.8131	0.9150	0.8004	0.6989	0.7864	0.7202	0.8604	0.7029	0.7993	0.7047	0.7719	0.9287	0.8800	0.9367	0.7594	0.7400	0.8413	0.7349	0.8614	0.7734	0.7672	0.9640	0.8468	0.9961	0.8505	0.7582
QG37_02928	0.8483	0.7517	0.7694	0.7400	0.6714	0.7609	0.9323	0.8353	0.7877	0.7648	1.0240	0.7728	0.8197	0.6145	0.7553	0.8137	0.7403	0.7673	0.8542	0.7721	0.6300	0.8475	0.8559	0.7665	0.6989	0.8221	0.7225	0.6892	0.9209	0.6399	0.6615	0.7698	0.8739	0.7446	0.8598	0.7815	0.7972	0.8028	0.8342	0.7084	0.5909	0.7240	1.0089	1.0143	0.8660	0.7981	0.9591	0.9285
QG37_02929	1.0029	1.0014	0.8869	0.8989	0.8383	0.9192	0.9741	0.8838	0.9592	0.9403	1.0391	0.8735	0.8777	0.7595	0.8260	0.9960	0.9111	0.8743	0.9149	0.8489	0.8584	0.8844	1.0176	0.9272	0.9160	0.8437	0.8178	0.9463	0.8898	0.7863	0.8211	0.8597	0.8905	0.8259	1.0125	0.8497	0.9419	1.0632	0.9744	0.9114	0.8694	0.8737	1.0504	1.1242	0.9939	1.0581	1.0368	1.0269
QG37_02930	0.9437	0.9882	0.8547	0.9520	0.9363	1.0216	1.0427	0.9522	0.9596	0.9570	0.9286	0.7898	0.9660	1.1046	1.1086	0.8627	1.0004	0.9433	0.9886	0.9676	1.0937	0.9846	0.9798	1.0440	0.9226	0.9947	0.9640	0.9923	0.9468	0.8042	0.8424	0.8266	0.9700	1.0364	1.0824	1.1378	1.0067	1.0556	1.0177	0.9888	0.9563	0.9420	1.1284	0.9504	1.0501	0.9068	0.9288	1.0818
QG37_02931	1.0358	1.0610	0.8633	0.9224	1.0314	1.0682	1.0909	1.0314	0.9621	0.9261	1.1092	0.9961	1.0465	0.9879	1.0182	0.9945	0.9955	0.9823	0.9747	1.0105	1.0799	0.9453	1.0567	0.9748	0.9807	0.9734	0.9871	0.9783	0.9731	0.8536	0.9816	0.9347	1.0238	1.0093	0.9687	1.0073	0.9840	1.0110	1.0092	1.0644	1.1298	1.0836	1.0249	1.0846	1.0117	0.9198	0.9811	1.0264
QG37_02932	1.1829	0.8671	0.8236	0.7863	0.8408	0.8717	0.9292	1.1352	0.8582	0.7848	0.8160	0.8584	0.8615	0.8643	0.9162	0.8724	0.8133	0.8725	0.8248	0.7936	0.8232	0.9398	0.9177	0.8796	0.7140	0.8353	0.8086	0.7129	0.7791	0.9842	0.6799	0.8556	0.9219	0.9081	0.8648	0.8488	0.8009	0.8866	0.9043	0.8284	0.8693	0.7731	0.9223	0.7635	0.8941	0.9431	0.9373	0.9453
QG37_02933	0.8339	0.7733	0.7687	0.7489	0.8297	0.8086	0.9406	0.9720	0.7949	0.8205	0.7160	0.7752	0.7793	0.6220	0.9622	0.8547	0.9160	0.9846	0.8041	0.6744	0.8574	0.9031	0.7811	0.9649	0.6979	0.6498	0.8636	0.7141	0.6897	0.7584	0.6554	0.7511	0.7788	0.6917	0.8116	0.8305	0.6826	0.8180	0.8301	0.6420	0.6228	0.6534	0.9133	0.8614	0.9362	0.8856	0.8790	0.7427
QG37_02934	0.8829	0.8562	0.8081	0.8997	0.8003	0.9321	1.0108	0.8892	0.9289	0.8958	0.8285	0.7377	0.8936	0.8430	0.9837	0.9759	0.8454	0.8132	0.9158	0.8616	1.0544	0.8226	0.8368	0.9983	0.9302	0.8889	0.9150	0.8624	0.8574	0.8778	0.8825	0.9187	0.8904	0.9665	0.8757	1.0091	1.0215	0.9763	0.9404	0.8798	0.9619	0.9482	0.8917	0.9858	0.9588	1.0446	0.9857	0.9986
QG37_02935	0.9426	0.9531	0.9684	0.9427	0.8792	0.8775	0.9249	0.8357	0.8651	0.7412	0.9886	0.8814	0.8274	1.0473	0.9363	0.9823	0.8706	1.0087	0.8861	0.8915	0.9958	0.9243	0.9085	0.9541	0.9295	0.9098	0.9062	0.7885	0.9572	1.0024	0.9395	0.9288	1.0083	0.8507	0.9843	0.8977	0.9977	0.9451	0.9209	0.8857	0.9640	0.9539	1.0063	0.8997	0.9272	1.0165	0.9449	0.8005
QG37_02936	1.1021	1.0197	0.9353	0.9696	0.9712	0.8666	0.7811	0.8397	0.8232	0.8022	1.1530	0.8394	0.8557	0.8690	1.1087	0.8363	0.7586	0.9780	1.0596	0.9591	0.9922	0.8838	0.8162	0.9409	1.1198	0.8327	0.9622	0.9434	0.8528	0.6935	0.8374	0.8595	0.8416	0.9479	0.8698	0.8262	0.8551	0.9161	0.8940	1.0380	0.8794	0.9218	0.7112	0.9987	0.9274	0.9597	0.9962	0.9743
QG37_02937	0.9196	0.9397	0.8926	0.9149	0.8910	0.9995	0.8920	0.9552	0.9973	0.9238	0.9976	0.9686	0.8731	0.9483	0.9354	0.9961	0.8395	0.9710	0.9573	0.9321	1.0010	0.9429	0.9686	1.0102	0.9326	0.8844	0.9392	0.9493	0.8344	0.8299	0.9207	0.8825	1.0192	0.9367	0.9945	0.8714	0.9442	0.9427	1.0339	0.9161	0.9416	0.8989	0.8723	1.0125	0.9661	0.8998	0.9714	0.8616
QG37_02938	1.1797	0.8906	1.0558	0.9012	0.9104	0.9115	0.9390	1.0603	0.9413	0.9327	0.9252	0.9724	0.7812	0.9596	1.0042	0.8537	1.0088	0.8531	1.0444	0.8894	0.9639	1.0322	1.0566	1.0663	1.0076	0.9012	0.9834	0.8582	0.6844	0.9673	0.8920	0.9793	0.8020	0.8353	0.8634	0.8126	0.9129	0.8773	1.0174	0.8526	0.7664	0.9612	0.8760	0.9240	0.9831	0.9660	1.0239	0.8498
QG37_02939	0.8848	0.8925	0.8662	0.8338	0.8597	0.8882	0.9401	0.9245	0.9274	0.9009	0.8502	0.8229	0.8860	0.9203	0.9082	0.9299	0.8498	0.8113	0.9786	0.9048	0.8637	0.8742	0.8932	0.9080	0.9049	0.8344	0.8878	0.8757	0.8246	0.7708	0.8502	0.8298	0.8585	0.8939	0.9367	1.0262	0.7999	0.8962	0.8900	0.9323	0.9071	0.8562	0.9210	0.9704	0.9433	0.9333	0.8866	0.9322
QG37_02940	1.1321	0.7865	0.9989	0.9756	0.6863	0.8919	1.0949	0.9303	1.0289	0.9152	0.8979	0.9870	0.8610	0.9157	0.9943	1.0235	0.9150	0.9744	0.8615	0.9298	0.8793	1.0547	1.0187	0.9881	0.8786	0.8982	1.0927	1.0615	0.9627	0.6796	0.9089	0.8896	0.9558	0.9186	0.9453	0.8731	0.8912	0.9225	1.0156	0.8801	0.9500	0.7894	0.8928	0.7354	0.8943	0.8803	1.0234	0.9605
QG37_02941	0.9023	0.8690	0.8913	0.8570	0.7983	0.8993	1.0271	0.9653	0.9854	0.9705	0.9756	0.9766	0.8619	0.9714	0.9812	1.0869	0.8827	1.0301	0.9358	0.9081	0.8628	0.8876	0.9751	1.0696	0.8086	0.8580	0.9838	1.0864	0.8131	0.6905	0.8332	0.9322	0.9721	0.7993	0.8393	0.9831	0.9347	0.9318	1.0158	0.9467	0.9687	0.8323	0.9084	0.8212	0.9545	0.9810	0.9129	1.0439
QG37_02942	0.8688	0.8949	0.9123	0.8356	0.8045	0.8578	0.8609	0.8764	0.7861	0.8366	0.8987	0.8610	0.7413	0.8317	0.8304	0.8387	0.9662	0.8544	0.9079	0.8176	0.7775	0.8135	0.8054	0.9993	0.8202	0.8346	0.8455	0.7844	0.7830	0.7490	0.9158	0.7942	0.8707	0.8158	0.8285	0.8586	0.8777	0.8045	0.8362	0.9831	0.9527	0.7666	0.9319	1.0232	0.9027	0.9149	0.8813	0.9059
QG37_02943	0.9259	0.8540	0.8957	0.8855	0.7201	0.8248	0.9458	0.8971	0.8856	0.7126	0.7839	0.8538	0.7580	0.9203	0.9595	0.8856	0.8250	0.8381	0.7910	0.8554	0.7872	0.8658	0.7733	0.8691	0.8335	0.8295	0.8407	0.7837	0.8017	0.7181	0.8080	0.9467	0.8622	0.8743	0.8124	0.9979	0.9174	0.8895	0.9519	0.9223	0.9231	0.8798	0.9193	0.8856	0.9160	0.8828	0.8910	0.8482
QG37_02944	0.9903	0.8992	0.9487	0.9769	0.9770	0.9269	0.9205	0.9767	0.9920	1.0027	1.0324	0.8867	0.9516	0.9511	0.9735	1.0251	0.9240	0.9728	0.9993	0.9698	0.9996	1.0036	0.9958	1.0988	1.0036	1.0137	0.9624	0.9408	0.9933	0.8184	0.9867	0.9569	0.9901	0.9100	1.0391	0.9527	0.9389	0.8960	1.0605	0.9264	0.9787	0.9708	0.9883	1.0157	0.9796	0.9580	1.0145	0.9854
QG37_02945	1.0375	0.9246	1.0628	0.9653	0.9178	0.9133	1.0112	0.8715	1.0150	1.0045	1.0229	0.7736	0.8852	0.9154	0.7828	0.8840	0.8814	0.8461	1.0937	1.1208	0.9101	1.0264	1.0213	0.9064	1.0023	0.8748	1.0629	0.8986	0.9866	0.8187	0.7707	0.8400	0.8952	0.9314	0.8412	0.9931	1.0118	0.7917	0.9162	0.9047	0.8556	0.9454	0.8980	0.9673	0.8785	0.9604	0.9513	0.8645
QG37_02946	0.9276	0.8898	0.9623	0.9217	0.9468	1.0036	1.0719	0.9453	1.0089	0.8697	0.9911	0.9749	0.9665	1.0688	0.9776	0.9374	1.0012	0.8858	0.9479	1.0213	1.0246	1.0874	0.9604	0.9591	0.9391	0.8382	0.8646	0.8916	0.8494	0.8497	0.9001	0.9178	0.9298	0.9321	0.8757	0.9803	0.9303	0.9264	0.9109	1.0999	0.9596	0.8727	0.9774	0.9656	0.9369	0.9912	0.9749	0.9771
QG37_02947	1.0586	1.0709	0.9228	0.7928	1.0322	0.9704	0.9793	1.0499	1.0401	0.9738	1.0001	1.0637	0.8575	0.9746	0.8576	0.9947	0.9780	0.9932	0.8387	1.0911	0.9832	1.0131	1.0399	0.8984	0.8973	1.0984	0.9293	0.9591	0.8830	1.0106	0.9415	0.9481	0.9100	1.0294	1.0673	0.9258	1.0655	0.9663	1.0418	0.9676	1.1378	1.0133	0.9336	1.0255	1.1063	1.0448	1.0319	0.9689
QG37_02948	1.0826	0.9347	1.1174	0.8408	0.9216	1.0965	0.9782	0.8970	0.9965	0.9105	0.9220	0.9414	0.9397	1.1498	0.8715	1.0802	0.9993	1.0967	1.0568	1.0907	0.9866	0.9529	0.9529	0.9967	0.9559	1.0766	0.8334	0.8910	0.8084	0.9991	0.8928	0.9670	0.9289	1.0819	1.0237	1.1412	0.8675	0.9284	1.0468	1.1321	1.0388	0.9516	0.9404	0.9945	1.0562	1.0595	0.9733	0.9574
QG37_02949	0.9003	0.9098	0.9241	0.9388	0.8159	0.9052	0.9198	0.9299	0.9064	0.9118	0.8617	0.8189	0.9207	0.9104	0.9507	0.9372	0.8929	0.9459	0.8927	0.9592	0.9535	0.9739	0.9602	1.0153	0.8122	0.8384	0.8862	0.8690	0.7479	0.8742	0.9712	0.8465	0.9073	0.9243	1.0411	1.0080	0.9553	0.9221	1.0277	0.8785	0.9006	0.9697	0.8686	1.0227	0.9267	0.9522	1.0430	0.8892
QG37_02950	0.7988	1.0219	0.8338	0.8959	1.0921	0.7712	0.9883	0.9710	1.0401	0.7868	1.0707	0.8382	0.8770	0.9297	0.9495	0.9406	0.9498	1.0446	1.0690	0.9021	0.9063	1.0390	0.8681	0.7006	0.9068	1.0339	0.9112	0.7545	0.9749	0.7818	0.9768	0.8921	0.9568	1.0267	0.9115	0.9544	1.0992	1.0546	1.1160	0.9928	0.9366	0.9305	0.8736	1.0569	1.0022	1.0017	1.0799	1.0938
QG37_02951	0.9137	0.6960	0.7315	0.8211	0.7531	0.6852	0.8020	0.8285	0.7868	0.6360	0.9130	0.7786	0.9855	0.8576	0.9232	0.9428	0.7754	0.8671	0.8495	0.8796	0.7672	0.7395	0.8463	0.7568	0.8552	0.7932	0.7594	0.7908	0.8785	0.7066	0.7584	0.7825	0.8962	0.8624	0.8635	1.1154	0.8919	0.8002	0.9332	0.8873	0.8626	0.8206	0.7865	0.7060	0.7304	0.8693	0.8762	0.9900
QG37_02952	0.9265	0.7508	0.8230	0.8780	0.8044	0.8329	0.8634	0.9799	0.7067	0.7872	0.7972	0.7294	0.9812	0.8615	0.9193	0.9656	0.7835	0.9251	0.8932	0.8757	0.8232	0.8515	0.8610	0.8739	0.7794	0.8211	0.7715	0.7928	0.7905	0.7251	0.6635	0.7174	0.8879	0.8316	0.8159	0.9979	0.7692	0.8246	0.8037	0.9258	0.8509	0.7225	0.7423	0.9194	0.6925	0.9555	0.8047	0.9344
QG37_02953	0.6333	0.6038	0.6704	0.6800	0.6628	0.7280	0.6712	0.7555	0.7059	0.6483	0.8348	0.6460	0.7080	0.7057	0.6655	0.7978	0.7281	0.6830	0.7612	0.6469	0.7297	0.6597	0.6662	0.7388	0.6498	0.6911	0.6631	0.5689	0.6550	0.7178	0.6575	0.6245	0.6776	0.6360	0.7471	0.8153	0.7623	0.7171	0.6611	0.7853	0.7570	0.7459	0.7726	0.7100	0.7029	0.7978	0.7314	0.7618
QG37_02954	1.0509	0.9399	0.9449	0.9802	0.9698	0.9291	1.0209	1.0033	0.9772	0.8713	0.9513	0.9200	0.8748	1.0115	0.9531	0.9493	1.0180	0.9554	1.0120	1.0276	0.9970	0.9487	0.9340	0.9447	0.9527	0.9457	0.9359	0.8913	0.8264	0.8615	0.8421	0.9195	0.9250	0.9810	0.9623	0.9662	0.9295	0.8824	1.0733	0.9590	1.0024	0.9714	1.0230	0.9820	0.9684	0.9867	0.9757	0.9973
QG37_02955	1.0074	0.9405	0.9269	0.8341	0.8141	0.9530	0.9725	0.8627	0.8089	0.7788	0.9529	0.8775	0.8309	1.0804	0.9890	0.9369	0.9793	0.9429	1.0701	0.9717	1.0265	0.8515	0.9363	0.8726	0.9152	0.7168	0.9318	0.8810	0.8350	0.7754	0.7074	0.9041	1.0249	0.8776	0.7406	0.9595	0.9207	0.8655	0.8231	0.7966	0.7861	0.9464	0.8717	0.8340	0.8805	1.0671	0.9207	0.8812
QG37_02956	0.8809	0.8525	0.8946	0.7937	0.8716	0.9027	0.8231	0.8895	0.8555	0.8905	0.9771	0.8095	0.7591	0.8306	0.9454	0.7442	1.0997	0.8872	0.8657	0.8286	0.9058	0.9779	0.8021	0.9833	0.9739	0.8408	0.7728	0.9821	0.8074	0.9233	0.8160	0.9016	0.9121	0.9893	0.8906	0.9109	0.9177	0.8977	0.8812	0.8293	0.8024	0.7851	0.8992	0.8203	0.8934	0.9282	0.8683	0.9052
QG37_02957	0.9077	0.8440	0.9676	0.8759	0.8374	0.9182	0.9174	0.9428	0.9178	0.8495	0.9306	0.8459	0.8654	0.9525	0.9139	0.9005	0.9362	0.8943	0.8858	0.9287	0.9125	0.9978	0.8837	0.9198	0.8207	0.7993	0.8033	0.8318	0.8111	0.7724	0.8647	0.8665	0.9691	0.8775	0.9047	0.9689	0.9160	1.0439	1.0369	0.9496	0.9496	0.9413	0.9443	0.9496	0.9820	0.9455	0.9907	0.8804
QG37_02958	1.0771	1.0362	0.9018	0.8992	0.8881	0.9320	1.0600	0.9152	0.9795	0.9501	0.9718	0.9357	0.9661	1.0846	0.9372	0.8649	0.9307	1.0242	1.0042	1.0348	0.9927	0.9682	0.9593	0.9642	0.9343	1.0185	0.9824	0.8905	0.8725	0.9233	0.9532	1.0369	0.9885	0.7856	0.9001	0.9914	0.8237	0.9794	0.8741	0.9977	0.9956	0.9736	0.8964	1.0478	1.0542	0.9820	1.0695	0.9054
QG37_02959	0.9756	1.0818	1.0157	0.9560	0.8771	0.9212	0.8869	0.8887	1.0813	0.9715	0.9598	0.9960	0.9829	0.9650	0.7069	0.7886	0.9966	0.9408	1.0424	0.9695	1.0116	0.9670	1.0235	0.8941	1.0271	1.0639	1.0550	0.9722	0.9161	1.0303	0.9695	1.0694	1.0454	0.8141	0.9298	1.0006	0.8190	0.9909	0.8933	1.1271	1.0066	0.9791	0.8423	0.9590	1.1583	1.1809	1.0728	1.0285
QG37_02960	1.0104	0.9108	0.8052	0.7412	0.9214	0.9175	0.7927	0.8460	1.0098	0.9338	0.9610	0.8371	0.7693	0.8627	0.9311	0.8957	1.0018	0.9308	0.9750	0.8960	0.9754	0.9488	1.0594	0.8355	0.8564	0.8848	0.8239	0.8482	0.8996	0.5556	0.8189	0.9009	1.1866	0.9178	1.0193	0.9829	0.8028	0.9362	0.8782	1.1275	0.8944	0.8665	0.7174	0.9343	1.0219	1.0407	1.0045	0.9316
QG37_02961	0.9585	0.8515	0.9714	0.8434	0.8611	0.8558	0.9307	0.9642	0.8907	0.8901	1.0576	0.9254	0.9270	0.8925	0.9603	0.9852	1.0316	0.8787	0.9415	0.9033	1.0217	0.9591	1.0365	0.7817	0.8873	0.8639	0.8549	0.8105	0.8269	0.6266	0.7905	0.8983	1.0864	0.8903	1.0407	0.9985	0.9726	0.9025	0.9547	0.9232	0.9886	0.9180	0.8707	1.0482	0.8976	0.9215	0.9359	0.9294
QG37_02962	1.0276	0.9725	0.9135	0.9432	0.9756	0.9587	1.0169	0.9997	0.9890	1.0175	0.9763	1.0355	0.9934	0.9777	0.9795	1.0003	1.0766	0.9736	1.0406	1.0096	0.9968	1.0199	0.9493	1.0051	0.9869	1.0003	0.9456	0.9960	0.9115	1.5520	1.2055	0.9626	0.9564	1.0370	0.9877	1.0266	0.9963	1.0109	0.9951	1.0051	1.0402	0.9896	0.9285	1.0245	0.9804	1.0355	1.0098	0.9950
QG37_02963	0.8027	0.7197	0.5983	0.5812	0.6525	0.6513	0.6900	0.7348	0.6782	0.6357	0.7101	0.6477	0.7654	0.6385	0.5311	0.5770	0.6912	0.5693	0.6165	0.6448	0.6658	0.5560	0.6203	0.6964	0.6793	0.4614	0.6007	0.5383	0.4815	0.6972	0.6790	0.4589	0.8317	0.7201	0.5955	0.6070	0.5759	0.6195	0.6061	0.6318	0.6713	0.6405	0.5318	0.9002	0.6724	0.6532	0.7937	0.7740
QG37_02964	0.9316	0.8749	0.8747	0.9132	0.9063	0.8999	0.8862	0.8417	0.8682	0.8246	0.8514	0.8151	0.7778	0.8805	0.8393	0.8897	0.9275	0.8441	0.8506	0.9850	0.8367	0.8622	0.8643	0.7925	0.9248	0.8937	0.9116	0.8276	0.8382	0.7905	0.9052	0.8521	0.8645	0.9778	0.8581	0.8432	0.8961	0.8510	0.9241	0.8308	0.8526	0.8698	0.7716	0.9912	0.8905	0.8404	0.9165	0.8713
QG37_02965	0.8749	0.8325	0.8744	0.8603	0.7944	0.8422	0.8356	0.8453	0.8110	0.8199	0.7940	0.8142	0.8103	0.8697	0.8504	0.8532	0.8231	0.8105	0.8353	0.8121	0.8779	0.7995	0.8548	0.8363	0.8232	0.8152	0.8564	0.7776	0.7408	0.8457	0.7634	0.7302	0.8293	0.8550	0.8464	0.8344	0.8236	0.7890	0.8193	0.8230	0.9048	0.7948	0.8345	0.8625	0.8512	0.9084	0.8262	0.8146
QG37_02968	0.8876	0.8292	0.7520	0.8682	0.8844	0.9211	0.8341	0.8227	0.8344	0.6700	0.9005	0.7228	0.8297	0.7747	0.8184	0.8305	0.8418	0.8627	0.8826	0.8627	0.8580	0.8987	0.8604	0.8709	0.7970	0.8113	0.8272	0.8004	0.7928	0.7205	0.9010	0.8066	0.8574	0.8947	0.9171	0.8013	0.8251	0.8995	0.8456	0.8329	0.8163	0.7903	0.7345	0.9196	0.9188	0.9591	0.9306	0.7865
QG37_02969	0.8312	0.7664	0.6926	0.8273	0.9104	1.1307	0.8001	0.8109	0.6982	0.8335	0.8891	0.8780	0.8946	0.9448	0.9034	0.8206	0.8143	0.8178	0.7577	0.8197	0.7965	0.7360	0.8237	0.8222	0.7743	0.7604	0.8598	0.8576	0.7676	0.5180	0.8626	0.8204	0.8175	0.8297	0.8845	0.8493	0.9198	0.8979	0.9942	0.8719	0.9471	0.8465	0.6015	0.9856	0.9587	0.9105	0.8578	0.9052
QG37_02970	0.7134	0.8425	1.0501	0.8638	0.8158	0.8150	0.7505	0.8950	0.8470	0.8436	0.7991	0.8703	0.7486	0.8915	0.9360	0.8016	0.7879	0.8705	0.8317	0.9085	0.9018	0.8127	0.7882	0.9285	0.7612	0.9076	0.9228	0.8343	0.6741	0.6275	0.7846	0.9089	0.8035	0.9609	0.9284	0.8862	0.9260	0.8019	0.8943	0.8624	0.8901	0.9232	0.8144	0.8650	0.9650	0.7649	0.7917	0.7720
QG37_02971	0.8982	0.7029	0.7502	0.7164	0.6522	0.6869	0.7125	0.7015	0.8166	0.7533	0.7742	0.6410	0.6599	0.7161	0.8022	0.8084	0.7784	0.7080	0.7419	0.7831	0.7742	0.7558	0.7629	0.7792	0.7765	0.7599	0.6921	0.6793	0.6928	0.8736	0.7008	0.7449	0.7032	0.7602	0.7511	0.8025	0.7907	0.6970	0.8028	0.6762	0.7456	0.6966	0.7307	0.7957	0.7253	0.6892	0.7125	0.8070
QG37_02972	0.4768	0.4505	0.5783	0.4888	0.6123	0.6644	0.5443	0.5589	0.6502	0.6490	0.6181	0.5890	0.5647	0.7249	0.5469	0.5429	0.5179	0.4615	0.4937	0.5542	0.5987	0.4225	0.5683	0.6359	0.4738	0.5501	0.5155	0.4958	0.4252	0.8639	0.5043	0.4718	0.5682	0.5555	0.4528	0.4628	0.5163	0.4981	0.5416	0.4099	0.4128	0.4386	0.5959	0.6858	0.6516	0.6352	0.4291	0.6952
QG37_02975	0.7253	0.8531	1.0054	0.8502	0.7677	0.9272	0.9553	0.9308	0.9330	1.0540	0.9519	0.8072	1.0160	0.8305	0.9762	0.8110	0.8345	0.8300	0.8540	1.0614	1.0341	0.8054	0.8936	0.6315	0.9774	0.9977	0.9735	0.9418	0.8855	0.8691	0.9704	0.8379	0.9403	0.8661	0.8406	0.8513	0.8786	0.8590	0.8574	0.8643	0.8335	0.9055	0.7962	0.4906	0.6579	0.5095	0.6057	0.5987
QG37_02976	0.8857	1.0088	1.0274	1.0857	1.0120	1.0035	1.0483	1.0510	0.8759	1.0587	0.8237	0.9533	1.0606	0.9799	0.9432	0.9733	0.8731	1.0171	1.0501	0.9514	1.0666	0.9397	1.0542	0.7784	0.8929	0.9180	1.0300	1.0055	0.9191	0.8945	1.0362	1.1064	1.1526	1.1035	1.0015	0.9170	0.9676	1.1886	1.0396	1.0151	0.9527	0.9520	1.1905	1.0905	0.8797	0.9805	1.0558	1.1230
QG37_02977	1.0278	0.9713	0.9443	0.9082	0.9435	0.9786	0.9545	1.0115	0.9315	0.9989	0.9319	0.9957	0.9141	0.9406	0.9067	0.9502	1.0030	0.9457	0.9740	1.0346	0.9966	0.9630	0.9457	0.9970	0.9401	0.9242	0.9912	0.9707	0.9031	0.8606	0.9841	0.9421	0.8984	0.9225	0.9963	1.0009	1.0266	0.9648	1.0100	0.9774	1.0333	1.0234	0.9534	1.0380	1.0422	1.0775	0.9884	1.0172
QG37_02978	1.0168	0.9960	0.9755	0.9833	1.1074	0.9920	1.1222	1.0781	1.0087	1.0277	1.0252	0.9142	0.9514	0.9908	0.9256	1.0482	1.0825	0.9956	1.0194	1.0531	1.0002	0.9571	0.9749	0.9423	0.9455	0.9164	1.1166	1.0905	0.9537	0.9424	0.9814	1.0589	0.9959	1.0257	1.0067	1.0234	1.0771	1.0020	1.0674	1.0105	1.0481	1.0146	0.9952	0.9576	0.8864	1.0379	0.9645	0.9858
QG37_02979	1.0793	1.0090	1.0569	1.0094	1.0581	1.0592	1.0415	1.0704	1.0062	0.9983	1.0490	0.9838	1.0227	0.9993	0.9925	1.0469	1.0120	1.0336	0.9422	1.0485	1.0299	0.9385	1.0197	1.0070	0.9988	1.0409	1.0433	1.0326	1.0010	0.9370	0.9744	0.9385	1.0160	0.9663	0.9864	1.0005	0.9728	1.0404	1.0321	0.9998	0.9889	0.9578	0.9224	1.0098	0.9836	0.9777	0.9839	0.9708
QG37_02980	0.9475	0.9071	0.9281	0.8917	0.9122	0.8721	0.9413	0.8731	0.8697	0.8604	0.9567	0.8265	0.8826	1.0037	0.9294	0.8860	0.9062	0.8664	0.8617	0.8436	0.9059	0.8924	0.9351	0.9090	0.9533	0.8614	0.9116	0.8722	0.8524	0.8387	0.8943	0.8843	0.9120	0.8703	0.9495	0.9582	0.8882	0.9202	0.8857	0.8591	1.0264	0.9570	0.8838	1.0233	0.8993	0.9537	0.8263	0.9104
QG37_02981	1.2162	1.0941	1.0825	1.0226	1.1425	1.0068	1.0618	1.1118	1.0715	1.0415	1.0454	1.0569	1.1804	1.1079	1.0891	1.1726	1.0682	1.1307	1.0567	1.0855	1.0355	1.0267	1.0890	1.0416	1.1435	1.0806	1.1152	1.1152	1.0913	0.9576	1.0213	1.1346	1.0106	1.1701	1.1130	1.0435	1.0675	1.2013	1.2938	1.0787	1.0054	1.0483	1.1535	0.9429	1.0195	1.1583	1.0178	1.0498
QG37_02982	0.8788	0.9494	0.9431	0.9907	0.9931	1.0292	1.0079	1.0112	1.0536	1.0392	1.0647	0.9572	1.0854	1.0313	0.9440	0.9106	1.0980	0.9491	0.9837	1.0332	0.9781	1.0175	1.0893	0.8330	0.9879	0.9736	0.9746	1.0550	0.9091	0.8196	1.0199	0.8717	1.0117	1.0739	1.0758	1.0208	1.0543	0.9892	1.0850	1.0758	1.1326	1.0185	0.9234	1.0001	1.0446	0.9740	0.9902	1.1177
QG37_02983	0.9430	0.9018	0.8350	0.9221	0.9066	0.9696	1.0553	1.0033	0.9111	0.8815	1.0297	0.9730	0.8731	1.0497	0.8595	0.8337	0.9553	1.0119	0.9018	0.9786	1.0486	1.0086	0.9447	0.9688	0.9066	0.9361	0.9769	0.9705	0.9246	0.8445	0.8947	0.8956	1.0398	0.9284	0.8897	0.9102	0.9753	1.0062	0.9474	0.9231	0.8736	0.9132	0.8866	0.9514	0.9309	0.9742	1.0240	1.0070
QG37_02984	1.0133	0.8862	0.8354	0.9178	0.8958	0.9238	1.0337	0.9398	1.0177	0.9016	0.9321	0.9798	1.0913	1.0185	0.8036	0.7727	0.9558	0.7999	0.9259	1.0455	0.7990	0.9298	0.8589	0.9113	0.9891	0.9007	0.8359	0.8341	0.8965	1.0133	0.8741	0.7967	0.8483	0.8579	0.7967	0.8237	0.6379	0.8138	0.9617	0.8565	0.9926	0.9359	0.8190	0.7203	0.6981	0.6831	0.6559	0.7255
QG37_02985	0.9214	0.9039	0.7904	0.9375	0.8799	0.9786	1.0144	1.0360	0.9560	1.1109	0.8912	0.9900	1.0999	1.0823	1.0124	0.8538	1.0460	0.9932	1.0601	0.8621	0.9130	0.9445	0.8165	1.0340	1.0080	0.9229	0.7509	0.8122	0.9131	0.8475	0.8681	0.8640	0.8628	0.9492	0.9815	0.8472	0.8878	0.8415	0.9048	0.8415	0.9118	0.9663	0.9810	0.9824	0.8144	0.9040	0.9424	0.9367
QG37_02986	0.8312	0.7893	0.7644	0.9288	0.7917	0.8184	0.8419	0.8417	0.7402	0.7716	0.7554	0.7691	0.7575	0.8943	0.8264	0.8363	0.8581	0.8168	0.8224	0.7283	0.7543	0.8102	0.7691	0.8098	0.8359	0.8200	0.7587	0.7525	0.6880	0.9479	0.8145	0.8028	0.7632	0.8311	0.7041	0.8567	0.9044	0.8844	0.8530	0.7791	0.7705	0.8253	0.7400	0.8093	0.7898	0.8580	0.7912	0.7932
QG37_02987	0.8388	0.8488	1.0017	0.8031	0.8764	0.8770	1.0016	0.9737	0.7853	0.8168	0.9237	0.8431	0.9091	0.8369	0.9831	0.9915	0.9241	0.8229	0.9073	0.7552	0.7929	0.9774	0.8551	0.7439	0.8735	0.7739	0.8938	0.7750	0.8011	0.8372	0.8631	0.8727	0.8440	0.9286	0.8489	1.0070	0.8937	0.9479	0.7722	0.9190	0.7829	0.8965	0.7854	1.0337	0.9207	0.9243	0.9226	0.8997
QG37_02988	0.8639	0.9685	0.9746	0.9378	0.8722	0.9223	0.9903	0.9473	0.8809	0.9323	0.8723	0.8809	0.9142	0.8650	0.9857	0.9431	0.8904	0.9134	0.9730	0.9072	0.9630	0.9248	0.8653	0.9814	0.8953	0.7949	0.9671	0.9772	0.8602	0.8521	0.9179	0.8448	0.9277	0.9196	1.0919	0.9173	0.9426	0.9846	1.0039	0.8766	0.9436	0.8864	0.8910	0.9407	0.9221	0.8577	0.8686	0.8738
QG37_02989	0.9608	0.8973	0.9640	0.8680	0.7718	1.0073	0.8691	0.8741	0.7176	0.9216	1.0507	0.8804	1.1124	1.0479	0.8449	0.9445	0.9150	0.7319	0.9635	0.8850	0.9391	0.9102	0.9480	0.9836	0.9257	0.7854	1.0639	0.8809	0.7660	0.7423	0.7618	0.6602	0.8327	0.7677	0.9956	0.8295	0.9333	0.8505	0.9347	0.9224	1.0637	1.0150	0.9248	1.0024	0.7759	0.8728	0.8646	0.9473
QG37_02990	0.9875	0.9012	0.8838	1.0193	0.8752	0.8489	0.7667	0.9382	0.8528	0.8922	1.0138	0.8986	0.9058	0.8477	0.9542	0.9004	0.8983	0.8474	0.9050	0.9279	0.9596	0.9788	0.8157	0.8736	0.9643	0.9072	0.9771	0.8377	0.7865	0.7302	0.7956	0.8593	0.8919	0.8626	0.9628	0.8898	1.0389	0.8644	0.9875	0.9856	0.9648	0.9922	0.9230	0.9617	0.8948	1.0193	0.9651	0.9952
QG37_02991	0.8282	0.8566	0.9060	0.8258	0.9462	0.9294	0.8909	0.8009	0.8555	0.8617	0.8534	0.8660	0.8354	0.9066	0.8342	0.8143	0.9869	0.8453	0.8930	0.9098	0.8600	0.8698	0.9361	0.8950	0.8699	0.7591	0.8668	0.8358	0.6820	0.8885	0.8004	0.8799	0.8429	0.8705	0.8822	0.9593	0.9193	0.8606	0.8253	0.9418	0.8328	0.8852	0.8605	0.9587	0.9078	0.9124	0.9483	0.7992
QG37_02992	0.9493	0.8828	0.8241	0.8916	0.8630	0.9394	0.8831	0.9458	0.7402	0.7717	0.7951	0.6270	0.8230	0.9104	0.8891	0.9049	0.8023	0.8503	0.8751	0.8751	0.8999	0.8357	0.9194	0.8574	0.9003	0.9205	0.7773	0.8357	0.8314	0.8193	0.8239	0.7681	0.8676	0.8795	0.9864	0.9214	0.7927	0.9574	0.9313	0.9457	0.9376	0.7850	0.8412	0.9313	0.7844	0.8623	0.8453	0.9549
QG37_02993	0.9955	0.8477	0.9390	0.9221	0.9168	0.8346	1.0172	0.9293	0.9038	0.9007	0.8993	0.8305	0.8817	0.9461	0.9982	0.9379	0.8983	0.9071	0.9557	0.9325	0.8882	0.9602	0.8340	0.9463	0.8570	0.8608	0.9282	0.9786	0.8207	0.8381	0.8906	0.9666	0.9808	0.9746	0.9737	0.9843	0.9427	1.0306	0.9253	0.9640	0.8959	0.8851	0.9954	1.0184	0.8797	1.0259	1.0306	0.9152
QG37_02994	1.0926	0.9340	1.1131	0.8945	0.9555	1.0280	1.0174	0.9782	0.9532	0.9643	0.9351	0.9228	0.9509	0.9971	0.9270	0.9863	0.9749	1.0125	0.9848	0.9846	1.0269	0.9453	0.9399	0.9881	1.0165	0.9508	0.9884	1.0231	0.9095	0.9794	0.8952	0.9247	0.9776	0.9443	0.9482	1.0202	0.9744	1.0224	1.1038	0.9626	0.9841	0.9716	0.9316	1.0428	1.0341	1.0774	0.9915	1.0302
QG37_02995	0.9858	0.9614	1.0131	0.8089	1.0160	1.0235	0.8905	0.8822	1.0156	0.8293	0.8846	0.8578	1.0617	1.0549	0.9145	0.8779	0.9820	0.7940	0.8982	0.8706	0.9691	0.8106	0.8529	0.7834	0.9827	0.9135	0.8993	0.9000	0.7723	0.8903	0.8180	0.9241	0.9377	0.8316	1.0123	0.9021	0.9097	0.9823	0.9805	0.7898	0.9766	0.9057	0.9824	1.1748	0.8683	0.7858	0.8698	0.9298
QG37_02996	1.1394	0.9793	1.0219	0.8718	1.0534	0.9337	0.9872	0.8900	0.9649	0.9675	0.9958	0.8469	1.1594	0.9714	0.9512	0.8634	0.9497	0.9263	0.9640	0.8980	1.0205	0.9864	1.0888	0.9501	1.0932	0.8987	0.9025	0.9485	0.8754	0.7426	1.0490	0.9444	0.9771	1.0239	0.9647	0.9165	1.0616	1.0920	0.7324	0.9364	0.9344	0.8761	1.0519	0.9652	1.0277	0.8089	1.0092	0.9980
QG37_02997	1.3010	0.8864	0.7924	0.7717	0.8039	0.7839	0.9610	0.7534	0.7580	0.8407	0.7506	0.8086	0.7895	0.8938	0.7767	0.8134	0.7716	0.7732	0.8613	0.7609	0.8228	0.7713	0.7604	0.7213	0.7872	0.7375	0.7660	0.8804	0.7439	0.6747	0.8836	0.8713	0.9935	1.1707	0.9782	0.8749	0.9764	0.9600	0.9269	1.0849	1.0170	1.0093	0.9598	1.1160	1.0324	1.0068	0.9425	1.0933
QG37_02998	0.7972	0.9356	0.7480	1.0047	0.9256	0.9173	1.0499	0.9537	0.9325	1.1203	0.8331	0.9558	1.0070	1.0423	0.7753	0.9871	0.9581	0.8746	0.8681	0.9732	0.9639	1.1065	1.0129	1.0103	1.0302	0.9993	0.8470	0.8890	0.9869	0.9333	0.7559	0.7947	0.9203	0.9179	1.1073	0.9251	1.0675	1.0361	0.9485	1.1553	0.9829	0.9134	1.2031	0.9217	1.0067	0.8882	0.8763	0.9033
QG37_02999	0.8070	0.5159	0.6039	0.5042	0.5651	0.6800	0.6003	0.5541	0.6533	0.6191	0.6399	0.5296	0.7010	0.6730	0.5488	0.7181	0.6063	0.4565	0.4776	0.6752	0.5502	0.5886	0.4773	0.5398	0.5297	0.4991	0.4436	0.6064	0.5076	0.5868	0.4412	0.6018	0.8172	0.6273	0.6032	0.6309	0.6609	0.4963	0.5586	0.6617	0.5307	0.5351	0.6533	1.0075	1.0072	0.9515	0.9212	0.7410
QG37_03000	0.8116	0.7706	0.7587	0.6762	0.8714	0.7358	0.9211	1.2089	0.8824	0.7130	0.7471	0.7019	0.7557	0.9456	0.7750	0.8014	0.7202	0.8879	0.9200	0.6565	0.7605	0.7959	0.9563	0.8020	0.7119	0.8462	0.8433	0.8166	0.8350	0.7102	0.7889	0.8413	0.5646	0.8142	0.6769	0.7632	0.7713	0.8754	0.9666	0.8317	0.7891	0.9481	0.6036	0.7752	0.9197	0.8297	0.6965	0.8454
QG37_03001	0.9187	0.8450	0.7903	0.8920	0.8857	0.8849	0.8252	0.8982	0.8515	0.7823	0.9073	0.7959	0.9286	0.8985	0.8577	0.9107	0.8687	0.8930	0.9194	0.8334	0.9588	0.9147	0.9293	0.8747	0.8381	0.8669	0.9024	0.8676	0.8001	0.7739	0.8190	0.8639	0.8577	0.8410	0.8793	0.8839	0.8518	0.8667	0.9052	0.8496	0.9183	0.9149	0.8320	0.8839	0.9356	0.9288	0.8525	0.8836
QG37_03002	0.8828	0.8784	0.8646	0.7819	0.8245	0.9277	0.9027	0.8560	0.8710	0.8902	0.8697	0.8694	0.8372	0.8557	0.8372	0.9119	0.9673	0.9142	0.9305	0.9104	0.9305	0.8300	0.9293	0.9652	0.8869	0.9290	0.9545	0.8718	0.7893	0.8033	0.8343	0.7933	0.9263	0.9106	0.8630	0.8984	0.9190	0.9309	0.8791	0.8604	0.8770	0.9189	0.9069	0.9205	0.8810	0.9354	0.9251	0.9651
QG37_03003	0.9612	0.9703	0.8986	1.0043	0.9297	0.9484	0.9220	0.9084	0.9327	0.9141	1.0186	0.8674	1.0298	0.9555	0.9440	0.8608	0.9202	0.9404	0.9307	0.8907	0.9394	1.0940	0.9246	1.0677	1.0741	0.8899	1.0411	1.0167	0.9695	0.9924	1.1535	0.8798	1.0487	0.9835	0.9818	1.1977	1.1022	0.9720	0.9938	1.0302	1.0646	0.7890	1.0119	1.0184	0.9045	1.1031	1.2855	0.9585
QG37_03004	1.0226	1.0669	1.1560	0.9721	0.9128	0.9766	0.9290	0.9793	1.0269	0.9554	1.0395	0.9552	0.9594	0.9423	0.8809	0.9916	0.9391	0.9433	0.9238	0.9083	1.0187	1.0223	0.9242	1.0163	1.0426	0.9156	0.9878	0.9544	0.9521	1.1097	1.1643	0.9867	0.9823	0.9491	1.1197	1.1286	1.1174	0.8734	0.9974	1.0367	0.9678	0.9137	1.0018	1.0252	1.0812	0.9705	1.2495	1.0174
QG37_03005	0.8047	0.8462	0.9462	0.8543	0.7845	0.8663	0.8483	0.8868	0.8454	0.8436	0.7531	0.9361	0.8043	0.9589	0.8810	0.8233	0.7707	0.9058	0.8348	0.8792	0.9121	0.9313	0.8846	0.7997	0.7720	0.7386	0.8870	0.8475	0.8414	0.8215	0.9317	0.8180	0.8275	0.9065	0.9582	0.8932	1.0487	0.8985	0.9199	0.8950	0.8484	0.8740	1.0153	0.8516	1.0163	0.9040	0.8839	0.8731
QG37_03006	0.9134	0.9188	1.0189	0.8699	0.9377	0.9271	0.9585	0.8960	0.8658	0.9240	0.8517	0.8726	0.9069	0.8602	0.9291	0.8604	0.9545	0.9668	1.0775	0.8655	0.9998	0.9052	0.9075	1.0231	0.8996	0.9046	0.9259	0.9629	0.8614	0.8660	0.9248	0.9146	0.9131	0.8632	0.9200	0.8583	0.9340	0.9837	0.9169	0.8705	0.9304	1.0362	0.9342	1.0118	0.9179	0.9336	0.9278	0.9898
QG37_03007	0.7823	0.6850	0.7177	0.7093	0.7873	0.7450	0.7440	0.8118	0.7674	0.6997	0.7581	0.6698	0.7586	0.7945	0.7862	0.8332	0.8072	0.9035	0.8734	0.7785	0.8245	0.8357	0.8479	0.7867	0.8328	0.7321	0.6868	0.7184	0.7142	0.6905	0.8355	0.6893	0.7726	0.8724	0.7844	0.7583	0.7627	0.8319	0.7273	0.8120	0.8653	0.7651	0.7157	0.8567	0.7864	0.7586	0.8247	0.7305
QG37_03008	0.8644	0.8441	0.8043	0.8175	0.9120	0.8959	0.8853	0.9479	0.8252	0.8719	0.9714	0.8727	0.8244	0.9141	0.9035	0.8858	0.7960	0.9049	0.9451	0.8946	0.8857	0.9387	0.8529	0.9179	0.8057	0.8800	0.9120	0.8563	0.8621	0.9412	0.9793	0.8626	0.8235	0.9508	0.9260	0.8934	0.9584	0.9745	0.9070	0.9855	0.9204	0.9659	0.8706	0.9806	0.9092	0.9322	0.9895	0.8679
QG37_03009	0.9234	0.8116	0.9605	0.7538	0.8849	0.9097	0.8536	0.9018	0.8440	0.8830	0.9875	0.8887	0.8364	0.9434	0.8764	0.8910	0.9282	1.0003	0.8910	0.8401	0.9706	0.9898	0.8056	0.9407	0.9186	0.8503	0.8809	0.8747	0.7593	0.7272	0.9617	0.7754	0.8650	0.9310	0.9741	0.8929	0.9870	0.9370	0.9413	0.8379	1.0294	1.0153	0.9866	1.0087	0.9706	0.8424	0.8818	0.9541
QG37_03010	1.0361	0.8291	0.6837	0.7007	0.9376	0.8826	0.8891	0.8994	0.7646	0.7826	0.6862	0.9642	0.6984	0.9874	0.9435	0.8590	0.9911	0.8627	0.8397	0.8810	0.7215	0.7971	0.9282	0.8446	0.8118	0.9101	0.9302	0.9728	0.8035	0.9397	0.7691	0.8145	0.9985	0.8450	0.9313	0.8852	0.8130	0.8572	0.9078	0.9727	0.9629	0.9312	0.8396	0.8976	0.8710	0.8389	0.8817	0.8816
QG37_03011	0.9411	0.8614	0.9270	0.9572	0.9560	0.9102	0.8065	0.9407	0.8900	0.7663	0.8690	0.8169	0.8081	0.7708	0.8770	0.8007	0.8875	0.9243	0.8304	0.8947	0.7474	0.9268	0.9749	0.8942	0.8105	0.8465	0.9027	1.0057	0.8467	0.8121	0.7232	0.8127	0.9641	0.9425	0.9666	0.8136	0.8869	0.9039	1.1133	1.0033	0.9846	0.8320	0.9961	1.0212	0.9012	0.9180	0.9575	1.0680
QG37_03012	0.7664	0.7512	0.8844	0.6840	0.7863	0.7324	0.7311	0.8334	0.8013	0.8813	0.8284	0.6041	0.8395	0.8169	0.7309	0.7331	0.6874	0.8821	0.7433	0.9287	0.8413	0.7884	0.8228	0.7318	0.7182	0.7604	0.7752	0.8431	0.6469	0.6799	0.8844	0.7474	0.8529	0.8311	0.8385	0.7146	0.6846	0.8456	0.7195	0.8311	0.9461	0.7268	0.8363	0.9122	0.8733	0.7029	0.7973	1.0028
QG37_03013	0.8217	0.7680	0.8994	0.7649	0.9115	1.0164	0.8593	0.8481	0.7818	0.8201	0.8008	0.8247	0.7921	0.9244	0.8501	0.8912	0.7964	0.8879	0.8269	0.8117	0.9078	0.8676	0.8443	0.8444	0.8498	0.8045	0.8894	0.7849	0.7357	0.7514	0.8778	0.7775	0.8252	0.8336	0.8956	0.9065	0.8239	0.8913	0.9013	0.8524	0.9879	0.9763	0.9105	1.0727	0.8929	0.9062	0.9280	0.9577
QG37_03014	1.0055	0.8884	0.8609	0.8898	0.9324	0.8892	0.9573	0.9541	0.9378	0.8564	0.9647	0.9974	0.8842	0.9477	0.9186	0.9055	0.9372	0.9876	1.0055	1.0021	0.9110	0.9205	0.9602	0.9732	0.9696	0.8578	0.9006	0.8401	0.9638	0.9394	0.9759	0.9187	0.9678	0.9597	0.9119	0.9182	0.9046	0.9794	0.9593	1.0289	0.9593	0.9473	0.9152	0.9730	0.8985	1.0032	1.0253	1.0179
QG37_03015	0.9919	0.9583	0.9011	0.8434	1.0042	1.0500	1.0092	1.0433	0.9224	0.9475	0.9764	0.9256	0.8702	0.9923	1.0138	0.9853	0.9934	0.9777	1.0083	0.9708	0.9027	1.0460	0.9537	0.9032	1.0055	0.9898	1.0007	0.9582	0.8815	1.1558	1.0686	0.9310	0.9417	0.9159	0.9874	1.0006	1.0510	1.0110	1.1142	1.0273	0.9985	0.9443	1.0158	0.9868	0.9628	1.0156	1.1081	1.0591
QG37_03016	0.8418	0.8211	0.7564	0.9007	0.8716	0.9054	0.8285	0.8998	0.7930	0.7427	0.8442	0.8512	0.8314	0.8614	0.8058	0.9910	0.8508	0.8456	0.8624	0.9096	0.9031	0.8374	0.8771	0.9332	0.8431	0.8160	0.8647	0.8217	0.8141	0.7475	0.7832	0.7931	0.7600	0.8675	0.7716	0.9207	0.8367	0.8451	0.8712	0.8384	0.8785	0.8380	0.8187	1.0020	0.8903	0.8708	0.8379	0.8923
QG37_03017	1.0941	0.9795	0.9097	1.0449	0.9204	0.8020	1.0008	1.0437	0.9099	1.0115	0.9244	0.8616	0.9511	1.0017	1.0393	1.0796	0.8873	1.0044	1.0696	0.9723	1.0473	1.1693	1.0466	0.9465	0.9732	0.9340	0.8935	1.0359	0.8205	0.9497	1.1325	0.8654	0.8752	1.0842	1.0351	1.0131	0.9030	0.9977	0.9615	0.9845	0.9197	0.9457	0.9858	1.0003	0.9325	1.2140	1.0077	1.1649
QG37_03018	0.9581	1.0120	0.9048	0.9723	0.8329	0.8465	0.9143	1.0212	0.8931	0.8126	0.9129	0.8878	0.9499	1.0293	1.0382	0.9502	0.9591	0.9825	1.0463	0.9587	0.9969	1.0518	0.9471	1.0086	0.8673	0.9211	0.8689	0.9007	0.8547	0.8536	0.9688	0.8180	0.8950	0.9452	0.9276	0.9421	0.8779	0.9799	0.9359	0.9281	1.0326	0.9022	0.9447	1.0469	0.9695	1.0308	0.9047	0.9819
QG37_03019	0.8509	0.8847	0.9104	0.8115	0.9476	0.8754	0.8586	0.9238	0.8116	0.8499	0.8623	0.9250	0.8255	0.8865	0.9066	0.9181	0.9169	0.9911	0.8846	0.8843	0.9626	0.9830	0.9946	0.9028	0.8910	0.8986	0.8172	0.8381	0.8303	0.7799	0.9099	0.8205	0.8477	0.9033	0.9038	1.0627	0.9311	1.0159	0.8769	0.9732	0.9008	0.9529	0.9107	0.8885	0.9867	0.9260	0.8900	0.8996
QG37_03020	1.0246	0.8474	1.0763	0.8939	0.9028	0.9096	1.0524	1.0567	0.9817	1.0514	0.8966	1.1371	0.8956	0.9158	1.0057	1.0574	0.9704	0.9660	0.9294	1.0844	0.9621	1.0910	0.9164	0.7888	1.0293	0.8678	0.9782	0.8267	0.8495	1.0627	0.8764	0.9601	0.8098	0.8296	0.9624	1.1033	1.3457	1.0823	0.9778	1.1263	1.1322	0.9933	0.9970	1.0718	0.9052	1.1786	1.0265	1.0570
QG37_03021	0.9265	0.8606	0.7847	0.8697	0.8736	0.9068	0.8993	0.9569	0.8306	0.9171	0.9099	0.8813	0.7542	0.9580	0.8197	0.9060	0.9343	0.9343	0.9455	0.8565	0.8903	0.9122	0.8800	0.9471	0.8341	0.8659	0.8986	0.8770	0.8003	1.0533	1.0520	0.9577	0.8220	0.8660	0.9977	0.8357	0.9136	0.9416	0.9331	0.8891	0.9613	0.8847	0.8964	0.9236	0.9269	0.9677	0.9838	0.9546
QG37_03022	0.9503	0.9877	0.9016	0.8330	0.9741	0.8949	0.8370	0.8023	0.8156	0.9125	1.0573	0.9962	0.8902	0.8746	1.0131	0.9131	0.8738	0.9216	0.9319	0.8658	0.9081	0.9376	0.9422	0.9394	0.8818	1.0051	0.9584	0.9496	0.9438	0.6814	1.0059	0.8891	1.0165	0.9046	0.8618	1.0099	0.8607	0.8394	0.7890	1.0116	0.9112	1.0009	0.8575	0.9902	1.0996	0.9563	1.1004	0.9764
QG37_03023	0.8428	0.8852	0.9766	0.7992	0.7134	0.8287	1.0130	0.8064	0.6425	0.7865	0.6925	0.5593	0.7899	0.9319	0.6332	0.7810	0.8131	0.6951	0.7372	0.8966	0.8791	0.7643	0.8412	0.8189	0.8496	0.7525	0.7885	0.7494	0.8972	0.8342	0.8636	0.7560	0.6595	0.7410	0.7128	0.8217	0.7678	0.8824	0.8748	0.8359	0.8133	0.8454	0.7249	0.8652	0.7796	0.7279	0.9046	0.8038
QG37_03024	0.7393	0.8144	0.7574	0.7943	0.6859	0.8769	0.8557	0.8188	0.7286	0.6278	0.8623	0.6907	0.8075	0.7740	0.7203	0.8615	0.7520	0.7734	0.7844	0.7790	0.8904	0.7383	0.7915	0.7151	0.8065	0.7702	0.8156	0.7646	0.6682	0.7142	0.7437	0.7124	0.7849	0.8170	0.7649	0.9050	0.8209	0.8459	0.7931	0.7861	0.7435	0.7625	0.8087	0.8297	0.7421	0.7504	0.8051	0.7913
QG37_03025	0.8835	0.9073	0.8007	0.8680	0.8534	0.8087	0.9416	0.8477	0.8820	0.8453	0.8174	0.7179	0.8719	0.8464	0.8386	0.9065	0.8358	0.8094	0.7926	0.8928	0.8909	0.8334	0.7383	0.8117	0.8628	0.8007	0.7904	0.7674	0.7790	0.7333	0.7102	0.7288	0.7257	0.8023	0.8125	0.8154	0.7954	0.8979	0.8554	0.7594	0.8429	0.8216	0.8036	0.9518	0.7822	0.8747	0.9354	0.8319
QG37_03026	0.9934	0.8394	0.8081	0.9695	0.9580	1.0535	0.8666	0.9135	0.9634	0.9171	0.9230	0.8403	0.8735	0.9257	0.9787	0.9338	0.8898	0.9270	0.8717	0.9256	0.9155	0.9030	0.9186	0.9255	0.9186	0.8227	0.8186	0.8788	0.7988	0.8545	0.9026	0.9460	0.9326	0.9539	0.9288	0.9905	0.9067	0.8814	0.9230	0.9724	0.9981	0.9420	0.9421	0.9473	0.9175	0.8681	0.9492	0.8977
QG37_03027	1.2528	1.1613	1.0012	1.1228	1.1522	1.0459	1.0697	1.1530	1.0059	1.0277	1.0850	1.1274	1.1768	1.0471	1.1109	1.1288	1.1981	1.0714	1.1134	1.1016	1.2554	1.1516	1.0882	1.0563	1.0018	1.0638	1.1319	1.1026	1.1612	0.9673	1.0194	1.0631	1.2130	1.1337	1.0003	1.0943	1.1676	0.9400	1.0611	1.0853	1.2271	1.0819	1.0885	1.0557	0.9537	1.0606	0.8895	1.0403
QG37_03028	1.1684	1.1631	0.9220	0.9074	1.2271	1.0159	1.0427	0.9741	1.1090	0.9564	0.9429	1.0602	1.0549	1.2539	1.0604	1.1033	1.0085	0.9721	1.0911	1.1020	1.1507	0.9534	0.9812	0.8551	1.1156	1.0114	1.0986	0.9354	1.0597	1.1209	0.9481	1.0890	1.0249	0.9941	1.1012	1.0912	1.1104	0.8627	1.1331	1.0980	1.0344	1.1189	1.0167	0.9999	1.0787	0.8592	0.9255	1.0464
QG37_03029	1.1167	0.9720	0.8263	0.9834	1.0220	0.8801	1.0504	1.0135	1.0051	1.0043	0.9821	0.9411	0.9932	1.0377	0.9727	0.9690	1.0236	1.0141	1.0441	0.9698	1.0175	0.9601	1.0321	1.0163	1.0404	0.9537	1.0153	0.9908	1.0526	0.9651	0.9619	1.0636	0.9874	0.9980	0.9903	1.0269	0.9985	0.9439	1.0346	1.0127	1.0658	1.0273	1.0303	0.9809	1.0856	0.9922	1.0322	0.9721
QG37_03030	1.0241	0.8969	0.9680	0.9044	0.9409	0.9009	0.9540	0.9446	0.9331	0.9434	0.8902	0.9192	0.9432	1.0178	1.0875	0.8592	0.8770	0.9654	0.8444	0.8390	0.8705	0.9348	0.9182	0.8969	0.9579	0.9654	0.9963	0.9342	0.9460	0.7484	1.0113	0.8442	0.9035	0.9590	1.0015	0.9172	0.8108	0.8535	0.9193	0.9851	1.1527	0.9164	0.9875	0.8734	1.0469	1.0294	1.0066	0.9278
QG37_03031	0.9740	0.9432	0.9342	0.9311	1.0100	0.9594	0.9571	0.9820	0.9654	0.9197	0.9375	0.9312	0.9737	0.9140	0.9352	0.9891	0.8629	0.9815	1.0170	0.9772	1.0347	0.9093	0.9749	0.9530	0.9032	0.9422	0.8966	0.9878	0.8890	1.0088	0.9484	0.9460	0.9025	0.9104	1.0557	0.9552	0.9951	0.8706	0.9373	1.0446	1.0944	0.9260	0.9750	0.9006	0.9480	0.9875	0.9101	1.0080
QG37_03032	1.0158	1.0585	1.0280	0.7533	1.0918	1.0910	0.8159	0.8904	0.9252	1.0320	0.9543	0.7631	0.8385	0.8062	0.8485	1.0745	0.8545	1.0322	1.0298	1.0413	0.9425	0.9536	0.9377	0.9109	0.9316	1.1000	0.8679	0.9126	0.9169	1.0491	1.1375	0.8887	0.8596	0.8795	0.8849	0.8549	0.9485	0.8424	1.0922	1.0142	1.0278	0.9529	0.9378	0.9426	0.8270	0.8632	1.0940	1.0124
QG37_03033	1.0210	1.0215	1.0246	1.1272	0.9824	0.9376	0.9681	0.9252	0.9549	0.9694	0.9822	0.9377	0.9719	0.9647	0.9885	1.0635	0.9642	0.9476	1.0024	0.9214	0.9565	1.0209	0.9674	1.0555	0.9921	0.9654	0.9637	0.8915	0.9314	0.8982	0.7698	1.0783	0.9893	0.8104	1.0317	0.8454	0.9203	0.8888	0.9602	0.9005	0.9881	0.9823	0.9150	1.1043	0.9589	1.1193	1.1004	1.0492
QG37_03034	1.1006	0.8363	0.7616	0.7401	0.9046	0.7309	0.8058	0.7860	0.8652	0.8458	1.0186	0.8600	0.8655	1.0505	0.8142	0.8108	0.8157	0.9624	1.0077	0.9548	0.9054	0.8971	0.9399	0.9809	1.0374	0.9388	0.8240	0.7453	0.9074	1.0058	0.9476	0.9714	1.0062	0.7588	1.0697	0.7960	0.9496	1.1778	1.0794	0.9557	0.8563	0.9061	0.7350	0.8595	0.8300	1.0003	0.8843	0.9266
QG37_03035	0.8973	0.8676	0.6831	0.7947	0.7352	0.8926	0.8311	0.8445	0.8180	0.7873	0.8162	0.8255	0.8341	0.8665	0.8263	0.8608	0.9376	0.8374	0.8162	0.7870	0.8196	0.7571	0.8763	0.8363	0.8290	0.8399	0.8237	0.9083	0.7815	0.8363	0.7922	0.7497	0.8295	0.8324	0.9047	0.7708	0.7736	0.9288	0.8615	0.8351	0.9346	0.8513	0.7576	0.9429	0.8411	0.9645	0.8022	0.9045
QG37_03036	5.6252	4.5654	4.1470	4.3178	4.1334	4.0983	4.3485	4.2742	4.4264	4.7361	4.1272	3.9785	4.1519	4.3179	4.1337	4.1673	4.1895	3.8638	4.5937	4.2940	4.0911	4.2090	4.4831	4.1051	4.3160	3.9369	4.0774	4.8018	4.1955	5.5320	4.7113	4.0827	5.3014	5.1377	5.0944	5.0798	4.8174	5.2345	4.8936	5.1723	4.6436	5.3453	5.0461	4.5743	4.7369	4.4398	4.8039	4.7315
QG37_03037	0.8078	0.9157	0.7508	0.8403	0.8535	0.9419	0.9212	0.7347	0.8123	0.7850	0.8956	0.8148	0.8702	0.9746	0.7528	0.7431	0.7754	0.7087	0.9062	0.8445	0.7697	0.9395	0.8290	0.9613	0.8630	0.7274	0.7447	0.8168	0.7413	0.6560	0.8562	0.9219	0.7445	0.7124	0.9048	0.7587	0.9671	0.7828	0.9069	0.9212	0.7975	0.9814	0.9135	0.8719	0.8858	0.9863	0.9160	0.9226
QG37_03038	1.0456	0.8890	0.8999	0.8407	0.9093	0.9449	0.8890	0.8108	0.8850	0.7249	0.8073	1.0004	0.8378	0.9204	0.8377	0.9455	0.9104	0.9701	0.8713	0.8828	0.9124	0.9130	0.9118	0.9263	0.7890	0.8527	0.8393	0.8147	0.7831	0.8957	0.7840	0.8912	0.8881	0.7261	0.8869	0.8001	0.8458	0.9591	0.9022	0.8910	0.9705	0.8773	0.9080	0.9802	0.9824	0.9731	0.9805	0.8914
QG37_03039	0.1131	0.5181	0.4698	0.3282	0.4111	0.3683	0.3029	0.4191	0.3786	0.3990	0.2995	0.4877	0.2914	0.4067	0.3503	0.3325	0.3408	0.3510	0.3898	0.3690	0.4115	0.3979	0.4743	0.4305	0.3962	0.3878	0.4365	0.3751	0.3043	0.3841	0.2153	0.4207	0.4444	0.4291	0.3257	0.4138	0.4498	0.4106	0.3923	0.3843	0.3482	0.3487	0.3445	0.5051	0.5883	0.5404	0.4521	0.5640
QG37_03040	0.9571	0.9507	0.9398	1.2531	1.0441	0.7670	0.8896	0.9268	1.0085	0.8218	0.7896	0.9471	0.8956	0.8341	0.8431	1.0071	0.9262	0.9749	0.9435	0.8554	0.8613	0.9810	0.7756	1.1517	0.9713	0.8519	0.8828	0.8787	1.0019	0.6826	0.8837	0.7357	1.0115	0.9738	0.9490	0.9716	1.0325	0.9997	1.0134	1.0363	1.0814	0.9873	0.8531	0.6689	0.8280	0.7795	0.9473	0.8586
QG37_03041	0.8165	0.7668	0.9431	0.8697	0.8955	0.8713	0.8466	0.8851	0.9356	0.8285	0.9837	1.0448	0.9084	0.8495	0.7732	0.9487	0.8496	0.9390	0.8761	0.9245	0.8335	0.8840	0.9717	0.8317	0.9956	0.8358	0.9821	0.8791	1.0363	0.8118	0.8112	0.8004	0.8378	1.0362	0.8744	0.8429	0.9942	0.9603	0.9264	0.9129	0.8665	0.8980	0.8909	1.0804	0.8313	0.8410	1.0031	0.9594
QG37_03042	0.8761	0.8734	0.7476	0.9179	0.8500	0.8748	0.8972	0.9481	0.9420	0.9303	0.8668	0.8626	1.0002	0.9860	0.8829	0.8455	0.9274	0.8711	0.8756	0.9222	0.9457	0.8800	0.9279	0.9901	0.8491	0.8635	0.8505	0.8147	0.8913	0.8566	0.8557	0.8772	0.8521	0.9352	0.8455	0.8313	0.9068	0.9279	0.9604	0.8591	0.9629	0.9469	0.8710	0.9931	0.8439	0.9159	0.9502	0.9581
QG37_03043	0.9491	0.7647	0.7518	1.0621	0.8567	1.0469	0.9255	0.9103	0.8957	0.9533	0.7942	0.8097	0.9406	1.0206	0.8992	1.0590	0.8172	0.8413	0.8606	1.0277	0.9304	0.8070	0.8159	0.8811	0.9608	0.8887	0.9009	0.7642	0.8178	0.5850	0.7810	0.8112	0.8215	0.9197	0.8870	0.8599	0.9849	1.0396	1.0250	1.0206	0.8204	0.9531	0.8998	0.9520	0.9101	0.8939	0.9835	0.9712
QG37_03044	0.9004	0.8761	0.8564	0.7796	0.8965	0.8371	0.8818	0.8949	0.9196	0.8631	0.8429	0.8628	0.8748	0.8560	0.8328	0.9068	0.8434	0.9045	0.9617	0.8195	0.8555	0.8790	0.9166	0.8953	0.8948	0.9119	0.8006	0.8369	0.9594	0.6948	0.8829	0.9359	0.8676	0.9592	0.9028	0.8935	0.9196	0.9178	0.9012	0.8353	0.9014	0.9033	0.9743	0.9068	0.9806	1.0622	1.0183	0.8873
QG37_03045	0.6956	0.7139	0.6090	0.8163	0.8921	0.6531	0.8679	1.0111	0.8313	0.7707	0.8971	0.8413	0.8786	0.8564	0.7838	0.8020	0.8482	0.8217	0.8823	0.7701	0.8863	0.8653	0.7064	0.8653	0.8167	0.7720	0.7452	0.7149	0.8459	0.5981	0.7316	0.8683	0.7866	0.7618	0.8523	0.7524	0.6973	0.7872	0.7806	0.7083	0.8085	1.0225	0.8192	0.9936	0.9691	1.0674	0.8306	0.7996
QG37_03046	0.8918	0.7604	0.6521	0.7606	0.8893	0.8071	0.8710	0.8116	0.7677	0.7857	0.8476	0.6737	0.6940	0.9696	0.8359	0.8072	0.6964	0.9214	0.8228	0.8197	0.9334	0.7961	0.8430	0.7979	0.8721	0.7817	0.8124	0.9073	0.7231	0.5159	0.7712	0.7259	0.7908	0.8051	0.7796	0.8165	0.7475	0.8548	0.9161	0.7199	0.7846	0.7327	0.8677	0.9532	0.8096	0.7220	0.8443	0.6651
QG37_03047	0.8634	0.9732	0.8158	0.8428	0.8676	0.9729	0.8702	0.9046	0.9108	0.8904	0.9169	0.9287	0.8738	0.8923	0.9427	0.9006	0.9440	1.0303	0.8745	0.9286	0.9131	0.9764	0.9045	0.9238	0.8856	0.8991	0.9451	0.8908	0.8251	0.8909	0.8615	0.8301	0.9505	0.8546	0.8556	0.9605	0.9214	0.9736	1.0044	0.9967	0.9465	0.9847	0.9861	1.0057	1.0106	0.9489	0.9531	1.0537
QG37_03048	0.9248	1.0039	0.9275	0.9044	0.8589	0.7547	1.0863	0.9171	0.9569	0.8797	0.8392	0.9532	1.0353	1.0122	0.9922	0.9805	0.9901	1.1078	1.1934	0.9513	1.0061	1.1092	0.8641	0.9073	1.0006	1.0488	1.0690	0.9291	0.9284	0.9885	1.0359	0.8279	1.1031	1.0062	0.8838	0.9546	1.0230	0.9126	0.8500	1.0736	0.9883	1.0624	1.0399	0.9976	0.8024	1.0691	1.0348	1.0101
QG37_03049	0.8995	0.9609	0.8104	0.8530	0.8357	0.8552	0.8779	0.8267	0.8548	0.8402	0.7740	0.8774	0.8569	0.9107	0.8819	0.8520	0.8962	0.8758	0.8908	0.8198	0.9153	0.8975	0.9154	0.8891	0.9206	0.8903	0.8615	0.8060	0.8764	0.8248	0.9396	0.8567	0.8821	0.8001	0.7837	0.8506	0.9759	0.8824	1.0394	0.8303	0.8722	0.9822	0.8528	0.9591	0.9145	0.9933	0.9226	1.0244
QG37_03050	0.8363	0.9613	0.8581	0.7487	0.8771	0.7788	0.9591	0.8272	0.7541	0.8149	0.8254	0.9595	0.7934	0.8536	0.7116	0.7083	0.8197	0.7585	0.8338	0.8132	0.8455	0.7368	0.8258	0.8639	0.9132	0.8886	0.7979	0.8722	0.7441	0.8187	0.7310	0.8614	0.8316	0.8498	0.8513	0.9107	0.7239	0.8942	1.0102	0.7439	0.7635	0.8900	0.9008	0.6804	0.7059	0.6377	0.6447	0.6979
QG37_03051	0.9898	1.0607	0.9488	1.1242	1.0372	1.0029	0.8584	0.8839	1.0410	0.9687	0.8481	0.9856	0.8188	1.0170	0.9739	1.1350	1.0234	0.9805	1.0980	0.8041	0.9704	1.0380	1.0396	0.9552	0.8622	0.8922	0.9231	0.8548	0.8838	0.7960	0.8684	0.9476	0.9246	0.8955	0.9957	0.8848	0.8632	0.8854	0.9699	0.9746	0.9816	1.0438	0.9478	0.8591	1.0057	0.9975	0.8444	0.9451
QG37_03052	0.8246	0.8265	0.7986	0.8871	0.8590	0.8560	0.9077	0.8543	0.9216	0.8015	0.7710	0.8077	0.8261	0.9102	0.8425	0.8676	0.8719	0.9015	0.9305	0.8589	0.9031	0.8695	0.8936	0.8809	0.8893	0.8310	0.8771	0.8289	0.8008	0.8603	0.9031	0.8043	0.8708	0.8647	0.9108	0.8598	0.8999	0.8907	0.8892	0.8559	0.8955	0.9176	0.8955	1.0200	0.8747	0.9362	0.9440	0.9212
QG37_03053	0.8301	0.7495	0.7921	0.8595	0.8145	0.9069	0.8480	0.8811	0.8635	0.7466	0.8292	0.8682	0.7720	0.8021	0.8877	0.9100	0.7279	0.8767	0.8301	0.8485	0.8571	0.8974	0.9506	0.8155	0.8723	0.8112	0.8873	0.7205	0.7965	0.6635	0.9326	0.8525	0.7663	0.8324	0.8597	0.7935	0.8013	0.8381	0.7429	0.8602	0.8350	0.8078	0.8087	0.7996	0.8251	0.8462	0.8157	0.7857
QG37_03054	1.0582	1.0118	1.0124	1.0551	0.9889	1.0126	1.0122	0.9922	1.0183	1.0704	0.9742	1.0442	0.9936	1.0580	1.0475	0.9613	0.9927	1.0216	1.0200	0.9954	1.0293	1.0631	1.0244	1.0225	1.0180	0.9860	0.9313	0.9776	0.9629	0.9533	0.9658	0.9819	1.0861	1.0473	1.0891	1.0759	1.0113	1.0273	1.1187	1.0502	0.9966	1.0093	0.9836	1.0586	1.0631	1.0051	1.0285	1.0382
QG37_03055	1.1306	1.0768	0.9673	1.0211	0.9946	0.8815	1.0275	1.0313	0.9867	1.0326	1.0206	1.0191	0.9938	1.0643	0.8965	0.9392	1.0451	0.9845	0.9706	0.9611	0.9243	1.0656	0.9661	1.0707	1.0515	1.0035	0.9964	0.9303	0.9755	1.1079	1.0446	0.9803	1.0487	0.9246	1.0266	1.0230	1.0914	1.0191	0.9769	1.0350	0.9866	0.9393	0.8942	1.0703	0.9804	1.0258	0.9232	0.9266
QG37_03056	1.0013	0.9397	0.8682	0.9041	0.9456	0.9505	1.0111	0.9337	0.9044	0.9829	0.8325	0.7744	0.9238	0.9046	0.8678	0.8311	0.9790	0.9517	0.9126	0.9054	1.0007	0.9451	1.0218	0.9998	0.9299	0.9269	0.9849	0.9139	0.8482	0.7911	0.9130	0.9231	0.9690	0.9959	1.0551	0.8590	1.0145	0.8913	0.7950	0.8963	1.0772	0.9609	0.8928	1.0911	0.8877	1.0099	0.8962	1.0616
QG37_03057	1.1242	0.8073	0.9322	0.7826	0.9332	0.9197	1.0797	0.9149	0.9154	0.8910	0.9907	1.0842	0.9334	1.1124	1.0081	1.0439	1.1205	0.9575	0.9003	0.8834	0.8969	0.9056	1.1848	0.8967	0.8117	0.8798	1.0202	1.0918	0.9547	0.8706	0.9359	1.0448	0.9981	1.0315	0.8858	0.9562	0.9848	1.0080	0.9502	0.9147	1.0175	1.0076	0.9135	1.0739	0.8761	1.0097	0.9975	1.1258
QG37_03058	1.0704	0.8170	0.9446	0.9113	0.9277	0.9795	1.0461	0.9636	0.8939	0.8380	0.9835	1.0438	0.9275	1.0454	1.0000	0.9172	0.9518	0.8132	0.8835	0.9103	0.9363	0.8230	0.9787	1.0698	0.9685	0.9451	0.9848	1.0984	1.0444	0.9009	1.0215	1.0190	0.8863	1.1557	0.8789	0.9434	0.8576	1.0098	1.0984	0.8769	0.9682	0.8935	0.9835	1.1997	0.9917	1.1418	1.1152	1.0507
QG37_03059	0.9199	0.8580	0.8667	0.9446	0.9263	0.9755	0.9217	0.9251	0.9850	0.9553	0.9576	0.8941	0.9456	0.9822	0.9158	1.0274	0.9160	0.8957	0.8940	0.9855	0.9194	0.9469	0.8932	0.9334	0.9016	0.8367	0.9348	0.8548	0.8222	0.8384	0.9589	0.8737	0.8575	0.9970	0.9643	0.9211	0.9931	0.9569	0.9727	0.8878	0.9303	0.9298	0.8313	0.9210	0.9512	0.9790	0.9354	0.9886
QG37_03060	0.9159	0.9026	0.9462	0.7943	0.9010	0.8471	0.9369	1.0865	0.8907	0.8682	0.9185	0.9376	0.8394	0.9123	1.0157	1.1844	1.0013	0.8365	0.9883	1.0170	0.9058	0.8894	0.7745	1.0753	0.9739	0.9295	0.8274	0.8912	0.7923	0.8318	1.1147	0.9085	1.1024	1.0782	0.9837	0.9286	1.1024	1.0004	1.0488	0.9762	0.9549	0.8575	0.8905	1.0338	1.0570	0.9622	0.8978	0.9288
QG37_03061	0.9699	0.9008	0.7694	0.9322	0.8312	1.0447	0.9411	1.0248	0.9099	0.8247	0.8493	1.0052	0.6947	1.1456	0.8172	1.0644	0.8900	0.9427	0.8874	0.9337	0.9585	0.8729	0.9580	0.9576	0.9099	0.8051	0.8737	0.8618	0.8092	1.0249	0.8660	0.8572	0.8586	0.7711	0.9878	0.9301	0.8335	0.9394	0.9988	0.9309	1.0559	0.9309	0.8009	1.0349	0.9368	0.9294	1.0698	0.8891
QG37_03062	0.9606	0.9598	0.8431	0.6261	0.9001	0.9953	1.0539	1.0561	0.9252	0.8704	0.9698	0.9333	0.9287	1.0419	0.7397	0.8362	0.9033	0.9845	1.0397	1.0040	0.9746	0.9388	1.0112	0.7958	1.0178	0.8638	0.7983	0.9236	0.8868	0.7987	0.8866	0.7656	0.8071	0.8439	0.7664	0.8905	0.9030	0.8318	0.8671	1.0110	0.9944	1.0260	0.7825	0.9362	0.9607	0.9125	0.8545	1.0351
QG37_03063	0.9114	0.9101	0.8387	0.8177	0.8592	0.8978	0.8861	0.8613	0.9712	0.8742	0.8655	0.8402	0.8836	0.8885	0.8982	0.9642	0.8524	0.8481	0.9240	0.8413	0.9894	0.8884	0.8688	0.8626	0.8581	0.8543	0.9132	0.7915	0.7548	0.7708	0.8077	0.7777	0.9188	0.9241	0.8427	0.8349	0.8634	0.9112	0.9803	0.8945	0.9751	0.8928	0.8116	0.9087	0.8450	0.9926	0.8792	0.9650
QG37_03064	1.0022	0.9679	0.9799	0.7963	1.0091	0.9960	1.0465	0.8661	1.0080	1.0127	1.0045	0.9020	0.9104	0.8422	0.8923	0.9866	0.9435	0.8993	1.2052	1.0402	1.0853	0.9854	0.9462	0.8236	0.9954	0.9857	1.0168	0.9708	0.9155	0.9624	1.1115	0.9099	1.0199	0.9248	1.1054	1.0506	0.8905	0.9540	1.0592	1.0009	1.0375	1.0600	0.9794	0.9396	0.9347	1.0433	0.8780	0.9520
QG37_03065	1.1079	0.9148	0.9602	0.8494	0.9260	0.8961	0.8238	1.0107	0.8676	0.8381	0.9141	0.8627	0.8480	0.9155	0.7968	0.8733	0.7368	0.9130	0.9276	0.9788	0.8827	0.9168	0.8636	0.8447	0.7896	0.9160	1.1366	1.0028	0.8808	0.7326	0.8694	0.7751	0.9669	0.9813	0.8678	0.8748	0.9248	0.9730	0.9881	0.9093	0.8912	0.7301	0.8011	0.9851	0.7807	0.7299	0.8407	0.8351
QG37_03066	0.9083	0.9136	0.9061	0.9605	0.9366	0.8967	0.9617	0.8960	0.8793	0.7926	1.0504	0.9142	0.9681	0.9782	0.9547	0.9940	0.8595	0.9163	0.8620	1.0528	0.9975	0.8822	0.8891	1.0072	0.8655	0.8003	0.8766	0.8358	0.8935	0.7908	0.9068	0.8230	0.8659	0.9286	1.0199	1.0272	0.9757	0.9711	0.9379	0.9723	0.9722	0.8621	0.9485	0.9869	0.8801	0.9626	0.9372	0.8872
QG37_03067	0.9450	0.8434	0.9806	0.9616	0.9275	0.9933	1.0428	0.9946	0.9195	0.8854	0.8934	0.9853	0.9339	1.1359	0.9761	1.0215	0.8715	0.7938	0.9194	0.9899	1.0325	0.9949	1.0106	0.9877	1.0011	0.9125	0.8768	0.9044	0.8712	0.9758	0.8007	0.9561	1.0515	0.9776	1.0585	0.9705	0.9963	1.0549	1.0425	1.0573	0.9719	0.8740	1.0025	1.1085	0.9701	1.0938	0.9519	0.9949
QG37_03068	0.9795	0.9917	0.8716	0.8637	0.9778	1.0648	0.9921	1.0110	0.9259	0.9790	0.8758	1.1208	0.8911	1.0481	0.8983	0.9141	0.9688	0.9401	0.9607	0.9423	1.0465	1.0137	1.1735	0.9718	0.9717	1.0880	1.0039	0.8471	1.0075	1.0027	0.8969	1.0416	0.9586	1.0179	0.9636	0.9840	1.0533	1.0555	1.0234	1.0422	1.0421	1.0135	0.9600	1.0699	0.9379	1.0583	0.9755	1.1687
QG37_03069	1.0231	0.8912	1.0287	0.9812	0.9775	0.9718	0.9600	1.0008	0.9649	0.7862	0.8769	0.8925	0.8505	0.8713	0.9573	0.9421	0.9521	0.9903	1.0139	0.9078	0.9906	0.9230	0.8302	0.9506	0.8822	0.9407	0.8634	0.7751	0.9721	0.6875	0.9751	0.9829	0.8305	0.9376	0.8926	0.9729	0.9578	1.0486	0.8767	0.9236	0.9747	1.0329	0.8455	0.9795	0.8295	1.0145	0.9053	1.0206
QG37_03070	1.0036	0.9142	0.9467	0.9065	1.0154	0.9810	1.0451	0.9743	0.9638	0.9745	0.9159	0.9359	0.9023	0.9674	0.9836	0.9544	0.9095	0.9563	0.9745	0.9849	0.9718	0.9316	0.9342	0.9108	0.9828	0.9855	0.9804	0.9425	0.9011	0.8894	0.9228	0.9551	0.9399	0.9486	0.9683	1.0340	0.9044	0.9631	1.0101	0.9540	0.9748	0.9304	0.9381	0.9646	1.0184	0.9834	0.9481	0.9772
QG37_03071	1.1366	0.9884	1.1792	1.0536	0.8882	0.8356	0.9826	0.9061	0.9903	0.9537	1.1160	0.7742	1.0140	1.0002	0.9283	0.9381	0.9257	1.0544	1.0158	0.8978	0.9772	0.9040	0.9423	0.8157	0.8421	0.9429	0.9701	0.9535	0.7977	0.9503	0.7997	0.9785	0.8615	0.9577	1.0415	0.8494	0.9650	0.9472	1.0451	1.0031	0.8674	0.8605	1.0827	1.0787	0.8754	0.9579	1.0007	1.1328
QG37_03072	0.9059	0.8699	0.9508	0.8937	0.8290	0.8752	0.9325	0.8865	0.8992	0.9098	0.8511	0.8460	0.8952	0.8988	0.9630	0.9132	0.9041	0.8977	0.9085	0.7966	0.9348	0.9542	0.9167	0.9071	0.8332	0.8385	0.8507	0.9442	0.7789	0.8763	0.8845	0.8508	0.8909	0.9426	0.8852	0.9507	0.8869	0.9692	0.9309	0.8332	0.9797	0.9283	0.9040	0.9756	0.9502	0.9220	0.9390	0.9945
QG37_03073	0.8325	0.8077	0.7607	0.8879	0.7924	0.8207	0.9722	0.8005	0.7141	0.7135	0.7655	0.8091	0.8176	0.8507	0.8120	0.8282	0.7641	0.7401	0.9095	0.8142	0.8165	0.7815	0.7515	0.6461	0.8134	0.7067	0.7782	0.7978	0.7759	0.5177	0.5849	0.8134	0.8973	0.7816	0.8209	0.8583	0.9111	0.8796	0.9059	0.8645	0.8405	1.0580	0.7972	0.9660	0.7718	1.0410	0.8024	0.7654
QG37_03074	0.9730	0.8453	0.8569	0.8762	0.8605	0.8976	0.9540	0.9084	0.8457	0.8929	0.8772	0.8425	0.8304	0.9093	0.8877	0.9403	0.7815	0.7912	0.9634	0.8983	0.9563	0.8594	0.8911	0.7370	0.8167	0.8306	0.9352	0.8106	0.8144	0.7999	0.7468	0.8623	0.9046	0.9286	0.9109	0.9294	0.9554	0.8834	0.8707	0.8674	0.9761	0.9540	0.9147	0.9993	0.9427	0.9883	0.9625	0.9445
QG37_03075	0.7667	0.7607	0.6598	0.6798	0.7518	0.8879	0.9240	0.7722	0.7750	0.7571	0.7448	0.7370	0.8652	0.7681	0.8060	0.8635	0.8569	0.8643	0.8096	0.8380	0.7988	0.9550	0.9116	0.9205	0.7962	0.8093	0.8407	0.7800	0.7883	1.0070	0.8030	0.8062	0.8438	0.9096	0.9271	0.7582	0.9178	0.8398	0.8301	0.8813	0.8673	0.6979	0.7703	0.9439	0.8354	0.8629	0.8262	0.7856
QG37_03076	0.9900	0.9609	0.8196	0.8454	0.8329	0.7938	0.8901	0.9298	0.7900	0.9585	0.9330	0.7731	0.9460	0.9494	0.8797	0.9582	0.8395	0.7547	0.8346	0.7796	0.8261	0.8602	0.8174	0.7789	0.7869	0.8026	0.8020	0.9038	0.7737	0.9324	0.7885	0.8620	0.8170	0.9073	0.9331	0.8234	0.7796	0.9724	0.8556	0.9362	0.9489	0.8578	0.7611	1.0215	0.7888	0.9152	0.9700	0.9900
QG37_03077	1.1495	0.8350	0.7764	0.9297	0.9452	0.9830	0.9213	0.9569	0.7812	0.9801	0.8194	0.8984	0.9572	0.9358	0.9412	0.9245	0.9000	0.9348	0.8495	0.9922	0.9851	0.8773	0.9669	0.7739	0.9072	0.8445	1.0042	1.0243	0.9114	0.8924	0.8975	0.8764	1.0920	0.9596	0.9956	0.6689	0.9231	0.9204	1.0247	0.8823	1.0006	0.9470	0.9080	0.8486	0.9896	1.0552	0.7637	1.0962
QG37_03078	0.5200	0.6203	0.7465	0.4986	0.5570	0.6217	0.5813	0.5409	0.5072	0.6502	0.5424	0.5587	0.6875	0.7136	0.5980	0.6486	0.5171	0.5345	0.6244	0.5669	0.5237	0.6034	0.5803	0.6684	0.5316	0.4329	0.5237	0.5581	0.4061	0.5677	0.5821	0.5787	0.6329	0.6284	0.6679	0.6408	0.5890	0.5571	0.6468	0.5172	0.5560	0.5853	0.6697	0.5915	0.6555	0.7399	0.6738	0.6840
QG37_03079	1.0873	0.7729	0.7537	0.8796	0.8185	0.8299	0.9093	0.7501	0.7549	0.8104	0.7991	0.7788	0.9041	0.9871	0.8910	0.9124	0.7447	0.7621	0.9213	0.8224	0.7960	0.8217	1.0251	0.8590	0.8736	0.7475	0.8449	0.8035	0.6906	0.6826	0.8331	0.7089	0.8452	0.8477	0.9207	0.7627	0.7944	0.7365	0.8758	0.8971	0.9712	0.7483	0.8700	0.7730	0.9818	0.8960	0.8582	0.9068
QG37_03080	1.0138	0.9292	0.8785	0.7764	0.9616	0.8543	0.9217	0.8748	0.9188	0.8777	0.9786	0.9308	1.0083	0.9645	0.8895	0.9282	0.9869	0.8485	1.0328	0.9498	0.9165	0.8962	0.9910	0.9113	0.8499	0.8672	0.8488	0.9347	0.7916	0.7799	0.8360	0.8474	0.9757	0.9349	0.8603	0.9127	0.9183	0.8972	0.8369	0.8744	0.9674	0.9155	0.8539	0.8466	1.0524	0.8566	0.9532	0.9818
QG37_03081	1.0175	1.0708	0.9919	1.0235	1.1361	1.0329	0.9914	1.1558	1.0169	1.1146	1.1601	0.9265	1.1930	1.1314	0.9940	1.0368	1.1025	0.9373	1.0288	1.1504	1.1089	1.1262	1.0057	1.0241	1.0840	1.0742	0.9923	1.0868	0.9306	1.0800	0.8789	1.0619	1.1380	1.0660	1.1494	0.9529	1.0315	1.1286	1.0722	1.0736	1.1253	1.0799	0.9817	0.9899	1.0411	1.1140	1.1262	1.1383
QG37_03082	1.0706	1.0223	0.9877	0.9905	1.0816	1.0415	1.0569	1.0232	1.0527	1.1038	1.1003	1.0215	1.0082	1.0716	1.0227	1.0242	1.0266	0.9779	1.0252	1.1054	1.0216	1.0330	1.0409	1.0247	1.0581	0.9751	1.0527	1.1256	1.0010	0.9309	0.9541	1.0122	1.0741	0.9879	1.0256	1.0676	1.0879	1.0187	1.0255	0.9893	1.0275	1.0368	0.9593	1.0447	1.0858	1.0352	0.9842	1.1280
QG37_03083	0.9588	0.9085	0.9385	0.9881	0.9632	0.8876	0.9478	0.9896	0.9761	0.9920	0.8978	0.8799	1.0022	0.8775	0.9395	0.9809	0.9635	0.9442	0.9578	0.9520	0.8904	0.8568	0.8626	0.9429	0.8327	0.8597	0.8288	0.9300	0.9183	0.6914	0.8811	0.9099	0.9501	0.9161	0.9687	1.0172	0.8389	0.9227	0.9832	0.8560	0.9018	0.9140	0.8703	0.8791	0.8819	0.8880	0.9519	0.8879
QG37_03084	1.0851	1.1032	0.8900	1.1057	1.0362	1.0472	1.2947	1.1844	1.0951	1.0348	1.1728	1.2130	1.1952	1.1441	1.1290	1.1904	1.0409	1.1371	1.1066	1.1166	1.1232	1.2331	1.1441	1.2019	1.1480	1.1819	1.1081	1.1198	1.0927	1.1088	1.0801	1.1511	1.0975	1.1691	1.0389	0.9768	1.1155	1.1032	1.2457	1.0795	1.0335	1.0647	1.1232	1.0817	1.1551	1.0999	1.1087	1.1239
QG37_03085	1.0831	1.1283	1.0894	1.0168	1.0399	1.0876	1.0151	0.9375	1.0191	0.9905	1.0662	0.9392	1.0210	0.9607	0.9996	1.0549	1.0102	1.1096	1.0525	1.0001	0.9462	1.0282	0.9192	1.0186	1.0070	1.0491	1.1286	1.0222	1.0341	1.0752	0.9137	0.9349	1.0180	1.0507	1.0585	0.9492	0.9779	1.1229	1.0384	0.9910	0.9512	1.0243	0.8910	1.0457	1.0466	0.9161	1.0408	0.9910
QG37_03086	1.0030	0.9977	1.0219	1.0219	0.9928	0.9848	0.9528	0.9961	1.0494	0.9656	1.0612	0.9883	0.9434	1.0059	1.0172	0.9975	0.9999	0.9730	1.0519	1.0565	1.0263	1.0497	0.9764	1.0779	0.9568	1.0068	1.0065	0.9834	1.0229	0.8430	0.9806	0.9208	0.9070	1.0500	0.9708	0.9868	0.9742	1.0021	1.0226	0.9432	1.1151	0.9685	0.9854	1.0561	0.9824	1.0177	0.9113	0.9672
QG37_03087	1.1019	0.9095	1.0307	0.8685	0.9387	1.0164	1.0592	1.0574	1.0469	0.9354	0.9913	0.9911	0.8140	0.8096	0.8571	0.8829	1.0412	0.9629	0.9412	1.0195	0.9039	0.9720	1.0854	0.8150	0.8932	1.1187	0.7701	0.8846	0.9374	0.8142	0.9048	0.8641	1.0119	0.7966	1.0181	0.9865	0.9161	0.8416	0.8198	0.9554	1.0504	1.0539	0.8813	0.9688	1.0807	1.1384	0.9946	0.9120
QG37_03088	0.7617	0.6882	0.6458	0.6834	0.7989	0.7929	0.9542	0.7447	0.9185	0.7990	0.8694	0.9084	0.7509	0.7917	0.8297	0.9437	0.6285	0.6883	0.7931	0.5958	0.5990	0.8861	0.8716	0.7788	0.7039	0.7948	0.8027	0.7167	0.6592	0.4332	0.7007	0.6632	0.7396	0.8337	0.9215	0.7555	0.8134	0.9201	0.9193	0.7761	0.7631	0.7590	0.6609	0.8398	0.7036	0.6949	0.8745	0.8493
QG37_03089	0.7869	0.8152	0.8043	0.7620	0.8330	0.9222	0.8990	0.8120	0.8569	0.7297	0.7666	0.7412	0.7849	0.7313	0.7898	0.8797	0.7475	0.7494	0.7526	0.8696	0.7497	0.8701	0.8256	0.8026	0.9063	0.7657	0.8832	0.7575	0.7092	0.6932	0.8806	0.7856	0.7585	0.8441	0.8288	0.7855	0.9090	0.9230	0.8726	0.7460	0.7947	0.8506	0.7545	1.0057	0.8142	0.8683	0.9190	0.8354
QG37_03090	0.9435	0.8621	0.7021	0.9623	0.8707	0.8990	0.8498	0.9242	0.8191	0.8256	0.8089	0.8461	0.8270	0.8345	1.0611	0.9827	0.8562	0.9033	0.9123	0.9590	0.9461	0.9319	0.8409	0.8719	0.9453	0.7967	1.0100	0.8535	0.8563	0.7120	0.7885	0.8918	0.8300	0.8994	0.7770	0.9616	1.0439	0.9414	1.0041	0.9244	0.9224	0.8508	0.8336	1.0208	1.0060	0.8270	0.9132	0.9071
QG37_03091	0.9097	0.9340	0.8597	0.8858	0.9518	0.9201	0.8622	0.8859	0.9251	0.9079	0.9291	0.9290	0.8968	0.9394	0.9625	0.9210	0.8559	0.8248	0.9271	0.8394	0.9533	0.9023	0.8760	0.9552	0.9137	0.8140	0.9113	0.8750	0.8350	1.0773	1.0047	0.8815	0.9424	0.8883	0.9685	0.9702	0.9412	0.9684	1.0080	0.9740	0.9146	0.9369	0.9815	0.9712	0.9437	0.9565	0.9460	0.9952
QG37_03092	0.8639	0.9232	1.0138	0.8860	0.8605	0.9523	0.9711	0.8264	0.9382	0.8671	0.9978	1.1056	0.8011	0.7972	0.9427	0.9879	0.7545	0.9321	0.9084	0.7665	0.9269	0.9256	0.8170	0.9047	0.8665	0.8512	0.9026	0.7353	0.7399	0.8660	0.9249	0.9668	0.8939	0.8793	0.8127	1.0721	0.8916	0.8325	0.9316	0.9409	0.8839	0.8509	0.8749	1.1859	1.0942	0.9365	1.0520	0.9405
QG37_03093	0.9054	0.8275	1.2650	0.8911	0.8869	0.8843	0.8159	0.8311	0.8414	0.8760	0.8654	0.8006	0.8264	0.9145	0.8143	0.8817	0.8679	0.9704	0.8594	0.8905	0.8796	0.9450	0.9323	1.0182	0.9224	0.9216	0.8265	0.7890	0.7213	1.0740	0.8969	0.7950	0.9440	0.8379	0.9293	0.8474	0.8715	0.9302	1.0314	0.8765	0.8645	0.9922	0.9098	1.0199	0.8633	0.8637	1.0294	0.9200
QG37_03094	0.8590	0.8977	0.8452	0.8783	0.8638	0.8784	0.8745	0.8785	0.8746	0.7753	0.8653	0.7860	0.8059	0.8864	0.8664	0.8849	0.8956	0.8457	0.9112	0.8451	0.8720	0.9011	0.8394	0.9249	0.8572	0.7951	0.9075	0.8425	0.8200	0.8327	0.8757	0.8175	0.8873	0.8910	0.8849	0.9347	0.9217	0.9348	0.8859	0.8669	0.9071	0.9238	0.9143	0.9027	0.9303	0.9457	0.9464	0.8906
QG37_03095	1.0211	0.9291	0.9029	0.8788	0.8400	0.9409	0.9053	0.9381	0.9084	0.9578	0.9208	0.8803	0.8556	0.9712	0.9270	0.9212	0.9179	0.9789	0.9246	0.9437	0.9365	1.0064	0.9642	0.9494	0.9538	0.9050	0.9825	0.8977	0.9059	0.8296	0.9864	0.8863	0.9543	0.9694	0.9436	0.8949	0.9359	0.9434	0.9549	0.9864	0.9212	0.9348	0.9327	1.0178	0.8796	0.9030	0.9109	0.9951
QG37_03096	0.8959	1.0163	0.9766	0.9040	0.8673	0.8337	0.9133	1.0054	1.0122	0.9659	0.8961	0.9491	0.9903	0.9766	1.0770	0.9532	1.0459	0.8542	0.9471	0.9587	0.9496	1.0062	1.0879	0.9419	1.0017	1.0537	1.0980	0.9726	0.9777	0.9679	1.0553	0.8668	0.8628	0.9048	1.1168	0.9485	1.0070	1.1798	1.0457	0.9654	1.0070	0.9127	0.9577	0.9361	1.0292	1.0072	1.0561	1.0083
QG37_03097	0.9627	0.9470	0.8764	0.8222	0.8921	0.9523	0.8684	0.9380	0.9975	0.8177	0.9832	0.9005	0.8963	0.9209	0.8597	0.8986	0.8640	0.8857	0.9750	0.8919	0.9030	0.9097	0.8568	0.8004	0.8193	0.8279	0.9089	0.8653	0.7720	0.9439	0.8567	0.8732	0.8802	0.9079	0.8504	0.9410	0.9272	0.9374	1.0367	0.8794	0.8726	0.9153	0.8653	0.8693	0.9116	0.8838	0.8932	0.9110
QG37_03098	1.0525	0.9912	1.0496	1.0365	1.0838	0.9657	1.0485	1.0304	1.0462	1.0716	0.9938	0.9779	1.1096	1.0695	1.0342	0.9791	0.9431	0.9930	1.0608	1.0642	1.0281	1.0786	1.0140	1.0641	0.9714	1.0188	0.9867	1.0723	0.9885	1.0673	0.9877	1.0718	1.0793	1.1438	0.9707	1.0543	1.0689	1.1221	0.9626	1.0298	1.0282	1.1690	1.0336	1.0351	1.1317	1.0882	1.1150	1.0014
QG37_03099	0.9502	0.9604	0.9882	0.8759	0.8905	0.9169	0.9102	0.9396	0.9025	0.8919	0.8421	0.8570	1.0209	0.9129	0.8882	0.8672	0.8376	0.8850	0.9458	0.9512	0.8886	0.9394	0.8921	0.7800	0.7486	0.8160	0.7974	0.8472	0.8534	0.7366	0.8284	0.7660	0.8109	0.9644	0.9273	0.9643	0.9583	0.9258	0.9317	0.8075	0.8361	0.9662	0.8981	0.8898	0.8019	0.7964	0.8162	0.9562
QG37_03100	0.8345	0.8713	0.8117	0.8440	0.9524	0.7868	0.7916	0.6586	0.7811	0.7176	0.9121	0.7345	0.8151	0.7314	0.7424	0.7404	0.9108	0.7421	0.8122	0.8905	0.6893	0.7063	0.8431	0.8229	0.7159	0.7581	0.7395	0.6733	0.7154	0.8784	0.7983	0.8789	0.9010	0.8193	0.7862	0.9077	0.8356	0.7617	0.7616	0.7776	0.8124	0.8532	0.8054	0.6997	0.8781	0.8417	0.8126	0.9788
QG37_03101	0.9470	0.9201	0.9647	1.0960	0.9710	0.8988	0.9674	0.9990	0.7442	0.9881	0.9354	0.9027	0.9078	1.0770	0.9256	0.9612	1.0434	0.9920	0.7238	0.9164	1.0242	0.8499	0.9079	0.8560	0.8689	0.9174	1.0703	0.8123	1.0293	0.9627	1.0819	0.9519	0.0000	0.7331	0.7051	0.6514	0.7566	0.7470	0.7348	0.4809	0.6634	0.6514	0.5474	0.1562	0.2980	0.2758	0.2010	0.2963
QG37_03102	2.0647	2.1617	2.0313	1.8748	2.0724	1.8157	2.2696	2.1564	1.0972	1.9654	2.1905	2.1341	2.1667	2.0681	2.1438	2.0360	1.8623	1.9594	2.0473	2.1064	1.9522	2.0842	2.0989	1.8661	1.9859	1.9683	2.0076	2.1032	1.9914	1.9106	2.0115	1.9695	0.0884	1.1960	1.1956	1.1618	1.3314	1.0803	1.1936	1.1244	1.1694	1.0936	1.1100	1.2603	1.1528	1.4792	1.4102	1.4357
QG37_03103	2.0361	2.2153	2.0793	1.8562	2.1039	2.0703	2.2018	2.0508	1.4285	2.1412	2.0890	2.0265	2.0419	1.8710	1.9189	2.1071	1.9631	2.2457	1.9009	2.1626	2.1543	2.1981	2.2525	1.9931	2.2063	2.0884	1.9424	2.2750	2.1343	1.6554	2.0574	2.0882	0.2106	1.8318	1.7805	1.9425	1.9321	1.3642	1.9502	1.4757	1.8906	1.6591	1.6878	2.1925	2.2279	2.2734	2.0737	2.4509
QG37_03104	2.0251	2.3459	2.0477	1.8106	2.1636	2.0186	1.9878	2.1725	1.1917	2.3264	2.3184	2.2876	2.1012	1.8367	2.1433	2.1097	2.0614	2.2282	2.3128	2.1137	2.0802	2.1524	2.0414	2.1052	2.3840	2.1481	2.3795	2.1094	2.4311	2.6308	2.0536	2.1326	0.2880	1.4616	1.4738	1.5547	1.5979	1.6725	1.6360	1.4321	1.4938	1.5132	1.3091	0.4993	0.5932	0.6254	0.5644	0.6481
QG37_03105	2.0331	2.4232	2.3033	2.3322	2.3291	2.2794	2.1090	2.1702	1.0291	2.5146	2.2906	2.3255	2.1072	2.1178	2.5622	2.1554	1.9124	2.2701	2.3253	2.4993	2.1693	2.2671	2.4144	2.0256	2.2119	2.1228	2.0806	2.3822	2.0330	1.8521	2.0681	2.0582	0.0471	1.3463	1.5052	1.6133	1.4590	1.5196	1.7792	1.4722	1.3814	1.5369	1.6480	0.4657	0.6150	0.6577	0.6145	0.5680
QG37_03106	3.4219	5.8094	5.5043	6.2431	6.1495	6.7007	5.8437	6.5361	3.9317	5.2890	6.8211	5.1517	5.4517	7.1679	6.5961	7.8231	5.9410	5.9881	6.1066	5.4844	7.1956	6.8282	7.9159	6.6473	5.6997	5.9516	6.0542	4.8052	6.0509	5.6881	6.3420	4.9728	4.9452	4.9837	4.7981	5.4440	5.5792	5.9218	4.8960	6.9828	4.7646	3.5926	6.4368	4.3870	3.5823	3.5334	3.8130	3.2124
QG37_03107	4.3320	8.0587	7.5609	9.7537	8.5497	8.1079	8.7348	8.2825	7.2466	7.0222	8.5790	7.5388	7.2739	10.4113	9.3314	9.9475	8.1411	8.9482	9.1766	8.0683	8.1227	8.2960	10.1299	8.6353	8.0482	7.1135	8.0949	6.6049	7.1807	7.9094	8.4425	7.5767	6.6937	8.0411	7.2290	8.1436	7.9781	7.5345	6.8374	9.4311	7.2965	7.6510	9.2847	8.5410	8.2223	7.4303	8.6283	7.4522
QG37_03108	4.5115	8.4613	6.9461	10.4404	8.6747	9.4073	8.7443	9.8423	2.0976	7.8343	9.1377	6.7576	7.5668	11.0424	10.6567	12.4204	9.3842	9.3478	9.9824	7.6748	3.6748	3.3131	11.8962	10.2451	8.7372	8.3531	8.6973	8.0040	8.4626	9.2816	9.8306	8.0030	1.4367	7.6921	6.8800	8.7466	8.4218	7.8098	6.6411	9.7754	7.3660	6.8530	9.1956	7.9511	7.9522	6.9722	7.9954	6.9281
QG37_03109	0.6856	0.5815	0.6877	0.7948	0.6030	0.7982	0.7278	0.8006	1.0692	0.6710	0.6283	0.5686	0.6087	0.7043	0.8758	0.7857	0.5860	0.7733	0.8363	0.6005	0.8380	0.7340	0.8218	0.7669	0.7449	0.6749	0.7894	0.5978	0.6652	0.4680	0.5511	1.1565	0.0000	0.0023	0.0049	0.0000	0.0026	0.0000	0.0030	0.0022	0.0137	0.0063	0.3383	0.2498	0.1634	0.2125	0.2135	0.2846
QG37_03110	2.7972	4.8478	3.5441	7.1919	5.6613	5.2854	2.9277	6.1353	12.5095	4.8033	5.5006	2.7537	3.7832	6.3920	5.8837	6.7985	5.0708	7.6973	7.0407	4.4364	4.7407	4.4788	6.7581	6.0698	5.9716	5.9905	4.8093	4.3200	5.1041	4.9627	5.5701	6.6859	7.1478	7.7466	6.5913	8.0405	7.7865	6.4653	7.2308	8.3103	7.4051	6.5241	9.0090	4.4116	4.2638	4.2489	4.6774	3.9699
QG37_03111	0.9112	1.9791	1.5846	3.0967	2.3559	2.3942	1.2093	2.4632	3.8307	1.9987	2.3407	1.1101	1.6959	2.7387	2.4485	2.8613	2.3083	3.1595	2.9599	1.9009	1.9501	1.8405	2.7859	2.5687	2.0922	1.9909	1.9158	1.7732	2.1678	2.1076	2.3132	2.6415	1.0001	2.2059	2.0174	2.2661	2.1813	1.6293	1.8150	2.3136	2.0524	1.9705	2.9174	1.5140	1.3890	1.5234	1.6125	1.3981
