GENE	CDC_B11096	CDC_B11097	CDC_B11098	CDC_B11099	CDC_B11101	CDC_B11102	CDC_B11103	CDC_B11105	CDC_B11112	CDC_B11113	CDC_B11114	CDC_B11115	CDC_B11116	CDC_B11117	CDC_B11118	CDC_B11119	CDC_B11200	CDC_B11201	CDC_B11205	CDC_B11206	CDC_B11207	CDC_B11208	CDC_B11209	CDC_B11210	CDC_B11212	CDC_B11213	CDC_B11214	CDC_B11215	CDC_B11216	CDC_B11217	CDC_B11218	CDC_B11219	CDC_B11220	CDC_B11221	CDC_B11222	CDC_B11223	CDC_B11224	CDC_B11225	CDC_B11226	CDC_B11227	CDC_B11228	CDC_B11229	CDC_B11230	CDC_B11243	CDC_B11244	CDC_B11245	CDC_B11246	CDC_B11247
QG37_02694	0.6555	0.4199	0.4857	0.3613	0.4125	0.4370	0.4670	0.5484	0.4349	0.4573	0.5718	0.3930	0.4188	0.4671	0.4372	0.5213	0.4926	0.4342	0.4461	0.4930	0.4183	0.4304	0.4836	0.5298	0.4906	0.4330	0.3975	0.4505	0.2921	0.2995	0.4368	0.3622	0.4919	0.2787	0.4390	0.3885	0.3343	0.3092	0.2959	0.3741	0.4391	0.4215	0.3153	0.3258	0.2630	0.3204	0.3266	0.3712
QG37_02695	0.8584	0.7066	0.7648	0.7298	0.7307	0.8534	0.9266	0.7517	0.8057	0.8020	0.9117	0.8429	0.6915	0.8518	0.8271	0.8606	0.7792	0.8176	0.8512	0.8058	0.8016	0.8541	0.7595	0.9362	0.7777	0.6768	0.7893	0.6359	0.6254	0.4789	0.8398	0.6840	0.7323	0.8624	0.7981	0.8447	0.8278	0.7476	0.7849	0.7359	0.8555	0.8047	0.7283	0.7094	0.7537	0.8205	0.6846	0.7579
QG37_02696	0.9454	0.8693	0.8822	0.8813	0.9237	0.9166	0.9596	1.0237	0.8803	0.8856	0.9312	0.7583	0.9263	0.9554	0.7465	0.8584	0.8619	0.8891	0.8226	0.8776	0.9291	0.8079	0.8312	0.8593	0.9209	0.8612	0.8201	0.8719	0.8919	0.8154	0.8842	0.8311	0.8698	0.8212	0.9136	0.9161	0.9956	0.8664	0.9373	0.9062	1.0297	0.8278	0.8772	0.7555	0.8790	0.8903	0.7981	0.8773
QG37_02697	0.9674	0.9899	0.9297	0.9299	1.0539	0.9568	1.0569	0.9603	0.9908	0.9484	0.9899	0.9303	0.9810	0.9403	0.9344	0.9518	1.0053	0.9853	1.0115	1.0188	0.9237	0.9196	0.9674	0.8894	0.9838	0.9203	0.9593	1.0162	0.9865	1.1131	1.0429	0.8767	1.0321	0.9519	1.0496	0.9815	0.9368	1.0127	1.0235	0.9048	0.9259	0.9199	0.8633	1.0663	0.9596	0.9269	1.0228	1.0708
QG37_02698	0.3150	0.5684	0.5712	0.6209	0.5754	0.5378	0.5344	0.7184	0.5027	0.6417	0.5391	0.6845	0.5941	0.5831	0.5534	0.5504	0.5718	0.5636	0.6093	0.5693	0.6187	0.6750	0.5529	0.4752	0.5034	0.4756	0.6232	0.5847	0.5667	0.7135	0.4825	0.5407	0.5675	0.5212	0.5808	0.5091	0.5645	0.5599	0.5190	0.6542	0.6999	0.7070	0.7435	0.5806	0.6020	0.5575	0.5979	0.4924
QG37_02699	0.9404	0.5865	0.5573	0.6827	0.6905	0.6924	0.6841	0.6534	0.6368	0.6541	0.5685	0.6560	0.6141	0.6257	0.6960	0.6245	0.6802	0.5265	0.5842	0.6152	0.6615	0.6775	0.5520	0.6000	0.5855	0.5779	0.5678	0.5602	0.6574	0.6523	0.6402	0.5899	0.5058	0.6783	0.5892	0.5412	0.6043	0.5549	0.6125	0.7095	0.5994	0.7040	0.7256	0.6584	0.5084	0.5456	0.6009	0.5800
QG37_02700	0.9741	0.8319	0.9613	0.7569	0.8281	0.9240	0.9084	0.8458	0.9502	0.8467	0.8892	0.8409	0.8351	0.8602	0.8834	0.9040	0.8914	0.8292	0.8207	0.9298	0.9123	0.8615	0.8934	0.9342	0.9556	0.8970	0.7940	0.9097	0.8096	0.7533	0.9186	0.8461	0.8690	0.8857	0.9416	1.0279	0.8482	0.7763	0.9275	0.8248	0.8604	0.8535	0.7458	0.9593	0.7717	0.8237	0.8953	0.7085
QG37_02701	1.0622	1.0002	1.0578	0.8839	1.0084	1.0636	1.0002	1.0356	0.9852	1.0356	1.0612	0.9529	0.9676	0.9329	0.9222	0.9775	0.8826	0.9758	0.9166	0.8408	0.9276	0.8986	0.9941	0.9387	0.9887	0.9868	1.0819	0.8807	0.8382	0.8912	0.9905	0.9779	0.9102	1.1006	0.9489	1.0354	0.9040	1.0128	1.1561	0.9506	1.0205	1.0109	1.0225	0.9802	0.9102	1.1048	1.0056	1.0293
QG37_02702	1.3327	1.0363	0.9294	0.8759	0.8222	0.8842	1.0468	1.0265	0.9119	0.9213	1.1119	0.9501	0.9864	0.9886	0.8469	0.9852	0.8881	1.0631	1.0739	0.7344	0.9443	0.9940	1.1163	0.9979	0.9021	1.0282	1.0292	0.7676	0.8400	0.9579	1.0099	0.7593	0.9228	1.0767	1.0507	1.1368	0.9759	0.9914	1.0081	1.0266	0.9651	0.8937	0.9772	0.9153	0.9733	1.1033	0.9630	1.0150
QG37_02703	0.8294	0.9103	0.8913	0.8988	0.9475	0.9624	1.1017	1.0176	0.8395	0.8495	0.9435	0.8245	0.9279	0.9412	0.9204	0.9590	0.9035	1.0728	0.9720	0.8861	0.9614	0.8777	0.9226	0.8625	0.8712	0.8780	0.8522	0.7945	0.8911	0.7084	0.9678	0.8993	0.9393	0.9218	0.9096	0.8468	0.8476	0.9575	0.9998	0.8507	0.9427	0.8897	0.9060	0.9839	0.9893	0.9777	0.9220	0.9241
QG37_02704	0.9082	0.9052	1.0049	0.9405	0.8411	0.8457	0.9458	0.7355	0.9854	0.8286	1.0174	0.9366	0.8222	0.9668	0.9252	1.0223	0.8141	0.9667	0.9559	0.9553	0.8700	1.0557	1.0432	0.9676	0.7549	0.8565	0.8897	0.8419	0.9455	0.6811	0.9462	0.9803	0.8101	0.7613	0.8531	0.9219	0.9560	0.9099	0.7833	1.0865	0.9134	0.8896	1.0204	1.0476	0.8884	0.7360	0.8072	0.8910
QG37_02705	0.9683	0.9440	0.8864	0.9138	0.9269	0.9395	0.9155	0.9368	0.9287	0.9295	0.9030	0.8554	0.9353	1.0048	0.9023	0.9740	0.9893	0.9895	0.9934	0.9204	0.9716	1.0080	0.9625	1.0526	0.8834	0.8886	0.8630	0.8640	0.8406	0.8921	1.0514	0.8613	0.9075	0.8515	0.9005	0.9521	0.9207	1.0045	1.0593	0.9953	0.9544	0.9649	0.9324	0.9715	1.0422	0.8978	0.9913	0.9488
QG37_02706	1.0358	1.0437	0.8227	0.9104	0.9587	1.0284	1.0087	0.9842	1.0273	1.0253	0.9864	0.9485	0.9290	0.9393	0.9704	0.9535	1.0213	1.0250	1.0500	0.9933	0.9540	1.0417	0.9982	0.9947	1.0929	1.0319	1.0633	0.9929	0.9622	0.9485	0.9900	0.9606	1.0724	0.9906	1.0211	0.9949	0.9919	1.0125	1.0547	1.0753	1.0474	0.9608	1.0030	0.9949	1.0409	1.0707	0.9857	0.9652
QG37_02707	0.8427	0.7872	0.8834	0.9135	0.8230	0.8571	0.9164	0.8301	0.9351	0.8428	0.8601	0.8360	0.8899	0.8398	0.8572	0.8932	0.8614	0.9836	0.8602	0.8542	0.8257	0.9361	0.8925	0.8698	0.8684	0.8209	0.8495	0.8807	0.8403	0.7545	0.8979	0.7901	0.8557	0.9275	0.8425	1.0223	0.8853	0.9465	0.9884	0.8790	0.8749	0.8735	0.9078	1.0321	0.9370	1.0116	0.8938	0.8848
QG37_02708	0.8749	0.9438	1.0119	1.0420	0.8355	0.9643	0.9214	0.9773	0.9429	1.0380	0.9221	1.0411	0.9030	0.9162	0.9185	1.0389	1.0303	0.9293	0.8817	0.9288	1.0144	1.2250	1.1253	0.8298	0.9370	0.9087	0.9591	0.9369	0.8256	0.9230	0.8628	0.8971	0.9093	0.9814	1.0426	1.0683	0.9708	1.0439	1.1713	1.0214	0.8329	1.0202	0.9903	0.9322	0.9058	1.0196	0.9043	1.0283
QG37_02709	0.9248	0.9644	0.9178	0.8100	0.9095	0.9989	0.9739	1.0485	0.9856	1.0385	1.0734	0.9640	0.8892	0.9868	0.9169	1.0965	1.0248	0.9976	1.0223	0.9283	1.0740	1.0216	0.9767	0.9719	0.9194	0.9901	0.9314	0.9750	0.9831	0.7630	0.8720	0.9801	0.8691	0.9094	1.0996	0.8823	1.0252	0.9382	1.0851	0.9259	0.9480	0.8010	0.8530	1.0018	0.8894	1.0150	0.9188	0.9635
QG37_02710	0.9027	0.8970	0.8819	1.0947	0.9277	0.8130	1.0497	0.9591	0.9912	0.8751	0.9734	0.9918	0.9521	0.9929	0.9650	1.0296	0.9036	0.8161	0.9392	0.8985	0.9305	0.9422	1.0519	0.9708	0.8477	0.9209	0.8413	0.8984	0.8507	0.9185	0.9334	0.8916	0.8890	0.9205	1.0294	0.7321	0.9069	0.9988	0.8529	0.8214	1.0671	0.8477	0.9565	0.8772	0.9566	0.8896	0.9256	0.9813
QG37_02711	0.8701	0.8403	0.8018	0.9336	0.8462	0.8365	0.8919	0.8862	0.7946	0.8531	0.8920	0.8400	0.9576	0.8733	0.8739	0.8444	0.9300	0.8790	0.8348	0.9297	0.8985	0.8193	0.9040	0.8345	0.8588	0.8401	0.7020	0.8257	0.7541	1.1701	1.0799	0.7877	0.8031	0.8622	0.8556	0.8210	0.8159	0.8443	0.8009	0.8838	0.9155	0.8139	0.8875	0.9513	0.8330	0.9151	0.8209	0.8525
QG37_02712	0.9904	0.9496	0.9003	0.9055	0.9558	0.9619	0.9597	1.0125	1.1830	0.8452	0.9560	0.9628	1.0750	1.0903	1.0823	1.0543	1.0627	1.0298	1.0011	0.9466	1.1049	0.9307	0.9292	0.9556	0.8173	0.9867	1.0287	0.9252	0.9243	0.6920	0.9743	1.0929	0.9889	1.0476	0.9826	0.9816	1.0010	0.9014	1.0432	0.9670	1.0019	0.9987	1.0314	0.5671	0.6074	0.7158	0.6918	0.7596
QG37_02713	1.0813	1.0114	1.0340	0.9258	1.1416	1.0966	1.0790	1.0693	1.0189	0.8167	0.8376	0.9788	0.8916	0.8690	0.9690	1.0115	1.0553	1.1004	1.0675	0.9527	1.2226	1.0397	0.9979	0.9043	1.0832	1.0263	0.9537	0.9276	0.9421	1.2167	1.0713	0.8994	1.0588	0.9716	1.0478	1.0854	0.9610	1.0272	0.9494	1.0990	1.0696	0.9703	0.8897	1.0528	0.9496	0.9580	0.8828	1.0569
QG37_02714	1.0862	1.0782	1.0378	1.0917	1.0360	1.0945	1.0548	1.0928	1.0176	0.9405	0.9998	0.9584	1.0303	1.0339	1.0243	1.0840	0.9732	1.0155	1.0168	1.0298	1.0932	0.9583	0.9929	0.9676	1.0332	0.9688	0.9648	1.0204	0.9727	0.9209	1.0175	0.9044	1.0094	0.9847	1.1283	1.0670	1.0043	1.0808	1.1400	1.0182	1.0891	1.0103	1.0710	1.1130	0.9972	1.0162	1.0729	1.0183
QG37_02715	0.8185	0.7320	0.7492	0.8376	0.8704	0.7656	0.8695	0.9005	0.8667	0.7659	0.9079	0.8465	0.9809	0.8666	0.8810	0.7920	0.8669	0.8922	0.9030	0.8617	0.8975	0.8752	0.7942	0.8772	0.7723	0.7915	0.9051	0.7284	0.8170	0.6375	0.7944	0.7730	0.8318	0.7809	0.8424	0.7887	0.7942	0.8685	0.7969	0.8259	0.8857	0.8069	0.8932	0.7760	0.8769	0.9122	0.8997	0.9099
QG37_02716	0.8619	0.8500	0.8187	0.8753	0.8794	0.9309	0.8308	0.9004	0.8207	0.8462	0.8824	0.8185	0.8584	0.9172	0.9178	0.8425	0.8271	0.9141	0.9212	0.8762	0.8495	0.9404	0.9315	0.8897	0.8858	0.8009	0.8585	0.7533	0.8067	0.7245	0.8626	0.8263	0.8415	0.7863	0.9229	0.8520	0.9050	0.9735	1.0344	0.7838	0.8929	0.8334	0.9112	0.9165	0.8918	0.8536	0.9357	0.9531
QG37_02717	0.9320	0.7515	0.7197	0.6907	0.7423	0.8262	0.6796	0.7403	0.8371	0.7824	0.7462	0.7458	0.8715	0.8463	0.7817	0.7532	0.8366	0.7517	0.8287	0.8337	0.7060	0.7887	0.6810	0.6479	0.9581	0.8078	0.9440	0.8276	0.7967	0.9354	0.6185	0.7420	0.9234	0.8385	0.8057	0.8661	0.8646	0.8432	0.8693	1.0185	0.9364	0.8983	0.9575	0.6165	0.5650	0.5896	0.5388	0.6109
QG37_02718	0.9659	0.8611	0.9468	0.9340	0.8711	0.9228	0.9224	0.8856	0.8779	0.8341	0.8687	0.7594	0.9215	0.9330	0.8694	0.8800	0.9025	0.8404	0.9017	0.8911	0.9057	0.8863	0.8803	0.8950	0.9645	0.7979	0.8968	0.8429	0.8055	0.9306	0.8734	0.8384	0.9136	0.9087	1.0017	0.9483	0.8701	0.8548	0.8933	0.8579	0.9243	1.0051	0.8970	0.9648	0.9678	0.9649	0.9057	0.8888
QG37_02719	1.0252	0.9680	0.8552	0.9971	0.9579	1.0472	0.9852	0.9423	1.0481	0.9761	0.9641	0.9352	0.9205	1.0541	1.0105	1.0032	0.9003	1.0195	0.9799	1.0778	0.9989	1.0400	0.9643	0.9623	1.0517	0.9172	0.9264	0.9748	0.9489	0.8575	0.9113	0.9595	1.0428	1.0055	1.0231	0.9701	1.0636	0.9575	1.0583	0.9966	0.9040	0.9332	0.9534	1.0640	0.9873	1.0259	0.9594	1.0782
QG37_02720	1.1847	1.1020	0.9434	1.0010	1.2266	1.1945	1.0033	1.2130	1.3167	1.0258	0.9520	1.1677	1.1135	1.0411	1.0915	1.1272	1.0429	1.1076	1.0319	1.2708	1.1873	1.1046	1.0316	1.2983	1.0963	0.8654	1.2272	1.1928	1.0819	0.9463	1.1463	1.0661	1.1880	1.2496	1.1824	1.1969	1.3027	1.2952	1.0855	1.2724	1.0029	1.2273	1.0337	1.1654	1.0834	1.0453	1.0846	1.0389
QG37_02721	0.9922	1.0077	0.8777	1.0868	1.0348	0.9642	1.0667	1.0565	1.0524	1.2277	1.0547	1.0656	0.9332	0.9705	1.1084	0.8723	0.9732	1.0582	0.9919	1.2220	1.1060	1.1575	1.0313	1.1755	1.1282	0.9313	1.2487	1.0457	0.9396	0.8293	1.1334	0.9143	1.1431	1.1893	0.9148	1.0698	1.0850	1.0604	1.0595	1.0688	1.0854	1.0789	0.9793	1.2853	1.0016	1.0596	1.1543	1.0469
QG37_02722	0.9661	0.9297	0.9632	0.9132	1.0092	0.9956	0.9316	1.0607	1.0422	0.9439	1.0694	0.9851	0.8680	0.9018	0.7619	0.9976	0.9272	1.0168	1.0103	0.8565	0.9049	1.0343	0.9371	0.8199	1.0851	0.8660	0.9748	1.0527	0.8942	0.8709	0.9816	0.9354	0.9292	1.0123	0.8714	1.1715	1.0758	0.8594	0.9713	1.0332	0.8615	1.0316	0.9238	0.9622	0.9932	0.9991	1.0237	0.9307
QG37_02723	0.7677	0.8974	0.7931	1.0245	0.8099	0.8697	0.9438	1.0688	1.0043	0.9749	0.8721	0.9097	1.0120	0.9979	0.9308	1.0141	1.0098	0.8600	0.8245	1.0442	0.9533	0.9122	1.0071	0.8632	0.9063	0.7989	0.8503	0.7562	0.9510	0.7038	0.8312	0.8738	0.8408	0.9399	1.0446	0.8219	0.8935	0.8065	0.7890	0.8859	0.8756	0.7734	0.9052	0.9876	0.8355	0.9047	1.0609	1.0758
QG37_02724	0.9240	0.8510	0.9078	0.8828	0.8813	1.0315	0.9318	1.0404	0.9623	0.9544	0.9713	0.8381	0.9616	1.0423	0.9595	0.9949	0.8860	0.8896	0.9057	0.9047	1.0342	0.9077	0.9770	0.9811	0.9052	0.9564	0.9421	0.9213	0.8476	0.7672	0.9098	0.9091	0.8975	0.9069	0.8878	0.8438	0.9401	1.0347	1.0272	0.9560	1.0098	0.7903	0.9944	0.9375	1.0554	1.0535	1.0149	0.9220
QG37_02725	1.0241	0.9626	0.8814	0.9639	1.0000	0.9635	0.9879	1.0021	1.0293	1.0217	0.9786	0.9398	0.9886	1.0197	1.0049	0.9252	1.0096	1.0213	1.0154	0.9114	1.0258	1.0240	1.0002	0.9642	0.9602	0.9665	0.9582	0.8816	0.9150	0.9172	0.9618	0.9940	1.0093	0.9830	1.0001	1.0049	0.9944	1.0432	0.9867	1.0810	1.0234	0.9993	1.0096	1.0497	1.0039	1.0300	1.0796	1.0405
QG37_02726	0.8142	0.9224	0.8747	0.8343	0.8877	0.9166	0.8663	0.9032	0.8441	0.8771	0.8545	0.8843	0.8567	0.8910	0.9149	0.9084	0.8277	0.9188	0.8758	0.9216	0.8229	0.8835	0.9322	0.8679	0.9270	0.8834	0.7954	0.7642	0.8676	0.9160	0.8412	0.8445	0.8570	1.0287	0.9015	0.7895	0.9508	0.9216	0.8561	0.8743	0.9371	0.9871	0.8821	0.9861	0.9074	1.0464	1.0300	1.0120
QG37_02727	0.8754	0.8270	0.7605	0.8667	0.8293	0.8005	0.7713	0.8486	0.8360	0.8012	0.7465	0.8016	0.8442	0.8487	0.7889	0.8418	0.7570	0.9600	0.8960	0.8265	0.8365	0.7995	0.8303	0.8329	0.8036	0.7367	0.8353	0.7644	0.8014	0.6929	0.8589	0.7538	0.8098	0.7565	0.8148	0.8656	0.9011	0.8800	0.9269	0.8371	0.9751	0.9165	0.8712	0.9883	0.8482	0.9700	0.9031	0.8166
QG37_02728	0.7552	0.7261	0.6550	0.7310	0.8025	0.7421	0.7441	0.8347	0.7625	0.6578	0.7033	0.4547	0.7764	0.6332	0.6403	0.5974	0.7592	0.6838	0.6946	0.6388	0.8631	0.9052	0.6859	0.7149	0.7294	0.5796	0.8049	0.6736	0.7437	0.5614	0.7211	0.5701	0.7051	0.7008	0.6963	0.6871	0.7420	0.6972	0.7397	0.8034	0.9445	0.7762	0.8204	0.7905	0.7803	0.7317	0.7750	0.7298
QG37_02729	1.0032	0.8185	0.7159	0.9596	0.8527	0.8719	0.8004	0.8902	0.9643	0.8891	0.9202	0.8773	0.8462	0.9830	0.8884	0.9528	0.8751	0.9992	0.8350	0.7585	0.9169	0.9017	1.0577	1.0382	0.9486	0.9896	0.8879	0.8376	0.8716	0.9124	0.9692	0.8185	0.8093	0.9056	0.9079	0.9046	0.8058	1.0533	0.8371	0.9833	0.9301	0.9037	0.8424	0.8438	0.7756	0.8388	0.8867	0.8641
QG37_02730	0.9267	0.7786	0.7131	0.7903	0.9839	0.8597	0.8016	0.8986	0.8108	0.8628	0.9083	1.0532	0.7872	0.8800	1.0725	0.9079	0.8814	0.9806	0.8648	0.7142	0.8906	0.9391	0.8782	0.9802	0.9835	0.8514	0.8412	0.8195	0.9502	1.2246	0.9389	0.8802	0.8247	0.8764	0.8886	0.8854	0.9641	0.9408	0.9531	0.9106	0.8397	0.8555	0.8139	0.7661	0.7730	0.7171	0.9060	0.7221
QG37_02731	0.9233	0.8676	0.8284	0.8888	0.9515	0.8897	0.8973	0.9338	0.8807	0.8319	0.9157	0.8295	0.8611	0.9321	0.9825	0.8397	0.8526	0.8838	0.8413	0.8225	0.8983	0.8565	0.8334	1.0089	0.8523	0.8168	0.8806	0.8186	0.7934	0.8406	0.8759	0.8381	0.8289	0.9817	0.9193	0.9947	0.8862	0.9766	0.9473	0.9021	0.9616	0.8646	0.8170	0.9362	0.8715	0.9009	0.9154	0.8490
QG37_02732	0.9975	1.0812	0.9067	1.1400	1.0629	0.9705	0.8112	0.9597	0.9473	1.1019	1.1700	0.9536	0.9077	0.9984	0.9371	0.9700	0.9959	1.0191	0.8991	0.8976	0.9265	0.9789	1.1070	0.9505	0.9425	1.0965	1.0174	0.9997	0.9590	0.9588	0.8930	0.7907	0.8499	1.0879	0.9865	0.9562	0.8605	0.9057	0.6882	0.9977	0.9104	1.0240	0.9182	1.0632	1.1408	0.8771	1.0434	0.8872
QG37_02733	0.2204	0.4984	0.5034	0.4170	0.5223	0.4707	0.4399	0.4866	0.6054	0.4349	0.5070	0.4766	0.3802	0.4992	0.4775	0.4693	0.4329	0.5282	0.4499	0.4009	0.5085	0.4348	0.5177	0.4791	0.4099	0.5301	0.5173	0.4846	0.4650	0.4298	0.4694	0.4665	0.8042	0.4244	0.4995	0.3614	0.4877	0.4886	0.4521	0.5121	0.4639	0.4147	0.4407	0.4233	0.5168	0.4745	0.4703	0.5241
QG37_02734	0.7587	0.7588	0.6854	0.7529	0.7224	0.6756	0.6875	0.7506	0.8541	0.7179	0.6713	0.7663	0.6019	0.7418	0.7339	0.7378	0.6919	0.6327	0.8210	0.7748	0.7544	0.6876	0.7176	0.7414	0.6651	0.6502	0.7918	0.7044	0.7614	0.6232	0.5584	0.7375	0.8346	0.7754	0.7579	0.6286	0.6620	0.6732	0.6632	0.6693	0.7424	0.7536	0.6776	0.7003	0.7577	0.7255	0.7675	0.6998
QG37_02735	0.1785	0.3782	0.3249	0.3166	0.4052	0.4207	0.3681	0.3843	0.4236	0.3921	0.2290	0.4524	0.3154	0.3221	0.3578	0.2388	0.2671	0.3101	0.4353	0.3336	0.4705	0.3568	0.3432	0.4149	0.3685	0.3047	0.3172	0.3350	0.3838	0.4483	0.4949	0.3653	0.4278	0.3701	0.3063	0.2842	0.3950	0.3604	0.3536	0.4532	0.3209	0.3947	0.3417	0.6162	0.7672	0.6864	0.6269	0.6884
QG37_02736	0.6487	0.7082	0.6475	0.5479	0.6255	0.7239	0.5985	0.7043	0.7786	0.6705	0.4886	0.5698	0.5811	0.6707	0.6640	0.4338	0.6567	0.6197	0.7323	0.6250	0.6853	0.7119	0.4958	0.7365	0.6752	0.5852	0.5609	0.6150	0.6478	0.5086	0.6190	0.6190	0.6304	0.7107	0.5698	0.6179	0.6624	0.6273	0.4272	0.6637	0.5809	0.7809	0.6737	0.7189	0.9357	0.9062	0.9400	1.1201
QG37_02737	0.8759	0.8324	0.8634	0.7459	0.8369	0.8607	0.8222	0.8692	0.8753	0.8039	0.7042	0.7647	0.7591	0.8381	0.8857	0.9293	0.8771	0.8860	0.9511	0.7824	0.9447	0.8366	0.8589	0.8597	0.8620	0.8384	0.8759	0.7612	0.6850	0.8821	0.7378	0.8389	0.9607	0.9794	0.8518	0.8670	0.8359	0.8874	0.8674	0.9174	0.8895	0.9073	0.8782	0.8069	0.8567	1.0163	0.9274	1.0543
QG37_02738	0.9139	0.8838	0.9461	1.0226	0.9222	0.9332	0.9709	1.0710	0.9694	0.9281	0.9933	0.8993	0.9131	0.9283	1.0194	1.0485	0.9426	0.9241	0.9362	0.9681	1.0866	0.9681	0.9697	0.9442	0.9056	1.0454	1.0268	0.8283	0.9494	1.0067	1.0053	0.9473	0.9680	0.9623	0.9742	0.9806	0.9946	1.0204	0.9328	1.0269	1.0166	1.1460	1.0102	1.0299	0.9878	1.0450	1.0951	1.1020
QG37_02739	0.7776	0.8478	0.9943	1.0067	0.8524	0.8204	0.8706	1.0268	0.8886	0.9086	0.8623	0.8558	0.9761	0.9289	0.9539	1.0230	0.9842	0.9494	0.9533	0.9173	0.9270	0.9193	0.9272	1.0782	0.8364	0.9777	0.9915	0.8245	0.8091	1.0033	0.8660	0.9570	0.8804	0.8161	0.8569	1.0224	0.9967	0.9371	0.9422	1.0808	1.0210	1.0678	0.9807	1.0362	0.8779	1.0762	1.0192	0.9551
QG37_02740	0.8634	0.7752	0.8498	0.8378	0.9496	0.8617	0.8366	0.8986	0.8305	0.8731	0.8860	0.9368	0.8321	0.9778	0.7982	0.9700	0.9131	0.8831	0.9105	0.8933	0.9029	0.8946	0.8221	0.9165	0.9095	0.8181	0.8876	0.7669	0.8426	0.7284	0.8185	0.8504	0.7757	0.9480	0.9154	0.9129	1.1043	0.9759	0.8620	0.8901	0.9188	0.9120	0.8727	0.8320	0.7770	0.7000	0.7305	0.8165
QG37_02741	1.0947	0.8592	1.0758	0.6608	0.9936	0.8854	0.9357	0.8410	0.9199	0.9171	0.7882	0.9257	0.9651	1.0519	0.8651	1.0126	0.8452	0.8110	1.0076	0.8227	0.9054	0.9152	0.8343	0.9454	0.9385	0.9116	0.9748	0.8943	1.0444	1.0127	0.9169	0.9866	0.8298	0.8692	1.0287	0.9776	0.9359	1.0728	0.8517	0.8792	0.8441	1.1309	0.7490	0.5610	0.6375	0.5117	0.6625	0.5184
QG37_02742	0.8859	0.9387	1.0194	0.6988	0.8716	0.7882	0.9786	0.8373	0.9338	0.8656	0.9580	0.9851	0.8592	0.9512	0.9680	0.7259	0.9721	0.8604	0.9161	0.8171	0.9021	1.0236	0.9059	1.0692	0.8823	0.8831	0.9729	1.0506	0.9863	1.1294	0.9699	1.0155	0.9461	0.9297	0.9510	0.9011	0.9191	1.1454	1.0372	1.0010	0.9051	1.1128	0.8020	0.8089	0.8301	0.9899	0.9750	0.8860
QG37_02743	0.9140	0.8815	0.8706	0.8282	0.8527	0.8924	0.9547	0.9084	0.9101	0.9221	1.0191	0.8398	0.7981	0.8836	0.9654	0.9447	0.9599	0.9542	0.8787	0.7609	0.9608	0.8701	0.9212	0.9247	0.9012	0.9807	0.8913	0.8564	0.8104	0.9703	0.9400	0.9597	0.8857	0.8685	0.8662	0.8883	0.8628	0.8631	0.9133	0.9661	0.8886	0.8273	0.9413	1.0951	0.9966	0.9485	1.0290	0.9716
QG37_02744	0.9411	0.8863	0.8326	0.8962	0.9007	0.8884	0.9557	0.8548	0.8818	0.9131	0.8502	0.8032	0.8409	0.9045	0.9257	0.9672	0.8126	0.8906	0.8896	0.9045	0.8879	0.8818	0.8564	0.8291	0.9706	0.8617	0.8674	0.8670	0.8263	0.7742	0.8875	0.7962	0.9298	0.9347	0.9110	0.9366	0.9461	0.9163	0.8751	0.9198	0.8376	0.8133	0.9578	1.0046	0.8922	0.9505	1.0111	0.8498
QG37_02745	0.6909	0.6933	0.5298	0.6455	0.6450	0.7229	0.7280	0.7139	0.6139	0.6037	0.6301	0.7761	0.6878	0.7543	0.7145	0.7264	0.6744	0.6870	0.7330	0.7746	0.7549	0.7326	0.6571	0.6650	0.7284	0.7461	0.6822	0.5364	0.5580	0.7469	0.7085	0.6631	0.6775	0.5972	0.7352	0.8277	0.7388	0.7548	0.6077	0.6750	0.7651	0.6917	0.6407	0.7566	0.6814	0.7133	0.7713	0.7632
QG37_02746	0.6384	0.6996	0.6017	0.8335	0.6099	0.6287	0.8122	0.8690	0.6798	0.6179	0.7114	0.7252	0.6368	0.6988	0.6484	0.7370	0.7333	0.7117	0.7233	0.7097	0.6298	0.7642	0.8031	0.6544	0.6810	0.6562	0.7767	0.6352	0.7026	0.7105	0.7953	0.7993	0.6506	0.5573	0.6993	0.8153	0.7417	0.8028	0.6101	0.7364	0.7034	0.7182	0.8067	0.7531	0.8083	0.8815	0.6824	0.8624
QG37_02747	0.2286	0.5133	0.3979	0.3549	0.4242	0.3669	0.5032	0.4910	0.3612	0.3939	0.3953	0.3745	0.3335	0.4302	0.4174	0.2871	0.3681	0.3816	0.4394	0.3814	0.4928	0.3700	0.3836	0.4026	0.4436	0.4662	0.4761	0.3646	0.3274	0.3222	0.3257	0.4004	0.5778	0.4111	0.5362	0.3921	0.4727	0.4119	0.4679	0.4007	0.4437	0.4667	0.5097	0.5422	0.7123	0.7077	0.6619	0.6085
QG37_02748	0.9915	0.6482	0.6870	0.5978	0.5773	0.6185	0.5973	0.6087	0.6008	0.6178	0.5316	0.6107	0.5571	0.6086	0.6244	0.4893	0.6018	0.5812	0.6390	0.5850	0.6358	0.6119	0.5706	0.6004	0.5804	0.6084	0.5841	0.6244	0.5040	0.5544	0.6437	0.5901	0.7474	0.6840	0.7041	0.7021	0.7778	0.6756	0.6532	0.6369	0.6744	0.6093	0.6632	0.9221	1.1162	1.0390	0.8778	0.9959
QG37_02749	0.7456	0.7250	0.6171	0.5973	0.6144	0.5735	0.6553	0.6272	0.7210	0.5998	0.6446	0.5591	0.6059	0.7014	0.5789	0.6097	0.7424	0.6420	0.6273	0.6939	0.6497	0.5903	0.5357	0.5983	0.5850	0.6109	0.5904	0.6595	0.6026	0.3804	0.6087	0.5872	0.6675	0.6204	0.7208	0.6515	0.6723	0.6704	0.6078	0.5772	0.6744	0.6255	0.6474	0.7572	0.8257	0.7227	0.7212	0.7566
QG37_02750	0.4941	0.4854	0.4990	0.4781	0.4918	0.4084	0.4309	0.5751	0.5245	0.4247	0.4989	0.4273	0.4381	0.5642	0.4825	0.5964	0.4898	0.4706	0.4652	0.5234	0.5007	0.5867	0.5012	0.4295	0.4679	0.4584	0.4160	0.5010	0.4840	0.3862	0.5056	0.4794	0.5106	0.4709	0.5707	0.6079	0.6673	0.6348	0.6477	0.5437	0.5948	0.5652	0.5651	0.5039	0.4614	0.5109	0.4777	0.5601
QG37_02751	0.8919	0.7551	0.8688	0.6523	0.9525	0.7906	0.7922	0.9168	0.8084	0.6587	0.8021	0.9002	0.7070	0.7967	0.9064	0.8104	0.8326	0.8534	0.9333	0.7752	0.7303	0.6803	0.7877	0.8158	0.8163	0.8710	0.9840	0.8432	0.7161	0.8730	0.8518	0.8531	1.0451	0.8541	1.1043	0.8194	0.9762	0.9604	0.9447	0.8243	0.8520	0.9565	0.9382	0.8319	0.8903	0.8233	0.7705	0.9547
QG37_02752	0.8214	0.9047	0.9248	0.7353	1.0153	0.8474	0.8705	0.7577	0.7741	0.7249	0.8397	0.7289	0.7509	0.7760	0.9347	0.9134	0.8803	1.0513	0.9832	0.9237	0.7891	0.9521	0.9048	0.6754	0.7975	0.8196	1.0682	0.8401	0.8985	0.9276	0.8711	0.8368	1.0901	0.8997	0.9952	0.9551	0.8966	1.0383	0.8533	0.8168	0.9744	0.9311	0.7656	0.8188	0.9323	0.9321	1.0005	0.8536
QG37_02753	0.8729	0.8186	0.8468	0.7414	0.7857	0.8139	0.8592	0.8458	0.8861	0.7710	0.7962	0.7978	0.7782	0.7856	0.8331	0.9450	0.8954	0.9235	0.8769	0.8091	0.8266	0.8538	0.8986	0.7625	0.7944	0.8524	0.9089	0.8475	0.8666	0.6984	0.9100	0.8034	0.8932	0.8890	0.8935	0.9484	0.7569	0.9548	0.8101	0.8311	0.8870	1.0269	0.7197	0.8708	0.8013	0.8831	0.8293	0.7754
QG37_02754	0.9653	0.8232	0.9265	0.8633	0.9212	0.9343	0.9447	0.9774	0.9592	0.9339	0.9452	0.9018	0.8602	1.0490	0.9109	0.9670	0.8953	0.8843	0.9041	0.9331	0.8622	0.8640	0.9292	0.9420	0.8637	0.8940	0.8535	0.9417	0.8634	0.9018	0.8021	0.8514	0.8994	0.9828	0.9111	0.9134	0.9143	0.9816	1.0064	0.9196	0.9614	0.8715	0.9053	1.0043	0.9619	0.9780	0.9203	0.9091
QG37_08411	0.8059	0.7858	0.7773	0.7121	0.8889	0.7107	0.7820	0.7082	0.8350	0.8304	0.6660	0.8046	0.7984	0.9151	0.7496	0.8282	0.6695	0.5886	0.8056	0.6779	0.6888	0.7358	0.6424	0.6744	0.7936	0.7542	0.8136	0.8835	0.6587	1.2201	0.9197	0.7417	0.8154	0.8039	0.8851	0.9102	0.9179	0.7698	0.7987	0.5836	0.7787	0.8071	0.7778	0.7100	0.7992	0.9345	0.8870	0.7444
QG37_02756	0.9600	0.7649	0.9375	0.9281	0.9411	0.9525	1.0587	1.0125	0.9465	0.9510	1.0015	1.0084	0.9918	0.9705	0.8841	0.9869	0.9961	0.9266	0.9648	1.0042	1.0619	1.0234	1.0193	0.9381	0.9061	1.0323	0.9652	0.9770	0.8978	0.8124	0.8892	0.9273	0.9962	0.9667	0.9447	0.9279	0.9397	1.0044	1.0468	1.0004	1.0612	1.0227	0.8867	1.0799	0.8749	1.0615	0.9476	1.0385
QG37_02757	0.9483	0.6736	0.7237	0.8419	0.7634	0.7818	0.7956	0.8244	0.8507	0.7898	0.7885	0.7274	0.8899	0.7467	0.8728	0.8902	0.8063	0.7927	0.8680	0.8240	0.8626	0.8831	0.8518	0.8187	0.7640	0.8837	0.7386	0.7394	0.7517	0.8169	0.8488	0.8163	0.7895	0.7363	0.8783	0.8221	0.9018	0.7686	1.0482	0.7890	0.8351	0.7115	0.7368	0.7891	0.8206	0.9104	0.7775	0.7554
QG37_02758	0.9017	0.8935	0.8033	0.9546	0.9458	0.9795	1.0045	0.9304	0.8571	0.8959	0.7817	0.8864	0.9063	0.9177	0.7978	0.8900	0.8877	0.8993	0.9599	0.9284	0.9545	0.8556	0.8548	0.8284	0.9242	0.9342	0.7839	0.8874	0.8810	0.8912	0.9119	0.7877	0.8641	0.9554	0.8457	0.8626	1.0006	0.9898	0.7945	0.8587	1.0337	0.9175	0.8246	0.9028	0.9751	0.9207	1.1576	0.7646
QG37_02759	0.8601	0.8576	0.8159	0.9089	0.8432	0.8313	0.8633	0.9228	0.8659	0.8738	0.8136	0.8319	0.8158	0.8648	0.8507	0.9348	0.8462	0.8716	0.8401	0.8293	0.8638	0.8482	0.8379	0.8034	0.8540	0.8457	0.8715	0.7803	0.7854	0.8330	0.9035	0.8268	0.8591	0.8449	0.8768	0.8381	0.9321	0.8629	0.8312	0.8869	0.9217	0.8791	0.7967	0.9401	0.8151	0.9435	0.8737	0.8667
QG37_02760	0.8955	0.7307	0.6408	0.5620	0.7478	0.7539	0.8087	0.7535	0.8110	0.7426	0.8538	0.7095	0.6696	0.9781	0.8066	0.8119	0.7000	0.7339	0.8666	0.8693	0.7192	0.7269	0.8103	0.6397	0.5818	0.6865	0.8395	0.7115	0.5417	0.7102	0.7370	0.6776	0.8258	0.7307	0.9542	0.9296	0.7692	0.7094	0.7546	0.8961	0.8917	0.9629	0.7086	0.8257	0.7000	0.8010	0.7196	0.6657
QG37_02761	0.7046	0.8208	0.7509	0.4818	0.9758	0.8381	0.7772	0.7278	0.8711	0.8444	0.6746	0.7694	0.5967	0.8959	0.7386	0.9025	0.8118	0.7310	0.6913	0.7362	0.6492	0.7273	0.7795	0.6559	0.5326	0.6700	0.9574	0.6817	0.5752	0.8139	0.8057	0.7159	0.7277	0.6637	0.8146	0.8597	0.7563	0.6354	0.7715	0.7068	0.6542	0.7396	0.6605	0.7229	0.6619	0.7902	0.7211	0.6071
QG37_02762	0.9113	0.8180	0.7534	0.9098	0.8063	0.8203	0.8007	0.8648	0.7490	0.7512	0.7460	0.7139	0.7443	0.9049	0.7658	0.7749	0.8449	0.8005	0.7983	0.8436	0.8351	0.8239	0.7417	0.6987	0.6810	0.7233	0.7591	0.7156	0.7519	0.6329	0.6652	0.7152	0.8389	0.8209	0.7821	0.8426	0.8489	0.9183	0.7692	0.7496	0.7985	0.7690	0.7411	0.8230	0.7488	0.8120	0.7736	0.7397
QG37_02763	1.0386	0.9657	0.9730	0.8665	0.9560	0.9988	1.0065	0.9794	0.9640	1.0136	0.9745	0.9070	0.9174	0.9993	0.9540	0.9752	0.9451	0.9652	0.9886	1.0334	0.9111	0.9735	0.9503	0.9669	0.9570	1.0070	1.0352	0.9451	0.9601	0.9027	0.9346	0.9473	0.9928	0.9471	0.9310	0.9704	1.0056	0.9713	1.0460	0.9829	1.0873	0.9455	0.9608	0.9177	0.9537	0.9794	1.0063	0.9625
QG37_02764	1.0671	1.1933	1.0972	1.0789	0.8490	1.2731	1.1533	1.1726	1.1845	0.9084	1.0045	1.0556	1.0628	1.0075	1.0067	0.8885	1.0796	1.0640	0.9758	1.0003	1.0018	1.0557	0.9316	1.0303	1.1526	1.1411	1.2504	1.0216	0.9980	1.2376	1.1132	0.8965	0.9836	0.8798	0.9577	0.9889	0.8501	0.9635	0.9379	1.0484	1.0869	1.0291	1.0893	0.9597	1.0353	1.0591	1.0466	1.1114
QG37_02765	1.0435	0.7615	0.7910	0.9975	0.9014	0.9877	0.9912	1.1406	1.0296	0.8657	0.8875	0.8436	0.9993	1.0928	1.0884	0.9387	0.7890	0.8779	0.8653	0.8732	0.9598	0.8109	0.8665	0.9419	0.8691	0.7432	0.8304	0.9167	1.0468	1.0170	0.8901	0.9566	0.9697	1.1232	0.9856	0.9492	0.8575	0.9527	0.9164	1.0528	0.8173	1.0772	0.9693	0.9143	0.8671	0.9635	0.9031	0.9672
QG37_02766	0.9896	1.0110	1.0013	0.8806	0.9317	0.9829	0.9636	1.0643	1.0347	0.9866	1.0004	0.9836	0.9956	0.9650	0.9864	0.9797	0.9139	0.9596	0.9604	0.9734	0.9174	0.9105	0.9407	0.8931	0.9175	0.9844	0.9743	0.9229	0.9167	0.8900	0.8934	0.9834	0.9939	0.9738	1.0642	1.0548	0.9907	1.0241	0.9309	0.9407	0.9375	0.9497	0.9343	0.9992	0.9039	0.9699	0.9561	1.0199
QG37_02767	1.0027	0.9430	0.9638	0.9987	0.8683	0.9964	0.9867	0.9751	0.9396	0.8220	1.0136	0.9140	0.8979	0.9055	0.9372	1.0470	0.8744	0.9176	1.0035	1.0371	0.9097	0.9432	0.9125	0.8582	0.9238	0.8979	0.9414	0.9881	0.8225	0.8175	0.8383	0.8464	0.9668	0.9457	0.8487	0.9929	0.8752	1.0125	0.8728	1.0045	0.9444	0.9175	0.9821	0.9866	0.9647	0.9439	0.9591	0.9502
QG37_02768	1.0021	0.8707	0.9191	1.0933	0.9196	0.9575	0.8625	0.9802	0.9550	1.0172	0.9925	0.8748	0.8557	0.9562	0.8403	0.9946	0.8650	0.9669	1.0895	0.9539	0.7786	0.9609	0.8993	0.8441	0.8566	0.9127	0.9694	0.9592	0.9664	0.8169	0.7259	0.8405	1.0272	1.0411	0.9629	0.9683	0.9160	1.0029	0.8355	1.0073	0.9876	1.0020	1.0358	0.9653	0.9101	0.9916	1.0262	0.9218
QG37_02769	0.9542	0.8850	0.9425	1.0112	1.0152	0.9311	0.9718	1.0535	0.9794	0.8500	0.9831	0.8363	0.8727	1.0668	0.8490	0.9228	0.8814	0.9372	0.9671	0.8962	0.9009	0.9192	0.8656	0.9240	0.9023	0.9139	0.8558	0.9817	0.9256	0.7345	0.7662	0.8207	0.9811	0.9230	0.8984	0.9256	0.7966	0.8929	0.8569	0.8855	0.9885	0.9437	0.8565	0.8702	0.9093	0.9097	0.8683	0.8607
QG37_02770	1.0384	1.0138	1.1763	1.0992	0.9893	1.1148	1.1883	1.0351	1.1390	1.0458	0.9357	0.9631	1.1741	1.0665	0.9380	0.9355	0.8364	1.0261	0.9604	0.9952	0.8506	0.9653	0.9576	0.9969	0.9676	0.9443	0.9791	0.7497	1.0154	1.0961	0.7196	0.8502	0.8578	0.9687	0.9815	0.9378	0.9691	0.9996	1.0745	0.9655	1.0757	1.0758	0.9030	1.0530	1.0930	1.0493	1.0702	0.8898
QG37_02771	1.0828	0.9846	0.9880	0.8958	1.0668	1.0976	1.1423	0.9764	0.9642	0.9232	0.9086	0.9854	0.9964	0.9741	0.9979	0.9468	0.9558	0.9368	0.9061	1.0117	1.1058	0.9347	0.9451	0.9457	0.9444	0.9873	0.9958	0.8376	0.8752	0.7511	0.7923	0.8454	0.9815	1.0162	0.9295	0.9277	0.8585	1.0447	0.9467	0.8973	1.1406	0.9876	0.9710	1.0055	0.9657	0.9255	0.9707	0.9259
QG37_02772	1.0544	0.7183	0.9786	0.8497	0.9455	0.9972	0.9725	0.8963	0.9874	0.8809	0.8795	0.9485	0.8803	0.9235	1.0586	0.9269	0.9399	0.9040	0.8480	0.8479	0.9297	0.8931	0.9767	0.9205	0.8396	0.8922	0.8512	0.8150	0.7815	0.5493	0.8407	0.8377	0.8563	0.8988	0.8760	0.9359	0.8502	0.8901	0.8914	0.9200	1.0090	0.8083	0.8305	0.9132	0.8353	0.8087	0.8735	0.8864
QG37_02773	0.9935	1.0550	0.9907	0.7327	1.0175	0.9780	1.0496	1.0671	1.0254	1.0380	0.9882	0.9821	1.0677	1.0619	0.9173	0.9991	0.9754	0.9428	1.0202	1.0004	1.0259	1.0125	0.9761	1.0280	0.9447	0.9535	0.9203	0.9156	0.9521	0.8724	0.9057	0.8744	0.9972	0.9979	0.9419	0.8833	0.9657	0.9187	0.9589	1.0198	0.9853	0.9693	0.8347	0.9950	0.8698	0.9776	1.0864	0.9262
QG37_02775	1.0788	1.0453	0.9434	1.0742	0.9758	1.1174	1.0946	1.0386	0.9789	1.0728	1.0176	0.9347	1.1082	1.0749	0.9458	0.9256	1.1088	1.1335	1.1445	1.1168	1.0034	0.9727	1.0754	1.2289	1.1405	1.0038	0.9628	1.0099	1.1360	0.8988	1.0093	0.8929	0.9890	1.0405	1.0079	1.0880	0.9760	1.1428	0.9181	1.1438	1.1092	0.9719	0.9246	0.8672	1.0671	0.9248	1.0548	1.1249
QG37_02776	0.9776	1.0405	0.9996	0.8925	1.0861	1.0150	0.9480	1.0134	0.9645	0.8376	0.9344	0.8986	0.9983	0.8647	1.0166	1.0295	0.8465	0.9185	1.0073	0.7772	0.9983	0.9803	0.9879	0.9884	1.0397	0.8824	0.9109	0.9573	0.9539	0.8118	0.9641	0.8195	0.9073	1.0312	1.0336	0.8312	0.8251	1.0449	0.9396	0.9162	0.9976	0.9857	0.8460	0.9526	0.9496	1.0166	1.0015	1.0581
QG37_02777	0.5515	0.5328	0.5774	0.4651	0.6173	0.6634	0.5193	0.4794	0.5119	0.5437	0.5480	0.4615	0.5244	0.5069	0.5065	0.6155	0.4961	0.5428	0.5048	0.5523	0.4765	0.4773	0.5000	0.4796	0.6292	0.5049	0.5319	0.4981	0.4862	0.4038	0.5441	0.5375	0.5629	0.5381	0.4465	0.5437	0.5398	0.5973	0.5004	0.5587	0.4925	0.5309	0.4676	0.5749	0.6076	0.6130	0.5630	0.6664
QG37_02778	0.8809	0.9144	0.8909	0.8136	0.9065	0.9873	0.9860	0.9071	0.9097	0.9211	0.8302	0.8009	0.9202	0.9676	0.9934	0.8879	0.9027	0.9377	0.9033	0.8847	0.9944	0.9497	0.9629	0.9680	0.8589	0.9516	0.8624	0.8508	0.9285	0.7717	0.8887	0.9111	0.9133	0.8739	0.8576	0.9246	0.8427	0.9579	0.8989	0.8956	0.9385	0.8764	0.9561	1.0520	0.8190	0.9632	0.9141	0.8620
QG37_02779	0.8077	0.8075	0.8087	0.7783	0.8688	0.9010	0.7545	0.8237	0.8342	0.7498	0.7433	0.7830	0.7655	0.9060	0.7425	0.9292	0.8503	0.9031	0.8460	0.7712	0.9393	0.8641	0.8674	1.0335	0.7158	0.7606	0.7868	0.6549	0.7760	0.6957	0.7445	0.6453	0.7915	0.8875	0.8508	0.9452	0.7930	0.8598	0.8932	0.8159	0.8619	0.8401	0.8825	0.9445	0.8896	0.9113	0.8425	0.8547
QG37_08412	0.9835	0.9047	0.8982	1.0057	0.7690	0.9728	0.8368	0.8154	0.8752	0.7987	0.8403	0.8675	0.7862	0.9960	0.9259	0.9526	1.0364	0.9594	0.9075	0.8276	0.9221	0.8455	0.7860	1.0802	0.7740	0.7725	0.9956	0.7422	0.6758	0.6866	0.8180	0.7900	0.6770	0.9452	1.0513	0.9449	1.1254	1.0365	1.0006	1.0318	1.0184	0.8491	0.8272	0.9602	0.9841	0.8539	1.0100	0.7875
QG37_02780	0.9830	0.7999	0.8864	0.9031	0.7053	0.8890	0.8803	0.8964	0.8716	0.9249	0.8179	0.9173	0.7884	0.8927	0.9129	0.9700	0.9265	0.9187	0.8236	0.7713	0.9034	0.8320	0.8504	0.9128	0.8854	0.7746	0.7951	0.8152	0.8091	0.8036	0.8136	0.7628	0.8528	0.9130	0.9645	0.9689	0.9759	1.0169	0.8749	0.9316	0.9504	0.8217	0.9026	0.9017	0.9614	0.8247	0.9851	0.8030
QG37_02781	0.9130	0.8471	0.7744	0.8748	0.8775	0.7971	0.9084	0.8767	0.7883	0.7801	0.7604	0.8024	0.7670	0.9057	0.9062	0.8200	0.9095	0.9415	0.9155	0.8464	0.8965	0.9117	0.9703	0.8272	0.9263	0.8427	0.8331	0.8877	0.7894	0.8500	0.8548	0.8248	0.8292	0.8648	0.9151	0.8141	0.8148	0.8575	0.9001	0.8515	0.9055	0.8665	0.9624	0.9194	1.0127	0.9329	0.9364	0.8842
QG37_02782	0.7260	0.7862	0.9373	1.0022	0.8819	0.9153	0.6689	0.9315	0.9405	0.7027	1.0478	0.8354	0.9068	0.9544	0.8717	0.7410	0.8696	0.9456	0.9312	0.8663	0.7610	0.8289	0.9439	0.9077	0.9844	0.9287	0.8963	0.8361	0.7450	1.0591	0.8980	0.9437	0.8806	0.8956	0.9226	0.9294	0.8355	0.7222	1.0581	0.9286	0.8948	0.7893	0.8752	1.0300	0.8902	0.9189	1.0061	1.0702
QG37_02783	0.9463	0.9298	0.9705	1.0020	0.9408	0.9333	1.1181	0.9647	1.0793	1.0623	0.9923	0.9006	0.9278	0.9229	0.8891	1.1077	0.8062	0.9919	0.8281	0.9087	0.8583	0.8646	0.8321	0.9766	0.9510	1.0348	0.9615	1.0398	0.9046	0.9124	1.0226	1.0049	1.1878	0.9338	1.0215	0.9698	1.0294	0.8948	1.1776	0.8698	0.8458	0.8929	0.7181	0.9796	0.9080	0.9046	0.7781	0.8473
QG37_02784	0.8957	0.9042	0.7779	0.7345	0.8777	0.8187	0.7324	0.8254	0.8200	0.8469	0.7024	0.8177	0.8348	0.8052	0.8148	0.8203	0.8507	0.8748	0.7946	0.7653	0.8405	0.8752	0.8996	0.8994	0.8336	0.7779	0.8001	0.8226	0.7728	0.7818	0.7600	0.7499	0.8840	0.7517	0.8962	0.8617	0.8607	0.8598	0.9682	0.7657	0.8682	0.8202	0.7831	0.9186	0.7311	0.9646	0.7566	0.8302
QG37_02787	0.9511	0.7733	0.9651	0.9766	0.8165	0.8858	0.9515	0.9512	0.8679	0.9475	0.8122	0.7980	0.9298	0.9355	0.6848	0.9170	0.8113	0.9286	0.8640	0.9458	1.1069	0.7964	0.8395	0.8027	0.9185	0.8689	0.9864	0.7050	0.7531	0.6263	0.8524	0.7985	0.9128	0.8400	1.0576	0.8890	0.8771	1.0576	0.8341	0.7881	1.0581	0.8639	0.8255	1.2272	0.8777	1.0391	0.9223	0.8712
QG37_02788	0.9067	0.9079	0.8936	0.8043	0.8632	0.9031	0.9288	0.9695	0.9473	0.8712	0.8841	0.8238	0.8815	0.9007	0.8721	0.9761	0.8806	0.9116	0.8648	0.9279	0.9727	0.9102	0.9290	1.0027	0.8546	0.9006	0.8542	0.7852	0.8602	0.7742	0.8188	0.8809	0.8663	0.9003	0.9300	0.8741	0.8523	0.9044	0.9092	0.8583	0.9311	0.9765	0.9479	0.9360	0.9434	1.0138	0.9234	0.9264
QG37_02789	0.8283	0.9204	0.6638	0.9307	0.8054	0.8462	0.8383	0.7874	0.8822	0.8064	0.8541	0.7573	0.9379	0.8365	0.8846	0.9437	0.7745	0.8063	0.9286	0.8022	0.9511	0.8169	0.8559	0.9764	0.7838	0.8432	0.8027	0.7190	0.7466	0.9091	0.7364	0.8517	0.7730	0.8438	0.8934	1.0037	0.8837	0.8799	0.8575	0.9600	0.8428	0.9311	0.7552	1.0463	0.8246	0.8790	0.8535	0.9099
QG37_02790	1.0642	0.9227	0.9922	0.9033	1.0060	0.8325	1.0856	0.8626	0.8840	0.7956	0.8768	0.8704	0.8365	0.8709	0.8441	0.8462	0.9204	0.8311	0.8988	0.8257	0.9361	1.0361	1.0414	0.9257	0.8102	0.9127	1.0745	0.9052	0.8453	1.0076	0.9781	0.9255	0.9485	0.9121	0.9364	0.9343	0.9759	1.0823	0.7604	0.9232	0.8844	0.9544	0.8210	1.1042	1.0209	1.1646	0.8864	1.0377
QG37_02791	0.9310	1.0616	0.8732	0.8772	0.9346	0.8925	0.8154	0.9331	0.8778	0.8786	0.8313	0.9543	0.9710	0.9747	0.9332	0.8504	1.0110	0.9757	1.1457	0.8257	1.0293	1.0243	0.9849	0.9360	0.9359	0.9693	1.0027	1.0187	0.9547	0.8800	0.9478	0.9250	0.9892	0.9913	1.0116	0.9669	1.2180	0.8625	1.1396	0.9758	1.0499	0.8888	1.0223	1.0473	1.0041	1.0141	1.0164	1.1092
QG37_02792	0.9410	0.9238	0.8591	0.9430	0.9770	0.8965	0.9757	0.8763	0.9111	0.9841	0.9865	0.9651	0.9113	0.9240	0.9963	0.9290	0.9288	0.9777	0.9622	0.9383	0.9211	0.9656	0.9396	0.9737	0.9099	0.9235	0.9062	0.8847	0.8516	0.7915	0.9069	0.8152	0.9770	0.9530	0.8918	0.9213	0.9277	0.9589	0.9617	0.9883	0.9524	0.9235	0.9835	1.0124	1.0815	0.8900	0.9946	0.9722
QG37_02793	0.9256	0.8811	0.7804	0.9579	0.7989	0.7868	0.8359	0.7911	0.7519	0.8343	0.8553	0.8507	0.8459	0.8553	0.8663	0.8338	0.8986	0.8904	0.8425	0.8346	0.8591	0.8949	0.8237	0.9149	0.8685	0.9189	0.8095	0.8414	0.8385	0.8530	0.9884	0.8511	0.7490	0.9465	0.7337	0.8855	0.9076	0.8698	0.8097	0.8543	0.7671	0.7133	0.7088	0.8275	0.7775	0.9734	0.8529	0.8465
QG37_02794	0.9276	0.6573	0.6771	0.7048	0.6879	0.5947	0.5870	0.7642	0.5748	0.7526	0.5963	0.6123	0.7111	0.6958	0.6561	0.7506	0.7010	0.6144	0.6062	0.6607	0.6202	0.7176	0.7082	0.7932	0.6434	0.7878	0.5304	0.6866	0.5696	0.7481	0.7412	0.7168	0.5714	0.4749	0.6082	0.5370	0.5992	0.4782	0.5538	0.5480	0.4997	0.4822	0.5994	0.1950	0.2429	0.2536	0.2216	0.2357
QG37_02795	0.8543	0.8953	0.9026	1.0663	0.8731	0.8880	0.8063	1.0415	1.0309	0.9290	0.9721	0.9233	1.0601	0.8671	1.0201	1.1165	0.8554	0.8968	0.8757	0.8200	0.8867	0.8736	0.9958	0.8123	0.9272	0.8311	0.9064	0.8948	0.7634	0.9366	1.0632	0.9045	0.9190	0.9314	0.9691	1.0314	0.8435	1.0328	0.9842	0.9558	0.7968	0.8748	0.9042	0.7531	0.7264	0.8351	0.7362	0.9419
QG37_02796	0.8801	0.6529	0.6281	0.6521	0.7156	0.6538	0.7880	0.6086	0.5889	0.7525	0.7630	0.7346	0.6378	0.7600	0.6661	0.7970	0.7053	0.7174	0.8233	0.5817	0.6754	0.7850	0.7905	0.7274	0.7039	0.7052	0.6527	0.7244	0.6596	0.5289	0.7764	0.7454	0.6360	0.7272	0.8603	0.7113	0.7471	0.7617	0.7887	0.7188	0.7319	0.7192	0.6806	0.8310	0.6904	0.6591	0.6410	0.6259
QG37_02797	0.9072	0.7273	0.9409	0.6778	0.7592	0.8469	0.8503	0.8185	0.9118	0.7685	0.9535	0.9127	0.7470	0.8228	0.6465	0.7133	1.0056	0.8597	0.7970	0.6850	0.8320	0.7501	0.8022	0.6775	0.6680	0.6827	0.7728	0.6884	0.6831	0.6178	0.6132	0.7251	0.5496	0.8163	0.7783	0.6689	0.7022	0.7249	0.7878	0.9022	0.6916	0.7496	0.6634	0.4776	0.4682	0.6560	0.6038	0.5672
QG37_02798	0.7875	0.8227	0.9384	0.7511	0.7133	0.7761	0.7782	0.8622	0.9482	0.7145	0.8968	0.7307	0.8158	0.9582	0.9219	0.8701	0.8326	0.8025	0.7946	0.9068	0.9763	0.8469	0.7265	0.8290	0.9207	0.8886	0.8497	0.8198	0.7369	0.6366	0.7791	0.7966	0.7982	0.7299	0.8181	0.9205	0.6577	0.9009	0.8226	0.8836	0.8084	0.8177	0.7591	0.9263	1.0036	0.9571	0.8957	0.8964
QG37_02799	0.8440	0.7484	0.8510	0.8154	0.7823	0.8297	0.8167	0.8632	0.8119	0.7826	0.8168	0.7995	0.7467	0.9151	0.8186	0.8698	0.7992	0.8360	0.7913	0.7668	0.8351	0.8566	0.7804	0.7344	0.8519	0.8295	0.8130	0.7881	0.8000	0.6299	0.9460	0.7993	0.9092	0.9147	0.8685	0.7223	0.8721	0.8867	0.8045	0.8890	0.8403	0.8134	0.7840	0.9051	0.8522	0.8611	0.9459	0.8025
QG37_02800	0.8089	0.8443	0.8126	0.9766	0.8488	0.8194	0.9060	0.8455	0.8977	0.8252	0.8102	0.8088	0.7821	0.9595	0.9181	0.9865	0.8662	0.9272	0.9604	0.8120	0.9285	0.8991	0.9414	0.9046	0.9885	0.8089	0.9017	0.8791	0.7468	0.6981	0.8031	0.7871	0.8959	0.8782	0.9183	0.9558	0.8760	1.0190	0.9285	0.8403	0.8744	0.8787	0.8241	0.9552	0.8125	0.9560	0.8913	1.0661
QG37_02801	1.0758	0.8717	0.6747	0.7319	0.6772	0.7706	0.8474	0.8753	0.8365	0.9782	1.0163	0.8578	0.8620	1.0297	0.7726	0.9473	0.7950	0.8869	0.9239	0.9480	0.9152	0.9051	0.9387	0.8178	0.8189	0.7787	0.9014	0.8458	0.8537	0.9060	1.0681	0.9084	0.6961	0.8965	0.8858	0.7821	0.7729	0.8291	0.7902	0.6997	0.8359	0.8454	0.8402	0.8376	0.8426	1.1437	1.0069	0.9523
QG37_02804	0.8639	0.8077	0.6739	0.8414	0.8221	0.8033	0.8100	0.7642	0.8047	0.7269	0.7525	0.7766	0.7605	0.9230	0.8604	0.8600	0.8175	0.7746	0.7709	0.7913	0.9461	0.8482	0.8511	0.7098	0.8475	0.8398	0.8533	0.7519	0.7219	0.6563	0.8218	0.7226	0.7450	0.8639	0.8824	0.8580	0.8420	0.9188	0.8742	0.7613	0.8245	0.8761	0.8487	1.0680	0.9045	0.8652	0.8991	0.9123
QG37_02805	0.7053	0.7001	0.6997	0.6660	0.7779	0.7247	0.8287	0.7834	0.7701	0.5822	0.5891	0.7422	0.6802	0.7300	0.7774	0.7475	0.7912	0.7614	0.8253	0.6772	0.7980	0.7258	0.8524	0.7863	0.7416	0.7087	0.7746	0.6939	0.6828	0.7339	0.6640	0.7217	0.7400	0.8353	0.7522	0.8104	0.7307	0.8325	0.8326	0.7864	0.7959	0.7875	0.7699	0.9762	0.7304	0.8385	0.7846	0.7864
QG37_02806	0.8873	0.8366	0.8177	0.7375	0.9552	0.7360	0.8791	0.9141	0.9671	0.8775	0.8928	0.8049	0.7253	0.9887	0.7900	0.8725	0.9111	0.9107	0.9129	1.0041	0.9004	0.9157	0.9357	0.9369	0.8735	0.8183	0.8779	0.9280	0.7776	0.7223	0.8948	0.8253	0.8107	0.9318	1.0509	0.8334	0.8813	1.0784	0.9876	0.9468	0.9411	0.8830	1.1471	0.9975	0.9977	0.8814	0.9764	0.8719
QG37_02807	0.9517	1.0238	0.9089	0.9335	0.9141	1.0409	0.9956	0.9208	1.0410	0.9970	1.0441	0.9881	0.9406	0.9825	0.9202	0.9317	0.9219	0.9670	0.9526	0.9530	1.0329	0.9759	0.9782	1.0607	1.0568	0.8907	1.0106	0.9522	0.8379	0.7514	1.1012	0.9608	0.9096	0.9025	1.0429	0.8849	1.0595	0.8644	0.9315	0.9863	1.0392	0.9929	1.0121	1.1206	0.9590	1.1544	1.1340	0.9809
QG37_02808	1.0894	0.9083	0.9702	0.9974	0.9515	0.8879	0.9889	0.9670	0.9476	1.1727	0.9865	1.0209	0.8959	0.9378	1.0927	1.0936	0.9686	0.9451	0.9434	1.0495	1.0071	0.9245	0.8868	1.2161	0.8455	1.0792	1.0422	0.9045	0.8575	0.9642	0.9773	0.9368	0.8667	0.8133	1.1106	1.0523	1.0571	0.9363	1.0132	1.0439	1.0959	0.8754	0.9225	1.0797	1.1699	1.0574	0.9377	1.0448
QG37_02809	0.9453	0.8633	0.9585	0.9832	0.9857	0.9198	0.9080	1.0189	0.9230	0.9217	0.9590	0.9925	0.9180	0.9993	1.0698	0.9716	0.9902	1.0652	0.9714	0.8905	0.9902	0.8851	1.0763	0.9727	0.9167	0.9394	1.0454	0.9823	1.0120	0.9327	0.9623	0.9491	0.8724	0.9962	1.0533	1.1707	1.0326	0.9446	1.0229	0.9510	0.9805	0.9760	0.9687	1.0645	1.0697	1.1107	0.9951	0.9959
QG37_02810	0.8788	0.7713	0.8107	0.8189	0.8685	0.8242	0.8535	0.8747	0.8761	0.7396	0.8658	0.8492	0.8568	0.8921	0.8126	0.8730	0.8759	0.8674	0.7903	0.8179	0.8926	0.8649	0.8702	0.8923	0.8786	0.7516	0.8932	0.7880	0.7991	0.7314	0.7239	0.8259	0.8101	0.8805	0.9237	0.8500	0.8687	0.9069	0.8886	0.8973	0.8661	0.8376	0.8819	0.9211	0.8062	0.8926	0.8891	0.8991
QG37_02811	0.6978	0.6735	0.5846	0.6214	0.7733	0.7230	0.6252	0.8073	0.8872	0.6712	0.7100	0.7170	0.7811	0.7878	0.6198	0.7555	0.7286	0.8506	0.7677	0.6966	0.7415	0.7188	0.8792	0.7412	0.7701	0.7041	0.7517	0.7085	0.7192	0.4610	0.7110	0.6833	0.7403	0.6708	0.6698	0.6889	0.7765	0.7328	0.7281	0.7846	0.7446	0.6707	0.7809	0.8075	0.8764	0.7151	0.6263	0.7528
QG37_02812	0.5606	0.7636	0.7010	0.8431	0.7026	0.7249	0.7962	0.7411	0.7468	0.7700	0.7492	0.7740	0.7496	0.6670	0.6406	0.7997	0.6361	0.7445	0.8189	0.8321	0.7709	0.7619	0.7312	0.7359	0.7326	0.8072	0.7985	0.8275	0.7996	0.5899	0.6917	0.7228	0.7640	0.5717	0.7406	0.6335	0.7324	0.6502	0.7822	0.7036	0.6048	0.6285	0.6629	0.6725	0.7949	0.5670	0.7187	0.8926
QG37_02813	0.9931	0.9052	0.9818	1.0416	0.9723	0.9736	0.9080	0.9710	0.9036	0.9009	1.0423	0.8921	0.9760	0.8783	0.9703	1.0044	0.9318	0.8967	1.0331	1.0576	0.8775	0.9607	0.8985	1.0098	0.9081	0.9116	0.9614	0.9823	1.0634	0.5708	1.0278	0.8457	0.9939	0.8719	0.9585	0.8746	1.0073	0.8749	0.9508	0.8096	0.9511	0.8373	0.8673	0.9161	0.8787	0.7469	0.9163	1.0612
QG37_02814	0.9608	0.9781	0.8564	0.7794	0.9594	1.0040	1.0316	1.0491	1.0086	1.0071	1.0033	1.0294	1.0067	0.9476	0.9832	1.0358	1.0146	1.0032	1.0041	0.9955	1.1357	1.0615	1.0122	1.1359	0.9123	0.9062	0.9354	0.9832	0.9394	1.1082	0.8546	0.8464	0.9675	1.0612	1.0506	0.9714	0.9486	0.9893	0.9827	0.9793	0.8804	0.9641	0.8901	1.0458	0.9490	0.9867	1.0482	0.9799
QG37_02815	0.9890	0.9438	0.8885	0.8770	0.9224	1.0065	0.9400	0.9074	0.9855	0.9097	0.9252	0.9137	1.0090	0.9389	0.9326	0.8758	0.9729	0.9612	0.8491	0.9273	0.9141	0.9586	0.9938	0.9424	0.9135	0.9043	0.9362	0.8841	0.7559	0.9606	0.9203	0.8729	0.9488	0.9711	0.9652	0.9048	1.0184	0.9809	0.9811	0.9036	0.9949	0.9523	0.8483	1.0089	0.8351	0.9998	0.9213	0.9475
QG37_02816	0.9559	0.9936	0.9718	0.9345	0.9810	1.0143	0.9796	0.9430	1.0064	0.9757	1.0318	1.0129	0.9849	0.9454	0.8748	0.9753	0.8796	0.9930	0.9481	0.9545	0.9622	0.9558	0.9395	0.9912	1.0047	0.9361	0.9921	0.9580	0.8915	0.9751	0.9231	0.9135	1.0333	0.9322	0.9637	0.9943	0.9535	0.9526	0.9608	1.0144	1.0321	0.9533	0.9554	1.0778	1.0076	0.9607	1.0583	1.0156
QG37_02817	0.9661	0.9398	0.9483	1.0515	0.9545	1.0684	1.0167	1.0120	0.9334	1.0855	0.9375	0.9357	0.9809	0.9972	0.9492	0.9628	0.9757	0.9456	1.0274	0.9089	1.1098	1.0160	1.0665	0.9869	0.9507	0.9035	1.1089	1.0647	0.9432	0.9227	1.0497	0.9460	1.0335	0.9897	0.8809	0.9940	0.9680	0.9677	1.1028	0.9929	0.9173	0.9585	0.8275	1.0716	1.1211	0.9983	1.1824	1.0699
QG37_02818	0.8649	0.8175	0.8524	0.8170	0.9254	0.9042	0.9450	0.9710	0.9422	1.0051	0.9577	0.7589	0.9040	0.9146	0.8819	0.9735	0.8873	0.9451	0.9842	0.9345	0.8890	0.9360	0.8673	0.8127	0.9497	0.8750	0.8767	0.8627	0.8556	0.9445	0.8239	0.8748	0.9954	0.9030	0.9031	0.8982	0.9111	0.9542	1.0070	0.9071	0.9756	0.9344	0.9683	0.9192	0.9426	0.9602	0.9438	1.0002
QG37_02819	0.9711	0.8506	0.9072	0.8838	0.8644	0.9556	0.9216	0.9992	0.9048	0.8692	0.9866	0.9372	1.0276	1.0085	0.8751	0.9801	0.8698	1.0039	0.9278	0.9266	1.0333	0.9504	0.8934	0.9638	0.8807	0.9209	0.9532	0.8774	0.8431	1.0127	0.8210	0.9634	1.0385	0.8983	0.8823	0.9434	0.9363	1.0110	0.8986	0.8699	0.9216	0.8158	0.8954	0.8241	0.8953	0.8831	0.8767	1.0157
QG37_02820	0.9961	0.9311	0.9556	0.9872	0.8855	0.9867	1.0720	0.9324	1.0082	0.8364	1.0203	0.9875	0.9539	0.9499	0.8724	1.0219	0.9203	0.8678	0.9576	0.9186	0.9348	0.9060	0.9663	0.9611	0.9236	0.9511	0.9032	0.9140	0.8864	0.8718	0.9090	0.9873	0.9488	0.9643	0.9459	0.9871	1.0779	0.9052	1.0315	0.9121	1.0141	1.0998	0.9478	1.0703	0.9973	0.9995	0.9980	1.0035
QG37_02821	0.9780	0.8850	1.0176	0.9190	0.8841	0.8148	1.0233	0.9862	0.8816	0.9321	0.9484	1.0214	0.9055	0.9010	0.9074	0.8833	0.9833	0.9525	0.8997	0.9775	0.9820	0.9007	0.9273	1.0017	0.9515	0.8986	0.9107	0.9425	0.9266	1.0200	1.0400	0.8792	0.9636	0.9578	1.0522	0.9676	0.9907	0.9662	0.9248	0.8472	0.9636	0.9016	0.8528	0.9537	1.0342	0.9967	0.9470	0.9816
QG37_02822	1.1159	0.9248	0.9170	0.9301	0.9844	1.0768	1.0927	0.9868	0.9114	1.0575	0.9460	1.0475	1.0904	1.1244	1.0193	0.8733	0.9307	0.8669	0.9166	0.9369	0.9178	1.0080	0.8765	1.2091	0.8925	0.9414	0.8004	0.8236	0.9743	0.8957	0.8301	1.0579	1.0364	0.8666	1.0563	1.0952	0.8856	1.0682	0.9304	0.9289	0.9335	0.9917	1.0154	0.9394	0.9135	1.1249	1.1144	1.0546
QG37_02823	1.1893	1.1102	1.0900	1.1384	1.1889	1.1620	1.2275	1.0908	1.0833	1.1208	1.2121	0.9999	1.0465	1.1590	1.0533	1.2334	1.0748	1.0106	1.1106	1.0536	1.1971	1.1010	1.1257	1.0902	1.0567	1.0937	0.9956	1.1076	1.0282	1.0646	1.0760	0.9524	1.1224	1.1571	1.0554	1.2039	1.1685	1.2091	1.0451	1.1890	1.1621	1.1922	0.9383	1.1210	1.0751	1.1505	1.0266	1.0627
QG37_02824	0.8907	0.9853	1.1760	0.9633	1.0779	1.2384	0.9473	1.0818	0.9684	0.9605	1.1721	1.0678	0.9962	1.0051	1.0951	1.0371	0.9593	1.0204	0.9582	1.1178	1.0042	1.0168	1.1978	0.9667	1.0457	0.9883	1.0883	0.9813	0.9381	1.0085	0.7138	0.9184	1.0459	1.0451	1.0017	1.0998	0.8374	0.9784	1.0558	1.0344	0.9021	0.9582	0.9442	1.1952	1.0460	1.2382	1.1776	1.0616
QG37_02825	1.0326	0.9769	1.0861	1.0115	0.9989	0.9913	1.0235	1.0595	1.0098	0.9495	0.9958	0.8652	0.9488	0.9404	0.9670	1.0617	0.9788	0.9168	0.9355	1.0064	0.9914	0.9969	0.8766	0.9170	0.9653	0.9740	0.9428	0.9136	0.9417	0.8090	0.9014	0.9459	0.9649	0.9665	0.9699	1.0439	0.8894	1.0046	1.0436	0.9480	0.9209	0.9665	0.7997	1.0109	0.9420	1.0652	0.8818	0.8814
QG37_02826	0.9703	0.8972	0.9007	0.8948	0.9398	0.9502	1.0246	0.9491	0.9313	0.9632	0.9723	0.9048	1.1024	0.9023	0.9315	0.9753	0.9104	0.9194	0.8692	0.9330	1.0674	0.9788	0.8682	0.9215	0.7855	0.9074	0.8754	0.9581	0.9453	0.8290	0.9129	0.9278	0.9144	0.9423	0.7964	0.8925	0.8435	0.8686	0.8002	0.8941	0.9696	0.8512	0.9081	0.8811	0.8767	0.9324	0.8992	0.9555
QG37_02827	0.8994	0.7740	0.9059	0.8561	0.8260	0.8178	0.8010	1.0486	0.8767	0.7915	0.8579	0.8192	0.9755	0.8271	0.8460	0.9581	0.7200	0.6406	0.8250	0.8615	0.7944	0.6523	0.7331	0.7870	0.8217	0.8631	0.7404	0.8756	0.7095	0.7745	0.8366	0.7699	0.8451	0.7365	0.8244	1.0020	0.9478	0.7277	0.8864	0.9084	0.7966	0.8272	0.7490	0.8830	1.0503	0.9102	0.7902	0.9781
QG37_02828	1.1405	1.0510	1.1960	1.2376	1.1713	1.1711	1.1258	1.1833	1.1924	1.2429	1.2052	1.0762	1.3163	1.2037	1.2685	1.2327	1.0537	1.1011	1.0838	1.1147	1.1769	1.2133	1.1209	1.1517	1.1374	1.0288	1.0258	1.1172	1.1760	0.9988	1.1297	1.1726	1.2132	1.3017	1.3218	1.1696	1.2008	1.2305	1.2426	1.1899	1.1011	1.1417	1.0906	1.1463	1.1550	1.1871	1.2447	1.1308
QG37_02829	0.9906	1.1270	1.1375	0.9503	0.9340	0.9665	0.9944	0.9776	1.0480	1.1052	0.8703	0.9896	1.0528	1.1257	0.9964	1.0207	1.1825	0.9168	1.1575	0.9451	1.0185	1.0537	0.9837	0.9425	0.9606	0.8107	1.1274	1.1085	0.9130	0.8751	0.8847	1.0738	0.9011	1.0700	0.8869	0.8990	0.8543	0.7616	0.9133	0.9614	0.9622	0.9643	0.8467	1.1607	1.0169	0.9308	1.0048	0.8733
QG37_02830	1.0743	0.9589	0.9857	0.9272	0.9535	0.9573	0.9835	0.9165	0.8645	0.7833	1.1205	0.8993	1.0379	1.0357	0.9450	0.9781	0.8727	0.8502	0.8492	0.8939	1.0066	0.8167	0.8227	0.9258	0.9128	0.9671	0.9872	0.8685	0.8246	0.7326	1.0604	0.8811	0.9210	0.9051	0.9725	0.9181	0.8864	0.8864	1.1220	0.9601	1.0136	0.9282	0.8894	0.7579	0.8595	0.8046	0.8018	0.7885
QG37_02831	0.8874	0.8395	0.8799	0.8879	0.8562	0.8568	0.9407	0.8987	0.7068	0.7882	0.9532	0.6519	0.8031	0.9906	0.8181	0.8269	0.7951	0.7683	0.8178	0.9996	0.8132	0.8563	0.8354	0.8922	0.7887	0.8362	0.8507	0.7795	0.7824	0.6469	0.9220	0.6581	0.8207	0.8255	0.8446	0.8036	0.7899	0.8415	0.9254	0.9611	0.8677	0.8421	0.9681	0.7820	0.8255	0.7145	0.8047	0.8257
QG37_02832	1.0227	0.9527	0.9298	0.8501	0.8993	0.9924	0.8983	1.0407	1.0147	0.9290	0.9913	0.8844	0.9375	1.0211	0.8665	0.9827	0.9272	0.9435	0.9296	0.9919	0.9493	0.8615	0.9143	0.8974	0.9233	0.9185	1.0005	0.8485	0.8082	0.8369	0.7751	0.8932	0.9036	0.9201	0.9340	0.9424	0.8810	0.9722	0.8764	0.9185	1.0284	0.8550	0.8799	0.9470	0.9322	0.9853	0.9561	0.8968
QG37_02833	1.1491	1.0600	1.1285	1.0417	1.0800	1.0970	1.0647	1.1010	1.0949	1.1111	1.1102	1.0382	1.1061	1.0692	1.1938	1.1387	1.0825	1.0187	1.0067	1.1567	1.0332	0.9969	1.1280	1.0264	1.1727	1.0395	0.9343	0.9574	1.0130	1.1316	0.9700	1.0721	1.0541	1.0477	1.1291	1.0565	0.9951	0.9915	0.9576	0.9401	1.0576	1.0146	1.0090	1.1446	1.1933	1.0679	1.0863	0.9111
QG37_02834	1.0749	1.0258	1.0156	1.0035	1.0114	1.0095	1.0381	0.9776	1.0045	1.1024	1.0020	0.9902	1.0273	0.9803	1.0228	0.9800	1.0576	0.9911	1.0619	1.0717	1.0221	1.0479	1.0520	1.0361	1.0283	0.9806	0.9557	1.0243	0.9189	1.0176	0.9498	0.9617	1.0397	0.9536	1.0055	0.9578	0.9693	1.0108	1.0614	1.0371	1.0021	0.9577	0.9983	0.9253	1.0137	1.0623	1.0297	1.0520
QG37_02835	0.8098	0.7730	0.9183	0.8806	0.8268	0.9064	0.9051	0.8436	0.8598	0.7376	0.7786	0.8528	0.7991	0.9235	0.9574	0.8480	0.8156	0.7897	0.8077	0.8195	0.6684	0.9341	0.6617	0.8859	0.7407	0.8200	0.8505	0.7928	0.7309	0.7981	0.7866	0.8745	0.8877	0.9588	0.9034	0.9535	0.8410	0.9405	0.8538	0.8476	0.8344	0.8384	0.8547	0.8365	0.7222	0.8612	0.8510	0.8652
QG37_02836	1.0502	0.9155	0.9107	1.0040	0.8683	0.8521	0.8202	0.9027	0.7853	0.8486	0.8824	0.8204	0.9086	0.8941	0.8230	0.9359	0.9316	0.9173	0.8724	0.9129	1.0470	0.9655	0.9193	0.8128	0.7983	0.9771	0.8566	0.8293	0.7628	0.8287	0.9160	1.0143	0.8538	0.8672	0.8740	0.8138	0.9581	0.9338	0.8679	0.8543	1.0086	0.8222	0.8677	1.0442	0.9246	0.8786	0.9148	0.8732
QG37_02837	0.7456	0.7531	0.8512	0.7645	0.7622	0.7255	0.8172	0.6801	0.7386	0.6650	0.8019	0.7488	0.7452	0.8238	0.7808	0.9260	0.7963	0.7172	0.8121	0.7479	0.8569	0.7995	0.8234	0.8037	0.7644	0.7533	0.6805	0.6950	0.8536	0.9554	0.9176	0.7803	0.7422	0.8507	0.8079	0.7854	0.7792	0.7463	0.7327	0.7779	0.7534	0.8130	0.7086	0.9683	0.8206	0.7968	0.7511	0.9387
QG37_02838	0.4956	0.5509	0.5535	0.4814	0.5321	0.4759	0.6802	0.4597	0.5729	0.5016	0.4699	0.5797	0.4584	0.4646	0.4819	0.5227	0.5875	0.4339	0.5332	0.4872	0.4428	0.5465	0.5530	0.5702	0.5088	0.4277	0.4261	0.4322	0.4670	0.4398	0.4664	0.5022	0.5333	0.5148	0.5457	0.4271	0.4488	0.3775	0.4686	0.4437	0.4301	0.6351	0.4863	0.6264	0.5449	0.5994	0.6532	0.6819
QG37_02839	0.8748	0.8201	0.6230	0.7045	0.5788	0.7884	0.7237	0.8139	0.7996	0.7513	0.7080	0.7152	0.6511	0.8932	0.6970	0.7590	0.7230	0.6153	0.6249	0.6989	0.6527	0.6515	0.6703	0.6973	0.6706	0.5155	0.6242	0.6050	0.5160	0.4262	0.7150	0.6150	0.5339	0.8238	0.6916	0.7063	0.7935	0.9561	0.7398	0.7897	0.8591	0.8398	0.7602	0.5656	0.5647	0.6273	0.5404	0.6166
QG37_02840	0.4820	0.6302	0.3983	0.4474	0.6216	0.6391	0.5268	0.6492	0.6592	0.6873	0.5207	0.5508	0.5873	0.6961	0.5923	0.5391	0.5864	0.5028	0.5399	0.6168	0.5573	0.6042	0.5670	0.5116	0.5913	0.4658	0.4855	0.5851	0.4531	0.4153	0.5739	0.5755	0.4188	0.7253	0.6092	0.6431	0.6787	0.7895	0.7106	0.7168	0.7006	0.7172	0.6268	0.4698	0.5848	0.5065	0.3455	0.5587
QG37_02841	0.6695	0.7801	0.6278	0.7893	0.6844	0.7709	0.7634	0.7865	0.8236	0.7346	0.9159	0.7069	0.8049	0.9218	0.8478	0.7239	0.6867	0.6179	0.7404	0.7754	0.6587	0.7179	0.7426	0.8140	0.7494	0.7125	0.7218	0.7856	0.7009	0.6014	0.7322	0.7684	0.6451	0.9567	0.7024	0.8303	1.0116	0.7586	0.6881	0.7617	0.9114	0.8232	0.6963	0.6754	0.5279	0.6167	0.5030	0.6677
QG37_02842	0.6815	0.6269	0.6203	0.7800	0.6358	0.6365	0.6887	0.7505	0.7360	0.7817	0.7408	0.7032	0.6957	0.7874	0.6629	0.7421	0.7722	0.6622	0.7392	0.7514	0.5703	0.6530	0.7194	0.5961	0.8468	0.6342	0.6860	0.7688	0.6526	0.4444	0.6893	0.6759	0.6152	0.8574	0.6988	0.7995	0.9301	0.7223	0.7183	0.8329	0.8346	0.7855	0.6909	0.4368	0.5127	0.5350	0.4639	0.5215
QG37_02843	1.0176	1.2394	0.9684	1.1276	0.9798	1.0920	1.1314	1.0037	1.0114	1.0786	1.0620	0.9236	0.9771	1.0246	0.8951	0.9749	1.0162	1.0286	0.9350	1.0975	1.1156	1.0103	1.0807	1.1161	0.9856	1.0789	0.8378	1.0054	1.0388	1.0000	0.9550	0.9788	1.0530	1.0229	1.1462	0.9643	1.0442	1.0089	1.0055	0.9425	1.0071	1.1345	0.8740	0.8514	1.0231	1.0170	0.7901	1.0086
QG37_02844	1.0407	1.1914	0.9208	1.2329	0.9708	0.9260	0.9881	0.9598	0.9351	0.9529	1.0521	0.8169	0.9698	0.9960	0.8025	0.8264	0.9771	1.2791	0.9669	1.0171	0.8867	1.0872	1.0116	1.2164	0.9010	1.0583	0.9062	0.8831	1.1741	0.8845	1.1005	1.0379	1.0615	0.9409	0.8604	1.0280	1.0174	0.9986	0.8801	0.9091	0.9883	1.0287	1.0029	0.7981	0.8674	0.9640	0.7877	0.9425
QG37_02845	0.7507	0.7219	0.7012	0.7783	0.6500	0.7497	0.7870	0.7446	0.8481	0.7055	0.8016	0.6925	0.8161	0.8161	0.7560	0.7802	0.7861	0.8025	0.7825	0.7025	0.8474	0.7720	0.7836	0.7954	0.7133	0.7474	0.7363	0.7095	0.6380	0.6302	0.7254	0.6693	0.6796	0.6554	0.6728	0.6785	0.8167	0.8144	0.7987	0.7256	0.8491	0.7580	0.7066	0.8197	0.7460	0.7561	0.7396	0.7662
QG37_02846	0.9257	0.8962	0.9569	1.0047	0.8821	0.8879	0.8973	0.7886	0.8864	0.8115	0.6894	0.8790	0.9278	1.0059	0.9473	1.2164	0.8816	0.9494	0.9439	0.8612	0.9992	0.9850	0.7854	0.9593	0.7148	0.9575	0.9829	0.9276	0.9006	1.0615	1.0037	0.9580	0.8455	0.9286	0.8874	0.9951	0.9136	0.9719	0.8310	0.7810	0.8025	0.9908	0.8861	0.7794	1.0072	1.1526	1.2777	1.0532
QG37_08413	1.0449	0.7930	0.8625	0.9054	0.9920	0.9348	0.9224	0.8997	0.9154	1.0961	0.9557	0.8823	0.7910	1.1551	1.0854	0.8432	0.8317	0.8674	0.9746	0.7342	0.8283	0.9282	0.7343	0.9367	0.8472	0.9055	0.9991	0.9120	0.8109	1.3116	0.9704	0.9995	1.0239	0.8121	0.8156	0.9616	1.1437	0.8376	1.1572	0.8521	0.8076	0.9692	0.9351	1.0117	1.0912	0.9136	0.9386	0.9978
QG37_02847	0.7670	0.7149	0.6698	0.8802	0.7990	0.8840	0.7970	0.8374	0.7844	0.9074	0.9293	0.9746	0.8472	0.8879	0.9454	0.9161	0.8092	0.9630	0.9494	0.9165	0.9192	0.8829	0.8485	1.0146	0.9722	1.0440	0.8688	0.8902	1.0260	0.9006	1.0488	0.9068	0.9361	1.0081	0.7417	0.9058	0.9597	0.7716	0.9207	0.8223	0.8086	0.7304	0.7364	0.8918	0.8842	0.8646	0.8915	1.0338
QG37_02848	0.9287	0.8502	0.6787	0.8451	0.8186	0.8750	1.0010	0.8334	0.8766	0.9002	0.9419	0.8298	0.8519	0.8889	0.9701	0.9314	0.8645	0.9740	0.8478	0.8658	0.9159	0.8566	0.8584	0.8592	0.8691	0.9514	0.8901	0.8249	0.8350	0.7363	0.8003	0.7601	0.8295	0.9533	0.8877	0.9931	0.9489	1.0203	0.9736	0.9156	0.9496	0.8404	0.9490	1.0187	0.8387	0.8375	0.8735	0.8554
QG37_02849	0.7956	0.8971	0.7719	0.7632	0.9357	0.8157	0.8843	0.8500	0.8935	0.8082	0.6991	0.9871	0.9661	0.8709	0.9880	0.9584	0.8559	0.9156	0.9038	0.8378	0.8965	0.9458	0.9874	0.8795	1.0460	0.9403	0.8613	0.9119	0.8925	1.0734	1.0137	0.8979	0.9314	0.9490	1.0069	0.8535	0.7132	1.0381	0.9068	1.0217	0.9361	0.9699	0.8807	0.7398	0.5961	0.8247	0.7928	0.7329
QG37_02850	0.8331	0.8069	0.8081	0.7812	0.8140	0.8627	0.8064	0.9199	0.8518	0.8404	0.8758	0.8028	0.7807	0.8689	0.8862	0.9037	0.8108	0.8208	0.9260	0.8585	0.8842	0.7812	0.9065	0.8994	0.9394	0.7649	0.8527	0.7257	0.8338	0.6738	0.8336	0.7502	0.8559	0.8821	0.8672	0.8907	0.8199	0.8666	0.8631	0.8034	0.9102	0.8263	0.8453	0.9519	0.9037	0.8925	0.9027	0.8088
QG37_02851	0.9563	0.9860	0.9732	0.9203	0.8241	0.8654	0.9089	0.8355	0.8103	0.7695	0.8101	0.8328	0.8658	0.9830	1.0017	0.9293	0.7764	0.9409	0.7828	0.8665	0.7412	0.9297	0.8309	0.9982	0.9820	0.9235	0.8544	0.9276	0.8094	0.8500	0.9113	0.7343	0.8490	0.9489	0.9876	0.8794	0.9854	1.0065	0.8216	0.8324	0.8159	1.0105	0.9543	0.9589	0.8881	0.8970	0.9574	1.0757
QG37_02852	0.8737	0.7749	0.7866	1.0000	0.7512	0.8326	0.9287	0.8618	0.8333	0.8138	0.9050	0.8511	0.8649	0.9601	0.8740	0.9486	0.8468	0.8861	0.8660	0.8135	0.9014	0.8512	0.8615	0.8995	0.8988	0.8315	0.8325	0.8695	0.8017	0.6984	0.8598	0.7762	0.7826	0.7901	0.8750	0.9342	0.8575	0.9931	0.8730	0.8039	0.8911	0.8550	0.9083	0.9617	0.9892	0.9582	0.8935	0.9362
QG37_02853	0.9075	0.8979	0.9180	0.8774	0.9126	0.8651	0.7926	0.8064	0.8403	0.8965	1.0151	0.8238	0.8027	0.9368	1.0447	0.9274	0.9289	0.8653	0.9750	0.9005	1.0147	0.9644	0.8720	0.9078	0.8946	0.8915	0.8882	0.7511	0.8762	0.7957	0.7671	1.0108	0.8920	0.8292	0.8925	0.9273	0.9454	0.9051	0.9404	0.9048	0.8564	1.1737	1.0033	1.1304	0.8916	1.0113	0.9256	0.9125
QG37_02854	0.8520	0.9430	0.8400	0.8673	0.8020	0.8689	0.8793	0.8086	0.8619	0.8074	0.8264	0.8602	0.8393	0.9051	0.9501	0.8854	0.9646	0.9704	0.9514	0.9473	0.9437	1.0547	0.9018	0.9406	0.9155	0.8140	0.9614	0.8339	0.8012	0.9003	0.9631	0.8524	0.9091	0.9332	0.8089	0.8804	0.9029	1.0045	0.9059	0.8617	0.8954	0.9551	0.7738	0.9242	0.8696	0.8638	0.9513	0.9287
QG37_02855	0.9049	0.8673	0.8834	0.8905	0.8200	0.9285	0.8233	0.8768	0.8865	0.8525	0.8936	0.8938	0.8929	0.7680	0.9394	0.8572	0.9653	0.9579	0.8479	0.7928	0.8901	0.8290	0.8836	0.9755	0.9642	0.8639	0.9437	0.8706	0.7675	0.8697	0.9789	0.8891	0.8713	0.8766	0.9205	0.9222	0.8626	0.9361	0.9760	0.9185	0.9094	0.8963	0.9464	0.9454	0.8873	0.9529	1.0185	0.8557
QG37_02856	0.9439	1.0175	0.9494	0.9648	0.9804	1.0274	1.0580	1.0406	1.0276	0.9130	0.9808	0.9635	0.9749	1.0278	1.0032	0.9370	0.8708	1.0008	0.9772	0.8911	0.9971	0.9325	0.9787	0.9998	0.9943	0.9306	0.9330	0.8785	0.9546	0.8578	1.0025	0.9248	0.9840	0.9825	1.0473	0.9345	0.9715	1.0078	1.0728	0.9766	0.9832	1.0210	1.0234	1.0279	0.9647	1.1094	1.0574	1.1016
QG37_08414	0.9626	1.0116	0.9835	0.9361	0.8918	1.0963	1.0130	0.9950	0.9470	0.9475	1.0133	1.0915	0.7995	1.0288	0.9575	1.0797	0.9965	0.9629	1.0460	0.8931	1.1895	0.7853	1.0416	0.9153	1.0178	0.9148	0.9471	0.9853	1.1275	1.0170	0.9078	0.9612	1.0023	0.9281	1.0922	0.8513	0.9936	1.0312	1.0260	0.8515	0.9956	0.8994	0.9354	0.8872	1.0782	0.7704	0.9672	0.9696
QG37_02857	1.0455	0.9223	0.9490	0.8407	1.0423	1.1084	1.0110	0.9469	1.0368	0.9543	0.9994	0.9644	0.8932	0.9674	0.9837	0.9788	0.8896	0.9738	1.0322	0.9707	0.9694	0.9241	1.0113	0.8468	0.8956	0.9340	0.8799	1.0020	0.8698	0.9048	0.9784	0.9957	0.9960	1.0272	0.9701	0.9850	0.8794	1.0140	0.9827	0.8867	0.9996	0.9155	0.8920	0.8789	0.9291	0.8870	1.0411	0.9171
QG37_02858	0.9775	0.8031	0.8829	0.9726	0.9532	0.9204	0.9744	0.9625	0.9062	0.8899	1.0228	0.9803	0.9411	0.9475	0.8855	0.9995	0.8921	0.9138	0.8725	0.9652	0.9163	0.9278	0.8961	0.8571	0.8775	0.8859	0.8446	0.8684	0.8941	0.7981	0.8692	0.9218	0.9231	0.8890	1.0062	0.8998	0.9620	0.8528	0.9175	0.8716	0.9796	0.8669	0.8831	0.9458	0.9480	0.9607	0.9259	0.8491
QG37_02859	0.8126	0.6549	0.7769	0.6808	0.6017	0.6412	0.6217	0.7667	0.5243	0.5505	0.4550	0.5620	0.5692	0.5882	0.5810	0.5614	0.6275	0.6048	0.7346	0.5124	0.5784	0.5374	0.5554	0.5728	0.5850	0.6116	0.6023	0.6864	0.4934	0.4962	0.6065	0.6120	0.7220	0.5227	0.5534	0.4984	0.5026	0.5312	0.6115	0.5795	0.5586	0.5458	0.5056	0.4842	0.5290	0.4597	0.5114	0.5968
QG37_02860	0.7129	0.7745	0.8232	0.9558	0.8570	0.7377	0.9990	0.8062	0.8411	0.7085	0.6990	0.6477	0.7781	0.6301	0.7124	0.9030	0.7652	0.7398	0.7784	0.8325	0.7614	0.7779	0.7351	0.8061	0.7462	0.9439	0.7265	0.6529	0.7038	0.8303	0.6894	0.7608	0.7747	0.6683	0.8326	0.6880	0.5841	0.6838	0.7945	0.7256	0.8334	0.6598	0.7116	0.7254	0.6657	0.8111	0.6779	0.6919
QG37_02861	0.9038	0.6218	0.6374	0.6811	0.8698	0.7696	0.7153	0.7509	0.6532	0.6398	0.7098	0.6083	0.5982	0.7534	0.6205	0.7715	0.7592	0.6829	0.8059	0.8049	0.7805	0.6573	0.7727	0.6539	0.8022	0.6139	0.6345	0.5373	0.6363	0.7278	0.5772	0.6172	0.6616	0.7700	0.6864	0.7264	0.5828	0.7360	0.6237	0.6348	0.7504	0.6535	0.6227	0.7615	0.7311	0.8332	0.6222	0.6856
QG37_02862	0.9172	0.8591	0.8140	0.8715	0.9045	0.9108	0.8476	0.9444	0.8688	0.7151	0.9889	0.6309	0.7563	0.9474	0.8303	0.8966	0.9017	0.9606	0.9420	0.9512	0.9231	0.8300	0.8434	0.8106	0.9085	0.8209	0.8712	0.7436	0.7751	0.6941	0.8098	0.7749	0.7676	0.7853	0.9106	0.7726	0.7694	0.8335	0.7764	0.7052	0.7810	0.7318	0.8044	0.9080	0.7906	0.8006	0.7975	0.8310
QG37_02863	1.0648	0.9946	1.1283	0.9018	0.9295	1.0087	0.9193	1.0224	0.7654	0.9586	0.9843	0.9296	1.0575	1.1284	0.8783	1.0825	0.9446	1.0880	0.9188	1.0745	0.9929	1.1815	0.8050	0.8130	1.0657	0.9887	1.0773	0.9428	0.8890	0.6954	0.9511	0.7916	0.8805	0.8071	0.9745	0.9200	0.9709	0.9934	0.8850	0.9979	1.2391	0.9589	0.9589	0.7831	0.7550	0.6689	0.7792	0.7378
QG37_02866	0.5646	0.6197	0.6870	0.5900	0.6592	0.7519	0.5889	0.7812	0.6309	0.6240	0.6508	0.6427	0.8355	0.5766	0.7176	0.7033	0.5852	0.5962	0.6743	0.6734	0.7016	0.6602	0.6914	0.6644	0.7011	0.6991	0.7479	0.7139	0.6719	0.6126	0.7402	0.6018	0.7928	0.7998	0.7172	0.7016	0.6799	0.8280	0.7672	0.8490	0.8990	0.7819	0.7382	0.8495	0.6323	0.7605	0.7696	0.6588
QG37_02867	0.8785	0.7083	0.6538	0.4942	0.7125	0.6403	0.5463	0.7411	0.6874	0.6106	0.7352	0.7249	0.7367	0.6631	0.5960	0.6769	0.5715	0.5935	0.7505	0.6402	0.6497	0.7380	0.6905	0.6973	0.6374	0.5444	0.6567	0.6050	0.6183	0.7487	0.7091	0.6352	0.7070	0.6914	0.6581	0.6834	0.6738	0.6799	0.6168	0.7052	0.7456	0.6618	0.6839	0.6544	0.5263	0.6877	0.6503	0.6592
QG37_02868	1.0468	1.0529	0.9069	0.8821	0.7991	1.0384	0.8225	0.9451	0.8535	1.0515	0.9530	0.9844	0.9235	0.8680	0.8966	0.9294	0.8214	0.9049	0.9176	0.7974	0.9125	0.7926	0.9161	0.8701	0.9312	0.9673	0.7103	0.8916	0.7961	0.5423	0.9090	0.9660	0.8811	0.8381	0.8135	0.7867	0.8723	0.9037	0.8767	0.9611	0.9643	0.9353	0.9804	0.7083	0.9105	0.8120	0.7968	0.8592
QG37_02869	1.0891	0.8111	0.9996	0.9790	0.9082	1.0698	0.8457	1.0904	0.9580	0.9931	0.8962	0.7912	0.9422	0.8428	0.8386	0.9239	0.8185	0.9355	1.0775	1.1134	0.9826	0.9184	0.8029	0.8775	0.8216	0.8475	0.9198	0.8384	0.7689	0.7684	0.9408	0.8556	0.8459	0.9155	0.9856	0.8425	0.8792	0.9104	1.1146	0.9579	0.9739	1.0408	0.8697	0.9964	0.8927	0.9912	0.7877	0.8435
QG37_02870	0.8798	0.7465	1.0776	0.8050	0.9914	0.9612	0.8324	0.8701	0.8427	0.9233	0.8918	0.7871	0.8658	0.7221	0.8626	0.7662	0.7267	0.8595	1.0181	0.9306	0.8590	0.8189	0.8259	0.8734	0.8086	0.9398	0.7591	0.7776	0.9474	0.7681	0.7339	0.9226	0.4926	0.8610	0.7121	0.8098	0.8538	1.0093	0.8402	0.8103	1.0089	0.9675	0.9118	0.5992	0.4653	0.5620	0.5841	0.5461
QG37_02871	0.8379	0.8675	0.9737	0.8787	0.8294	0.9168	0.8790	0.8789	0.8341	0.9714	0.8847	0.7884	0.9170	0.8437	1.0267	0.9813	0.9148	0.8257	1.0611	0.9449	1.0151	0.8549	0.9718	0.9112	0.9579	0.7505	0.8660	0.8015	0.9065	0.5744	0.9035	0.9317	0.8704	1.0811	0.8189	0.9875	1.0763	0.9759	1.0456	1.0030	0.9991	0.9432	1.0299	0.9689	0.7950	0.8514	0.8499	1.1323
QG37_02872	1.0646	1.0543	0.9794	1.0174	1.0003	1.0717	0.9865	1.0677	1.0453	1.0047	1.1307	0.8832	1.0233	1.0352	0.9867	0.9539	0.9797	0.9838	1.0762	1.0011	1.0215	0.9613	0.9754	0.9522	0.9850	0.9963	0.9814	0.9838	0.9543	0.8660	0.9609	0.9852	0.9872	1.0115	1.0234	1.0018	1.0207	0.9632	1.0798	0.9703	0.9861	1.0100	0.9665	1.0670	1.0726	1.1245	1.0453	1.1126
QG37_02873	1.1051	1.0687	1.0003	1.0115	0.9356	1.0453	1.0529	0.9853	1.0399	0.8682	0.8776	0.8226	0.8916	1.0637	0.9128	0.9383	1.0070	0.9224	0.9832	1.0013	1.0922	1.0113	0.9581	1.0443	0.9828	1.0383	0.8402	1.1750	0.8996	0.8045	1.0356	0.9985	0.9445	1.0339	1.0909	1.0015	1.0311	1.1258	1.0071	0.9576	1.1388	0.8264	0.9034	0.9410	1.0619	1.0714	0.8921	1.1043
QG37_02874	1.0280	1.0464	0.9248	1.1225	1.0336	1.0837	1.0149	0.9901	0.8336	0.9839	1.0028	0.9111	1.0735	1.0467	0.9943	0.9819	0.9782	0.9642	0.9962	0.9160	0.9646	1.0421	0.9360	1.0363	0.9920	0.8922	1.0619	1.0203	1.0715	0.8924	0.9115	0.8628	0.9258	0.9308	0.8640	0.9776	0.9565	1.0737	0.9681	0.9379	1.0354	0.8277	1.0881	1.1249	1.0365	0.9692	0.8698	1.0555
QG37_02875	0.8894	0.9102	0.8294	1.0153	0.9463	1.0628	1.0393	0.9478	0.8204	0.8869	0.9616	0.9567	0.9721	1.0272	0.9856	0.9152	0.9260	0.8468	0.9304	0.9069	0.8983	0.9335	0.9335	0.9877	0.9266	0.8858	1.0337	0.9829	0.8513	0.8778	0.9115	0.9636	0.9803	0.8783	0.9736	0.8983	0.9483	1.0207	0.9088	0.9400	0.9134	0.9226	0.9759	0.8726	1.1015	1.0007	0.8981	0.9604
QG37_02876	0.9892	0.9127	0.9886	0.9940	0.8632	0.9649	0.9505	0.9237	0.8898	0.8928	0.9377	0.8294	0.9420	0.9111	1.0081	0.9646	0.9748	0.9419	0.9932	0.9903	0.9283	0.8124	0.9463	0.8961	0.9509	0.8590	0.8698	0.9124	0.8701	0.7902	0.9555	0.9003	0.9858	0.9325	0.9107	1.0386	0.9537	0.9327	0.8652	0.7947	0.8664	0.8714	0.9149	0.9291	0.8786	1.0336	0.9454	0.9005
QG37_02877	1.0138	0.9297	0.8470	0.8446	1.0525	0.9220	1.0171	0.9168	1.0335	0.9812	1.0057	0.9857	0.8606	0.8146	0.8792	1.0192	0.8917	0.9563	0.9514	1.0434	1.0952	0.9439	1.0140	0.9424	0.9522	1.0849	0.9176	0.9969	0.9909	0.9621	0.8596	0.9851	0.9381	1.0074	1.1176	0.9587	0.9943	0.9784	1.1152	0.8686	1.0505	1.0790	0.9227	1.0003	0.7917	0.9131	0.9352	0.9776
QG37_02878	0.9763	0.9565	0.9659	0.8671	0.9053	0.9429	0.9177	0.9338	0.9074	0.9328	0.9212	0.9078	0.8568	0.9277	0.8315	0.9019	0.9198	0.9456	0.9110	0.9799	0.8635	0.8637	0.8806	0.8358	0.9266	0.9640	0.9206	0.8830	0.8546	0.8848	0.8911	0.8769	0.9619	0.9135	0.9596	0.9243	0.9177	0.9186	0.9674	0.9552	0.9603	0.9222	0.8694	0.9779	0.9147	1.0016	1.0408	0.9341
QG37_02879	0.9941	0.9899	0.9486	1.0365	0.9526	0.9991	0.9332	0.9890	1.0560	0.9123	1.0767	0.9834	1.0630	1.0299	0.8658	1.0179	0.9600	0.9991	1.0058	0.9821	1.0181	0.9357	1.0449	0.9767	0.9144	0.9993	0.9435	1.1018	0.9128	0.9233	0.9832	0.9148	1.0427	0.9347	1.0360	0.9484	1.0170	1.0510	1.0134	0.9410	1.0821	1.0319	0.8860	1.0398	0.9936	0.9733	0.9992	0.9685
QG37_02880	0.9512	0.9345	0.7617	0.9220	0.9243	1.1039	0.8397	0.8778	1.0228	0.8997	0.8702	0.8078	0.7649	0.9165	0.7779	0.8824	0.9068	0.9213	0.8797	1.1673	0.9168	0.9957	1.0282	0.9261	0.9270	0.8367	0.8911	0.8885	0.7326	1.1240	0.8754	0.7702	0.9766	0.7915	1.0275	0.8261	1.0863	0.8942	0.8630	0.9141	1.0134	0.8366	0.8625	0.9635	0.8847	0.8765	1.0432	0.9053
QG37_02881	1.1008	1.2571	1.1197	1.1841	1.0786	1.1446	1.1311	1.1384	1.0082	1.1215	1.1025	1.0712	1.2005	1.0898	1.0880	0.9843	1.0690	1.0575	1.1512	1.1169	1.1329	1.1447	0.9488	1.1343	1.2258	0.9874	1.0647	1.1769	1.1052	1.2152	1.1666	1.2454	1.0893	1.0273	1.0444	1.0934	1.0541	1.0381	1.1470	1.1324	1.0794	1.1405	1.0603	1.2140	1.1367	0.9529	1.0551	1.1388
QG37_02882	1.0703	0.9530	0.8138	0.9769	0.8749	1.0869	1.0757	1.0251	0.8584	0.9895	0.9592	0.8109	1.0118	0.8371	0.8855	0.9183	0.8838	1.0099	0.8577	0.8802	0.9939	0.9466	0.9233	0.9620	0.8750	0.8867	0.9156	0.9485	0.8083	0.9858	0.8297	0.7337	0.9667	0.9674	0.9166	0.8773	0.9439	0.9401	0.8769	0.9566	1.0391	0.9240	0.7748	0.9097	0.7965	0.9072	0.8135	0.9663
QG37_02883	1.0567	1.0619	1.0666	0.9927	1.0404	1.0457	1.0882	1.0005	0.9862	0.9898	1.0738	0.9872	1.0614	1.0435	0.9365	0.9791	0.9943	0.9677	0.9924	0.9821	0.9324	0.9722	0.9799	1.0431	0.9451	1.0111	0.9285	0.9427	1.0350	0.9848	0.9132	0.9092	0.9364	1.0435	0.9613	0.9526	0.9582	0.9794	1.0442	0.9174	0.9179	0.9744	0.8604	1.0051	0.9485	0.9834	0.9254	0.9832
QG37_02884	1.1096	1.1469	1.0973	0.9663	0.9370	1.0845	1.1508	1.0829	1.0605	1.1689	1.2498	0.9784	1.2039	1.0193	1.1566	0.9841	0.9852	0.9379	1.0481	1.0383	1.0356	0.9722	0.9374	1.1207	0.9273	1.0901	1.0113	1.0489	1.0344	0.9682	1.0146	1.0984	1.0891	1.0914	1.0791	1.1768	1.1775	1.0142	1.0115	1.0270	1.0595	1.0152	0.9498	1.1441	1.0061	0.9790	1.0089	1.1437
QG37_02885	1.0171	0.9122	0.9860	0.9363	0.9181	0.9984	0.8917	1.0759	0.9150	0.9438	0.9336	0.9195	0.9669	0.9264	0.9234	0.8887	0.8041	0.8671	0.8589	0.9110	0.8741	0.8851	0.8273	0.8169	0.9078	0.9581	0.8566	0.9034	0.8008	0.9276	0.9412	0.8540	0.8080	0.8983	0.9564	1.0085	0.8752	0.8527	0.8444	0.9680	0.9946	0.9220	0.8309	0.9331	0.9487	0.9138	0.9421	0.9171
QG37_02886	0.4013	0.6185	0.5967	0.5144	0.6001	0.6043	0.6237	0.5752	0.6289	0.5125	0.5156	0.4611	0.5249	0.6836	0.5521	0.6741	0.5811	0.6570	0.6322	0.5208	0.5580	0.5746	0.5765	0.6585	0.5789	0.5797	0.4920	0.5323	0.5138	0.9315	0.6644	0.5363	0.5189	0.5697	0.5948	0.5540	0.5292	0.5653	0.5734	0.6027	0.5336	0.7006	0.5401	0.6332	0.6097	0.6837	0.6962	0.6354
