GENE	CDC_B11096	CDC_B11097	CDC_B11098	CDC_B11099	CDC_B11101	CDC_B11102	CDC_B11103	CDC_B11105	CDC_B11112	CDC_B11113	CDC_B11114	CDC_B11115	CDC_B11116	CDC_B11117	CDC_B11118	CDC_B11119	CDC_B11200	CDC_B11201	CDC_B11205	CDC_B11206	CDC_B11207	CDC_B11208	CDC_B11209	CDC_B11210	CDC_B11212	CDC_B11213	CDC_B11214	CDC_B11215	CDC_B11216	CDC_B11217	CDC_B11218	CDC_B11219	CDC_B11220	CDC_B11221	CDC_B11222	CDC_B11223	CDC_B11224	CDC_B11225	CDC_B11226	CDC_B11227	CDC_B11228	CDC_B11229	CDC_B11230	CDC_B11243	CDC_B11244	CDC_B11245	CDC_B11246	CDC_B11247
QG37_03384	0.7904	0.7586	0.7960	0.6870	0.8345	0.7425	0.9190	0.7473	0.5459	0.7111	0.7995	0.8035	0.7105	0.8126	0.9326	0.9032	0.8645	0.9650	0.7893	0.7958	0.8010	0.8838	0.9329	0.8879	0.9095	0.7979	0.8407	0.7561	0.6889	0.6250	0.7675	0.8579	0.0087	0.0005	0.0000	0.0049	0.0000	0.0042	0.0000	0.0078	0.0043	0.0088	0.0060	0.2795	0.3222	0.3169	0.3132	0.3352
QG37_03385	0.8978	0.8412	0.7771	0.8584	0.8583	0.8455	0.8570	0.9061	0.8645	0.9035	0.8622	0.8551	0.8290	0.8324	0.9628	0.9840	0.9121	0.9919	0.9189	0.7613	0.9434	0.9455	0.8818	0.8633	0.9068	0.8292	0.8897	0.7419	0.8192	0.8851	0.8091	0.8474	0.0042	0.9396	0.9360	1.0121	0.9572	0.9244	1.0183	0.9179	0.9108	0.9681	0.9495	1.0265	0.9990	0.9850	0.9814	1.0669
QG37_03386	1.1631	0.9727	0.8688	0.8744	0.9749	0.8980	1.0341	1.0605	0.9708	0.8999	0.9190	0.8108	0.9421	0.7208	0.8785	0.8624	0.8659	1.0586	1.0683	1.0609	0.9215	1.0230	0.9622	0.9314	0.8623	1.0183	0.9950	0.8861	0.8717	1.0230	1.0087	0.9505	0.0000	0.7958	1.0156	0.7273	0.9511	0.8588	0.8823	0.7415	1.0622	0.9754	0.8097	0.9809	0.8401	0.8816	0.8813	1.0083
QG37_03387	0.9112	0.9194	0.8662	0.9170	0.9382	0.9337	0.8815	0.9448	0.9393	0.8791	0.8662	0.8097	0.8605	0.9605	0.8921	0.8499	0.9318	0.8944	0.9436	0.9026	0.9136	0.9381	0.8822	0.9027	0.8813	0.8885	0.9152	0.8828	0.8390	0.7845	0.8056	0.8643	0.0007	0.8880	0.9111	0.9369	0.8516	0.8987	0.9550	0.9442	0.9203	0.9659	0.9272	0.7858	0.7021	0.8019	0.8029	0.7124
QG37_03388	0.9910	0.9399	0.8934	0.9169	0.8945	0.9665	0.8960	0.9505	0.9171	0.8862	0.9212	0.8746	0.9064	0.9376	0.9416	0.9264	0.8439	0.8864	0.9196	0.9702	0.9487	0.8928	0.9636	0.9536	0.9245	0.8605	0.8936	0.8632	0.8933	0.8860	0.8833	0.9072	0.8509	0.9046	0.9174	0.9046	0.8402	1.0184	0.9667	0.8820	0.9664	0.9679	0.8412	0.9180	0.8963	0.9911	1.0351	0.9759
QG37_03389	0.7791	0.6442	0.7632	0.6693	0.7100	0.8004	0.8082	0.8030	0.7778	0.7323	0.7679	0.7284	0.7796	0.8183	0.8497	0.7725	0.7930	0.7808	0.7902	0.7741	0.7423	0.7831	0.7877	0.7548	0.7321	0.7454	0.6706	0.6965	0.6974	0.5559	0.7533	0.6706	0.7083	0.7757	0.7508	0.8234	0.8601	0.8107	0.8591	0.7824	0.8348	0.8005	0.7545	0.8727	0.8531	0.8303	0.8811	0.7865
QG37_03390	0.7656	0.6313	0.5946	0.7935	0.7950	0.6187	0.6441	0.6225	0.6589	0.6848	0.5681	0.6204	0.7010	0.7110	0.7233	0.7040	0.7725	0.6715	0.6992	0.8323	0.7657	0.7125	0.6473	0.6539	0.8270	0.6087	0.6714	0.8194	0.6794	0.6335	0.6304	0.6567	0.6775	0.6810	0.7257	0.6654	0.6759	0.7902	0.6295	0.6131	0.7834	0.5527	0.6303	0.6819	0.8294	0.6959	0.7246	0.7594
QG37_03391	0.9661	0.9215	0.9253	0.9151	0.9494	0.8915	0.8571	0.9304	0.9218	0.8781	0.8296	0.8679	0.8469	0.8876	0.9329	0.8922	0.9244	0.9564	1.0330	1.0693	0.8767	0.8390	0.8512	0.9560	0.9046	0.8482	0.9341	0.7607	0.9006	0.8230	0.8799	0.9194	0.9478	0.8725	0.8432	0.9801	0.8697	0.9089	0.9339	0.9484	1.0077	0.9322	0.8787	1.0497	0.9440	0.9575	1.0210	0.9878
QG37_03392	0.8661	0.8812	0.8042	0.8073	0.8781	0.9260	0.8527	0.9016	0.8685	0.6978	0.9010	0.7080	0.7976	0.9033	0.8395	0.8826	0.7879	0.9507	0.8034	0.8592	0.9219	0.7746	0.8244	0.8415	0.8049	0.8518	0.8817	0.8482	0.7757	0.7602	0.9120	0.8008	0.8414	0.7250	0.8910	0.9299	0.7954	0.8722	0.9054	0.7660	0.9188	0.8596	0.7456	0.9242	0.8941	0.8376	0.9094	0.8620
QG37_03393	1.0390	1.0050	0.7285	0.8256	0.8767	0.7359	0.7023	0.9562	0.8029	0.9521	0.8767	0.9285	1.0218	0.8206	0.9589	1.0416	0.8017	0.8462	0.8549	0.8366	0.9175	1.1168	1.0017	1.0355	0.8118	0.8744	0.8332	0.8264	0.9292	0.8260	1.0352	0.8074	0.7855	0.9553	1.0233	0.7673	0.8988	1.1059	1.0699	0.8364	0.8396	1.0547	0.9705	0.8190	0.9653	0.8394	0.8949	0.9363
QG37_03394	0.8948	0.7926	0.8587	0.8962	0.8351	0.8542	0.7874	0.8180	0.9352	0.7914	0.7988	0.7585	0.8176	0.8403	0.9587	0.8387	0.8199	0.8262	0.8169	0.7689	0.8440	0.8855	0.8387	0.8588	0.8546	0.7940	0.7735	0.8247	0.8041	0.7232	0.8600	0.7172	0.8504	0.8237	0.8348	0.8694	0.8921	0.8833	0.8849	0.8910	0.8903	0.8717	0.7624	0.8331	0.7878	0.8631	0.8465	0.8367
QG37_03395	0.9132	0.8887	0.8633	0.8750	0.8188	0.9075	0.9148	0.9121	0.8646	0.8417	0.8608	0.8686	0.8888	0.9655	0.8943	0.9402	0.8711	0.8773	0.8734	0.8532	0.8204	0.8415	0.8670	0.8965	0.8710	0.8436	0.9096	0.8557	0.8602	0.8539	0.9528	0.7981	0.9067	0.9456	0.8583	0.7545	0.8801	0.8782	0.8907	0.8702	0.9391	0.8508	0.8647	0.8201	0.8691	0.9630	0.9453	0.8649
QG37_03396	0.9610	0.7393	0.7542	0.8459	0.8307	0.8241	0.8173	0.7905	0.8900	0.8568	0.7533	0.7648	0.9331	0.9170	1.0056	0.8648	0.8549	0.8731	0.9673	0.8392	0.8736	0.9345	0.7802	0.9219	0.8634	0.8445	0.9270	0.8587	0.7461	0.6614	0.9061	0.7923	0.8980	0.8868	0.9609	0.9119	0.7806	0.9078	0.9341	0.9110	0.8991	0.7884	0.8135	0.8067	0.7110	0.8312	0.8763	0.7855
QG37_03397	0.8420	0.9077	0.8806	0.8672	0.8480	0.8431	0.9138	0.9491	0.8978	0.7985	0.8134	0.7912	0.8955	0.9058	0.9111	0.8806	0.8582	0.8792	0.8755	0.8505	0.8940	0.8727	0.9505	0.9023	0.9391	0.8173	0.9306	0.9372	0.8955	0.7633	0.8747	0.8578	0.9527	0.8813	0.9536	0.8913	0.9443	0.8961	0.8797	0.8835	0.9150	0.8715	0.9755	0.9276	0.9136	0.9479	0.9601	0.9827
QG37_03398	0.9263	0.8263	0.7724	0.8078	0.8314	0.8378	0.8701	0.9227	0.9201	0.7721	0.8808	0.9099	0.8965	0.8833	0.9657	0.9264	0.9492	0.8944	0.9575	0.9968	0.9358	0.9514	0.8847	0.9538	0.8992	0.8175	0.8870	0.8241	0.8713	0.8351	0.9237	0.8304	0.8637	0.8531	0.9458	0.8827	0.8429	0.9734	0.8750	0.8208	0.9548	0.8883	0.9200	0.8526	0.9097	0.8640	0.9297	0.9074
QG37_03399	1.0672	0.9164	0.9827	1.0457	0.8287	0.9943	0.9228	1.0733	0.9843	0.8703	0.9670	0.9443	1.0064	0.9557	0.8662	0.9644	0.9499	0.9749	1.0197	1.0281	0.8783	0.9080	0.9912	0.9302	0.9270	0.8131	0.8773	0.8786	0.8863	0.7887	0.9010	0.9416	0.7990	0.9357	0.9026	1.0715	0.9137	0.9811	0.9715	0.8577	0.8694	0.9776	0.8744	0.8753	0.7991	0.9147	1.0281	0.9676
QG37_03400	0.7684	0.7985	0.9213	0.8106	0.8283	0.7883	0.8281	0.9219	0.8526	0.7511	0.7817	0.8398	0.7650	0.8725	0.8415	0.8474	0.8345	0.7694	0.8305	0.8432	0.7692	0.8139	0.8753	0.8201	0.8455	0.7605	0.7405	0.8139	0.8185	0.6299	0.9176	0.8326	0.7589	0.7646	0.8590	0.8830	0.8217	0.8337	0.8487	0.8387	0.8616	0.8160	0.8057	0.8623	0.9355	0.8809	0.8619	0.7898
QG37_03401	0.9147	0.9769	0.9340	0.9446	1.1093	0.6960	0.9669	0.9804	0.8973	0.7515	0.7934	0.8920	0.8764	0.8881	0.7503	0.7969	0.9301	0.8855	0.9235	0.9190	0.8195	1.1711	0.9487	0.8843	0.9708	0.8907	0.8145	0.8264	0.9727	0.8190	0.8864	1.0017	0.7982	0.8034	0.9967	0.7841	0.7555	0.8797	0.9645	0.8104	0.8701	0.9258	0.9964	0.9011	0.9060	0.9642	0.7693	0.8432
QG37_03402	0.9429	0.9100	0.9237	0.9202	0.8841	0.8693	0.8874	0.9197	0.9559	0.9041	0.9177	0.9209	0.9093	0.8546	0.9380	0.9475	0.8927	0.9211	0.9650	0.9406	0.9917	0.9019	0.9954	0.9365	0.9474	0.9081	0.9203	0.8053	0.9455	0.8545	0.8527	0.8193	0.8444	0.8980	0.8924	0.8397	0.8628	1.0153	0.9326	0.9063	0.9203	0.9860	0.8827	0.9839	0.8307	0.9210	0.9177	0.9358
QG37_03403	0.8472	0.8006	0.8035	0.7992	0.8714	0.9179	0.8857	0.8667	0.9244	0.8117	0.9716	0.8539	0.8675	0.9597	0.8505	1.0138	0.7934	0.7971	0.8258	0.7453	0.8735	0.8727	0.9168	0.8539	0.8960	0.8272	0.9000	0.8757	0.8131	0.6293	0.8419	0.9466	0.8975	0.9285	0.9137	0.8420	0.8432	0.9900	0.8595	0.9493	0.7848	0.8904	0.8995	0.8280	0.8162	0.9067	0.8107	0.8904
QG37_03404	0.9593	1.1051	0.8834	1.0937	0.8573	0.8991	0.9959	0.8993	1.0582	0.9515	0.9650	0.9097	0.9673	1.0562	0.9827	1.0267	1.0127	1.0014	0.9521	1.0168	0.9624	1.0088	0.9890	0.9743	0.9945	0.8619	0.9689	0.9759	0.8981	0.8393	0.8801	0.9574	0.9858	0.8411	1.1666	0.8642	1.0255	1.0266	0.9061	0.9510	0.9895	0.9739	0.9295	1.0459	0.9204	0.9785	0.9433	0.9326
QG37_03405	0.8448	0.8177	0.8140	0.8809	0.7962	0.9404	0.7842	0.8724	0.7708	0.8010	0.8422	0.8394	0.8282	0.9753	0.8279	0.8155	0.8237	0.9031	1.0399	0.8719	0.9309	0.8662	0.8940	0.8246	0.7919	0.8354	0.7967	0.7866	0.8059	0.8481	0.8847	0.8005	0.9018	1.0183	0.8216	0.9540	0.8792	0.8486	0.9381	0.9681	0.8726	0.9103	0.8443	0.9948	0.8247	1.0011	0.8949	0.9052
QG37_03406	0.7820	0.6996	0.7412	0.7542	0.8084	0.8333	0.7191	0.7438	0.7428	0.6468	0.7796	0.6299	0.7168	0.7854	0.7454	0.8122	0.8152	0.7873	0.8510	0.7837	0.7849	0.7301	0.7532	0.8163	0.8297	0.7227	0.6881	0.7541	0.6452	0.7666	0.7761	0.6784	0.7842	0.7705	0.7925	0.9922	0.6787	0.7427	0.7423	0.7807	0.8066	0.6909	0.7974	0.7862	0.7744	0.8667	0.7962	0.7144
QG37_03407	0.7472	0.6484	0.6836	0.8308	0.8482	0.8367	0.6941	0.7275	0.6231	0.7761	0.7783	0.6818	0.8247	0.8141	0.7941	0.8071	0.7300	0.7262	0.7627	0.8188	0.7810	0.7165	0.7249	0.6949	0.7842	0.6972	0.5669	0.7197	0.6140	0.6526	0.7681	0.6166	0.7874	0.7524	0.7667	0.8949	0.6188	0.8011	0.7362	0.7481	0.7722	0.7731	0.6855	0.7245	0.7825	0.9093	0.7149	0.7104
QG37_03408	0.9116	0.8639	0.9164	0.8608	0.8718	0.8939	0.9013	0.9680	0.9113	0.8630	0.9128	0.8950	0.9388	0.9751	0.9174	0.8906	0.8797	0.8505	0.8940	0.9894	0.9617	0.8516	0.9107	0.8798	0.9730	0.8846	0.8756	0.8368	0.8452	0.8215	0.8416	0.8213	1.0084	0.8875	0.9790	0.9270	0.8570	0.9591	0.8970	0.8655	0.9023	0.9070	0.8727	0.9246	0.9122	0.9638	0.9866	0.9866
QG37_03409	0.7236	0.6805	0.5537	0.6800	0.7255	0.6414	0.6371	0.7137	0.7687	0.6958	0.5792	0.6881	0.6553	0.6842	0.5552	0.5991	0.6349	0.5795	0.6772	0.5774	0.5740	0.7188	0.6900	0.6209	0.6402	0.5655	0.6956	0.6054	0.6754	0.8102	0.6535	0.6495	0.7937	0.7437	0.5818	0.6733	0.7044	0.6046	0.5861	0.7662	0.6055	0.6946	0.6396	0.6401	0.7083	0.6284	0.7008	0.7136
QG37_03410	0.9986	0.9511	1.0352	1.1279	0.9826	0.8718	0.9398	0.9982	0.9579	1.0645	1.0439	1.0139	0.9101	1.0279	0.9332	1.0870	0.9244	0.9137	1.0183	1.0088	0.9329	0.8674	0.8640	0.8652	0.7721	0.8864	0.9045	0.9563	0.8608	0.8263	0.9690	0.8859	0.9814	0.9532	0.9579	1.0256	0.9337	0.9391	1.0370	0.9287	0.9109	0.8374	0.8601	0.9097	0.8871	0.9541	0.9124	0.9007
QG37_03411	0.9366	0.8935	0.9363	1.0802	0.8937	0.9975	0.9545	1.0067	1.1383	1.0260	0.9927	1.0792	1.0495	1.0129	1.0891	1.0398	1.1352	0.9914	1.1289	0.9880	0.9800	0.9994	0.9805	0.9391	1.0822	0.9184	0.9640	1.1639	1.0013	1.0494	1.1198	0.8164	1.1981	1.1012	0.9947	1.0322	0.9177	0.9836	0.8339	1.0878	0.9594	1.1158	1.0551	0.7341	0.7802	0.6675	0.9393	0.7997
QG37_03412	1.0253	0.9661	0.9786	0.9292	0.9953	1.0122	0.9496	0.9110	0.9386	0.9286	0.9833	0.8500	0.9599	0.9526	1.0200	1.0582	0.9715	0.9856	1.0338	0.9937	1.0169	1.0049	0.9983	0.9686	0.9455	0.9834	0.9790	0.9643	1.0000	0.9421	0.9110	0.9917	1.0059	1.0154	1.0445	0.9931	1.0405	0.9761	1.0100	1.0496	1.0455	1.0447	0.9343	1.0110	0.9553	1.0389	1.0156	0.9762
QG37_03413	0.8180	0.9186	0.8360	0.8780	0.6644	0.8155	0.8736	0.8340	0.7637	0.9157	0.8765	0.8405	0.9085	1.0383	0.9194	0.9601	0.8612	0.9251	0.9958	1.0289	0.9501	0.8455	0.9918	0.9546	0.8482	0.9247	0.9043	0.6962	0.7260	0.8675	0.7522	0.8886	0.7479	0.9852	0.9886	0.9297	0.9396	0.8747	0.9189	0.9343	1.0037	0.9248	0.9394	1.0398	0.8851	0.9195	1.0055	0.8420
QG37_03415	0.9780	1.0003	1.0056	0.8497	0.9478	0.9780	1.0336	1.0240	0.9831	0.9315	0.9833	0.8809	0.9993	0.9617	0.9858	1.0148	1.0309	0.9533	1.0014	0.9582	1.0453	1.0066	1.0288	1.0304	0.9203	1.0801	1.0303	0.9939	0.9753	0.7651	0.9279	0.8637	1.0599	0.9405	0.9580	0.9819	0.9975	1.0261	1.0100	0.9912	1.0471	1.0474	0.9419	1.0083	1.0545	1.0263	1.0164	0.9971
QG37_03417	1.0804	0.8111	0.7705	1.0132	0.9041	0.9344	0.8501	1.0024	0.8967	0.8951	0.8869	0.8584	0.8983	0.9347	0.8258	0.9323	0.8687	0.9343	0.9448	1.0158	0.9768	0.8951	0.8006	0.8415	0.8376	0.9203	0.8359	0.8968	0.8831	0.8166	1.0112	0.8560	0.8862	0.9294	0.8936	0.9469	0.8862	0.9460	0.9148	0.9074	0.9124	0.8804	0.8393	1.0274	0.9261	0.8893	0.9176	0.9950
QG37_03418	0.9413	0.8624	0.8434	0.8287	0.8265	0.9250	0.8841	0.9288	0.8692	0.7799	0.8645	0.9083	0.9388	0.8724	0.8427	0.8605	0.9671	0.9138	0.9824	0.9646	0.9424	0.8399	0.9020	0.9666	0.8590	0.8396	0.8677	0.8470	0.8298	0.7548	0.7828	0.8349	0.8948	0.9725	0.7948	0.8777	0.8559	0.9587	0.8608	1.0218	0.8121	0.8835	0.8881	0.9032	0.8084	0.8481	0.9218	0.8632
QG37_03419	0.7222	0.9157	0.6743	0.7886	0.6919	0.8275	0.8058	0.7763	0.7610	0.9050	0.5939	0.6907	0.8079	0.7889	0.7038	0.7955	0.8134	0.5945	0.7989	0.8127	0.6212	0.6489	0.7753	0.6434	0.7355	0.6543	0.6831	0.7923	0.5818	0.8118	0.7542	0.5937	0.6288	0.7292	0.7366	0.7800	0.6957	0.6150	0.8262	0.6677	0.7315	0.9396	0.6470	0.6369	0.7757	0.7747	0.7214	0.8431
QG37_03420	0.9233	0.9026	0.9471	0.9166	0.8685	0.8520	0.8717	0.9804	0.8511	0.9337	0.9621	0.8735	0.9454	0.8791	0.8781	0.9566	0.8767	0.8928	0.9243	0.8512	0.8808	0.9169	0.8346	0.9529	0.8510	0.8911	0.8261	0.8438	0.8163	0.7439	0.8568	0.8964	0.8178	0.8951	0.9253	0.9024	0.9595	0.8578	0.8765	0.8352	0.8620	0.8143	0.8647	0.8615	0.9019	0.8236	0.8933	0.8627
QG37_03421	1.0707	1.0364	1.1532	1.0039	0.9931	1.1572	1.0587	1.0251	1.0411	1.0653	1.1723	1.0464	1.1283	1.1518	1.0869	1.0945	1.1377	1.1271	1.0998	1.0334	1.1123	1.0747	1.0179	1.2093	1.0280	1.0486	1.0164	1.0678	1.1153	0.9333	1.2027	1.0693	1.0705	1.2051	1.1379	1.1615	1.0951	1.2640	0.8940	1.0326	1.0146	0.9395	0.9555	1.1227	1.0475	1.0889	1.1088	1.0537
QG37_03422	1.0639	1.0352	0.9693	1.0941	1.0727	1.0963	1.0618	1.0442	1.0546	1.0123	1.0921	0.9642	1.1194	1.0443	1.0616	1.0282	1.0186	1.0278	0.9744	1.0780	1.0425	1.0458	1.0202	1.0076	1.0576	1.0514	0.9737	1.0652	0.9719	0.9948	0.9661	0.9604	1.0519	1.0930	1.1330	1.0195	1.0771	1.0997	1.0920	1.0347	1.0471	1.0335	1.0322	1.0965	1.0210	1.0265	1.1102	1.0525
QG37_03423	1.1926	1.0684	1.1552	0.9447	0.9958	1.1036	1.1513	0.9963	1.0375	0.9442	0.9934	1.0043	0.9872	1.0289	0.9767	1.0051	1.0602	1.0147	1.0598	1.0066	1.0630	1.1818	1.0746	1.1410	1.0602	1.0542	1.0628	1.0132	0.9871	1.0409	1.1266	1.0120	1.1027	1.0477	1.0995	1.0232	0.9597	0.9884	1.0598	1.0196	1.0624	1.0329	1.0183	1.2285	1.0728	1.0973	1.1114	0.9598
QG37_08417	0.9536	0.9898	1.1347	0.8487	1.1597	1.1162	0.9211	0.9226	0.8951	1.0443	0.9867	1.0050	0.9069	1.0674	1.0361	1.0735	0.8950	1.0074	1.0358	1.0608	1.0739	1.0618	0.8984	1.0004	1.0577	0.8334	0.9694	0.9700	0.9398	1.1549	1.0357	1.0467	1.0758	1.0577	0.9017	0.8190	1.1449	1.0131	1.0130	1.0744	1.0788	0.9872	0.9332	1.1541	1.1680	1.1327	1.1771	0.9811
QG37_03424	1.0034	0.9298	1.0071	0.9054	0.9965	1.0164	1.0016	0.9958	0.9698	0.9105	1.0159	0.9506	0.9504	0.9283	0.9122	0.9307	0.8796	0.9936	0.9349	0.9833	0.9447	0.9580	0.9786	0.9184	0.9415	0.9340	0.9381	0.9048	0.8814	0.8627	0.8733	0.9541	0.9049	1.0230	0.9044	0.9737	0.9609	0.9102	0.9717	0.8985	0.9532	0.9612	0.9238	0.9411	0.9554	0.9313	0.9417	0.9001
QG37_03425	0.6551	0.7536	0.7709	0.5614	0.7104	0.7346	0.6788	0.8024	0.7698	0.6624	0.7671	0.7607	0.7692	0.6966	0.7383	0.7944	0.7557	0.6542	0.8126	0.7571	0.7529	0.7273	0.7356	0.7640	0.7221	0.6406	0.7391	0.7126	0.6458	0.8142	0.6272	0.7960	0.6716	0.6684	0.6669	0.7276	0.7720	0.6962	0.6907	0.6930	0.6779	0.7285	0.5855	0.4008	0.5233	0.5151	0.4655	0.5571
QG37_03426	1.0750	0.9901	1.0563	0.9614	0.9974	1.0081	1.0272	1.0303	1.0055	1.0367	1.1257	0.9890	1.0206	0.9902	0.8860	1.0578	0.9957	1.0292	1.0181	0.8897	0.8921	0.9208	0.9213	0.8843	1.0705	1.0250	0.9414	1.0545	0.9546	0.7211	1.0287	0.9761	0.9778	1.0627	1.0274	0.9598	0.9542	1.0083	1.0376	0.9258	0.8919	0.9757	0.9236	0.8791	0.9216	0.8807	0.9465	1.0562
QG37_03427	1.0616	0.9934	0.9476	0.9546	1.0419	1.0373	1.0721	1.0148	1.0144	0.9452	0.9900	0.9133	1.0729	0.9948	0.9571	0.9928	1.0249	1.0038	0.9976	1.0366	0.9858	0.9889	1.0088	0.9256	1.0718	0.9646	0.9061	0.9685	0.9931	0.8900	0.8963	0.9846	1.0464	0.9946	1.0210	0.9648	0.9864	0.9831	0.9830	0.9437	1.0344	1.0296	0.9315	0.9986	0.9850	0.9610	0.9645	0.9228
QG37_03428	0.9695	0.9912	0.9640	0.8857	0.9981	0.9859	0.9322	0.9663	0.9121	1.0154	1.0285	0.9326	0.9778	1.0009	0.9475	0.9962	0.9150	0.9783	0.9425	1.0116	0.9546	0.9378	0.9377	0.9384	1.0165	0.9319	0.9395	0.9371	0.8902	1.0430	0.9567	0.8490	0.9389	0.9382	0.9152	0.9333	0.8549	1.0150	1.0085	1.0354	0.9851	0.9760	0.9112	0.9593	0.9261	0.9217	0.9618	0.9325
QG37_03429	1.0265	1.0533	0.9741	1.0620	0.9534	0.9103	1.0051	0.9804	0.9407	0.9005	0.9245	0.9011	1.0856	0.8937	0.9816	1.0133	0.9755	1.0068	0.8736	0.9758	0.8734	0.8484	1.1285	0.9597	0.9881	1.0737	0.9658	0.8512	1.0465	0.8678	0.9080	0.8516	0.9879	0.9911	0.9829	0.8904	1.0150	0.9942	0.9113	1.0457	0.9861	0.9519	0.8152	0.9140	0.8609	0.9047	1.0134	0.9020
QG37_03430	0.9446	0.8838	0.8567	0.8808	0.9230	0.8805	1.0603	0.9659	0.8571	0.9059	0.8610	0.8608	0.7872	0.8345	0.8659	0.8491	0.9332	0.8279	0.8537	0.9197	0.8537	0.8282	0.8219	0.7888	0.8765	0.9834	0.8765	0.8814	0.9179	0.7263	0.6433	0.7723	0.8510	0.8779	0.8112	0.8025	0.9191	0.8455	0.9476	0.8504	0.8161	0.8259	0.8222	0.9880	0.9229	0.8014	0.7739	0.8478
QG37_03431	1.0937	1.1378	1.1243	1.0939	1.0776	1.0019	1.2549	1.0096	1.1395	0.9893	1.1477	1.0053	1.2522	0.9932	0.9494	1.0002	1.0452	1.0298	1.1654	1.0802	0.8893	1.0656	1.0648	1.0370	1.0137	1.1083	1.0406	1.2302	1.1640	0.8299	1.0289	0.9277	0.9864	0.9683	1.1620	1.2042	1.0775	0.9947	0.9034	0.9919	1.1449	1.1311	0.8750	0.8640	0.9960	0.9350	1.0333	0.9439
QG37_03432	1.2209	0.9460	1.0260	0.9650	0.9635	0.9094	0.8717	1.0306	0.8016	1.0541	0.9198	1.0147	0.9970	0.9220	1.1226	0.9491	0.8940	0.9619	0.9274	0.9493	0.8489	0.9578	0.9709	0.9633	0.8786	1.0410	0.8134	1.0345	0.8217	0.8506	0.8863	0.9102	0.8848	0.9921	0.8806	0.9245	0.9826	0.8686	0.9161	0.8074	0.9064	0.9583	0.9643	0.7639	0.9407	1.0771	0.9066	1.0209
QG37_03433	1.0192	0.9679	1.0698	1.0187	0.9711	1.0568	1.0997	1.0941	1.0356	1.0439	1.0643	0.9453	1.1549	1.0477	0.9408	1.0217	1.0180	0.9263	1.0168	1.1405	1.0371	1.0097	1.0185	0.9997	0.9887	0.9664	0.9314	1.0274	0.9343	1.0015	0.9044	0.9574	1.0015	0.9500	1.0165	1.0163	0.9150	0.9847	1.0686	1.0236	1.0617	1.0101	0.8786	1.0132	0.9297	0.9137	1.0382	0.9449
QG37_03434	1.0491	0.9952	0.9877	1.0010	0.9787	0.9929	1.0039	0.9696	0.9328	0.9379	0.9845	0.9263	1.0108	0.9528	0.9226	0.9727	1.0053	0.9619	1.0119	0.9940	0.9925	0.9838	0.9370	0.9792	0.9633	0.9474	0.9330	0.9411	0.9188	0.9188	0.8498	0.8693	0.9462	0.9343	1.0041	0.9855	0.9835	0.8987	0.9702	0.9769	0.9740	0.9294	0.8516	0.9454	0.9543	0.9332	0.9972	0.9399
QG37_03435	0.9871	0.9185	0.9488	0.8695	0.9175	0.8471	1.0068	0.9917	0.9392	0.8821	0.9973	0.8625	0.9103	1.0235	0.8564	0.9741	0.8218	0.8208	0.9417	0.9104	0.8991	0.8787	0.8703	0.8575	0.9140	0.8602	0.8563	0.8436	0.7441	0.8930	0.8507	0.8389	0.8247	0.9941	0.9758	0.8372	0.8950	0.8719	0.8629	0.9310	0.9459	0.9036	0.8362	0.9513	0.8133	0.8586	0.9322	0.9122
QG37_03436	1.1945	1.0085	1.2566	1.0168	1.0030	1.2280	1.1892	1.2583	1.2520	1.1651	1.4004	1.2741	1.3168	1.1009	1.2317	1.1602	1.1045	1.0766	1.1407	1.1942	1.1212	1.2245	1.1139	1.0053	1.1135	1.0206	1.0739	1.1958	0.9921	1.0258	1.1176	1.1826	1.1171	1.3068	1.1821	1.3210	1.2926	1.1218	1.2471	1.0265	1.1471	1.1533	1.3210	1.0349	0.8655	0.9580	1.0593	1.0486
QG37_03437	1.0979	1.0455	1.0717	1.1005	1.0173	1.0031	0.9965	1.0285	0.8930	0.9557	1.0597	0.9423	0.9319	0.8997	0.9848	0.9710	1.2508	1.0547	1.2395	1.1625	1.0682	1.2255	1.1073	1.0538	0.9456	1.0451	0.9112	1.0165	1.0871	0.9594	1.0544	1.0663	1.0120	1.0549	1.0785	1.1069	1.1971	1.0113	1.0587	0.9334	0.9410	0.8757	0.8304	0.7737	0.7955	0.9090	0.7854	0.8428
QG37_03438	1.0227	0.9508	0.9655	0.9429	0.9878	1.0592	1.0274	0.9641	0.8209	0.8823	0.9654	0.8785	0.8894	0.9872	1.0074	0.9635	0.9923	1.0888	0.9600	1.1373	0.8921	1.0562	0.9347	0.9466	0.9487	0.8816	0.8394	0.8718	0.9091	1.0506	0.8977	0.9427	0.9268	0.9675	1.0006	0.9913	1.0157	1.1804	0.9881	0.9932	1.0199	0.8956	0.9844	1.0248	0.9715	0.9914	0.8802	0.8646
QG37_03439	1.0475	0.9640	0.9954	1.0337	0.9698	1.0980	1.0133	0.9129	0.9496	0.9899	1.0092	0.8978	0.9765	1.0674	0.8686	0.9794	0.9635	0.8512	0.9672	0.9300	0.9467	0.9818	0.9532	0.8841	0.8907	0.9216	0.9210	0.9584	0.9217	0.8154	0.8613	0.9290	1.0234	0.8986	0.8546	1.0038	0.8918	0.9285	0.9720	0.9026	0.9774	0.9635	0.9752	0.9667	0.9093	0.8748	0.9116	0.8583
QG37_03440	1.1003	1.0112	0.9029	0.9743	0.8749	0.9513	0.9995	1.0503	1.0733	1.1088	0.9725	1.0197	0.9617	1.0193	0.8649	0.9720	0.9652	0.9404	0.9605	1.0121	0.9633	0.9521	0.9579	0.8546	0.9587	0.9545	0.9690	1.0261	0.9324	0.8160	0.9013	0.9101	0.9237	0.9133	0.9205	0.8648	0.9159	0.9242	0.8144	0.9747	1.0423	0.8972	0.9790	0.9301	1.0165	0.9671	0.8725	0.8929
QG37_03441	1.0801	0.9325	0.9487	1.0070	0.9819	1.0239	0.9680	0.9635	0.9673	0.9348	0.9852	0.9256	0.9569	0.9482	0.8974	0.9798	0.9659	0.9451	0.9369	0.9761	0.9626	0.9250	0.9600	0.8962	0.9085	0.9325	0.9650	0.9444	0.8569	0.6775	0.9265	0.8821	0.9036	0.9300	0.9131	0.9577	0.9151	0.9488	0.9592	0.8998	0.9788	0.9120	0.8801	0.9475	0.8962	0.9479	0.8777	0.9615
QG37_03442	1.0799	0.8751	0.8013	0.6646	0.8047	0.6452	0.6098	0.5757	0.7987	0.6751	0.7584	0.7316	0.6706	0.6866	0.5696	0.6492	0.7008	0.6582	0.6723	0.6930	0.5964	0.5713	0.7051	0.7242	0.6558	0.6748	0.5407	0.6650	0.7901	0.9479	0.7189	0.6959	0.8202	0.8699	0.7414	0.7698	0.7208	0.8791	0.7516	0.7439	0.6681	0.8712	0.7310	0.8239	0.7432	0.8235	0.9078	0.8304
QG37_03443	0.2198	0.5840	0.7252	0.6391	0.4435	0.4914	0.5847	0.6204	0.6430	0.6763	0.6285	0.7998	0.6551	0.4881	0.5581	0.5795	0.5783	0.5612	0.7426	0.5800	0.5723	0.6228	0.5306	0.6414	0.5498	0.5627	0.6260	0.6048	0.5847	0.6447	0.6452	0.5436	0.5966	0.6386	0.6050	0.6361	0.6435	0.6067	0.5787	0.6227	0.5183	0.6849	0.6132	0.9266	1.0113	0.8844	0.9710	0.9952
QG37_03444	1.1616	1.1065	1.0574	1.0093	1.0084	0.9813	1.0918	1.1232	0.8572	1.1695	1.1036	0.9716	1.0191	0.8058	1.0739	1.1805	1.0171	1.1187	0.8942	1.0014	1.0383	1.1397	0.9123	1.1005	1.1049	0.9686	1.1443	0.9227	0.9654	0.9512	0.8555	1.1027	0.9960	1.1926	0.8582	1.1095	1.0549	1.0348	1.0098	0.9308	1.1089	0.8892	0.9776	0.9538	0.9876	1.2924	1.0374	1.0271
QG37_03445	0.9207	0.9399	0.8367	0.9864	0.9273	0.8012	0.8834	0.9586	0.8709	1.0334	0.9882	0.9512	1.0561	0.9378	0.8203	0.9349	0.8698	0.8348	0.8779	1.0001	0.9044	0.7876	0.8105	0.9371	0.9082	0.8953	0.8786	0.9616	0.9420	0.8190	0.7361	0.9463	0.9433	0.8560	0.9439	0.9130	0.8972	0.9340	1.0188	0.7640	0.9580	0.9894	0.7983	0.9161	0.8583	0.8375	0.8197	0.8857
QG37_03446	1.1503	1.0318	1.2014	0.9250	0.9483	0.9766	1.0698	0.9224	1.0098	1.1012	1.1011	1.0977	0.9878	1.1480	0.9512	0.9708	1.0314	0.9533	1.0455	1.0421	1.0600	0.9640	0.9287	1.0777	0.9717	1.0152	0.9441	0.9850	1.0221	0.9379	0.9099	0.9783	1.0702	0.9568	1.1025	0.9635	0.8778	0.9416	1.0397	0.9797	1.1647	0.9933	0.9411	1.0343	0.9761	1.0194	1.1161	1.0094
QG37_03447	0.8984	0.9306	0.9692	0.9772	0.8546	0.7702	0.8525	0.8749	1.1002	0.8253	0.9703	0.9615	0.9882	0.9079	0.7895	0.8358	0.9649	0.9415	0.9657	0.9506	0.8439	0.9278	0.9182	0.7944	0.9903	0.9106	0.9627	0.8121	0.9284	0.7120	0.8535	0.8349	0.8516	0.9093	0.8870	0.8292	0.8809	1.0905	1.0010	0.8097	0.9703	0.8383	0.8450	0.9712	1.0435	0.8375	1.0811	0.9583
QG37_03448	1.0633	1.0039	0.9910	0.9936	0.9905	1.0470	1.0420	1.0007	0.9271	1.0099	0.9940	0.9800	1.0074	0.9776	0.9528	1.0041	0.9438	0.9891	0.9971	0.9826	0.9918	0.9812	0.9941	0.9772	0.9979	0.9727	0.9625	0.9993	0.9408	0.8691	0.9357	0.9313	0.9782	0.9724	1.0084	1.0520	0.9943	0.9984	1.0222	1.0198	1.0029	0.9217	0.9930	1.0162	0.9686	0.9887	1.0111	1.0083
QG37_03449	0.9316	0.8589	0.8289	0.8429	0.9393	0.8636	0.9113	0.8782	0.8623	0.9625	0.8305	0.8928	0.8723	0.7988	0.8952	0.8008	0.9581	0.9236	0.9740	0.8304	0.8630	0.8742	0.8425	0.7716	0.8549	0.8636	1.0288	0.8301	0.8413	0.7772	0.8696	0.7576	0.8221	0.8920	0.8823	0.8277	0.9098	0.8061	0.9458	0.9298	0.8179	0.9121	0.9566	0.8245	0.9795	0.8251	0.9721	0.8839
QG37_03450	1.0457	1.0150	1.0025	0.8603	0.9076	0.9515	0.9344	0.8910	0.8981	0.9275	0.9286	0.8841	0.9434	0.8953	0.8987	0.9882	0.8768	0.9277	0.9650	0.9182	0.9928	0.9473	0.9849	0.9316	0.9452	0.8773	0.8733	0.9126	0.8899	0.7833	1.0280	0.8761	0.9171	0.8936	0.8747	0.9792	0.9370	0.9568	0.9836	0.9047	0.9031	0.9856	0.8446	1.0143	0.8303	0.8988	0.9398	0.8799
QG37_03451	0.8502	0.9406	0.8068	0.7616	0.8887	0.9423	0.8353	0.8648	0.8485	0.8876	0.8246	0.8997	0.8598	0.8717	0.9964	0.8510	0.8759	0.8821	0.9281	0.9035	0.8508	0.9286	0.8524	0.8896	0.7861	0.8547	0.8359	0.8771	0.7779	0.9694	0.7480	0.8787	0.8232	0.9268	0.8467	0.8937	0.8496	0.9048	0.8545	0.6995	0.9246	0.8710	0.8906	0.8290	1.0256	0.9550	0.9889	0.8287
QG37_03452	1.0247	1.0005	0.9033	0.9230	0.9481	1.0487	0.9996	1.0209	0.9460	0.9195	0.9409	0.9396	0.9073	0.9605	0.9420	0.9817	1.0844	1.0067	0.9456	1.0320	0.9995	1.0759	0.9110	0.9720	1.0184	1.0065	0.8729	0.9020	0.9683	0.9300	0.8215	0.8327	1.0185	0.9555	0.8635	1.0381	0.9323	0.8809	0.9172	0.9257	0.9219	1.0089	0.9216	0.9705	0.9399	0.9611	0.9800	1.0076
QG37_03453	1.0824	1.0882	0.9524	0.9115	1.0707	0.9495	1.0541	1.0607	1.0551	1.0528	0.9858	0.9328	1.0503	1.0489	0.9260	0.9807	1.0241	0.9903	1.0083	1.0631	0.9372	1.0384	0.9904	0.9730	0.9960	1.0144	1.0187	1.0320	0.9801	0.9382	0.9890	0.9956	1.0737	1.0663	1.0827	1.0681	0.9977	0.9845	0.9907	1.0475	1.1240	1.0341	0.9862	0.9454	1.0164	1.0463	1.0413	0.9669
QG37_08418	0.8442	0.9619	0.8462	1.0518	0.9207	0.9546	1.1202	0.9803	0.9017	1.0919	0.9882	1.2009	1.1636	1.0086	0.8542	0.9697	1.1092	1.0833	1.1296	0.9824	1.0703	0.9853	0.9117	0.8754	0.9259	0.8967	0.9114	0.9007	1.0761	0.8054	0.9489	0.9187	0.8152	0.8614	0.8498	0.9002	1.1379	1.0389	1.0492	0.9696	1.0400	1.0791	0.9943	0.7494	0.9100	1.1160	0.9410	0.7839
QG37_03454	0.9963	1.0186	1.0290	0.9166	1.0605	0.9150	0.9638	1.1846	0.8480	1.0306	0.9737	0.8029	0.8931	1.0716	0.9972	0.9926	0.9532	1.0119	0.9871	0.9326	0.8555	0.8386	0.8792	0.9172	0.7838	0.9811	0.7021	0.8831	1.0358	0.9282	0.7975	0.9734	0.8001	0.8331	0.9388	0.9817	0.9270	0.8689	0.9856	0.9457	1.0297	1.0133	0.8574	0.9113	0.9567	0.9527	0.7189	0.9730
QG37_03455	1.1127	1.0129	0.9269	0.9542	0.9289	0.9705	0.9369	0.9456	0.9518	1.0232	1.0037	0.8567	0.9388	0.9856	0.8679	0.9400	0.9879	0.8528	1.0662	0.9406	0.9934	0.9412	1.0124	0.9514	0.8315	0.9209	0.9789	0.9298	0.8855	0.7417	0.8712	1.0384	0.9543	0.9042	1.0268	0.9766	1.0217	1.0543	0.8788	0.9900	0.9276	0.8920	0.9771	1.0080	0.8766	1.0116	0.9063	0.9792
QG37_03456	1.0735	0.9717	0.9508	0.9820	0.9950	1.0526	1.0000	1.0196	1.0463	0.9749	0.9587	0.8937	0.9175	1.0019	0.9723	0.9369	0.9641	0.9764	1.0014	1.0259	1.0455	1.0035	0.9597	0.9395	0.9891	0.9574	0.9646	0.9693	0.9189	1.0349	1.0248	1.0090	1.0779	1.0180	0.9826	1.0166	0.9771	0.9985	0.9330	0.9079	1.0851	1.0126	0.9748	0.9964	0.9906	0.9484	0.9684	1.0008
QG37_03457	0.9832	0.8167	1.0571	1.0151	0.8243	1.2269	0.9883	1.0095	0.8475	0.9813	0.9083	0.9076	0.9583	0.9444	0.8952	1.0090	1.0893	1.0971	0.9208	0.9371	0.9456	0.9710	0.9830	0.8629	0.9220	0.9546	0.9153	0.9529	1.2671	0.9003	1.0974	0.9137	1.1511	1.0172	1.2179	0.8202	0.9509	0.9057	1.0185	0.8702	1.1042	1.0792	0.8876	1.1733	0.9416	1.1576	0.9415	1.0105
QG37_03458	0.9758	1.0159	0.9265	0.8801	1.0227	0.9581	0.9106	0.9148	0.8937	0.9833	1.0935	0.9173	0.9235	0.9413	0.9188	0.9379	0.9554	0.8683	0.9377	0.9733	1.0181	1.0326	0.9940	0.8227	0.9809	0.9352	0.9406	0.8772	0.9285	0.8306	0.9095	0.9253	1.0218	0.9635	1.0593	0.9417	1.0281	0.9564	1.0523	0.9458	0.8944	0.9131	0.9177	1.0522	0.9142	0.9723	1.1452	1.0318
QG37_03459	1.0653	1.1367	1.0574	0.9186	1.0983	0.9533	0.9910	1.0034	1.0230	1.0442	1.0555	0.9944	1.0456	1.0268	1.0894	1.0518	0.9528	1.0267	1.0449	1.0617	1.0780	1.0327	1.0107	1.0435	1.0512	1.1118	1.0250	1.1187	0.9667	0.9912	1.0008	1.1179	1.0981	1.0624	1.0678	1.0340	1.0860	1.1033	1.0255	1.0543	1.1349	1.0691	1.0114	1.0603	1.0918	1.0557	1.0467	1.0978
QG37_03460	1.2212	1.1606	1.1969	0.9624	1.2648	1.0784	1.1892	1.1337	0.9419	1.1051	1.0499	1.0426	1.1731	1.0583	1.1834	0.9805	0.8759	1.0614	1.0552	1.2031	1.1560	1.2529	1.1147	1.1925	1.0155	1.0653	1.2150	1.1785	1.1266	0.9154	1.2243	1.0505	1.2935	0.9460	1.1778	1.1789	1.3028	1.0121	1.0629	1.0359	1.2563	1.0659	1.3463	1.3497	1.0452	1.2730	1.3656	1.1875
QG37_03461	1.0597	1.0188	1.0353	1.0311	0.9521	1.0290	1.0644	0.9352	0.9896	0.9587	0.9508	0.9197	0.9877	1.0488	1.0769	1.0377	0.9139	1.0261	0.9699	0.9920	1.0701	0.9943	0.9479	1.0159	0.9839	0.9985	0.9764	0.9767	0.9861	0.9952	1.0299	0.8986	1.0492	1.0181	1.0719	1.0985	1.0224	1.0353	1.0451	0.9682	1.0749	1.0356	1.0435	1.0766	1.0064	1.0301	1.0873	1.0220
QG37_03462	0.9124	0.8784	0.8453	0.8804	0.8445	0.8148	0.8754	0.8515	0.8598	0.7840	0.8658	0.8132	0.8222	0.9547	0.8432	0.9225	0.8287	0.8135	0.8619	0.7890	0.8237	0.8468	0.8390	0.8685	0.7766	0.8258	0.8519	0.7883	0.8138	0.7736	0.8390	0.7845	0.8185	0.8175	0.8401	0.8876	0.8239	0.8826	0.8743	0.9040	0.8981	0.8064	0.7904	0.9031	0.9254	0.8140	0.8385	0.8634
QG37_03463	0.9247	0.7306	0.8526	0.7880	0.9948	0.9355	0.9192	0.9743	0.9106	0.9097	0.6916	0.8986	0.9713	1.0817	0.8177	0.8038	0.7760	0.9988	0.8710	0.8957	0.8621	0.8057	0.7724	0.8622	0.8627	0.9807	0.9271	0.7715	0.8286	1.0585	1.0446	0.8833	0.8689	0.7354	0.8171	0.8110	0.9733	0.9622	0.8423	0.9257	0.9221	0.8225	0.6413	0.9025	0.9540	0.8434	0.7662	0.9319
QG37_03464	0.9930	0.8754	0.9409	0.9623	0.9148	0.9332	0.8873	0.7649	0.9138	0.8986	0.9053	0.9041	0.7993	0.9757	1.0771	0.8794	0.9171	0.9054	0.9739	0.9191	0.9060	0.8792	0.9263	0.9302	0.9539	0.8679	0.9116	0.8585	0.8025	0.8512	0.8385	0.8493	0.8843	0.8595	0.8671	0.9655	0.9892	1.0498	0.8811	0.9184	0.9377	0.9556	0.8673	0.9573	0.9792	0.8865	0.9467	0.9018
QG37_03465	0.9866	0.8534	0.7485	0.9537	0.8545	0.7648	0.9147	0.8115	0.9935	0.8328	0.9080	0.8819	0.7447	0.9550	0.8910	0.8796	0.8322	0.7815	0.9215	0.8943	1.0784	0.8444	0.8811	1.0395	0.8582	0.8545	0.8611	0.8447	0.8256	0.8878	0.9038	0.6970	0.9483	0.9230	0.9103	0.9324	0.8783	0.9287	0.7984	0.8863	0.8726	0.8941	0.7953	1.0274	0.9011	0.9885	0.9172	0.9607
QG37_03466	0.8054	0.7236	0.8259	0.8935	0.8209	0.7497	0.7884	0.8255	0.7469	0.8304	0.8142	0.8552	0.9075	0.8871	0.7725	0.8928	0.8071	0.8135	0.8749	0.9023	0.8824	0.8467	0.9338	0.8980	0.8786	0.7415	0.7442	0.8581	0.7537	0.7157	0.8189	0.7657	0.8050	0.7799	0.8948	0.8542	0.7598	0.8438	0.8258	0.8752	0.8136	0.8397	0.7853	0.9049	0.7757	0.9670	0.8312	0.8665
QG37_03467	0.9357	0.7921	0.7615	0.8942	0.8979	0.8353	0.8490	0.8509	0.8901	0.7866	0.8382	0.8438	0.9633	1.0361	0.9558	0.9354	0.9068	0.8147	0.8596	0.8424	0.9624	0.8760	0.8332	0.7850	0.9481	0.9687	0.8728	0.9163	0.7975	0.8396	0.8112	0.9190	0.8457	0.9220	0.9452	0.9294	0.8162	0.9624	0.8481	0.7948	0.8171	0.8966	0.9331	0.9732	0.8478	0.9377	0.9915	0.9901
QG37_03468	0.8724	0.8701	0.7512	0.7816	0.8572	0.7712	0.8084	0.8468	0.8490	0.8548	0.8149	0.8121	0.8124	0.8783	0.8150	0.8033	0.8674	0.8461	0.8398	0.9553	0.9013	0.8769	0.9564	0.8403	0.8966	0.8674	0.8017	0.8308	0.9015	0.7345	0.8115	0.7770	0.8050	0.8758	0.9301	0.9015	0.8282	0.8602	0.8492	0.8702	0.8774	0.8458	0.8600	0.9579	0.8874	0.8694	0.8985	0.9130
QG37_03469	0.8150	0.8738	0.7075	0.7616	0.8631	0.8666	0.8098	0.8368	0.7736	0.8303	0.9031	0.9044	0.7466	0.9137	0.7043	0.9270	0.7750	0.9190	0.6850	0.7915	0.7593	0.7825	0.8429	0.7478	0.8214	0.8369	0.9911	0.8721	0.7265	0.7214	0.8373	0.6863	0.8483	0.8377	0.8268	0.9241	0.8592	0.9297	0.8561	0.8019	0.9224	0.8782	0.9749	1.0354	0.9230	0.9615	0.9200	0.8266
QG37_03470	1.0102	1.0166	1.1230	0.9525	0.8955	0.8980	1.1556	0.9851	1.0657	1.0660	0.8787	1.1534	1.0113	0.9332	1.0623	0.8297	0.7830	0.9048	1.0563	1.0296	1.0420	1.0175	0.9810	1.1031	0.9352	0.8945	0.7755	0.8986	0.8123	0.7739	1.0409	0.8727	1.0772	0.9276	1.0199	0.9424	0.9377	1.0246	1.1590	1.0912	0.8971	1.0682	1.2823	1.0903	0.9918	0.8813	1.0734	0.9273
QG37_03471	0.9267	0.8228	0.7531	0.8021	0.8969	0.8704	0.8572	0.9303	0.8739	0.7625	0.8588	0.8188	0.9388	0.7622	0.8239	0.9601	0.7971	0.9348	0.8889	0.8758	0.8458	0.9015	0.8183	0.8383	0.8182	0.9154	0.8040	0.7480	0.7477	0.6390	0.7329	0.8232	0.9024	0.8492	0.9259	0.8750	0.9945	0.8042	0.9431	0.8345	1.0164	0.8026	0.8072	0.7454	0.8579	0.8543	0.9336	0.8849
QG37_03472	1.2066	1.1811	1.1588	1.1494	1.0487	1.1509	1.0663	1.0894	1.0447	1.0740	1.1648	1.1169	1.0990	1.0273	1.0664	1.0630	1.0773	1.1662	1.0435	1.1425	1.1050	1.0851	1.0606	1.0218	1.0841	1.0637	1.1198	1.1477	1.1121	0.9861	0.9155	1.0618	1.0687	1.0621	1.0258	1.0261	1.1158	1.0449	1.0776	1.0788	1.1630	1.1517	1.0260	1.0484	0.9764	1.0066	1.1866	1.0817
QG37_03473	0.9051	0.8731	0.7788	0.9091	0.9928	0.9807	0.8648	0.9495	0.9327	0.8638	0.8724	0.8666	0.8749	0.7959	0.7814	0.8164	0.9170	0.9591	0.9025	0.8621	0.9179	0.8526	0.9015	0.8233	0.8895	1.0121	0.8868	1.0015	0.8327	0.9691	0.8979	0.9285	0.9172	0.8970	0.9225	0.8896	0.9459	0.8595	0.9185	0.8843	0.8586	0.7911	0.7844	0.9480	0.8692	1.0555	0.9092	0.9644
QG37_03474	1.1213	0.8954	1.2319	1.0447	0.8258	1.1010	0.9471	0.8453	1.0337	1.0191	0.9598	0.6955	0.8824	0.8717	0.8519	1.0125	0.9383	0.8886	0.9068	1.0513	0.8921	0.9198	0.8909	0.9274	0.9451	0.8258	0.8130	0.9767	1.0817	0.8963	1.0181	0.8090	0.8875	0.9109	1.0602	0.9815	0.8868	1.0310	0.9917	0.9953	0.9891	1.0702	0.8343	1.1353	0.9320	0.9975	0.9448	0.9047
QG37_03475	1.1808	1.1834	1.0787	1.0840	1.1797	1.1133	1.1792	1.2069	1.1593	1.2239	1.2614	1.1124	1.2205	1.0686	1.1011	1.1297	1.1662	1.1254	1.1152	1.2237	1.0713	1.1743	1.1129	1.0475	1.1089	1.1208	1.1029	1.2194	1.1910	0.9979	1.1844	1.0402	1.1086	1.1347	1.1591	1.1222	1.1859	1.0475	1.1567	1.1964	1.1532	1.1885	1.1413	1.1406	1.1072	1.1513	1.1473	1.0687
QG37_03476	1.2371	1.1792	1.1343	1.0222	1.0917	1.0590	1.2048	0.9615	1.0607	1.1097	1.1373	1.0730	1.1887	1.0769	1.0721	1.0662	1.0986	1.1174	1.0421	1.2021	1.0829	1.1039	1.0393	1.1826	1.0685	0.9613	0.9887	1.0891	0.9979	0.9051	0.9601	1.1339	1.1635	1.0803	1.1575	0.9855	1.0725	1.0385	1.1410	1.1000	1.0358	1.1629	1.1885	1.1223	1.1829	1.0798	1.1517	1.1721
QG37_03477	1.1002	1.0333	1.0747	1.0414	0.9674	1.0462	0.9674	1.0601	0.9322	0.9459	0.9823	0.9000	0.8996	1.0379	1.0468	1.0021	1.0110	1.0259	0.9057	1.0215	1.0218	0.9236	0.9726	0.9767	0.9366	0.9173	0.9965	1.0011	1.0517	0.8242	0.9587	1.0014	1.0835	0.9020	0.9540	1.0102	0.9178	0.9648	1.1239	0.9914	1.0806	0.9390	1.0826	0.9655	0.9913	0.9461	1.0135	0.9394
QG37_03478	1.0259	0.9880	1.0715	1.0312	0.9438	0.9917	0.9468	0.9654	0.9516	1.0123	0.9295	0.9985	0.9865	0.9570	0.9343	1.0549	0.9156	1.0105	0.9436	0.9979	0.9294	0.8750	0.9379	0.9418	0.9644	0.9063	0.8516	0.9622	0.8548	0.8039	0.8855	0.8453	0.9470	0.9844	1.0224	1.0417	0.9603	0.9100	1.0192	0.9934	0.9429	1.0556	1.0256	1.0246	1.0193	1.0795	0.9253	0.9915
QG37_03479	0.8802	1.0178	0.9910	1.0030	0.9937	0.9193	0.9120	0.9338	0.9540	1.0252	0.8873	0.8598	1.0163	0.9957	0.8950	0.9852	0.8611	0.9319	0.9692	1.1197	0.9545	0.9368	0.9220	0.9149	0.8565	0.9223	0.9499	0.9140	0.8664	0.7242	0.8846	0.9532	0.9954	0.9672	0.9184	0.9536	1.0437	0.9296	0.9032	0.9546	0.9673	0.9818	0.9028	0.8375	0.9661	1.0337	0.9172	0.9891
QG37_03480	0.9044	0.8469	0.9692	0.9485	0.9646	0.9298	1.0049	0.8949	0.9035	0.8423	0.9197	0.8428	0.8689	0.8450	0.9457	0.9147	0.9632	0.9673	0.8573	0.9844	1.0211	0.8617	0.9594	0.8874	0.8012	0.9212	0.9190	0.8422	0.7565	1.0021	1.0343	0.9251	0.9351	0.9196	0.9812	0.9211	0.8023	0.9647	0.9705	0.9671	0.9896	0.8609	0.8617	0.8797	0.9165	1.0301	0.9653	0.8331
QG37_03481	0.8603	0.8258	0.8432	0.8612	0.7757	0.7837	0.8938	0.9278	0.9404	0.7972	0.7959	0.8669	0.8273	0.8855	0.9438	0.8816	0.9102	0.8603	0.8125	0.8858	0.9385	0.8234	0.9289	0.9355	0.8871	0.8162	0.9042	0.8318	0.7805	0.6787	0.7593	0.8115	0.9468	0.9234	0.8510	0.8218	0.8626	0.8785	0.8937	0.8440	0.8849	0.8807	0.8416	0.8646	0.8741	0.9547	0.7798	0.9956
QG37_03482	0.7169	0.7070	0.7838	0.8427	0.8679	0.8754	0.7935	0.8214	0.8927	0.8128	0.7974	0.8347	0.8851	0.8679	0.8701	0.8486	0.9583	0.9719	0.8312	0.8843	0.9000	0.8868	0.9289	0.8288	0.7599	0.7933	0.7111	0.7143	0.7122	0.6932	0.8004	0.7577	0.7683	0.9008	0.8107	0.8106	0.9090	0.7957	0.9757	0.8247	0.7749	0.7794	0.9620	0.9800	0.7829	0.9307	0.8065	0.9411
QG37_03483	0.8843	0.8671	0.9706	0.9967	0.8780	1.0394	0.9963	0.9653	0.8496	0.9086	0.9170	0.8741	0.9231	0.9754	0.9472	1.0992	0.9123	0.8524	0.8856	0.9063	0.9500	0.9653	0.9189	0.9023	0.9221	0.8775	0.9465	0.9548	0.9131	0.9069	1.0218	0.7937	0.9320	0.8977	0.9627	0.9267	0.9480	0.8961	1.0102	1.0200	1.0047	0.9835	0.8856	1.0769	0.9484	1.0277	0.9753	1.0398
QG37_03484	0.9795	0.9701	0.9870	1.0253	0.8585	0.9227	0.8527	0.8999	0.9710	0.8857	0.9374	0.9295	0.8811	1.0631	0.9267	0.9449	0.9331	0.9249	0.9627	0.9526	0.8758	0.9235	0.9593	0.8973	0.9567	0.9510	0.9507	0.9328	0.9248	0.8309	0.9091	0.9146	0.9175	0.9413	0.9616	0.9413	0.9293	1.0096	0.9726	0.8686	0.9872	1.0065	0.9873	0.9799	0.9617	1.0096	0.9576	0.9681
QG37_03485	0.7256	0.9932	0.9651	0.7962	0.8616	0.9220	0.7234	0.9224	0.9218	0.8993	1.0042	0.7697	0.8519	0.9158	0.9057	0.8903	0.8402	0.9018	0.8078	0.9648	0.7465	0.8442	0.9086	0.7847	0.8072	0.7909	0.8889	0.9379	0.9250	0.5965	0.6695	0.7753	0.7996	1.0173	0.8323	0.8447	0.8898	0.8633	0.9313	0.7606	0.8570	0.9520	0.7889	0.8165	0.8060	0.8395	0.8791	0.7311
QG37_03486	0.9210	0.8686	0.8914	0.8228	0.8514	0.9128	0.8628	0.8233	0.9541	0.8106	0.8338	0.7976	0.8267	0.9304	0.8630	0.8943	0.8700	0.8774	0.8757	0.8952	0.9388	0.8999	0.8798	0.9515	0.8978	0.8607	0.9492	0.8648	0.7617	0.7363	0.9033	0.8535	0.8497	0.8775	0.8932	0.8951	0.8632	0.8616	0.8674	0.9327	0.8459	0.8907	0.8246	0.9122	0.9193	0.9114	0.9544	0.8526
QG37_03487	1.1176	1.0678	0.9488	1.1997	0.9521	0.9100	0.9581	1.0952	0.9785	0.9663	1.0337	1.0792	0.8118	1.1140	0.9609	1.0373	0.9909	1.2524	0.9682	1.1393	1.1185	1.0932	0.9223	1.0530	1.1956	0.9481	0.8927	1.0356	1.0336	0.7196	1.1853	1.0359	1.1038	1.1660	1.0657	0.9795	1.1534	1.1238	1.0558	1.1294	0.9620	1.0606	1.0579	0.9983	1.0379	0.9607	0.9730	1.0285
QG37_03488	0.9067	0.9061	0.7441	0.8318	0.8818	0.9021	0.8963	0.7879	0.8258	0.8533	0.7564	0.8860	0.8726	0.8658	0.9591	0.8877	0.8582	1.0176	0.9299	0.9251	0.8793	1.0415	0.8868	0.8712	0.8449	0.8181	0.9483	0.8915	0.8246	0.9964	0.9548	0.8834	1.0091	0.9544	0.8723	1.0458	0.9769	0.9518	0.8322	0.9414	0.9715	0.8629	0.8167	1.0079	0.8843	0.9385	0.8938	0.9901
QG37_03489	1.0237	0.9570	1.0489	0.7615	1.0990	0.9363	0.9243	1.0121	0.8991	0.9652	1.0498	1.0798	0.9743	0.9710	1.0728	1.0296	0.8623	1.0138	0.9122	1.0469	1.0895	0.8388	1.0686	1.2471	0.9842	0.9908	0.8770	0.8438	1.0241	0.8339	0.9451	0.9571	1.1512	1.0030	1.0392	0.9933	0.7744	0.8401	0.8317	1.0623	1.2748	0.9305	0.8887	0.8550	0.9219	0.7822	0.9526	0.9357
QG37_03490	1.0981	0.9638	0.8235	0.9782	1.0361	0.9524	1.0288	1.0804	0.9603	0.9536	0.9527	0.9769	0.9585	0.9302	0.9490	1.0244	0.9388	0.9972	0.9910	0.8516	1.0114	0.8664	1.0596	0.9736	0.9349	1.0484	1.0308	1.0859	0.9335	0.9724	0.9475	0.9357	1.0896	1.0350	0.9945	1.1113	1.1412	1.0837	1.0375	0.9334	1.0611	0.9716	1.0387	1.0055	0.9326	1.0069	1.0752	0.9879
QG37_03491	1.2017	1.3316	1.0717	1.1523	1.1762	1.2458	1.0116	1.1307	1.2292	1.2324	1.1850	1.1635	1.2184	1.1023	1.0357	1.0670	1.1006	1.1340	1.2016	1.1820	1.1502	1.1146	1.2096	1.1985	1.1814	1.0482	1.2062	1.1487	1.1242	1.0997	1.0816	1.1454	1.1440	1.0766	1.0069	1.0325	1.0466	1.1600	1.0946	1.0969	1.1773	1.1439	1.1331	1.0387	1.1505	1.0803	1.1723	1.1699
QG37_03492	1.0304	1.1539	1.0606	1.2470	0.9792	1.0219	1.0955	1.1366	1.1038	1.1534	1.0652	0.8682	1.1808	1.0710	0.9738	1.0702	1.0239	1.0205	1.0000	1.1100	1.0949	1.0517	1.0774	1.0311	1.0759	0.9295	1.1446	1.0199	1.0621	1.1167	1.0261	0.9375	1.1438	1.0967	1.0316	0.8253	0.9496	1.0703	1.0159	0.9486	1.0599	1.1081	1.0964	1.0729	1.0751	1.1257	1.0164	1.1961
QG37_03493	1.0272	1.2519	1.1071	1.0574	1.0941	1.0493	0.9185	1.0440	1.0496	0.9043	1.0476	1.1049	0.9592	0.9170	0.9081	1.0210	1.0571	1.0390	1.0837	0.9400	1.0386	0.9539	1.1152	1.0119	0.9620	0.9678	1.0484	0.9674	1.0196	1.0700	0.9918	1.0409	1.1014	1.0283	1.0145	0.9217	0.9111	1.0128	0.9191	0.9192	1.0499	0.9113	0.7762	0.9027	0.8979	0.9446	0.9418	1.0565
QG37_03494	0.9806	0.9583	0.9528	0.9140	1.0031	0.9814	0.9588	1.0311	0.9460	0.9354	0.9914	0.9087	1.0225	0.9816	0.9717	0.9474	1.0042	0.9752	0.9614	1.0302	1.0013	0.9704	0.9248	0.9775	0.9671	0.9654	0.9278	0.9595	0.9852	0.8975	0.9214	0.9070	0.9819	0.9376	0.9330	1.0224	0.9280	0.9708	0.9309	0.9389	0.9819	0.8984	0.8831	0.9002	0.9377	0.9615	0.9597	0.9985
QG37_03495	0.6774	0.5699	0.6043	0.5041	0.5172	0.4691	0.6467	0.6601	0.6715	0.5160	0.5762	0.5061	0.5462	0.6567	0.6994	0.7304	0.5474	0.5654	0.6559	0.5939	0.5031	0.5233	0.3972	0.4862	0.5936	0.7203	0.4480	0.5045	0.4945	0.4374	0.5386	0.5056	0.8520	0.5063	0.5789	0.6209	0.7115	0.5984	0.6046	0.5532	0.5694	0.5273	0.7150	0.7180	0.6640	0.8209	0.9878	0.8416
QG37_03496	0.9591	1.0062	0.9314	0.9717	0.9491	0.9571	0.9564	0.9856	0.9410	0.8985	0.9913	0.9309	0.9610	1.0343	0.8991	0.9349	0.9156	0.9722	0.9084	0.9883	0.9063	0.9213	0.9532	0.9716	0.9227	0.9984	0.8795	0.9289	0.9509	1.0246	0.8931	0.8872	1.0131	0.9553	0.9406	0.9668	1.0261	0.9520	1.0593	0.9424	0.9326	0.9476	0.9291	0.9124	0.9678	0.9501	1.0375	1.0448
QG37_03497	0.7653	0.7315	0.6216	0.8504	0.7169	0.8313	0.7836	0.8329	0.8043	0.6293	0.7643	0.7261	0.6988	0.8073	0.8553	0.7697	0.7928	0.7149	0.7399	0.7818	0.7528	0.7528	0.7776	0.8042	0.7533	0.6863	0.6403	0.7207	0.7024	0.5835	0.7287	0.7124	0.6920	0.7616	0.7386	0.7690	0.7830	0.7327	0.8139	0.7904	0.8026	0.6467	0.7254	0.8119	0.7186	0.8227	0.6727	0.7082
