GENE	CDC_B11096	CDC_B11097	CDC_B11098	CDC_B11099	CDC_B11101	CDC_B11102	CDC_B11103	CDC_B11105	CDC_B11112	CDC_B11113	CDC_B11114	CDC_B11115	CDC_B11116	CDC_B11117	CDC_B11118	CDC_B11119	CDC_B11200	CDC_B11201	CDC_B11205	CDC_B11206	CDC_B11207	CDC_B11208	CDC_B11209	CDC_B11210	CDC_B11212	CDC_B11213	CDC_B11214	CDC_B11215	CDC_B11216	CDC_B11217	CDC_B11218	CDC_B11219	CDC_B11220	CDC_B11221	CDC_B11222	CDC_B11223	CDC_B11224	CDC_B11225	CDC_B11226	CDC_B11227	CDC_B11228	CDC_B11229	CDC_B11230	CDC_B11243	CDC_B11244	CDC_B11245	CDC_B11246	CDC_B11247
QG37_04724	0.8696	0.8747	0.9725	1.0277	0.8862	0.9563	0.8639	0.9242	0.8010	0.9599	0.8983	0.8132	0.9134	0.9949	0.8711	0.9149	0.8965	0.8710	0.9018	0.8030	0.8498	0.8168	0.8675	0.8782	0.9245	0.8566	0.7011	0.7322	0.8180	0.7890	0.7827	0.8731	0.9495	0.7756	0.9597	0.8880	0.9323	0.8470	0.9389	0.8949	0.8964	0.7799	0.8647	0.8515	0.8237	0.9239	0.9906	0.8459
QG37_04725	0.8747	0.8295	0.7937	0.8855	0.7808	0.8961	0.7562	0.7967	0.8218	0.8091	0.6932	0.7742	0.8355	0.7670	0.7750	0.7160	0.8322	0.7989	0.8029	0.8075	0.9093	0.7929	0.9017	0.7128	0.8538	0.8400	0.7186	0.7546	0.6538	0.6496	0.7820	0.8496	0.8244	0.7195	0.7877	0.8854	0.7574	0.8823	0.8191	0.8409	0.7789	0.7459	0.8508	0.9267	0.8037	0.8543	0.9112	0.9731
QG37_04726	0.9192	0.9546	1.0684	0.8453	0.8329	1.0156	0.9513	1.0697	1.0062	0.8029	0.9804	0.9575	0.9719	0.8245	0.9417	1.0124	0.9849	0.9112	0.9717	0.9404	0.9521	0.9446	1.0021	0.9978	1.0012	0.8164	0.9248	0.8282	0.8602	0.8293	0.8992	0.8364	0.8674	1.0395	1.1049	1.0000	0.9328	1.0065	0.9545	1.0579	1.0349	0.9141	0.9800	1.0500	0.9330	1.1038	1.0531	0.8985
QG37_04727	0.8105	0.8616	0.9311	0.8279	0.7998	0.8829	0.8666	0.8676	0.9143	0.8130	0.8865	0.7799	0.9135	0.7625	0.9206	0.8260	0.8719	0.7652	0.9016	0.8385	0.8685	0.8349	0.8681	0.8648	0.7553	0.7145	0.7826	0.8144	0.8295	0.7520	0.7733	0.8100	0.8860	0.9718	0.9231	1.0728	0.8862	0.8642	0.8717	0.9645	0.8626	0.9059	0.8915	0.9667	0.9401	0.9599	0.9322	0.7851
QG37_04728	1.0673	0.8479	0.8166	0.8421	0.8795	0.7065	0.9320	0.9222	0.7862	0.7075	0.9225	0.7759	0.7722	0.8055	0.8543	0.8027	0.8648	0.7938	0.9242	0.8199	0.7525	0.9035	0.9397	0.9494	0.7951	0.7753	0.8359	0.7562	0.8376	0.7442	0.7617	0.8260	0.8979	0.8690	0.6217	0.8636	0.7819	0.8158	0.9133	0.8667	0.8519	1.0180	0.7197	0.8821	0.7322	0.7189	0.8332	0.6654
QG37_04729	0.9437	0.8599	0.9162	0.8474	0.8887	0.9955	0.8281	1.0483	0.8130	0.9017	0.9889	0.8783	0.8346	0.9754	0.8609	0.9244	0.8636	0.9252	0.9630	0.8796	1.0002	0.8951	0.9416	0.8622	0.9203	0.8608	0.7986	0.8812	0.8545	0.8375	0.9004	0.8529	1.0139	0.9657	0.9863	0.9390	0.9140	0.9396	1.0067	0.8964	0.9690	0.9410	0.7769	1.0420	0.9708	0.9289	0.8832	0.8569
QG37_04730	0.9866	0.8460	0.9118	0.8844	0.8764	0.8880	0.9710	1.0603	0.8535	0.9538	0.9894	0.7757	0.7896	0.9066	0.8499	0.9881	0.9318	0.9374	1.0122	0.9175	1.0109	0.8855	0.9519	0.9220	0.8548	0.9585	1.0146	1.0515	0.8120	0.6672	0.9287	0.8792	0.9671	1.1013	0.9362	0.9767	0.8700	0.8713	0.8762	1.0037	0.9645	0.9386	0.8463	1.0344	1.0412	1.0277	0.9685	0.9397
QG37_04731	0.9131	0.7773	0.9293	0.9045	0.8200	0.7894	0.9564	0.9236	0.8410	0.8645	0.9526	0.8008	0.8129	0.9057	0.8454	0.9400	0.8347	0.8773	0.8955	0.8635	0.9675	0.8889	0.9251	0.9168	0.8616	0.8538	0.8801	0.7877	0.8121	0.8206	0.6932	0.8598	0.8666	0.9273	0.8054	0.9367	0.8545	0.9371	0.8459	0.9257	0.9442	0.8949	0.8167	0.8660	0.9059	0.8606	0.8681	0.8122
QG37_04732	0.9991	0.9508	1.1215	1.0151	0.9572	1.0000	0.9902	1.0207	1.0168	0.9564	1.0328	0.9029	0.9577	0.9473	0.8898	0.9430	0.9705	1.0105	0.9579	1.0047	0.9932	0.9221	1.0182	0.9573	1.0181	0.9347	1.0091	0.9468	0.9673	0.8957	0.9578	0.9974	0.9856	0.9784	0.9269	0.9430	0.9463	0.9217	1.0212	1.0863	1.0153	1.0348	0.9498	0.8725	0.8976	0.8306	0.9022	0.9455
QG37_04733	0.8337	0.9430	0.7617	0.8355	0.7863	0.8626	0.6955	0.8672	0.7932	0.8957	0.7387	0.9280	0.8379	0.7334	0.8437	0.8421	0.8703	0.7355	0.9466	0.8282	0.8705	0.7577	0.7943	0.8738	0.8154	0.6398	0.7095	0.8688	0.8383	1.0055	0.7634	0.7013	0.8216	0.7671	0.7037	0.7061	0.6987	0.6479	0.7195	0.8319	0.6343	0.6968	0.6758	0.3058	0.3018	0.3187	0.3158	0.3376
QG37_04734	0.8726	0.8881	0.8427	0.8723	0.8206	0.8148	0.8493	0.9142	0.8301	0.8941	0.8953	0.8971	0.9456	0.8703	0.8013	0.8270	0.8519	0.8575	0.8210	0.8674	0.8700	0.8919	0.9018	0.9347	0.8583	0.7758	0.8723	0.8552	0.7656	0.6817	0.7391	0.8646	0.8337	0.7937	0.9096	0.8438	0.8945	0.8383	0.8452	0.9444	0.8845	0.8964	0.7886	0.8021	0.8355	0.8381	0.8089	0.7643
QG37_04735	0.9001	0.7136	1.0307	0.8573	0.8663	0.9459	0.8493	0.8064	0.7149	0.6077	0.9531	0.7365	0.8103	0.7910	0.9274	0.8257	0.9551	0.8741	0.8737	0.9262	0.9497	0.9941	0.9272	0.8998	0.9354	0.7756	0.8932	0.8225	0.6941	0.6832	0.9033	0.8805	0.8885	0.8520	1.0394	0.8007	0.8018	0.8862	0.8643	0.8020	0.8953	0.9846	0.8097	0.9222	0.7665	0.9703	0.8642	0.8745
QG37_04736	0.9147	0.8757	0.8214	0.8883	0.8519	0.9260	0.9077	0.9187	0.8907	0.8587	0.9897	0.9067	0.9744	0.9666	1.0130	1.0252	0.8820	0.8574	0.8425	0.9471	0.8812	0.9204	0.8400	0.8574	0.9292	0.8264	0.8956	0.8357	0.7310	0.8982	0.8291	0.8378	0.8771	0.9936	0.9621	0.9545	0.9118	0.8942	1.0016	0.9495	0.9827	0.9881	0.8715	1.0177	0.9679	0.9481	1.0072	0.9408
QG37_04737	0.8677	0.9567	0.9345	0.7302	0.8526	0.8772	0.7989	0.9088	1.0399	0.9650	1.0717	1.0064	0.9748	0.9269	1.0773	0.8720	0.9897	0.9343	0.9527	0.9225	0.9366	0.8610	0.7931	0.9620	0.9111	0.9890	0.9727	0.7833	0.9638	1.1758	0.9713	1.0085	1.1248	0.8852	1.1199	0.8292	1.0066	0.9381	1.0815	1.0511	1.1206	0.9965	0.9408	1.0844	1.0278	1.0627	0.9355	0.9451
QG37_04738	1.0447	0.9665	0.9820	0.9259	0.9277	1.0605	0.9743	0.9984	1.1009	0.9744	0.9560	0.9937	0.8761	1.0183	1.0587	1.0032	0.9507	1.0336	1.0349	0.9898	1.0014	1.1081	1.0482	1.0798	1.0061	1.0448	1.0750	1.0373	0.9622	0.8642	1.0370	1.0162	1.0525	0.9329	1.0239	0.9847	1.0325	1.0017	1.0553	1.0312	0.9968	1.0108	1.0022	1.0436	1.0534	1.1151	1.0806	1.0999
QG37_04739	0.7397	0.7524	0.8355	0.8144	0.6521	0.6910	0.7022	0.7453	0.8122	0.6525	0.7783	0.7460	0.6621	0.7998	0.7510	0.9332	0.7838	0.8601	0.8398	0.7632	0.7274	0.7831	0.7660	0.8151	0.7191	0.7676	0.8468	0.7349	0.6531	0.7072	0.7327	0.6476	0.7397	0.8322	0.8268	0.8833	0.8585	0.8306	0.7353	0.7657	0.8130	0.7731	0.7392	0.8455	0.7788	0.8630	0.7640	0.7592
QG37_04740	1.0790	0.9441	1.0639	1.0240	0.8142	1.0016	0.7531	0.9781	1.0415	0.8467	0.8560	0.9157	0.7279	1.0191	0.8214	1.1233	0.9634	1.0012	0.9320	0.9393	1.0625	0.8783	1.0060	1.0976	0.8104	0.7979	1.0247	1.0473	0.8728	0.6326	0.9280	0.8744	0.9532	0.9244	1.0369	1.1129	1.0512	1.1336	0.9966	0.8448	0.9251	0.8909	0.9394	0.9187	0.9289	0.9142	0.8836	0.7767
QG37_04741	0.8301	1.0216	0.7988	0.7721	1.0599	0.7471	0.8958	0.9770	1.0008	0.9268	1.0001	0.9727	1.0537	1.0289	0.9008	1.1394	0.9349	0.9871	0.9137	0.9965	1.0664	0.9168	0.9580	0.9380	0.9526	0.8540	1.1243	0.9531	0.8973	0.7536	0.8061	0.9046	0.9238	1.0220	1.0775	0.9576	0.8457	0.9446	1.0461	1.0138	0.8879	1.0271	1.0359	1.1165	1.0264	0.9681	1.0885	1.0272
QG37_04742	0.8830	0.7965	0.8157	0.7886	0.8349	0.8328	0.9475	0.8723	0.8806	0.8167	0.9806	0.7229	0.7663	0.7731	0.8100	0.8767	0.8777	0.8059	0.8451	0.7743	0.8824	0.7891	0.8394	0.8227	0.8891	0.8039	0.8573	0.7384	0.7107	0.5965	0.6855	0.7641	0.7955	0.8070	0.9044	0.8315	0.8536	0.8097	0.8687	0.8121	0.8556	0.9045	0.8670	0.7946	0.6433	0.6974	0.8042	0.7163
QG37_04743	0.9234	0.7391	0.7188	0.7396	0.6079	0.8017	0.8491	0.8632	0.7186	0.8352	0.8127	0.8213	0.8054	0.8949	0.7523	0.8205	0.8305	0.8656	0.8421	0.7828	0.7463	0.7824	0.6998	0.6951	0.7113	0.8127	0.7328	0.7236	0.8473	0.7017	0.8318	0.7140	0.7711	0.7813	0.8624	0.7471	0.7594	0.6587	0.8026	0.8174	0.9754	0.8729	0.7501	1.0021	0.8516	0.9713	0.9525	0.8496
QG37_04744	0.9012	0.7115	0.8397	0.9502	0.8582	0.8376	1.0117	0.9039	0.8039	0.9336	0.8745	0.9391	0.9936	1.0470	0.8447	0.8297	0.7946	0.9086	0.7921	0.8750	0.8060	0.8623	0.8743	0.8524	0.7608	0.7681	0.7829	0.7080	0.8120	0.6902	0.8640	0.8323	0.8248	0.9002	0.8152	0.9245	0.7837	0.8066	0.9680	0.9156	0.8853	0.9764	0.9069	0.9581	0.7953	0.9539	0.9198	0.7395
QG37_04745	0.8900	0.8354	0.7937	0.8745	0.8710	0.9049	0.8785	0.8397	0.9998	1.1496	0.9285	0.8341	1.0028	0.9042	1.1004	0.9360	0.9705	0.8546	0.8431	0.8062	0.8809	0.9177	0.9168	0.8078	0.9622	0.8991	0.7951	0.8561	0.9307	0.6062	1.0936	0.8987	0.9448	0.9688	0.8711	0.8386	1.0317	0.9883	0.9271	0.9714	0.9069	0.9701	1.0755	0.8485	1.0356	0.9627	0.9712	1.0007
QG37_04746	0.8536	1.0212	0.6196	0.9841	0.7904	1.0109	0.8517	0.8732	0.9307	0.8135	0.9720	0.8987	0.8438	0.9840	0.8782	0.9590	0.9717	1.0920	0.9427	0.7820	0.9450	1.0516	1.0378	0.7792	0.9688	0.8650	0.7665	0.9775	0.7307	0.6999	0.7948	0.8121	1.1039	0.8028	0.8136	0.9443	0.8671	0.8855	1.0181	0.9784	0.9599	0.9134	0.8677	0.9175	0.7860	0.9888	0.8500	0.9883
QG37_04747	1.0137	0.9173	0.9299	0.9302	0.9378	0.9606	0.9367	1.0482	0.9555	0.9429	1.0014	0.9467	0.9851	0.9660	0.9148	0.9578	0.9670	0.9344	0.9171	0.9798	0.9184	1.0256	0.9805	0.9346	0.9280	0.9168	1.0025	0.9624	0.8681	0.9939	1.0237	0.9491	1.0096	0.9995	1.0155	1.0419	1.0186	0.8621	0.8779	0.9864	0.9939	0.9617	0.9239	0.9677	0.9625	0.9896	1.0085	0.9908
QG37_04748	0.9741	0.8670	0.9109	0.9687	0.8726	0.9234	0.8442	0.8791	0.8175	0.8463	0.8746	0.8142	0.9469	0.9549	0.8511	1.0061	0.8761	0.7700	0.9295	0.9667	0.9319	0.9652	0.8538	0.8256	0.8767	0.8991	0.9015	0.9222	0.7928	0.9667	1.0656	0.8511	0.9042	0.8973	0.8590	0.7374	0.9401	0.7918	0.9195	0.8234	0.8421	0.9097	0.9322	1.0490	0.8683	0.9478	0.9630	0.9348
QG37_04749	1.0502	1.0695	0.9146	0.8882	0.9159	0.9854	1.0047	0.9190	0.9948	1.0371	1.2793	0.9261	0.9881	0.8766	0.8639	0.9278	0.8814	0.8787	1.0447	1.1530	1.1053	1.0973	0.8414	1.0671	1.0681	0.9303	0.8928	1.1969	0.8974	0.9779	1.3197	1.0402	1.0159	0.9172	0.9666	0.9646	1.1414	0.9102	1.0498	0.8722	0.9784	1.0750	0.6860	0.9916	0.9476	0.9909	0.8995	1.0237
QG37_04750	1.0460	1.0461	0.9665	1.0249	0.9653	1.0657	1.1027	1.1565	1.0993	1.0414	1.0667	1.0065	1.0710	1.1044	0.9913	1.0631	1.0522	1.0131	1.0599	1.0470	1.0200	1.0528	0.9874	0.9783	1.0184	0.9898	1.0309	1.0577	0.9685	1.0091	0.9936	0.8946	1.0170	1.0861	1.0273	0.9548	1.0712	1.0218	1.0614	1.0785	1.0731	1.0440	0.9210	1.0585	1.0489	1.0606	1.0558	1.0673
QG37_04751	0.8677	0.8294	0.9450	0.7808	0.8457	0.9350	0.9395	0.9289	0.9544	0.9144	0.8093	0.8319	0.8270	0.8868	0.8573	1.0045	0.8135	0.7706	0.9794	0.8398	0.8799	0.8296	0.8293	0.8179	0.8878	0.8566	0.9204	0.8178	0.9098	0.7796	0.9108	0.7882	0.8341	0.9072	0.9465	0.8696	0.8338	0.9650	0.8439	0.8938	0.8979	0.9369	0.9634	0.8396	0.9719	0.8275	0.8887	0.9982
QG37_04752	1.1189	0.8937	0.9995	1.0155	0.9609	0.9324	1.0097	1.0858	1.0538	0.9937	0.9636	1.0496	0.9747	0.9859	0.7910	1.1280	0.9337	0.8091	0.8859	0.9501	0.8685	0.8148	0.8662	0.9784	1.0247	0.8781	1.0228	1.0812	0.9642	0.9845	0.8385	0.8498	0.7657	1.0281	1.1517	1.0234	0.8038	1.0016	1.1196	0.8411	1.1242	0.9094	0.9960	0.9634	0.8573	0.9812	0.9908	1.0712
QG37_04753	1.0055	0.9511	0.9040	0.9062	0.8801	0.9865	0.8814	1.0951	1.0283	0.8518	0.8866	0.8282	0.8818	0.9581	0.7801	0.9286	0.9240	0.8441	0.9088	0.9468	0.9167	0.8892	0.8581	0.9240	0.7443	0.7628	0.8955	0.7567	0.8264	0.7533	0.8060	0.7595	0.8853	0.8733	0.8506	0.9735	0.8728	0.8388	1.0542	0.8181	0.8141	0.8897	0.8437	0.8840	0.8845	0.8420	0.8488	0.8369
QG37_04754	0.9876	0.9733	0.8655	1.0599	1.0096	1.0083	1.0192	0.9684	1.0163	0.8945	1.0704	0.8813	1.1782	0.8845	0.9851	0.9924	1.0495	0.8819	0.9250	1.0196	0.8543	0.9402	1.1446	0.8640	0.9650	0.9589	0.9707	1.0248	0.8490	1.1397	1.0094	0.9253	0.9155	1.0931	1.0145	0.8963	0.9914	1.0264	0.9211	0.8525	1.0865	0.9064	0.9928	1.0202	0.8864	1.1355	0.9302	0.8678
QG37_04755	1.1233	0.9220	0.7288	0.8819	0.8854	0.9156	0.9281	1.0092	1.0012	0.7156	0.9232	0.7769	1.2270	0.8687	0.9144	0.9349	1.1117	0.9634	0.9204	0.9588	0.8895	0.9318	1.0360	0.8227	0.9856	0.8808	1.0190	0.9526	0.8516	0.8127	0.8793	0.9421	0.9451	1.0687	0.9801	0.9620	1.0068	0.8862	0.9604	0.9753	0.9154	0.8865	0.9271	0.9787	0.8472	1.0220	0.9387	0.7798
QG37_04756	1.1134	1.0470	0.9417	1.0257	0.9257	1.0748	1.0146	1.0251	0.9915	0.9967	1.0338	0.9192	1.0434	0.9955	0.9625	0.9499	1.0109	0.9661	0.9921	1.0072	1.0470	0.9273	0.9322	0.9909	0.9618	0.9616	0.9172	0.9824	0.9183	0.9106	0.9905	0.9434	0.9435	0.9010	0.9452	1.0074	0.9452	0.9418	1.0459	0.9334	1.0542	0.9964	0.9325	0.9925	1.0126	0.9657	0.9498	0.9745
QG37_04757	0.8869	0.9166	0.8033	0.9023	0.8106	1.0445	1.0282	0.8808	0.9312	0.8017	0.9727	0.8645	0.9628	0.9477	0.7893	0.9864	0.9814	0.8865	0.9640	0.8355	0.9417	0.8502	0.9255	0.8962	0.8673	0.8713	0.7996	0.8433	0.9537	0.9233	1.0198	0.8344	0.9410	1.0286	0.9242	0.8968	0.7960	1.0162	0.9544	0.8178	1.0058	0.8950	0.8658	0.9186	0.9545	0.7914	0.8002	0.9949
QG37_04758	0.9059	1.0721	1.0703	1.1473	1.0273	1.0510	1.0564	1.1424	1.1751	1.1675	1.1307	1.1422	1.2060	1.3101	1.2176	1.1273	1.2128	1.2436	1.2305	1.1379	1.0377	1.1307	1.0609	1.2856	1.0482	1.0850	1.4426	0.9922	1.1567	0.8099	1.0841	1.0092	0.9384	1.0065	0.9822	0.7540	0.8847	0.8619	0.9215	0.8559	0.9224	0.9574	0.8855	0.4433	0.3986	0.3856	0.3518	0.4632
QG37_04759	0.6708	0.7784	0.8674	0.5704	0.7247	0.8006	0.8362	0.6837	0.8435	0.7934	0.7765	0.6912	0.7190	0.7270	0.7297	0.7707	0.6883	0.6146	0.8218	0.6375	0.7983	0.7376	0.7779	0.7025	0.7400	0.6546	0.6824	0.7242	0.6243	0.2983	0.6880	0.7264	0.6622	0.8739	0.7794	0.7571	0.7758	0.8106	0.7560	0.7351	0.9139	0.8323	0.6748	0.8534	0.8471	0.8249	0.8339	0.7115
QG37_04760	0.4123	0.6283	0.5030	0.4112	0.4322	0.6213	0.4330	0.4644	0.4004	0.4690	0.4206	0.4276	0.4619	0.3962	0.4285	0.4081	0.4317	0.4631	0.4589	0.4392	0.4313	0.4463	0.5102	0.4928	0.4259	0.4336	0.3957	0.4767	0.4189	0.3468	0.4228	0.3775	0.4098	0.6056	0.5321	0.5587	0.4066	0.5864	0.5735	0.6433	0.6535	0.6091	0.5929	0.6697	0.5582	0.5929	0.5537	0.6831
QG37_04761	0.8626	0.5494	0.5836	0.6371	0.5960	0.8813	0.6084	0.8386	0.7080	0.6645	0.6415	0.6176	0.7000	0.6041	0.6058	0.7532	0.5798	0.6647	0.6280	0.6808	0.5954	0.7434	0.5976	0.6723	0.6350	0.6353	0.6366	0.6009	0.5610	0.4274	0.5814	0.6209	0.4709	0.5490	0.4225	0.6158	0.5926	0.6046	0.5871	0.5579	0.5603	0.5447	0.5797	0.5925	0.4748	0.4423	0.7088	0.5652
QG37_04762	0.9589	0.7703	0.9353	0.8732	0.7340	0.8108	0.7950	0.8342	0.8327	0.8560	0.8868	0.9463	0.8321	0.9268	0.8616	0.8791	1.0334	0.8834	0.8289	0.9312	0.9356	0.8563	0.7352	0.8751	0.8143	0.8394	0.8020	0.8146	0.8215	0.8145	0.6897	0.7639	0.8014	0.9248	0.9257	0.9071	0.9111	0.8084	0.8314	0.7902	0.8734	0.8007	0.8578	0.8623	0.8415	0.8109	0.8040	0.8621
QG37_04763	1.1606	0.9210	1.1026	1.0297	1.0680	1.0748	1.2343	1.1301	1.0206	1.1226	1.0260	1.0944	1.1744	1.1207	1.1539	1.0134	1.0459	1.0839	0.8783	1.1648	1.1082	1.0269	0.9618	1.0459	1.0766	1.1346	1.1307	1.1450	0.9886	1.1594	0.9750	0.8945	1.0205	0.8760	1.0766	1.0748	1.0157	0.9797	1.0024	1.0676	1.0091	1.1398	0.9993	0.8973	0.9936	0.9338	1.0919	0.9933
QG37_04764	1.1363	1.0253	1.0406	1.0674	1.0441	1.0675	1.0339	1.0367	1.0424	1.0572	1.0610	0.9471	1.0625	1.0377	0.9599	1.0147	1.0231	0.9968	1.0016	1.0537	1.0403	0.9859	0.9777	0.9999	0.9941	1.0385	0.9863	0.9986	0.9815	0.9103	0.9527	1.0172	1.0046	1.0452	1.0605	1.0067	0.9963	1.0040	1.0560	0.9758	1.0915	0.9996	1.0040	1.0230	1.0089	1.0204	0.9928	1.0095
QG37_04765	0.9046	0.7986	1.0058	0.8476	0.7543	0.8752	0.8463	0.8381	0.8071	0.8690	0.8261	0.7189	0.7843	0.7451	0.7979	0.8239	0.8877	0.9330	0.8157	0.9139	0.7636	0.8732	0.8657	0.8222	0.8414	0.8424	0.8075	0.7900	0.7869	0.8936	0.7481	0.7724	0.8723	0.8768	0.9481	0.9639	0.7813	0.8612	0.8774	0.7465	0.7897	0.7852	0.8171	0.8042	0.9167	0.8367	0.7318	0.8699
QG37_04766	0.7883	0.7420	0.8232	0.7041	0.7357	0.7516	0.7485	0.7729	0.7012	0.7187	0.6398	0.6988	0.5873	0.6356	0.7761	0.7722	0.7743	0.6991	0.7181	0.7751	0.8198	0.7485	0.7670	0.6890	0.7369	0.8105	0.7250	0.6799	0.6335	0.6487	0.6490	0.7012	0.7284	0.7953	0.6515	0.7732	0.6198	0.8346	0.7019	0.7178	0.8234	0.6026	0.7006	0.9678	0.8363	0.7897	0.7860	0.7489
QG37_04767	0.6941	0.5845	0.8477	0.5082	0.5765	0.6713	0.6505	0.7173	0.5367	0.6296	0.6118	0.6273	0.5396	0.6683	0.5891	0.6496	0.6812	0.5864	0.5775	0.6365	0.6709	0.6112	0.6237	0.6411	0.6005	0.6031	0.6764	0.5007	0.5556	0.7930	0.6000	0.6077	0.7237	0.5771	0.6380	0.6671	0.6845	0.7470	0.6571	0.6869	0.6566	0.5592	0.6672	0.5782	0.5702	0.4897	0.5106	0.7566
QG37_04768	0.7201	0.5944	0.5765	0.6553	0.6392	0.6848	0.6802	0.6609	0.5373	0.7338	0.7074	0.7952	0.5086	0.5548	0.6950	0.6735	0.6720	0.6644	0.5493	0.5993	0.7806	0.5710	0.6885	0.7078	0.6850	0.5579	0.6292	0.6379	0.5757	0.9039	0.7025	0.5643	0.5810	0.7737	0.6351	0.6391	0.6508	0.6092	0.6378	0.7158	0.6870	0.5922	0.7546	0.4683	0.5345	0.4525	0.4426	0.5205
QG37_04769	0.6404	0.5160	0.5248	0.5052	0.5877	0.3972	0.4592	0.5064	0.3840	0.5131	0.4100	0.4008	0.5529	0.3757	0.5258	0.5145	0.5045	0.5182	0.4796	0.4846	0.4037	0.3757	0.4266	0.5545	0.4343	0.5275	0.4358	0.4339	0.4955	0.5286	0.4828	0.4094	0.5886	0.4243	0.4385	0.3929	0.4351	0.6013	0.4260	0.3889	0.5079	0.4004	0.4485	0.4236	0.3958	0.3215	0.3740	0.3062
QG37_04770	0.2976	0.4469	0.5273	0.4557	0.5203	0.5406	0.4920	0.5411	0.4327	0.4132	0.4714	0.4596	0.5928	0.5551	0.4627	0.5520	0.5563	0.5992	0.5293	0.4667	0.3824	0.4613	0.5397	0.5011	0.5273	0.5945	0.4531	0.5438	0.5411	0.7193	0.5278	0.5990	0.8408	0.4672	0.5435	0.4920	0.6254	0.6019	0.5643	0.6068	0.6059	0.5071	0.4338	0.5161	0.6332	0.5206	0.6054	0.5171
QG37_04771	0.8598	0.8326	0.8725	0.8561	0.7870	0.7444	0.8519	0.8917	0.9560	0.8325	0.8484	0.8727	0.9080	0.8171	0.7623	0.7053	0.8182	0.8109	0.7019	0.6095	0.7832	0.7513	0.9101	0.8403	0.8267	0.6659	0.8095	0.8556	0.6813	0.8912	1.0073	0.9609	0.8739	0.8157	0.9447	0.8650	0.9051	0.8077	0.9029	0.8549	0.7613	0.7033	0.7115	0.8690	0.8113	0.8118	0.8228	0.9500
QG37_04772	1.0021	0.8431	0.8294	1.0001	1.0146	0.9935	1.0023	1.1043	0.9600	0.9203	0.8364	0.7475	0.9265	1.0179	0.9321	0.9137	0.8962	0.9885	0.8496	0.8239	0.7894	1.0019	1.0502	0.9631	0.9369	0.9252	1.0632	0.9333	0.8776	0.9269	0.9115	0.9664	0.8061	1.0040	0.8797	0.8449	0.9013	0.8540	0.9878	0.8856	0.8200	0.8777	0.9094	0.8851	0.8903	0.9552	0.9152	0.9283
QG37_04773	0.8242	1.1042	1.2815	0.8673	0.8866	1.0698	1.0285	1.0811	1.0508	0.9934	1.1209	1.0203	0.8273	1.0864	0.9047	0.9499	1.0198	0.9162	1.0565	0.9689	1.1020	1.0869	1.0103	1.1180	1.0759	0.8842	1.1551	1.0309	0.9505	0.7060	0.7928	1.0491	0.9885	1.0403	0.9321	0.9332	0.9265	0.9338	0.9921	1.0186	1.1501	0.9664	0.8864	0.9809	1.0392	1.0461	1.0411	1.0591
QG37_04774	0.9057	0.9116	0.7731	0.9761	0.8428	0.9015	0.8701	0.7818	0.8540	0.7951	0.9237	0.8804	0.7950	0.8971	0.8369	0.8576	0.9048	0.8658	0.8261	0.8186	0.9439	0.8543	0.9184	0.8903	0.8666	0.8424	0.9402	0.7597	0.7413	1.0543	0.8329	0.8491	0.8338	0.8344	0.8929	0.8067	0.8143	0.8625	0.8911	0.8076	0.8698	0.8557	0.7905	0.9947	0.8739	0.9194	0.8485	0.9077
QG37_04775	0.9567	1.0228	1.0156	0.9622	0.8629	1.0223	0.9551	1.0196	0.9928	0.9199	0.9266	0.8691	0.9650	0.9944	1.0294	0.9822	0.9040	0.9874	0.9597	1.0265	1.0339	0.9747	0.9612	0.9154	0.9919	0.8992	0.9331	0.9018	0.8669	0.9345	0.9914	0.9053	1.0054	1.0676	1.0434	0.9805	1.0381	1.0391	0.9989	0.9359	0.9789	0.9673	1.0686	0.9510	0.9450	1.0258	1.0103	0.9280
QG37_04776	0.9118	0.8598	0.8724	0.8184	0.8863	0.9761	0.8932	0.8081	0.8207	0.9145	0.8760	0.7830	0.8412	0.9313	0.9604	0.8696	0.8675	0.9264	0.9367	0.8494	0.9282	0.9211	0.8404	0.9132	0.9069	0.9386	0.9142	0.9045	0.8705	0.7939	1.0398	0.8709	0.8975	0.8839	0.9387	1.0155	0.8891	0.8801	0.8755	0.8478	0.9880	0.9309	0.9425	1.0305	0.9892	1.0674	0.9352	0.9650
QG37_04777	0.7596	0.7014	0.7994	0.6917	0.6265	0.6554	0.7203	0.6943	0.7340	0.6530	0.6354	0.6512	0.6145	0.7590	0.8472	0.7722	0.7256	0.6639	0.8044	0.7774	0.9281	0.8793	0.8115	0.7004	0.7141	0.6701	0.6754	0.6257	0.6560	0.4413	0.6078	0.8389	0.7842	0.6311	0.8834	0.8077	0.7432	0.8049	0.7643	0.6513	0.7194	0.6887	0.7500	0.7182	0.7518	0.7256	0.7699	0.7763
QG37_04778	0.6771	0.7000	0.6635	0.7496	0.7591	0.6932	0.7982	0.8224	0.8046	0.7864	0.5773	0.7106	0.7034	0.7214	0.8191	0.8313	0.7566	0.7141	0.7628	0.8323	0.8729	0.7000	0.9598	0.8446	0.7032	0.6946	0.9040	0.6661	0.6422	0.5547	0.6799	0.7877	0.7953	0.5634	0.5492	0.5762	0.7270	0.6089	0.7701	0.6500	0.6456	0.7052	0.6114	0.4017	0.5162	0.4187	0.5411	0.4601
QG37_04779	0.7192	0.7091	0.6823	0.8093	0.7871	0.8216	0.8407	0.9143	0.7846	0.8350	0.6423	0.6348	0.7785	0.7580	0.8929	0.9343	0.7625	0.7697	0.9035	0.9004	0.9735	0.8115	0.9318	0.8724	0.7099	0.7553	1.0444	0.7239	0.7091	0.6426	0.7288	0.8719	0.7690	0.6982	0.6858	0.5890	0.7423	0.7089	0.8374	0.6608	0.6541	0.7455	0.6711	0.4126	0.5150	0.4153	0.5275	0.5271
QG37_04780	0.8983	0.8349	0.9193	0.9399	0.9535	0.9262	0.8046	0.9879	0.8823	0.8705	0.8814	0.7544	0.9461	0.8886	0.9314	1.0439	0.8732	0.9129	1.0051	0.9085	1.0166	0.9071	0.9170	1.0678	0.8029	0.7988	1.1153	0.8015	0.7707	0.6699	0.9132	0.8963	0.9555	0.8654	0.8482	0.7686	0.9049	0.8837	0.9593	0.6969	0.9094	0.8100	0.8048	0.3007	0.3368	0.2638	0.2954	0.3158
QG37_04781	0.6476	0.6751	0.6918	0.6224	0.6836	0.7041	0.6385	0.7256	0.7154	0.6269	0.6494	0.6257	0.7880	0.7611	0.6871	0.7116	0.7099	0.6654	0.7159	0.5611	0.7258	0.7283	0.6459	0.7059	0.7004	0.6185	0.7342	0.5638	0.5083	0.5650	0.7499	0.6677	0.8070	0.5901	0.5513	0.5157	0.6732	0.5480	0.6556	0.5867	0.4931	0.5695	0.6148	0.7891	0.7311	0.7334	0.6784	0.8353
QG37_04782	0.7642	0.7913	0.6123	0.6968	0.7717	0.8488	0.7841	0.7520	0.7901	0.7470	0.9005	0.8416	0.7975	0.9525	0.7782	0.8450	0.8812	0.9643	0.9884	0.7726	0.8629	1.0035	0.8755	0.8903	0.7898	0.7677	0.9581	0.8457	0.7781	0.9169	0.7782	0.9319	0.6808	0.9073	0.9546	0.8437	0.9434	1.0122	0.8615	0.8847	0.7791	0.8283	0.7598	0.9097	0.8807	0.9316	0.9731	0.8948
QG37_04783	0.9019	1.0293	1.0357	0.9708	1.0250	0.9339	0.9526	0.9031	0.9332	1.0678	0.9815	0.9895	0.9232	1.0331	0.9444	0.9698	0.9549	1.1485	0.9864	0.8866	1.0666	1.0052	1.0217	1.1032	1.1138	1.0175	0.9894	1.0525	1.1327	1.0894	1.0240	0.9491	0.8214	0.9786	1.0894	1.2304	1.0010	1.0461	1.0690	0.9358	1.0801	1.0821	1.0323	0.9747	0.9565	0.9040	1.0883	1.0366
QG37_04784	0.8768	0.9193	1.0473	0.8796	0.8307	1.0040	0.9746	0.9691	0.9449	0.9655	0.7406	0.9397	0.8721	0.9501	0.8810	0.9855	1.0527	1.0131	0.9125	0.9350	0.8536	0.9395	0.9410	0.8345	0.9705	1.0438	0.8296	0.8224	0.8579	0.7430	1.0206	0.8770	0.9525	1.0289	0.8695	0.8783	0.8736	0.9096	0.9220	1.0775	0.8851	1.0214	1.1441	0.9345	1.0024	0.8704	0.9087	0.9508
QG37_04785	1.1052	0.9850	0.7906	0.8561	0.9989	0.9531	1.0628	1.0036	0.9402	0.9187	1.0301	0.8228	0.8672	0.9172	0.9741	0.9631	0.9152	0.9828	0.9566	0.9691	1.0103	0.8941	1.0151	0.9384	0.9590	0.9263	0.9223	0.9811	0.9178	0.7902	0.8664	0.9124	1.0242	0.9418	0.8516	0.9416	0.8315	1.0144	0.9449	1.0014	1.1032	0.8656	1.0326	1.0644	0.8798	1.0609	0.9069	1.0480
QG37_04786	1.0347	0.9101	0.9211	0.8873	0.9644	0.9734	1.0628	1.0149	1.1110	0.9175	1.0198	0.9307	0.9882	0.9087	1.0104	1.0617	1.0146	0.9805	0.9653	0.9967	1.0425	0.9191	0.9915	1.0135	1.0517	0.8765	1.0044	0.9637	0.8546	1.0358	1.0150	0.9280	1.1814	1.0467	1.0995	1.1454	0.9987	0.9049	0.9644	0.9879	1.1234	0.9104	0.9867	1.0792	1.0420	0.9881	0.9402	1.1230
QG37_04787	0.9363	0.9291	0.9379	0.9365	0.7855	0.9186	0.9430	1.0498	0.8445	0.8936	0.9069	0.9061	0.8828	0.9226	0.8143	0.8897	0.9080	0.8769	0.9434	0.8721	0.8149	1.0751	0.9790	0.9474	0.9219	0.9204	0.8655	0.9633	0.9383	0.7714	0.8610	0.8599	0.9619	0.8371	1.0068	0.9114	0.9015	1.0445	0.8475	0.7841	0.9243	0.8676	0.8574	0.9675	0.8683	1.0355	0.9897	1.0642
QG37_04788	0.8869	0.8975	0.8594	0.9422	0.9387	0.8843	0.9503	0.8624	0.9282	0.8574	0.8449	0.8674	0.9535	0.8398	0.9432	0.8430	0.8813	0.9601	0.9472	0.9335	0.8823	1.0039	0.9091	0.9553	0.9412	0.8133	0.9409	0.7750	0.8996	0.8733	0.9502	0.9293	0.9328	1.0029	0.9405	0.9426	0.9628	0.9430	0.9826	0.9683	0.8875	0.9094	0.8748	0.8811	0.9922	0.9569	0.9645	1.0189
QG37_04789	0.9266	0.8503	0.8267	0.9177	0.9662	0.9042	0.8945	0.9313	0.9476	0.9145	0.9600	0.8595	0.9408	0.9826	0.8308	0.9795	0.8701	0.9805	0.9691	0.9818	0.9513	0.9244	0.9398	0.9905	0.8443	0.8507	0.8393	0.8787	0.8636	0.8924	0.8669	0.9306	0.9558	0.9310	0.9660	0.8666	1.0814	0.8976	0.9736	0.8653	0.8881	0.9245	0.8507	0.9415	0.8693	0.8713	0.8701	0.9369
QG37_04790	1.0411	0.9420	0.9072	0.8678	0.9304	0.8811	0.9041	0.9145	0.9405	0.8413	0.9121	0.9326	0.9726	0.9422	0.8938	0.9320	0.8945	0.8931	0.8965	0.8967	0.9097	0.8519	0.8826	0.8855	0.9569	0.9111	0.9542	0.9302	0.9354	0.7375	0.8752	0.8863	0.8633	0.9378	0.8951	0.8665	0.8679	0.9574	1.0077	0.9473	0.9716	0.9028	0.9332	1.0055	1.0563	1.0629	0.9814	0.8922
QG37_04791	0.9137	0.8612	0.9664	0.8403	0.8994	0.9636	0.9340	0.7462	0.8747	0.7367	1.0508	0.8414	0.7693	0.8306	0.9219	0.9456	0.8027	0.8286	0.9068	0.9264	0.8867	0.8929	0.8255	0.9881	0.8481	0.8812	0.7436	0.8298	0.8867	0.8963	0.7239	0.9102	0.8267	0.9399	0.8752	0.9124	0.9276	0.7310	1.0079	0.8698	0.8666	0.8315	0.9497	1.1085	0.9260	0.8051	0.9966	1.0339
QG37_04792	0.7305	0.7895	0.7756	0.5661	0.7416	0.7249	0.6975	0.6283	0.7306	0.6895	0.6772	0.7921	0.7310	0.6463	0.7153	0.6282	0.6990	0.6404	0.6865	0.7516	0.7739	0.7809	0.7377	0.7706	0.6299	0.7280	0.7908	0.7724	0.6733	0.8109	0.6670	0.5954	0.8434	0.7735	0.7371	0.6044	0.7320	0.7036	0.7101	0.6872	0.7938	0.7079	0.8886	0.4920	0.5465	0.5827	0.5490	0.5550
QG37_04793	0.7337	0.8055	0.7570	0.8394	0.8313	0.8351	0.8227	0.7252	0.8169	0.7844	0.8478	0.7777	0.8583	0.8135	0.7803	0.7237	0.7679	0.6821	0.6754	0.8411	0.8635	0.7384	0.7203	0.7913	0.7336	0.7487	0.7907	0.7417	0.6904	0.6293	0.8323	0.7293	0.7173	0.8004	0.8197	0.7955	0.8321	0.7743	0.9345	0.7645	0.7988	0.8010	0.7879	0.8295	0.7302	0.7858	0.8099	0.8012
QG37_04794	0.8162	1.0023	0.8659	0.9632	0.8452	0.9198	0.9746	0.9112	0.9457	0.8281	0.9251	0.8683	0.9339	1.1350	0.9310	0.8853	0.8987	0.8195	0.8304	1.0081	0.9121	0.8424	0.9449	0.9177	0.8155	0.8960	0.7821	0.7598	0.7154	0.5705	0.8640	0.8012	0.6527	0.8157	0.8202	0.9710	0.8232	0.7952	0.9065	0.8015	0.8276	0.8576	0.8661	0.6506	0.8108	0.8044	0.8256	0.7713
QG37_04795	0.8459	0.9101	0.7344	0.8488	0.8264	1.0286	0.9484	0.8842	0.8904	0.7887	1.0092	0.8556	0.9629	0.9953	0.9241	0.9759	0.8878	0.9818	0.9278	0.9642	0.8619	0.8352	0.9324	0.8568	0.9629	0.6530	0.8014	0.8045	0.8000	0.7357	0.8308	0.8217	0.8823	0.8921	0.9245	0.8942	0.7654	0.8256	0.9401	0.8851	0.9678	0.9180	0.7953	0.9486	0.7788	0.8763	0.9692	0.7674
QG37_04796	0.7855	0.7715	0.7037	0.8202	0.8708	0.9434	0.9055	0.6647	0.7301	0.6838	0.7499	0.7705	0.6775	0.8000	0.7241	0.7631	0.8881	0.8533	0.8273	0.9062	0.7696	0.7313	0.7994	0.7572	0.7440	0.6819	0.8987	0.7573	0.6615	0.7751	0.6668	0.6745	0.6752	0.8428	0.8460	0.7896	0.9101	0.8187	0.8112	0.7850	0.9429	0.7474	0.7012	0.7752	0.7524	0.8278	0.7929	0.7354
QG37_04797	0.6241	0.6957	0.6281	0.5927	0.6475	0.7052	0.6026	0.7391	0.5554	0.6724	0.5546	0.6382	0.5546	0.6998	0.6189	0.6346	0.5322	0.7297	0.6192	0.7448	0.7453	0.7093	0.4951	0.7571	0.7170	0.7405	0.5778	0.6432	0.5888	0.4838	0.6484	0.6884	0.7104	0.5481	0.7098	0.6399	0.6909	0.7042	0.6425	0.7687	0.7346	0.5940	0.5987	0.7652	0.7434	0.7701	0.9154	0.6473
QG37_04798	0.9540	0.8493	0.8292	0.9487	0.7818	0.8665	0.8574	0.8588	0.9581	0.8438	0.8461	0.7093	0.7741	0.8594	0.9570	0.8921	0.8978	0.9834	0.7777	0.9194	0.8306	0.8428	0.8652	0.9375	0.7990	0.9023	0.7497	0.8230	0.8407	0.5917	0.8523	0.8929	0.8927	0.8168	0.8853	0.7383	0.9089	0.8483	0.8802	0.9040	0.9066	0.9272	0.7719	0.6622	0.7806	0.8945	0.8176	0.8664
QG37_04799	0.8255	0.7972	0.7403	0.8419	0.8069	0.8001	0.8243	0.7822	0.8317	0.7695	0.7294	0.7091	0.7350	0.8517	0.7768	0.8164	0.8140	0.7812	0.8433	0.7457	0.8188	0.8106	0.7453	0.8248	0.7685	0.8181	0.7618	0.6686	0.7059	0.7208	0.7489	0.7221	0.7366	0.8162	0.7805	0.9026	0.8113	0.8750	0.8465	0.6650	0.7679	0.7207	0.7741	0.9012	0.8342	0.8003	0.9437	0.8555
QG37_04800	0.9900	0.8393	0.7951	0.9268	0.9337	0.9004	0.8922	1.0138	0.8387	0.8396	0.6461	0.9132	0.7524	0.9542	0.7940	0.7675	0.8972	0.8168	0.8159	0.8427	0.7631	0.8637	0.7996	0.9475	0.8952	0.6957	0.8188	0.8231	0.7783	1.0740	0.9495	0.9099	0.8470	0.7960	0.8201	1.0304	0.7669	0.9764	0.9280	0.8989	0.8359	0.9703	0.8151	0.7665	0.9285	1.1362	0.8142	0.8649
QG37_04801	0.7890	0.7025	0.7785	0.7808	0.7993	0.8179	0.8799	0.8278	0.8708	0.7200	0.7740	0.7550	0.7168	0.8708	0.7506	0.8175	0.8037	0.8212	0.8533	0.8281	0.8554	0.8131	0.7885	0.7947	0.8193	0.7646	0.7798	0.7587	0.7072	0.7490	0.7103	0.7346	0.7897	0.8138	0.8450	0.8671	0.8006	0.8573	0.7969	0.7775	0.8670	0.8054	0.8052	0.8395	0.8569	0.8835	0.8948	0.8678
QG37_04802	0.7469	0.7329	0.7350	0.9977	0.8085	0.8772	0.9719	0.5578	0.7646	0.6112	0.6296	0.8503	0.6425	0.7993	0.9353	0.7784	0.7878	0.7961	0.8753	0.8933	0.7559	0.9041	0.8036	0.8203	0.7859	0.7273	0.8977	0.7901	0.6439	0.6420	0.7502	0.7903	0.8959	0.8488	0.8224	0.7751	0.8556	0.8081	0.7474	0.7520	0.8504	0.9209	0.7917	0.8322	0.9217	0.8222	0.8738	0.9363
QG37_04803	0.9767	0.8507	0.7279	0.7644	0.8216	0.7310	0.7593	0.6249	0.8064	0.5247	0.6394	0.7924	0.7238	0.8269	0.7812	0.7055	0.7724	0.6499	0.7246	0.8247	0.7835	0.7259	0.7165	0.7696	0.6441	0.6368	0.8539	0.7405	0.7040	0.6747	0.6190	0.7787	0.8233	0.6915	0.6008	0.7515	0.8416	0.7370	0.6042	0.7869	0.6653	0.9427	0.7002	0.9264	0.8454	0.8503	0.7725	0.9705
QG37_04804	0.5707	0.6775	0.6140	0.7179	0.7340	0.6842	0.7247	0.6324	0.7527	0.6620	0.7051	0.6001	0.6998	0.6906	0.6536	0.6361	0.6659	0.6778	0.7011	0.6779	0.7706	0.6123	0.7426	0.6803	0.6571	0.6835	0.7364	0.6971	0.6332	1.5956	1.0709	0.6578	0.7980	0.6774	0.6771	0.6463	0.6537	0.7249	0.6902	0.7539	0.7334	0.7086	0.8324	0.7784	0.8635	0.9532	0.9735	0.9276
