GENE	CDC_B11096	CDC_B11097	CDC_B11098	CDC_B11099	CDC_B11101	CDC_B11102	CDC_B11103	CDC_B11105	CDC_B11112	CDC_B11113	CDC_B11114	CDC_B11115	CDC_B11116	CDC_B11117	CDC_B11118	CDC_B11119	CDC_B11200	CDC_B11201	CDC_B11205	CDC_B11206	CDC_B11207	CDC_B11208	CDC_B11209	CDC_B11210	CDC_B11212	CDC_B11213	CDC_B11214	CDC_B11215	CDC_B11216	CDC_B11217	CDC_B11218	CDC_B11219	CDC_B11220	CDC_B11221	CDC_B11222	CDC_B11223	CDC_B11224	CDC_B11225	CDC_B11226	CDC_B11227	CDC_B11228	CDC_B11229	CDC_B11230	CDC_B11243	CDC_B11244	CDC_B11245	CDC_B11246	CDC_B11247
QG37_07011	0.7538	0.4076	0.3154	0.3619	0.3558	0.3724	0.3859	0.3729	0.3255	0.3525	0.3745	0.2538	0.3645	0.4538	0.4111	0.3101	0.3959	0.2771	0.3817	0.4219	0.5092	0.3811	0.3528	0.3419	0.3882	0.2986	0.3497	0.3747	0.2984	0.4520	0.3296	0.3575	0.3764	0.4933	0.4276	0.3679	0.3624	0.4203	0.3720	0.4549	0.3859	0.3617	0.3531	0.6302	0.4709	0.5110	0.4644	0.3991
QG37_07012	0.9657	1.0268	1.0539	0.8703	0.8569	0.8623	0.8441	0.9645	0.8732	1.0006	1.0652	0.8617	0.8852	1.0094	0.9487	0.9052	0.8467	0.9623	0.9698	0.8597	0.8699	0.9206	0.9273	0.9066	0.9508	0.8624	0.8224	1.0522	0.9624	0.6144	0.9136	0.7953	1.0086	1.0811	0.8657	1.1039	1.1263	0.8535	1.1190	0.8975	1.0230	0.9646	0.8918	1.0907	1.0098	1.0792	0.8332	0.8977
QG37_07013	1.1988	1.0634	1.1240	0.9614	1.0226	1.0915	1.0563	1.0374	1.0369	1.1263	1.0309	1.0433	1.0755	1.0527	0.9978	1.0924	1.0489	1.1327	1.0697	1.1031	1.0451	0.9816	1.1220	1.0422	1.0588	1.0376	1.0114	0.9750	1.1021	0.9709	0.9688	0.9786	0.9918	1.0089	1.0278	0.9803	1.0665	1.0470	1.0998	0.9253	1.0559	1.0832	0.9048	1.1692	1.0429	1.0358	0.9580	1.0398
QG37_07014	1.2047	1.0643	0.9417	1.0014	1.0450	1.0568	0.9513	0.9798	0.9946	1.0423	1.0197	0.9927	0.9141	0.9528	0.9593	0.8986	0.9791	1.0140	0.9502	0.9570	0.9079	1.0028	0.9940	0.9595	0.9968	0.9990	0.9160	1.0684	0.9871	0.9103	0.9456	0.9531	0.9728	1.0366	1.0199	0.9969	1.1422	1.0328	1.1200	0.9807	1.1067	0.9766	0.9748	1.0249	1.0359	0.9608	1.0231	1.0227
QG37_07015	1.0631	0.9911	0.9979	1.1100	0.9509	1.0549	1.0319	0.9524	0.8952	1.0856	0.8772	0.9856	0.9892	0.9605	0.9915	0.9113	1.0431	0.9100	1.0351	0.9730	0.9389	1.0119	0.9192	0.9103	0.9517	0.9489	0.9652	0.9562	0.9541	0.9103	1.0093	1.0212	0.9526	1.0488	0.8870	1.0271	0.9240	0.9824	0.9450	1.0172	0.9932	1.0622	0.9405	0.8989	0.8689	0.9934	1.0195	0.9489
QG37_07016	1.0803	0.9101	1.0116	0.8740	1.0134	0.8992	1.0374	0.9293	0.9055	0.9779	0.9080	1.0043	0.9884	1.0717	0.9052	0.8928	0.9204	0.9821	0.9703	1.0898	0.9878	0.9206	0.9399	0.8757	0.8771	1.0104	0.8523	0.9870	0.9967	0.9897	0.8113	0.9242	0.9983	0.9990	0.9753	0.9290	1.0078	0.9338	0.9296	1.0028	1.0375	0.9396	0.9571	1.0599	0.9608	0.9495	1.0372	0.9290
QG37_07017	1.1371	1.0046	0.9900	0.9517	0.9945	1.0628	1.0967	1.0535	0.9198	0.9854	1.0749	0.9621	1.0108	1.0962	0.8860	1.0398	1.0589	1.0081	1.0155	1.2031	1.0666	0.9963	1.1698	1.0765	1.0210	0.9380	0.9988	1.0173	0.9867	0.7975	0.9609	0.9277	0.9940	0.9864	1.0021	0.8873	0.9796	0.9520	0.9692	1.0289	0.9327	1.1317	0.9799	0.9074	0.9540	0.7814	1.0181	0.9963
QG37_07018	1.1809	1.1038	1.0580	0.9380	1.0005	1.0607	1.1499	1.0240	1.0898	1.2775	1.1940	1.1077	1.1251	0.9822	0.9901	1.0956	1.1314	1.0813	1.1579	1.2356	1.2466	1.0763	1.1549	1.1998	1.0588	1.0709	1.0553	1.2350	1.0652	0.7911	1.1361	0.9313	1.1131	0.9133	1.0745	0.9840	0.8837	0.9167	0.9827	1.2263	1.1784	1.1574	1.1246	1.1085	1.0137	1.0607	1.2458	1.1806
QG37_07019	1.2139	1.0829	1.1326	0.8986	1.0993	1.1957	1.1347	1.0781	1.0544	1.1602	1.0890	1.1018	1.0696	1.0001	1.0682	1.0936	1.0828	1.0953	1.0391	1.1286	1.1187	1.0172	1.0309	1.0081	0.9408	1.1924	1.0354	1.0538	1.0936	1.1197	1.0463	0.9467	1.0660	1.0601	1.0422	0.9318	0.9952	1.0269	1.1318	1.0841	1.1356	0.9975	0.9732	1.0758	1.0398	1.0782	1.0064	1.1521
QG37_07020	1.1271	1.1277	1.0401	1.1688	1.0581	1.0298	1.0612	1.0132	1.0490	1.1439	1.1505	1.0123	1.0037	0.9837	0.9481	0.9812	1.0581	0.9670	1.0014	1.1229	1.1030	1.0742	0.9677	1.0633	1.0570	1.0701	1.0971	1.0520	1.0854	0.9363	1.1025	1.0899	0.9617	0.9045	1.0995	1.1381	1.0989	0.9928	1.1815	0.9389	1.0870	0.9847	1.0085	1.1283	1.0209	1.1000	1.0740	1.0231
QG37_07021	0.6468	0.4467	0.3918	0.3641	0.4352	0.4082	0.4034	0.3413	0.3207	0.3547	0.3794	0.3759	0.2917	0.3651	0.3305	0.3506	0.3542	0.3533	0.3439	0.3650	0.2649	0.3240	0.3661	0.3493	0.4000	0.4085	0.4238	0.3660	0.3879	0.3431	0.3549	0.3422	0.3672	0.3181	0.3321	0.3020	0.2991	0.4186	0.3705	0.3707	0.3511	0.3710	0.3218	0.3202	0.4172	0.4092	0.3995	0.4138
QG37_07022	1.1354	1.0188	1.0610	1.0540	0.9658	1.0245	1.0564	0.9574	0.9995	1.0362	1.0536	0.9960	1.1280	0.9995	0.9083	0.9718	0.9795	0.9744	1.0086	1.1893	1.0118	1.0998	1.1369	0.9953	1.0258	1.0526	1.0004	1.0206	0.9267	1.1895	1.1017	0.9673	1.0988	1.0488	1.1235	0.9682	0.9780	1.0261	0.9641	1.0413	0.9911	0.9500	0.9490	1.0841	1.0286	1.0777	1.0591	1.0025
QG37_07023	1.1798	1.0110	0.9394	1.1307	1.1418	1.1228	1.0173	1.0706	1.1303	1.0891	1.1059	1.0221	1.0077	1.1032	1.0178	1.0178	1.0201	1.1620	1.0512	1.0793	0.9998	1.1406	1.0477	1.0921	1.0789	1.1514	1.0115	1.1526	0.9668	1.1843	0.9854	1.0818	1.0880	1.0180	1.1212	1.0948	1.1606	1.0889	1.0898	1.1615	1.1904	1.0736	1.0982	1.1000	1.0297	1.0947	0.8888	1.0769
QG37_07024	1.0035	0.9659	0.9004	0.9485	0.9276	1.0016	1.0276	0.9849	0.9898	1.0337	1.0217	0.9473	0.9869	0.9029	0.8923	1.0053	0.9740	0.9965	0.9082	0.9392	0.9488	0.9146	0.9191	0.9572	0.8573	0.9602	0.9456	0.9653	0.9113	0.7581	0.8373	0.9226	0.9671	0.9629	0.9256	0.9470	0.9350	0.8510	0.9391	0.9995	0.9622	0.9615	0.9126	0.9688	0.9673	1.0548	0.9561	0.9584
QG37_07025	1.1042	0.9627	0.9692	1.0607	0.8667	0.9668	0.8611	1.0597	1.1261	0.9209	0.9311	0.9317	1.0289	1.0172	1.0276	0.9255	1.0445	0.8917	0.9366	1.1190	1.0350	0.9574	1.0051	0.9602	0.9979	0.8850	1.1165	1.0449	1.0014	2.2246	1.3932	0.9922	1.0467	1.0157	0.9222	0.8927	0.9925	1.0331	0.9376	0.9546	1.0028	0.9003	0.9847	0.9075	0.9826	0.8132	0.9544	0.9329
QG37_07026	1.1382	1.1208	1.2028	1.0434	1.1001	1.1243	1.0738	1.1062	1.0547	1.1053	1.0783	1.0655	1.1486	1.0441	1.1009	1.1442	1.0298	1.0514	1.1057	1.1280	1.0334	1.0631	1.0070	1.0251	1.0278	1.0536	1.0172	1.0640	1.1351	1.0088	1.0471	1.0680	1.1248	1.0712	1.0994	1.0541	1.0902	1.0520	1.0825	1.0736	1.0661	1.0644	1.0166	1.0568	1.0338	1.0650	1.0580	1.0548
QG37_07027	1.1468	1.0696	1.1329	1.0534	1.1220	1.0951	1.0909	1.1221	1.0779	1.0593	1.1710	1.0785	1.0775	1.0883	1.0334	1.0402	1.0274	1.0868	1.0719	1.0871	1.0713	1.0487	1.0063	1.0214	1.0957	1.0484	1.0701	1.0917	1.1030	1.0206	1.0025	1.0354	1.1089	1.1167	1.0186	1.0273	1.0766	1.0453	1.0488	1.0371	1.1096	1.0380	1.0496	1.0899	1.0799	1.0223	1.0712	1.0484
QG37_07028	1.0009	0.8828	0.9449	0.8922	0.9056	0.7845	0.9572	0.7570	0.9370	0.8848	0.9273	0.9253	0.9978	0.9329	0.8684	1.0124	0.9991	0.9536	0.9712	1.0867	0.9575	1.0077	0.9118	0.8603	0.8595	0.8585	0.9639	0.9043	0.8437	0.8333	0.7619	0.8592	0.9716	0.9470	0.9292	0.9293	0.9310	0.9637	1.0224	0.9892	0.9445	0.9454	0.9329	0.9057	0.9783	1.0377	0.9400	0.9060
QG37_07029	0.8062	0.7926	0.8132	0.8765	0.8620	0.9391	0.9040	0.9980	0.8421	0.8486	1.0148	0.9848	1.0262	1.1261	0.8868	0.9407	0.8484	0.9623	0.9091	1.0835	0.9733	1.0208	0.9420	0.8943	0.9320	0.9567	0.9519	0.8793	0.8998	0.8742	0.7967	0.9250	0.9184	1.0196	0.9927	0.9562	0.9721	0.9761	1.0292	1.0363	1.0312	1.0210	0.8883	1.0307	1.0163	1.0680	0.9797	0.8121
QG37_07030	0.9866	0.9455	0.9773	1.0141	0.8964	0.9550	0.8816	0.9974	0.8398	0.9675	0.8884	0.8783	0.8385	0.9939	0.9212	0.9596	0.8614	0.9096	0.9822	0.9551	0.9124	0.9644	0.8826	0.8595	0.8450	0.9210	0.9713	0.9305	0.9010	0.7645	0.9404	0.9062	0.9044	0.9936	0.9626	0.9676	0.8481	0.9715	0.9695	0.9688	0.8711	0.9668	0.9540	1.0325	0.9292	0.9313	0.9141	0.8441
QG37_07031	1.0677	0.9411	1.0579	0.9876	1.0712	1.0446	1.0600	1.0278	1.0288	1.1177	1.1079	0.9448	0.9748	1.0105	0.8933	1.0838	0.9482	1.1085	1.0453	1.1174	1.0944	0.9365	0.9843	1.0320	1.0631	0.9826	0.9714	1.0705	0.9539	1.0215	1.0365	0.9723	1.0142	0.9610	0.9100	0.9622	1.0516	1.0265	0.9590	1.0618	0.9860	1.0377	1.0175	1.0529	1.0579	1.0648	1.0721	1.0964
QG37_07032	1.0196	1.1180	1.0157	0.9585	1.0399	0.9706	1.2238	0.9374	0.8473	1.0705	0.9893	0.8396	1.0110	1.0917	1.0399	0.9698	0.8822	0.8059	1.0856	0.9927	0.9731	0.7936	1.0609	1.1452	1.0458	0.9932	0.9608	1.1084	0.8754	1.0570	1.1239	1.0488	0.8588	0.9398	1.0955	1.1574	1.1562	0.9376	1.0247	0.8529	0.9049	1.0657	0.9162	1.0823	1.0886	0.9741	0.9475	0.9508
QG37_07033	1.0029	0.9934	0.8717	0.9092	0.9962	0.9675	1.0947	0.9271	1.0263	0.9767	1.0479	1.0099	0.9765	0.9579	1.0404	0.9997	0.9259	0.9344	1.0151	0.9663	0.9140	0.9345	0.9485	0.9608	0.9423	0.9058	0.9103	1.0464	0.8864	1.0867	0.9782	0.9555	0.8850	1.0386	0.9826	0.9429	0.9925	0.9954	1.0841	0.9817	1.0487	0.9979	0.9840	1.0074	0.9692	0.9792	1.0129	1.0207
QG37_07034	1.1484	1.0880	1.1852	1.1340	1.0491	1.1629	1.1286	1.0291	1.0276	1.0041	1.2829	1.1340	1.1346	1.1698	1.0971	1.1842	1.1909	1.0695	1.0834	1.0628	1.0317	1.1748	1.1974	1.0602	1.1082	1.0079	0.9050	1.0728	1.0888	0.8533	1.0845	1.1546	1.1387	1.2506	1.0152	0.9714	1.0893	1.1709	1.0363	1.1522	1.0427	1.3529	1.1845	1.0301	0.9944	0.8852	1.0944	1.2311
QG37_07035	1.1236	1.1088	1.1248	0.9432	1.1653	1.0976	1.0840	1.1921	1.1632	1.1668	1.1499	1.1223	1.2105	1.0929	1.0066	1.1167	1.0482	1.0832	1.0601	1.0686	1.0564	1.0927	1.0624	1.0850	1.0971	1.0363	1.1095	1.1396	1.1089	0.9236	1.1283	1.0205	1.0150	1.0174	1.1755	1.1849	1.0991	1.0260	1.2054	1.0237	1.1986	1.1441	1.0574	1.0358	0.9615	1.0598	1.0470	1.1054
QG37_07036	1.0820	1.0948	1.1380	1.0278	1.0416	1.0803	1.0590	1.0786	1.1168	1.0803	1.0847	1.0457	1.0786	1.1265	1.0180	1.0741	1.0353	1.0030	1.0813	0.9923	0.9996	1.0537	1.0677	1.0176	1.0234	1.0185	1.0617	1.0361	0.9919	1.0109	1.1531	1.0686	1.0108	0.9955	1.0507	1.0498	1.0797	0.9694	1.1039	1.0716	1.0530	1.0708	0.9857	1.0167	1.0341	1.0884	1.0262	1.0931
QG37_07037	0.9638	0.9449	0.8869	0.9345	0.9282	1.0326	1.0176	1.0476	0.9621	0.9892	1.0134	0.8601	0.9344	0.9782	0.9572	0.9696	0.9450	0.9203	0.9645	0.9811	0.9565	1.0276	0.9068	1.0013	0.9210	0.9217	0.9400	0.8432	0.8573	0.9063	0.8860	0.9575	0.8740	0.9798	0.9903	0.9848	0.9295	0.9604	1.0793	1.0185	1.0091	0.9482	0.9300	1.0359	0.9202	0.9884	0.9359	0.9738
QG37_07038	1.0144	1.0724	1.1240	1.0667	0.9622	1.2322	1.0510	0.8800	1.0726	1.1304	1.0694	1.1228	1.2580	1.1079	1.0436	1.0677	1.0934	1.0446	1.3523	1.0006	1.0350	0.9847	0.9965	1.0741	1.2127	1.0654	1.2389	1.3406	1.1344	0.8788	0.9721	1.1437	1.3024	1.1468	1.1881	1.1535	1.1154	1.2389	0.8553	1.1531	1.1958	1.0325	1.0204	1.0063	1.2494	1.0084	1.2122	1.0421
QG37_07039	1.1991	1.0337	0.9823	0.9451	1.0308	1.1293	1.1135	1.0904	1.0473	1.1282	1.1248	1.0307	1.0395	1.1949	0.8463	1.0637	1.0675	0.9702	1.0086	1.0750	1.0681	1.0409	1.1505	1.0516	1.0631	1.1299	0.9694	1.1072	1.1131	1.1885	0.9653	1.0524	1.1249	1.0752	1.1018	1.0275	1.0256	1.0398	1.0346	0.9086	1.0965	0.9227	1.0644	1.0924	0.9599	0.8911	0.9767	0.9629
QG37_07040	1.0789	1.1746	1.1445	1.0776	0.9398	0.9315	1.0472	1.0623	1.1804	1.0502	1.1029	1.1785	1.0992	1.1121	1.0536	1.1204	1.0135	1.0438	1.0712	1.1625	1.1217	1.1483	1.0563	1.2273	1.0409	1.1191	1.0513	1.0992	1.0598	1.0509	0.9849	1.0585	1.1078	1.0693	1.1355	1.0338	1.0817	1.0957	1.2236	0.9030	1.0379	1.0896	1.1575	1.2680	1.2160	1.0107	1.0238	1.1486
QG37_07041	1.0955	0.9749	0.9178	1.0982	0.9836	0.9718	0.8887	1.0940	0.8624	0.9321	0.9808	0.9306	0.9127	0.9143	0.9748	0.9374	0.9099	0.9793	0.8303	0.9520	0.9852	0.9066	0.9568	0.9321	0.9245	0.9687	0.9219	0.9396	0.8654	0.7918	0.9705	0.8604	0.8583	0.9098	1.0397	0.9920	0.9659	0.8848	0.9060	0.9184	0.9454	0.8919	0.9297	1.0102	0.9216	0.8742	0.8684	0.8641
QG37_07042	1.0773	0.9842	0.7767	0.9807	0.8674	0.8353	0.9472	0.8215	0.8055	1.0732	1.0173	0.8654	0.8263	0.7977	0.8455	0.8619	0.8277	0.7922	0.9451	0.9919	0.8374	0.9028	0.9149	1.1432	0.9292	0.9338	0.7982	0.9128	0.8919	0.6584	0.8508	0.8322	0.9793	0.7222	0.9706	0.9303	0.8526	1.0410	0.8007	0.8004	0.7721	0.9067	0.9036	0.7628	0.8299	0.9304	0.9647	0.8418
QG37_07043	1.0962	0.9433	0.9524	0.9618	0.9167	0.9888	1.0225	0.9197	0.9033	0.8014	1.0633	0.8453	0.9254	0.8557	0.8811	0.9427	0.9658	0.9849	0.9122	1.0234	0.9921	0.9485	0.9535	0.8776	0.9632	0.9890	0.8347	0.9515	1.0170	0.8642	0.8694	0.9096	0.9382	0.9935	0.8784	0.9468	0.9588	0.8708	0.9254	0.8733	1.0482	0.8701	0.9201	0.8917	0.9314	0.9666	0.9104	0.8846
QG37_07044	1.0617	0.9167	0.9975	0.9425	0.9217	0.9899	0.9837	0.9742	0.9506	0.9381	0.9232	0.8368	1.0028	0.9820	1.0065	0.9247	1.0370	1.0236	0.9043	0.9885	0.9564	0.9789	0.9732	0.9931	0.8717	0.9899	0.9900	0.9409	0.9615	0.9009	0.8867	0.8577	0.9524	0.9383	0.9596	0.9688	0.9748	0.9476	0.9573	0.9499	1.0341	0.9767	0.8502	0.9686	1.0223	0.9834	0.9904	0.9496
QG37_07045	1.1949	1.0700	1.0633	1.0262	0.9737	1.0552	1.1639	1.0936	1.0747	1.1558	0.9932	0.9828	1.0792	1.1125	1.0833	1.0464	0.9695	1.0663	1.0323	1.0769	0.9727	1.0566	1.0271	1.0781	1.0235	1.1265	1.0397	1.1272	1.1094	0.9730	1.1103	1.0431	1.0846	1.0612	0.9772	1.0539	1.0208	1.1103	1.1889	1.0826	1.1950	1.0294	1.1070	1.0824	1.1049	1.0259	1.1434	0.8853
QG37_07046	1.0405	1.0801	0.9603	1.1800	1.0634	1.0215	0.9994	1.0042	0.9590	1.0091	1.0562	0.9877	1.1894	0.9941	1.0861	0.9451	1.0427	1.0837	1.0630	1.0751	0.9990	0.9751	0.9857	1.0284	1.0358	1.0851	1.0787	1.0659	0.9684	0.9676	1.0919	1.0091	1.1399	1.1675	1.1162	1.2408	0.9351	0.9834	0.9757	1.0006	0.9942	0.9634	1.0605	1.0352	1.0799	1.1390	1.0326	0.9496
QG37_07047	1.0785	0.9704	1.1845	0.9225	1.0618	0.9968	0.9789	1.1031	0.9735	0.9552	1.0925	0.9685	1.1190	0.9851	0.8764	1.0492	1.0169	1.0696	1.0703	1.1237	1.0344	1.1889	0.9605	0.8530	0.9441	0.9283	1.0142	0.9631	1.0225	1.3171	0.9662	1.0568	1.0994	1.1524	0.9683	0.9530	0.8563	0.9410	1.0173	0.9283	0.9898	0.8841	1.1534	1.0111	1.0159	1.0945	1.1168	1.0517
QG37_07048	1.0945	1.0208	1.0350	1.0155	1.0208	1.0129	0.9533	1.0209	1.0517	1.0049	1.0081	1.0017	1.0732	1.0334	0.9966	1.0666	1.0337	1.0075	1.0592	1.0522	1.0427	1.0048	1.0270	1.0249	1.0306	1.0419	1.0150	1.0250	1.0546	1.0221	0.9806	1.0146	1.0077	1.0198	1.0076	1.0378	1.0874	1.0259	1.0820	1.0108	0.9895	0.9997	1.0066	1.0621	1.0521	1.0545	1.1015	1.0461
QG37_07049	0.9331	0.9875	0.9278	0.8827	0.8389	0.8893	0.9215	0.8804	0.9091	0.8007	0.9634	0.8481	0.9230	0.9803	0.8607	0.8512	0.9047	0.8350	0.9566	0.8602	0.8602	0.9347	0.8854	0.9261	0.8151	0.8554	0.8531	0.8485	0.9878	0.7960	0.9269	0.8383	0.9056	0.9776	0.8539	0.8981	0.8756	0.8678	0.7973	0.9794	0.8597	0.7798	0.7764	1.0250	0.8875	1.0597	0.8027	0.9959
QG37_07050	1.0380	0.9425	0.9152	0.9404	0.9550	0.9495	1.0288	0.9507	0.9583	0.9991	0.8752	0.9099	0.9334	0.9347	0.9286	1.0582	1.0456	0.9969	1.0582	0.9851	1.0365	1.0451	0.8656	0.9977	0.9259	0.9221	0.8050	0.9581	0.8377	0.8869	0.9167	0.9099	0.9658	1.0513	1.0146	1.1041	1.0271	0.9204	0.9598	0.9444	0.9351	0.9080	0.9478	0.8841	0.9392	0.9954	0.9510	1.0924
QG37_07051	0.8344	0.8050	0.8404	0.8629	0.7753	0.8155	0.7826	0.8970	0.9305	0.7334	0.8440	0.7804	0.7845	0.9101	0.9636	0.7631	0.8359	0.9232	0.8484	0.7675	0.8194	0.8643	0.8623	0.8309	0.7529	0.8835	0.9996	0.8540	0.8748	0.8066	1.0794	0.7917	0.8027	0.8041	0.8592	0.8466	0.8684	0.7994	0.9090	0.8062	0.9029	0.9162	0.8773	0.8509	0.8030	0.9978	0.8298	0.9365
QG37_07052	0.9843	1.0493	0.9828	0.9087	0.9472	0.9165	0.8867	0.9630	0.9561	0.8010	0.8625	0.9530	0.9665	0.9914	0.9265	0.9207	0.9732	1.0421	0.9348	0.9623	1.0758	0.8739	0.8879	0.9838	1.0286	0.9226	0.8533	0.8222	0.8564	0.9072	0.9967	0.9223	0.9454	0.9639	0.8287	0.9661	0.9423	0.8837	0.9229	0.9098	0.8999	0.9692	0.9087	1.0359	0.8969	1.0587	0.8801	0.9470
QG37_07053	1.1184	1.1038	0.9966	1.0314	1.1289	0.9004	1.0607	1.1313	1.0165	1.1391	1.1417	1.0266	1.1157	1.0032	1.1122	1.0988	1.1422	1.0154	1.0733	1.1402	1.0980	1.1538	0.9983	1.2290	1.1685	1.0605	1.0906	0.9400	0.8578	1.0546	1.2066	1.0873	1.0528	0.9303	1.0254	1.1756	1.0855	0.9350	0.9161	0.9785	1.0742	1.0388	0.9590	1.0736	0.9736	1.0365	0.9848	1.1692
QG37_07054	0.9366	0.7871	0.8486	0.7755	0.8463	0.8731	0.8770	0.8780	0.8239	0.8466	0.8477	0.7663	0.8717	0.8696	0.9405	0.8779	0.8496	0.9152	0.8377	0.8428	0.8780	0.8681	0.8687	0.8222	0.8860	0.8875	0.9010	0.8032	0.7894	1.9521	1.3443	0.8641	0.9120	0.8344	0.9364	0.9217	0.9687	0.9392	0.8834	0.8760	0.9106	0.8065	0.8938	0.9444	0.8393	0.8848	0.8515	0.9135
QG37_07055	1.0836	0.7734	1.1525	0.7738	1.0495	0.9456	1.1083	0.9315	0.8645	0.8263	0.9940	0.9307	0.9386	0.9113	1.0521	0.9025	0.9011	0.8455	1.0770	0.9207	0.8959	0.7869	0.8737	1.0272	0.8426	0.9901	1.0226	0.8845	0.7508	1.0515	0.7862	1.0134	0.8636	0.9159	1.0213	0.8660	0.9869	0.9739	1.1427	1.0428	1.0666	0.9169	0.9619	1.0822	1.0137	0.9075	0.9362	1.0685
QG37_07056	0.9070	0.8698	0.8999	0.9900	0.9261	0.9643	0.9401	0.9258	0.9148	0.9455	0.9005	0.8727	0.8982	0.9181	0.9082	1.0230	0.9253	0.9302	0.9669	0.9475	0.9532	0.8470	0.9968	0.9763	0.8570	0.9549	1.0014	0.8897	0.8237	0.7899	0.9664	0.8819	1.0562	0.9604	1.0046	0.9098	0.8758	0.9522	0.9929	0.9977	0.9010	0.9487	0.9005	1.0031	0.9504	1.0534	0.9505	1.0450
QG37_07057	0.9723	0.9285	1.0356	0.9626	0.9089	1.0146	1.0093	1.0453	0.9914	0.9930	1.1156	1.0172	0.9735	0.9838	0.9471	1.0228	1.0150	1.0408	1.0301	1.0914	0.9571	1.0088	0.9694	0.9440	0.9698	1.0002	1.0702	0.9741	0.9408	0.9964	0.8935	1.0173	0.9699	1.1105	0.9914	1.0194	0.9993	1.0151	1.0241	0.9445	1.0419	0.9982	1.0236	0.9755	1.0236	1.0046	0.9339	1.0213
QG37_07058	1.1282	1.0399	1.1817	0.9483	1.0357	1.0735	0.9838	1.1454	1.0446	1.0143	1.0991	0.8527	1.0837	1.0675	1.0192	1.0985	0.9711	1.0120	1.0633	0.9829	0.9746	1.0196	0.9585	0.9762	1.0883	0.9988	1.1109	1.1450	0.9760	1.0218	1.1018	1.0657	0.9415	1.0067	0.9825	1.0742	1.0070	0.9741	0.9742	1.1418	1.0816	1.0601	1.0671	0.9821	1.0032	1.0480	1.0855	0.9686
QG37_07059	1.0728	1.0551	0.9976	0.9770	1.0722	1.0438	1.0467	1.1063	1.0350	1.0490	0.9622	1.1383	1.0668	1.0094	0.9626	0.9973	1.0782	1.0368	0.9936	1.0542	1.0426	1.0622	1.0190	1.0363	1.0666	0.9822	1.0632	1.0405	1.0606	1.0746	1.0638	1.0401	1.0341	1.0442	1.0118	1.0317	1.0448	1.0764	1.0159	1.0300	1.1184	1.0688	1.0917	0.9650	1.0526	1.1566	1.1610	1.0512
QG37_07060	1.0473	0.9567	0.9844	0.8917	0.8952	0.9732	1.0629	0.9485	0.9310	0.9274	0.8530	1.0482	0.9463	0.9416	0.8937	0.9166	0.9235	0.9339	0.9653	0.9567	1.0957	0.9748	0.9804	0.8946	0.9805	0.8937	1.0314	1.1148	0.9435	0.7827	0.9395	1.0411	0.9374	1.0096	1.0316	0.9601	1.0118	0.9621	0.9777	0.9908	0.9714	0.9763	0.7946	0.9911	0.8744	0.9857	0.9187	1.0013
QG37_07061	1.1249	1.0009	1.0619	0.9970	0.9953	1.0388	1.0807	1.1559	1.0513	1.1014	1.0600	1.0685	1.0656	1.0357	1.0330	1.0179	1.0308	1.0324	1.0704	1.0338	1.0238	1.0146	0.9854	0.9882	1.0059	1.0828	0.9943	1.0293	1.0659	1.1597	1.0731	0.9427	1.0785	1.0621	1.0281	0.9768	1.0396	1.0395	0.9747	1.0727	1.0886	1.0641	0.9480	1.1406	0.9171	0.9844	1.1171	1.1116
QG37_07062	1.1775	1.0499	1.1531	0.7666	1.0282	0.9888	1.0622	1.1251	1.0511	1.1406	1.1070	1.0501	1.3203	1.0718	0.9369	1.0265	1.0148	0.9694	1.1139	1.0390	0.9495	1.0907	1.0369	1.1902	1.0720	1.0313	1.0792	1.0726	1.1845	1.0667	1.0362	0.9683	0.9018	0.9843	1.0442	1.0371	0.9338	0.9221	0.9745	1.0170	1.0535	1.1344	1.0243	1.0026	0.9001	0.9856	0.9541	1.1196
QG37_07063	1.1691	1.0034	1.0406	0.9149	1.1422	0.9208	0.9549	1.0649	0.9113	1.0943	1.2122	1.0479	1.0975	0.9006	0.9776	0.9604	1.0787	1.0104	0.8371	1.1005	0.8947	0.9599	0.9395	0.9637	0.8738	0.9581	0.8381	1.0528	1.1350	0.8791	0.9429	0.9861	1.0359	1.0653	1.1128	0.9584	0.9812	1.0737	0.8783	0.9938	0.9677	1.0241	1.0436	0.9529	1.0898	0.9914	1.0189	0.9412
QG37_07064	1.0790	0.9917	1.1235	1.0312	1.0778	1.0668	1.1511	1.0774	1.0388	0.9983	1.0985	1.1099	1.0577	1.0755	0.8867	0.9947	1.0128	1.0520	1.0405	1.0455	1.0977	1.0101	1.0656	1.0020	1.0261	1.1292	0.9837	1.0499	0.9579	0.8860	1.0025	1.0168	1.0208	0.9561	1.1314	1.0238	0.9745	0.9907	1.1137	1.0545	1.1009	1.1044	0.9611	0.9496	0.9770	1.0950	1.1051	1.0354
QG37_07065	1.0931	1.0448	1.1342	1.0874	1.0619	1.0924	1.0004	1.0315	0.9724	1.0645	1.0549	1.0460	0.9924	0.9951	1.0621	0.9654	0.9846	0.9491	0.9070	1.0485	0.9885	0.9815	0.9221	0.9974	1.0448	1.0736	1.0004	1.0110	0.9657	0.9009	0.9917	0.9156	1.0272	1.0533	1.0564	1.0315	1.0086	1.1035	1.0362	0.9933	1.1015	1.0727	1.0085	1.0541	1.0448	1.0603	1.1031	1.0678
QG37_07066	1.0505	0.9350	1.0004	0.9726	0.9014	0.9739	0.8991	0.9318	0.8734	0.9076	0.9059	0.8760	0.9193	1.0851	0.9863	0.9577	0.8796	0.9021	0.9257	0.9486	0.9640	0.9474	0.8662	0.8626	0.9479	0.8481	1.0239	0.8302	0.8546	0.7796	0.7443	0.8722	0.8271	0.9569	0.9455	0.9479	0.9384	0.8622	0.9942	0.9941	1.0493	0.9151	0.8433	0.9981	0.9273	0.9311	0.9583	0.8554
QG37_07067	1.0393	1.0525	0.9712	0.8834	0.9311	0.9567	1.2073	0.9924	1.0222	1.1461	0.9957	0.9981	1.1147	1.0049	0.9360	1.0193	1.0399	1.0202	0.9364	1.1010	0.9837	1.0154	0.9464	0.9923	1.1030	1.2130	1.0523	1.0477	1.1310	0.9151	1.0535	0.9413	1.0261	1.0494	0.9133	1.0990	0.9092	1.0447	0.9909	0.9955	0.9565	1.0433	1.0702	1.0044	0.9835	1.0393	1.1029	0.9553
QG37_07068	1.1386	1.1799	0.9147	1.0398	1.2119	1.0012	1.0548	1.0295	1.2359	1.2149	1.0366	1.1278	1.0790	1.0782	0.9354	1.1269	1.2419	1.1090	1.0716	1.1037	1.0694	1.1187	1.0638	1.0112	1.1409	1.1086	0.9550	1.1188	1.1329	0.9936	1.2083	1.0959	1.1393	1.1258	1.1325	1.1062	1.0758	1.0194	1.0018	1.0263	1.1589	1.1558	1.0355	0.9908	1.1227	1.1286	1.1391	1.0849
QG37_07069	0.9752	0.9856	0.9418	0.9633	0.8897	0.9979	0.9239	0.9941	1.0145	0.9650	0.9189	0.8554	0.8361	0.9673	0.9061	0.8485	0.9257	1.0784	0.9371	0.8817	0.9684	1.0220	0.8769	0.8858	0.9204	1.0651	0.9857	0.9865	0.9250	0.8024	0.9773	1.0200	0.9910	0.9271	0.9894	1.0076	0.9760	0.9543	0.8544	1.0254	1.0766	0.9965	1.0331	1.0404	0.9672	1.0376	0.9637	1.0389
QG37_07070	1.1671	1.0462	1.0123	0.9170	1.1396	0.9896	0.9837	1.1367	1.0658	0.9433	1.0026	0.7454	0.9386	1.0041	0.9717	1.0233	0.9857	1.1565	1.0373	1.0182	1.0070	1.1179	1.0886	1.1507	1.0700	1.0662	0.9592	1.0743	0.9514	0.6996	0.9918	0.9383	1.0456	0.9381	1.1326	1.0244	1.0704	1.0601	0.9473	0.9049	1.1641	1.0079	0.9942	0.9757	0.9693	1.2463	0.9057	1.0786
QG37_07071	1.0059	0.9092	0.9479	0.9324	0.9833	0.9955	1.0804	0.9326	1.0529	1.1137	1.0470	0.9327	0.8967	1.0938	1.0163	0.9112	1.0060	1.0490	1.0458	1.0085	0.9917	1.0885	0.9326	1.0242	1.0759	0.9359	0.9874	1.0667	0.9293	0.8675	0.9261	0.9079	0.9618	0.9730	1.0488	0.9532	1.0967	0.9666	1.0922	1.0052	0.9926	0.9143	1.0837	1.0243	1.0991	1.0728	1.1133	1.0540
QG37_07072	0.9509	0.8946	0.9451	0.9563	0.8905	1.0307	0.9211	0.9242	0.9694	0.8705	0.9043	0.8937	0.9291	1.0232	0.9401	0.9572	0.9421	0.9873	0.9420	0.9131	0.9552	0.8896	0.7924	0.9056	0.8765	0.9035	0.8916	0.8869	0.8732	0.8227	0.8699	0.9071	0.9472	0.9927	1.0014	0.9704	1.0093	1.0028	1.0734	0.8477	1.0119	0.9035	0.9073	0.9758	0.8859	0.9354	0.9809	0.9007
QG37_07073	0.1411	0.4344	0.4283	0.5978	0.3083	0.5012	0.4927	0.5132	0.4096	0.4357	0.3938	0.4288	0.4340	0.5643	0.5139	0.5463	0.4370	0.4384	0.3864	0.4709	0.4624	0.4403	0.4200	0.4420	0.4252	0.4244	0.3885	0.4478	0.4674	0.3331	0.5089	0.4478	0.4051	0.4382	0.5563	0.4984	0.4982	0.4633	0.4669	0.5925	0.5065	0.5193	0.4433	0.8708	0.8476	1.1104	0.7044	1.0151
QG37_07074	1.0429	0.8995	0.7945	0.9386	0.7959	0.8978	0.9581	0.8351	0.8372	1.0511	0.8701	0.7403	0.9094	0.8495	0.8932	0.7950	0.9086	0.9429	0.9524	0.8059	0.9118	0.8061	0.8883	0.7613	1.0116	0.9735	1.0267	0.9950	0.8835	0.6735	0.8937	0.8971	0.9436	0.8827	0.9565	0.8820	0.9615	0.9568	0.8966	0.8820	0.8139	0.9511	0.9434	0.9959	1.0489	1.0704	0.9805	1.0770
QG37_07075	0.9570	1.0141	0.8610	0.9194	0.9378	1.0311	0.9976	1.0720	1.1119	1.1653	0.9283	0.9737	0.9114	0.9515	1.0558	1.0584	0.9305	0.8971	0.9730	0.8982	0.8844	0.9874	0.9457	0.9630	1.0431	0.9374	0.9663	0.9066	0.9879	1.0252	0.9245	0.8762	0.9675	1.0093	1.0065	0.9994	1.1076	1.0170	0.9607	0.9043	0.9726	0.9129	0.8599	0.9681	0.8558	0.9826	0.9812	1.0241
QG37_07076	1.1266	0.9784	0.9352	1.0207	1.0480	0.9928	1.0026	0.8948	1.0388	0.9994	0.9861	0.9071	0.8471	0.9985	1.0120	1.0722	0.9722	1.0295	1.0231	0.9384	1.1349	1.0556	0.8818	1.1126	0.9924	1.0731	1.0269	0.9538	0.8689	1.1967	1.0013	0.9370	1.0690	1.0101	1.0342	0.9102	1.0259	1.0191	1.0572	1.0875	1.1682	1.0896	1.0843	1.1278	1.0588	1.1138	1.1038	1.0746
QG37_07077	0.9650	0.9129	0.8753	0.8312	0.9543	0.9364	0.8954	0.9245	0.9215	0.9113	0.8507	0.9775	0.9317	0.9985	0.9006	0.9243	1.0049	0.8996	0.9393	0.8960	0.9080	0.9644	0.8858	0.8433	0.9078	0.8991	0.9198	0.9169	0.9726	0.6823	0.8824	0.8730	0.8868	0.9827	0.9449	0.9583	0.9232	0.9823	0.9197	0.9146	0.9460	1.0053	0.9508	0.9834	0.9597	0.8868	0.8783	1.0111
QG37_07078	1.1203	1.1193	1.0143	0.9838	1.0371	1.0416	1.0216	1.0357	1.0782	1.0963	1.0694	1.0502	1.0326	1.0672	1.0481	1.0352	1.0537	1.0578	1.0827	1.1037	1.0753	1.1048	1.0708	1.0438	1.0851	1.0808	1.1356	1.0921	1.1111	1.0009	1.0229	1.0494	1.0657	1.0811	1.0807	1.0601	1.0590	1.0818	1.0592	1.0532	1.1254	1.0739	1.0002	1.0670	1.0576	1.0379	1.0955	1.0429
QG37_07079	1.0472	1.0019	0.9379	0.8913	0.9653	0.9907	1.0155	1.0461	1.0503	1.0828	1.0281	1.0475	0.9839	0.9345	0.9392	1.0208	0.9190	1.0878	1.0176	1.0426	0.9393	0.9789	1.0760	0.9967	0.9307	0.9376	0.9473	1.0781	1.0388	0.8427	1.1838	0.8964	1.0303	0.9328	1.0177	0.8533	1.0001	1.0092	1.1125	0.9126	0.9969	0.8814	0.9283	1.0450	0.9719	0.9140	1.0817	0.9730
QG37_07080	0.9272	0.9602	0.7629	0.9459	0.9206	0.8580	0.9280	0.9884	0.9107	0.8503	0.9314	0.8895	0.8434	0.8444	0.9378	0.9653	0.8856	1.0439	0.9694	0.8912	0.9371	0.9673	0.9374	0.9488	0.8453	0.9463	0.8700	0.9426	0.9004	0.6826	0.9733	0.8984	0.8612	0.9511	0.9423	0.9577	0.9230	0.9156	0.9256	0.8370	1.0003	0.9743	0.8368	0.9219	0.9579	0.9710	0.9511	0.9055
QG37_07081	0.7671	0.7557	0.6895	0.8076	0.6643	0.7680	0.7544	0.8234	0.7112	0.8259	0.7415	0.8664	0.6663	0.7124	0.7612	0.8251	0.7327	0.7895	0.8740	0.7713	0.9277	0.8415	0.7193	0.8905	0.7370	0.7653	0.7942	0.7585	0.7688	0.8536	0.8158	0.7032	0.7151	0.7153	0.7451	0.6618	0.8826	0.8234	0.8419	0.7763	0.8348	0.7736	0.6653	0.7633	0.9210	0.8051	0.8231	0.7304
