GENE	CDC_B11096	CDC_B11097	CDC_B11098	CDC_B11099	CDC_B11101	CDC_B11102	CDC_B11103	CDC_B11105	CDC_B11112	CDC_B11113	CDC_B11114	CDC_B11115	CDC_B11116	CDC_B11117	CDC_B11118	CDC_B11119	CDC_B11200	CDC_B11201	CDC_B11205	CDC_B11206	CDC_B11207	CDC_B11208	CDC_B11209	CDC_B11210	CDC_B11212	CDC_B11213	CDC_B11214	CDC_B11215	CDC_B11216	CDC_B11217	CDC_B11218	CDC_B11219	CDC_B11220	CDC_B11221	CDC_B11222	CDC_B11223	CDC_B11224	CDC_B11225	CDC_B11226	CDC_B11227	CDC_B11228	CDC_B11229	CDC_B11230	CDC_B11243	CDC_B11244	CDC_B11245	CDC_B11246	CDC_B11247
QG37_03498	0.1029	0.0635	0.0266	0.0373	0.0680	0.0828	0.0111	0.0332	0.1445	0.0827	0.0760	0.0253	0.0243	0.0845	0.0175	0.0201	0.0564	0.0218	0.0368	0.0498	0.0007	0.0124	0.0843	0.0666	0.0633	0.0392	0.0813	0.0616	0.0571	0.0991	0.0950	0.0275	0.1539	0.0577	0.0747	0.0555	0.0834	0.0732	0.0829	0.0265	0.0472	0.0487	0.0725	0.1363	0.1239	0.1434	0.1574	0.1606
QG37_03499	1.1129	0.9277	1.0017	0.8981	0.9015	1.0255	0.8733	0.9501	1.0626	0.9990	0.7835	1.0742	0.8567	0.9507	1.0058	0.8733	0.7995	1.0859	1.0638	1.0302	0.8846	1.0559	0.9828	1.0569	0.9638	0.9378	0.8512	0.9131	0.9720	0.8821	0.8720	0.8840	1.0351	0.9984	1.0654	1.0324	0.9091	1.1867	0.9583	0.9827	0.9919	0.9174	1.0653	1.0911	1.0713	1.1491	1.1122	0.9325
QG37_03500	0.9586	0.9353	0.9566	0.9183	0.9674	1.0193	0.9648	0.9702	0.9819	0.9308	0.9275	0.8780	0.9681	1.0341	0.9353	0.9336	0.9064	0.9232	0.9143	0.9324	0.9526	0.9200	0.9594	0.9221	0.9504	0.8770	0.9207	0.9885	0.8791	0.8102	0.8592	0.9207	0.9477	1.0155	0.9355	0.9629	0.9714	0.9592	1.0365	0.9436	0.9483	0.9851	0.9714	0.9689	0.9976	1.0462	0.9418	0.9701
QG37_03501	0.6532	0.6181	0.6642	0.5898	0.6708	0.6825	0.5912	0.5397	0.6301	0.6012	0.5937	0.6619	0.6104	0.5911	0.6034	0.7408	0.6155	0.5370	0.6607	0.5783	0.6106	0.6585	0.6336	0.6242	0.6795	0.6034	0.7302	0.6340	0.5886	0.6150	0.5726	0.6409	0.5894	0.5596	0.5247	0.5406	0.4567	0.4671	0.6051	0.5738	0.5161	0.6922	0.4717	0.6041	0.4779	0.5945	0.6232	0.6659
QG37_03502	0.4968	0.6885	0.7145	0.7010	0.7952	0.6576	0.7032	0.7212	0.7463	0.8019	0.6233	0.7627	0.7883	0.6736	0.7307	0.7361	0.6562	0.6890	0.7580	0.6152	0.7324	0.7699	0.7553	0.6554	0.7886	0.6038	0.7267	0.7227	0.6848	0.6323	0.7961	0.6391	0.6407	0.6393	0.5789	0.6746	0.7075	0.6806	0.5743	0.7397	0.7104	0.8011	0.5717	0.7324	0.6717	0.6853	0.7508	0.7556
QG37_03503	0.9677	1.1419	1.1140	1.1019	1.1190	1.0550	1.0677	1.0984	0.9771	1.0489	0.9203	0.9474	1.0170	1.0483	1.1005	1.0055	0.9134	1.0444	1.0401	1.2123	1.1379	1.0483	0.9498	0.9481	1.0990	1.1538	0.9804	1.0758	0.9048	0.9500	0.8579	0.9683	0.9817	1.0843	1.0011	1.1621	1.1046	1.0428	1.0435	1.2782	1.1801	1.0362	0.9841	1.1900	0.9531	1.1701	0.8639	1.1262
QG37_03504	0.9812	0.9461	0.9557	0.9937	1.0452	0.9414	1.1023	0.9741	1.0373	0.9957	0.9356	1.0148	0.9951	0.9506	0.9471	1.1156	0.8943	1.0229	0.9434	0.9261	0.9816	0.9791	1.0012	1.0518	0.9687	0.8664	0.9789	1.0241	0.9168	0.8863	0.9571	0.9079	0.8678	1.0568	1.1093	1.0400	1.0357	0.9791	1.0777	0.8992	1.0029	0.9191	0.9374	1.0538	1.0553	1.0671	0.9500	0.9964
QG37_03505	0.9826	0.9739	0.9552	0.9759	0.9205	0.8914	1.0339	0.8903	0.9784	0.9334	0.8967	0.8688	0.9048	0.9472	0.9103	1.0125	0.9603	0.9267	0.9050	0.9249	0.9491	0.8810	0.9390	0.9050	0.9379	0.9297	0.9302	0.9247	0.9220	0.8818	0.8467	0.8894	0.9223	0.9598	0.9883	0.9583	0.8637	0.9543	0.9559	0.9806	0.9689	0.9137	0.8754	0.9340	0.9588	0.8429	0.9524	0.9353
QG37_03506	0.9657	0.9216	0.9623	0.9906	0.8835	0.9867	0.9484	0.9677	1.1552	1.0450	0.8672	1.0244	0.9399	1.0422	1.0372	0.9922	0.8103	0.9934	0.8196	0.7491	0.9793	0.8607	1.0853	1.0026	0.9120	0.8920	0.9402	0.9625	1.0372	0.7042	0.9516	0.9147	0.8874	0.9857	1.0462	1.0878	0.8725	1.0072	1.0302	1.0163	0.9890	1.0737	1.0423	0.8027	0.9239	1.1600	1.0662	0.9167
QG37_03507	0.9479	0.8890	0.7534	0.8042	0.8489	0.7908	0.8938	0.9174	0.9039	0.9248	0.8271	0.8488	0.8807	0.8864	0.9219	1.0078	0.9800	0.8961	0.9483	0.8159	0.8767	0.9102	0.8375	0.8942	0.8315	0.7838	0.7869	0.7637	0.7980	0.7802	0.8456	0.7883	0.8935	0.8859	0.8913	0.8841	0.9082	0.9964	0.8966	0.8770	0.8204	0.9055	0.8296	0.9598	0.8730	0.9645	0.9238	1.0289
QG37_03508	0.8723	1.0592	0.9129	0.7666	0.9435	0.9006	0.8996	0.9504	0.9727	0.9334	0.8755	0.9412	0.8928	0.9663	0.9703	0.9031	0.9009	1.0206	0.9691	0.8744	0.9948	1.1558	0.9468	0.9321	1.0229	0.9573	1.0395	0.8699	1.0068	1.1167	0.8906	0.9227	0.9956	0.9603	0.9463	1.0219	1.1815	1.0123	0.8481	1.0868	1.1124	1.0853	0.9528	0.9601	0.9450	1.0345	0.9863	0.9825
QG37_03509	1.1113	0.9456	1.1030	0.9605	1.0927	1.0503	1.0203	0.9330	1.0994	1.1821	1.1944	1.0687	0.9722	1.1665	0.8969	1.0386	1.0232	1.0688	0.9466	0.9653	0.9613	1.0972	0.9765	1.1675	1.1402	1.1104	1.1379	0.9324	1.0350	1.2631	1.1583	0.9188	0.9594	1.0254	0.9777	0.9624	1.0968	1.0772	1.0021	1.1534	1.0846	1.0368	0.8843	0.8473	1.0472	1.1412	0.9255	1.1005
QG37_03510	0.9153	0.7646	0.9307	0.9893	0.8117	0.8386	0.9921	0.8132	0.8646	0.8689	0.8481	0.8230	0.7853	0.9097	0.9021	0.9207	0.9110	0.8976	0.7866	1.0230	0.9409	0.7392	0.8649	0.9451	0.8654	0.8880	0.8367	0.9399	0.8012	2.5044	1.6091	0.8060	0.9171	1.0280	0.9636	0.9839	0.9276	0.8284	0.9156	0.9034	0.8166	0.8432	0.8726	0.9725	0.8566	0.9498	1.0351	0.9671
QG37_03511	0.7537	0.7178	0.6626	0.7584	0.7816	0.7306	0.8883	0.6530	0.6837	0.6607	0.7103	0.6709	0.6401	0.8732	0.9068	0.7851	0.6658	0.7205	0.6671	0.8579	0.7399	0.6341	0.8167	0.8076	0.6851	0.7516	0.7131	0.6528	0.6571	0.6984	0.7638	0.8293	0.7590	0.9032	0.9023	0.7334	0.7441	0.8495	0.7888	0.8268	0.7667	0.6906	0.7256	0.7681	0.7672	0.7870	0.9055	0.7785
QG37_03512	0.8792	0.8202	0.7345	0.5811	0.7013	0.7568	0.9277	0.6789	0.7711	0.9505	0.7283	0.5729	0.7146	0.6601	0.6795	0.8142	0.6586	0.6593	0.7279	0.6474	0.8078	0.6671	0.7292	0.6575	0.7295	0.8020	0.6894	0.8588	0.6231	0.5771	0.6351	0.8148	0.8395	0.7981	0.6949	0.8305	0.8693	1.0401	0.8370	0.9151	0.7546	0.9602	0.7403	0.8422	0.6372	0.6514	0.7113	0.7421
QG37_03513	0.8567	0.7774	0.7223	0.6994	0.7342	0.8207	0.9545	0.8853	0.9026	0.7680	0.8320	0.6138	0.7540	0.7976	0.7933	0.8731	0.7061	0.7619	0.7960	0.7561	0.9028	0.6636	0.7829	0.8452	0.8001	0.7841	0.7934	0.7983	0.7302	0.6241	0.8426	0.8300	0.7308	0.7840	0.8772	0.8592	0.8278	0.9571	0.8080	0.8092	0.9024	0.9228	0.7604	0.9318	0.7427	0.6717	0.7666	0.7779
QG37_03514	0.8863	0.8695	0.8799	0.9161	0.8662	0.8724	0.8287	0.8904	0.8864	0.7950	0.8869	0.8083	0.7652	0.9082	0.8136	0.8635	0.8562	0.8115	0.8346	0.7992	0.8309	0.8372	0.8673	0.8223	0.7720	0.7855	0.9337	0.7954	0.8288	0.7905	0.8523	0.8545	0.8676	0.8589	0.8136	0.7932	0.8589	0.8595	0.8585	0.8446	0.8470	0.8200	0.8316	0.8725	0.8655	0.8586	0.8862	0.7571
QG37_03515	0.9252	0.7417	0.7382	0.7914	0.8783	0.8104	0.8512	0.8338	0.8419	0.7071	0.8105	0.7761	0.8530	0.8526	0.7983	0.8430	0.8209	0.6933	0.7374	0.7874	0.9285	0.8479	0.8320	0.8388	0.7670	0.7646	0.7804	0.6788	0.7909	0.7593	0.6717	0.6001	0.7445	0.6842	0.8445	0.8080	0.7479	0.7827	0.8598	0.8057	0.8566	0.8106	0.7013	0.8603	0.8036	0.8072	0.7727	0.7223
QG37_03516	0.9562	1.0684	1.1158	0.8093	0.8967	0.8982	1.1007	0.9398	1.0569	0.8333	0.9638	0.9177	1.0730	0.9993	0.9859	0.8716	1.1690	0.9290	0.9503	1.0963	0.9845	0.9850	1.1313	1.0229	0.9385	0.9481	0.9737	0.8929	1.1766	1.0679	0.7362	0.9673	0.9773	1.1372	1.0011	0.9402	0.9403	1.0424	1.0184	0.9252	1.0087	0.8726	0.8824	1.1407	1.0056	0.8413	1.0443	1.0596
QG37_03517	1.1296	1.0812	1.1292	1.0588	1.0374	1.0597	1.0440	1.0977	1.0694	1.0910	1.1257	1.0180	1.1104	1.0677	1.0407	1.0470	1.0697	1.0810	1.0522	1.1082	1.0930	1.0372	1.0594	1.0314	1.0080	1.0230	1.0772	1.0379	1.0506	1.0115	1.0047	0.9962	1.1118	1.1015	1.0790	1.0681	1.0414	1.0531	1.0955	1.0678	1.0674	1.0356	1.0292	1.0827	1.0521	1.0543	1.0118	1.0705
QG37_03518	0.9233	0.9511	0.9187	0.8877	0.8656	0.8722	0.9359	0.9749	0.9481	0.9977	0.9607	0.8559	1.0189	0.9762	1.1164	1.1825	0.8755	0.7697	0.9309	0.9679	1.0712	0.9653	0.9515	0.9330	0.9054	0.8200	0.7733	0.7945	0.8020	0.9248	0.7935	0.7768	1.1147	0.8906	0.9448	0.9134	0.9179	0.9904	0.9230	0.9782	0.9183	0.7644	0.9789	0.8006	0.9558	0.9694	0.9588	1.0858
QG37_03519	0.7485	0.9480	0.9668	0.9275	0.8422	0.8600	1.0422	0.8447	0.9348	0.8330	0.8549	1.0568	0.9432	1.0167	0.9968	0.9995	0.8669	0.8721	0.9091	0.9657	1.0363	0.8532	0.9503	0.7868	1.0326	0.9395	0.9442	1.0144	1.1256	0.7699	0.9785	0.9740	0.8284	0.8169	0.8344	1.0350	1.0100	1.0059	0.9276	0.7261	0.8274	0.9183	0.8501	0.9771	0.9763	0.9753	0.7576	0.9077
QG37_03520	1.0953	1.0464	1.1626	0.9512	0.9697	0.9421	1.0807	0.8622	0.8940	0.8994	0.9925	0.8324	0.9577	1.0260	1.0309	0.9891	0.8352	0.8681	0.9172	0.8792	0.9438	0.9007	0.9576	0.8587	1.0538	0.9729	0.8967	1.0181	1.0879	0.8024	0.9619	0.9507	0.9612	0.9849	0.9217	0.8787	0.8887	1.0297	1.1233	1.0564	0.8326	0.9692	0.8412	0.9622	1.0184	1.0602	0.9590	1.0165
QG37_03521	1.0068	1.0883	0.8748	0.9241	0.9648	0.9662	0.9452	0.9736	0.9692	0.8797	1.1023	0.9875	0.9492	0.9390	0.9586	1.0210	0.9181	0.9033	1.0052	0.9248	1.0968	1.0014	0.8730	1.0075	1.0080	0.8980	0.9367	0.9167	0.9665	1.1485	1.0780	0.9215	0.9843	0.9949	0.9782	1.0794	0.8905	0.8287	0.9344	1.0109	0.9436	1.0540	0.6944	1.0540	0.9285	0.9791	0.9586	1.0101
QG37_03522	0.9369	0.9022	0.9217	0.8603	0.8463	0.9099	0.8678	0.8778	0.9315	0.8827	0.9372	0.8678	0.8449	0.8643	0.8663	0.9313	0.8870	0.8630	0.9038	0.8566	1.0086	0.9386	0.9278	0.8194	0.8401	0.8129	0.8533	0.8425	0.8959	0.7381	0.7993	0.8848	0.8307	0.8466	0.8913	0.9453	0.8967	0.9363	0.8995	0.8164	0.9279	0.8518	0.8900	0.9828	0.8615	0.8672	0.8505	0.9769
QG37_03523	0.6790	0.8055	0.7047	0.5949	0.7241	0.7156	0.6574	0.7457	0.8450	0.7650	0.8354	0.6306	0.5871	0.7443	0.8186	0.7838	0.7482	0.7881	0.6735	0.7908	0.5459	0.7424	0.7356	0.6038	0.6509	0.7263	0.7398	0.6112	0.7540	0.8406	0.6269	0.7352	0.7604	0.8546	0.8900	0.7589	0.7902	0.6537	0.6916	0.8658	0.8579	0.7900	0.8326	0.8838	0.8245	0.7200	0.8012	0.8316
QG37_03524	0.9483	0.8121	0.7197	0.6487	0.7766	0.7249	0.7752	0.7642	0.7543	0.7474	0.7086	0.7225	0.7687	0.6946	0.7134	0.6409	0.7479	0.6472	0.6832	0.7707	0.5150	0.6313	0.7049	0.7259	0.6488	0.6705	0.6170	0.6886	0.6284	0.8478	0.7554	0.7701	0.6331	1.0015	1.0104	0.8986	1.0488	0.7871	0.8369	1.0016	0.9305	1.0883	1.0800	0.9277	1.0547	0.9592	0.9611	1.0175
QG37_03525	0.5084	0.6879	0.7276	0.6265	0.6930	0.6294	0.7586	0.6988	0.6665	0.6882	0.6279	0.6210	0.7183	0.6955	0.6862	0.7173	0.6714	0.7160	0.7236	0.6649	0.6148	0.6835	0.6428	0.5943	0.5898	0.6807	0.6831	0.7073	0.6360	0.8184	0.6936	0.5984	0.7849	0.9992	0.9367	0.9934	1.0036	0.8438	0.9168	0.9476	1.0159	1.0707	0.9118	0.9790	1.0749	1.0590	0.9786	1.1317
QG37_03526	0.5275	0.8620	0.6209	0.7173	0.7817	0.5930	0.5697	0.8323	0.9372	0.8908	0.7801	0.9633	0.7791	0.6328	0.8578	0.6437	0.6888	0.6429	0.8028	0.7276	0.6710	0.7518	0.7235	0.8079	0.8075	0.7432	0.7403	0.7682	1.0234	0.7057	0.8408	0.8288	0.7870	0.7379	0.8624	0.7541	0.8030	0.6778	0.7528	0.6995	0.8589	0.7045	0.7102	0.6662	0.6532	0.6883	0.8466	0.6850
QG37_03527	0.7914	0.8981	0.8257	0.7799	0.7923	0.8498	0.7656	0.8724	0.9788	0.8891	0.8835	0.8295	0.8990	0.8073	0.9777	0.9705	0.7287	0.8883	0.9253	0.9339	0.9502	0.8972	0.9163	0.9803	0.9610	0.8943	0.8564	0.8286	0.8618	0.7148	1.0567	0.9131	0.8867	0.8132	0.9609	0.9078	0.9189	0.9332	0.8722	0.9609	0.9198	0.8875	0.8502	0.8745	0.8326	0.8870	0.8936	0.7920
QG37_03528	0.8124	0.8062	0.8937	0.8633	0.7909	0.9513	0.7948	0.8674	0.9102	0.7603	0.8407	0.7909	0.7843	0.8649	0.8176	0.7949	0.8529	0.8407	0.8615	0.8067	0.8192	0.7810	0.8291	0.8391	0.8482	0.8455	0.7207	0.7585	0.7055	0.8169	0.7761	0.8295	0.8383	0.8452	0.8198	0.8698	0.8477	0.9015	0.9172	0.7995	0.8902	0.8259	0.7883	0.7751	0.8663	0.9893	0.8482	0.7927
QG37_03529	0.9589	0.9713	0.9583	0.9596	0.8685	0.8778	0.8406	0.9262	0.9224	0.8657	0.8801	0.8438	0.9616	0.8716	0.9528	0.8486	0.8903	0.8296	0.8530	0.8957	0.8114	0.8608	0.8625	0.9058	0.8854	0.8980	0.8112	0.8784	0.7952	0.8048	0.8949	0.8741	0.9112	0.8282	0.8653	0.8167	0.9394	0.8766	0.8536	0.8996	0.9075	0.9114	0.8997	0.9404	0.9589	0.8875	0.9463	0.9362
QG37_03530	1.0293	0.9977	0.9913	0.9763	0.9806	1.0075	0.9730	0.9637	1.0226	0.9551	1.0236	0.9995	1.0670	1.0334	0.9197	1.0014	0.9846	0.9736	1.0096	0.9654	0.9992	0.9819	0.9193	0.9435	1.0179	0.9722	0.9258	0.9381	0.8978	0.8506	0.8679	0.9368	0.9513	1.0233	1.0487	0.9165	0.9483	1.0096	1.0046	0.9884	1.0098	0.9827	1.0167	0.9979	1.0233	1.0742	0.9442	0.9508
QG37_03531	0.5824	0.7819	0.9799	0.8737	0.8278	0.8162	0.9554	0.9276	0.7983	0.9446	0.9131	0.8193	0.8346	0.8695	0.7451	0.8439	0.8274	0.8996	0.9491	0.7859	0.8732	0.9397	0.7888	0.9386	0.8130	0.7818	0.7218	0.8116	0.8448	0.6329	0.8272	0.8189	0.8370	0.8443	0.8901	0.7586	0.8001	0.8461	0.9199	0.7557	0.9429	0.9133	0.9511	0.8991	0.8997	0.7966	0.9703	0.8894
QG37_03532	0.9544	1.0062	0.9893	0.9144	1.0078	1.0661	1.0532	0.9264	0.8721	1.0193	1.0096	0.8593	0.9900	1.0271	0.8591	0.9756	0.9648	0.9518	0.9094	0.9595	0.9853	0.9607	0.9490	0.9107	0.9645	0.9368	0.8992	0.9264	0.8611	0.6675	0.9563	0.8559	0.9446	0.8477	0.9904	0.9808	0.8912	0.8284	0.9149	0.9341	1.0039	0.8795	0.9152	1.0660	0.9122	0.8876	1.0187	0.9415
QG37_03533	1.1491	1.1687	1.0307	1.1127	1.0471	1.2710	1.0358	1.1510	0.9683	1.0740	1.1609	0.9540	1.1044	1.0052	0.9562	1.0639	0.9170	1.0088	1.0252	0.9782	1.2089	1.0611	0.9026	0.9280	1.1961	1.0994	0.8936	1.1764	1.1578	0.8287	0.8748	0.8494	0.9925	1.0973	0.9737	1.0723	1.0336	0.8776	0.9685	0.9876	1.1894	0.8905	0.9975	1.0215	1.0462	0.9334	1.0935	0.9558
QG37_03534	1.0617	0.9474	1.1029	1.0865	1.0155	1.0431	1.0244	0.9966	0.9958	0.9379	1.0141	0.9792	0.9940	0.9799	0.9031	0.9846	0.9298	0.9421	0.9860	1.0544	0.9743	1.0174	0.9675	0.9830	0.9747	1.0312	0.9410	0.9541	0.8685	0.8712	0.8875	0.8493	0.9104	1.0108	1.0004	1.0484	0.9991	1.0088	0.9501	0.8878	1.0131	0.9897	0.8698	1.0061	0.9738	1.0094	1.0339	0.9008
QG37_03535	0.9987	1.0684	0.8339	0.9691	1.1132	1.0331	1.0396	1.0710	1.0235	0.9882	1.0307	0.9847	1.0552	1.0955	1.0215	0.9862	1.0299	0.9348	1.0096	0.9527	0.9761	0.9838	0.9637	1.0104	0.9844	1.0349	0.9813	0.9412	0.9915	0.8754	0.9258	1.0288	1.0441	0.9916	0.9867	0.9893	0.9744	1.0274	0.9743	0.9872	1.0704	1.0603	0.9645	1.0835	1.0018	0.9693	1.0393	0.9593
QG37_03536	1.1800	1.0610	1.0569	0.8184	1.0724	1.0543	0.9604	0.9669	1.0146	0.9341	1.0716	0.9493	1.0136	0.9739	1.0011	0.9511	1.0028	0.9185	1.0171	0.9870	0.9540	0.9525	0.8360	0.9321	1.0042	1.0082	0.9129	0.9284	1.0227	0.8354	0.9008	0.9590	0.9981	0.8863	0.8956	0.9490	0.8400	0.9795	0.8904	0.9531	1.0929	1.0303	1.1134	0.9557	0.9284	1.1002	1.0256	0.9230
QG37_03537	1.0877	1.0796	1.1000	1.0971	1.0164	1.1274	1.1619	1.2061	1.1662	1.0836	1.2624	0.9884	1.0424	1.1140	1.0992	1.1555	1.2006	0.9644	0.9456	1.0846	0.9726	0.8627	1.0088	0.9729	1.1919	1.1436	0.9812	1.1354	0.9460	1.1707	1.0107	0.9877	0.9628	1.0375	0.9523	1.0429	0.9240	1.0525	0.9752	0.9295	1.1509	1.1889	0.9828	1.1581	1.0187	1.1898	1.0523	1.1152
QG37_03538	1.2233	1.0081	1.0231	1.1314	1.0560	1.2850	1.1573	1.0691	1.2269	1.1414	1.1300	1.1773	1.0498	1.0901	0.9239	1.2841	1.1960	0.9370	1.0826	1.0555	1.1488	0.9796	1.0021	0.9724	1.1116	1.0299	1.1846	1.1566	1.2721	1.2016	1.1023	1.0054	1.1901	1.0875	1.0676	0.9870	0.9870	1.0186	0.9930	1.0172	0.9041	1.1114	1.0513	1.0615	1.0184	0.9448	1.0545	1.1131
QG37_03539	1.1158	1.0777	1.3262	1.1611	0.8937	1.1465	1.2582	1.1993	1.1105	1.2227	1.1055	1.0973	1.2428	1.1285	1.1095	1.1958	1.1563	1.1365	1.0931	1.1349	1.1010	1.2304	1.0863	1.1433	1.1395	1.1195	1.0591	1.0521	1.1176	1.1212	1.1220	1.0909	1.1377	1.2443	1.1116	1.1827	1.1963	1.2743	1.1657	1.0776	1.1264	1.1629	1.1889	1.2547	1.0758	1.0529	1.1841	1.1443
QG37_03540	0.9802	0.8695	0.9848	0.9628	0.9075	1.0270	0.9798	1.0307	0.9924	1.0173	1.0180	1.0210	1.0056	1.0157	0.9747	1.0177	1.0048	0.9550	0.9894	0.9236	0.9388	0.9384	0.9365	0.9624	1.0645	0.9610	1.0126	0.9055	0.8508	0.8551	0.9163	0.9794	0.9589	1.0977	1.0080	0.9879	0.9925	1.0585	1.0223	0.9011	0.9883	1.0088	0.9424	1.0241	0.8890	0.9730	0.9933	0.9884
QG37_03541	0.9048	0.9536	1.0529	0.9529	0.8695	0.7894	0.9896	0.9025	0.9482	0.8859	0.8409	0.9807	0.8084	0.9397	0.8894	0.8880	0.8923	0.9197	0.9491	0.9834	0.8954	0.9397	0.8114	0.9489	0.9700	0.7965	0.9504	0.9448	0.8971	0.8190	0.8991	0.9713	0.9102	0.9487	0.9130	0.8410	0.8423	0.9427	1.0313	0.8669	0.9206	0.9632	0.9479	0.9507	0.9111	0.8649	0.8547	0.9554
QG37_03542	0.7888	0.7711	0.8350	0.7558	0.7091	0.6467	0.7537	0.7032	0.7389	0.6220	0.6430	0.7051	0.6702	0.7637	0.7236	0.7028	0.7108	0.6527	0.7582	0.7633	0.7944	0.7181	0.7059	0.7304	0.6964	0.6650	0.7036	0.7317	0.6358	0.9203	0.6625	0.6792	0.7119	0.6662	0.7599	0.7321	0.6797	0.7191	0.7668	0.7763	0.7050	0.8408	0.7748	0.7192	0.7502	0.7335	0.7461	0.6770
QG37_03543	0.9775	0.8755	0.7906	0.8114	0.8066	0.8292	0.8169	0.8716	0.8141	0.8391	0.9051	0.7613	0.8271	0.9555	0.7983	0.9960	0.9276	0.8642	0.9653	0.8069	0.8921	0.8156	0.8939	0.8599	0.8387	0.9105	0.8696	0.8498	0.8529	0.7693	0.8850	0.8613	0.9046	0.9063	0.8759	0.8535	0.8754	1.0642	0.8589	0.8781	0.9021	0.8579	0.8143	1.0375	0.8727	0.9071	0.8792	0.8540
QG37_03544	0.9757	0.9536	0.9954	0.9362	0.9387	0.9212	0.9039	1.0086	1.0651	0.9787	1.0668	0.9805	1.0062	1.0305	0.9634	0.9902	1.0077	1.0341	1.0304	1.0586	0.9500	1.0464	1.0379	0.9681	1.0502	0.9809	0.9809	0.9657	0.9952	0.7924	0.9323	0.9877	0.9959	0.9745	1.0120	1.0295	1.0392	1.0079	1.0450	1.0408	1.0348	1.0582	0.9628	1.0523	1.0443	1.0461	1.0097	1.0853
QG37_03545	1.0371	0.9895	1.0333	1.0176	0.8955	0.9867	0.9160	0.9710	1.0298	0.9329	1.0164	0.9299	0.9622	1.0469	0.9177	0.9722	0.9408	1.0209	1.0256	0.9775	0.9943	0.9763	1.0845	0.9897	0.9403	1.0060	0.9387	0.9780	0.9625	0.9227	1.0042	0.9880	0.9444	1.0053	0.9971	1.0100	1.0069	0.9401	1.0256	0.9495	0.9921	1.0520	0.9394	1.1040	1.0152	0.9869	0.8917	0.9517
QG37_03546	0.9549	0.9315	0.9312	1.0471	0.9023	0.9230	0.9827	0.9614	1.0034	0.9529	0.8896	0.8807	0.8914	0.9494	0.9813	0.9717	0.9101	1.0746	0.9645	0.8907	1.0053	0.9162	1.0076	0.9310	0.8893	0.9857	0.9983	0.9923	0.9286	0.8263	0.9390	0.9277	1.0571	0.9918	1.0026	1.1275	0.9773	1.0612	0.9473	0.9919	1.0157	0.9040	0.9399	1.0125	1.0426	1.0104	1.0149	1.0032
QG37_03547	1.0898	0.8811	1.0168	1.0245	1.0401	0.8843	0.9046	1.0243	1.0605	1.0641	1.1059	0.8899	1.0448	0.9977	1.0726	1.0011	1.0285	1.0805	1.0039	0.7926	0.9688	1.0102	0.9588	0.9883	1.0734	1.0539	1.0985	0.8957	0.9736	0.7357	0.9841	0.9063	0.9783	1.0412	0.9990	1.1158	1.0238	1.0004	0.9348	1.0409	0.9941	1.0687	1.0140	1.0416	1.0762	0.9887	1.1598	0.9949
QG37_03548	0.8909	0.8740	0.9408	0.8913	0.8033	0.8648	0.9851	0.8953	1.0347	0.8346	0.9773	0.7727	0.8643	0.8741	0.9749	0.8586	0.8662	0.9635	0.9236	0.9752	1.0034	0.9454	0.9452	0.9234	0.9360	0.9156	0.9511	0.8657	0.9497	0.7978	0.9292	0.8639	0.8798	0.9774	0.9299	1.0527	0.9237	0.9534	0.8505	0.9383	0.9399	0.9568	0.8566	0.9691	0.9497	0.9755	1.0249	0.8938
QG37_03549	1.0441	1.0608	0.9146	1.0990	1.0852	1.0468	1.1178	1.1179	1.1642	0.9148	1.0799	0.9390	1.0738	1.0544	1.1526	1.1510	1.0247	1.2339	1.0196	1.0738	1.0719	1.1703	1.0882	1.0979	1.1107	0.9084	1.1734	0.9420	0.9259	0.9248	1.0841	1.0812	1.0890	1.2454	1.1572	1.2382	1.0413	1.0570	1.1034	1.1006	1.1208	1.1936	1.0204	1.1713	1.1232	1.2276	1.1373	1.1488
QG37_03550	0.8930	0.8794	0.9192	0.9273	0.9691	1.0467	1.1321	1.1175	1.0062	1.0283	1.0028	0.9166	1.0208	1.1148	0.9777	1.1007	0.8070	1.0149	0.9072	0.8893	1.1136	0.8937	1.1164	0.9779	0.9530	0.8777	1.1400	1.0527	0.7741	0.6693	1.1339	0.9630	0.8868	0.8885	1.0550	0.9661	0.8640	1.1208	0.9445	1.1396	1.0069	1.0399	1.1557	0.8934	0.9673	1.1098	0.9538	1.0962
QG37_03551	0.8884	0.8880	0.9397	0.9687	0.8956	0.8704	0.8522	0.9039	0.8517	0.8218	0.9245	0.8077	0.9135	0.9977	0.8778	0.9416	0.8663	0.9031	0.9281	0.7874	0.9065	0.9000	0.9210	0.9082	0.9497	0.9080	0.8879	0.8507	0.7796	0.8748	0.8256	0.7916	0.8721	0.9239	0.9082	1.0454	0.8802	0.9542	0.9504	0.8968	0.9192	0.8502	0.7849	0.9209	0.8331	0.9216	0.8960	0.9515
QG37_03552	0.7934	0.7947	0.7739	0.6686	0.6777	0.7227	0.8730	0.7704	0.8032	0.6302	0.8851	0.6686	0.7782	0.7702	0.8644	0.6568	0.8339	0.8293	0.7268	0.7354	0.8499	0.8269	0.8461	0.7752	0.9707	0.6590	0.6591	0.6115	0.6708	0.6754	0.8008	0.6252	0.7794	0.9075	0.8512	0.7635	0.6872	0.8908	0.6243	0.8635	0.8014	0.9278	0.7891	0.7631	0.9505	0.8511	0.7140	0.7869
QG37_03553	0.8263	0.7329	0.6299	0.8395	0.8003	0.8291	0.7899	0.8159	0.9114	0.7484	0.8163	0.8805	0.7744	0.8518	0.7519	0.9345	0.8224	0.8047	0.9265	0.8105	0.8321	0.8797	0.9462	0.8468	0.8038	0.8589	0.7279	0.7180	0.8320	0.7611	0.9066	0.7644	0.8437	0.9545	0.9506	0.8898	0.9641	0.7393	0.7202	0.8805	0.6987	0.9491	0.7397	0.7993	0.8685	0.8562	0.5924	0.8702
QG37_03554	0.7844	0.6851	0.6677	0.7832	0.6963	0.7011	0.7667	0.7852	0.8679	0.7341	0.6497	0.8561	0.8890	0.7961	0.7669	0.9474	0.7933	0.9371	1.0054	0.8117	0.9103	0.8378	0.8581	0.7693	0.8656	0.8861	0.8815	0.5970	0.7725	0.9218	0.7773	0.7204	0.7171	0.7049	0.8018	0.8661	0.6592	0.6651	0.4895	0.6295	0.6930	0.7320	0.5890	0.7061	0.7000	0.7253	0.7264	0.7352
QG37_03555	0.7473	0.8086	0.5856	0.6626	0.7753	0.4029	0.5716	0.5739	0.6783	0.6617	0.6469	0.7347	0.7361	0.6896	0.8260	0.7593	0.6433	0.6466	0.6976	0.6896	0.6814	0.7321	0.6192	0.9436	0.6356	0.6948	0.6084	0.7389	0.7563	0.5350	0.7640	0.7094	0.7484	0.6154	0.6499	0.7019	0.7670	0.6879	0.7062	0.9099	0.7018	0.8718	0.5863	0.6915	0.7559	0.5993	0.6971	0.7629
QG37_03556	0.8098	0.7436	0.7754	0.7607	0.7318	0.9145	0.7473	0.7787	0.7038	0.7392	0.8141	0.7696	0.7604	0.7761	0.8885	0.7624	0.7968	0.8617	0.7817	0.8703	0.7674	0.7787	0.7806	0.7787	0.7761	0.6853	0.7789	0.5739	0.6053	0.6284	0.6918	0.7062	0.7912	0.7316	0.8649	0.7976	0.7855	0.9133	0.8665	0.7162	0.7998	0.7172	0.7066	0.8034	0.6764	0.8074	0.8009	0.8043
QG37_03557	0.7706	0.7007	0.7636	0.5472	0.8622	0.7156	0.7337	0.8960	0.7841	0.6446	0.7411	0.7277	0.8182	0.7410	0.7982	0.7652	0.7929	0.6568	0.6655	0.5779	0.7714	0.7857	0.7769	0.6766	0.6381	0.6571	0.7067	0.6478	0.6750	0.7469	0.7661	0.6417	0.6940	0.6539	0.7055	0.7626	0.6982	0.7925	0.7416	0.6561	0.7094	0.7247	0.7337	0.7122	0.6994	0.7559	0.8228	0.7009
QG37_08419	0.8089	0.8268	1.0376	0.8614	0.8272	0.8744	0.9209	0.7480	1.0125	0.8587	1.0218	1.0694	1.0563	0.9689	0.8945	0.9943	0.9023	0.9757	0.9322	0.8995	0.8493	0.7985	0.6882	0.9466	1.0469	0.8678	0.7188	0.8952	0.9508	0.8151	0.8870	0.8748	0.9293	1.2140	0.9219	0.9496	1.0093	0.9273	0.8492	0.8614	0.9746	0.9429	0.9546	0.8650	0.8528	0.9735	0.7157	1.0783
QG37_03558	0.9509	1.0532	0.8736	1.0003	0.9335	0.8766	1.1505	0.9410	0.9717	0.9154	0.9330	0.8877	0.8442	1.0151	0.9865	0.8865	0.8902	0.9080	1.0393	0.9096	1.0470	1.0387	0.9840	0.9248	0.9597	0.8739	0.9750	0.9387	0.8782	0.8691	0.8721	0.9110	0.9533	0.8977	0.8951	0.9026	0.9303	0.9458	0.9794	0.7711	0.9441	0.8539	0.8926	0.9957	0.9787	1.0059	1.0080	0.9738
QG37_03559	0.9129	0.9468	0.8918	0.9235	1.0086	0.9339	1.0013	0.8969	0.9278	0.9026	0.9186	0.9102	0.8771	0.9859	0.9952	0.9537	0.9189	0.9313	0.9401	0.8685	0.8758	0.9988	0.9644	0.9821	0.9117	0.8473	0.9276	0.8755	0.7904	0.7642	0.9013	0.8593	0.9828	0.9534	0.9226	0.9614	0.9822	0.9934	1.0498	0.9439	1.0503	0.9413	0.9775	0.9767	0.9247	0.9517	0.9792	0.9424
QG37_03560	0.9195	0.9628	0.8986	0.9204	0.9114	0.9171	0.9426	0.9099	0.9218	0.9091	0.9135	0.9120	0.9066	0.9261	0.9947	1.0063	0.9326	0.9695	0.9615	0.8807	0.9431	0.9356	0.9538	0.9463	0.9507	0.8842	0.9219	0.8872	0.9091	0.8888	0.9167	0.9388	0.9430	0.9916	1.0036	0.9227	1.0112	1.0149	1.0122	0.9417	0.8636	0.9071	0.9053	0.9631	0.9025	0.9019	0.9488	1.0295
QG37_03561	0.7825	0.8180	0.9414	0.8625	0.6097	0.6386	0.6490	0.7286	0.8160	0.7663	0.9173	0.8376	0.6924	0.7189	0.7555	0.7340	0.8024	0.9272	0.7016	0.7874	0.7431	0.7038	0.7426	0.8764	0.8329	0.7940	0.6786	0.8773	0.6510	0.6414	0.6284	0.6768	0.8832	0.7532	0.8185	0.6804	0.7558	0.8949	0.6510	0.8656	0.8265	0.7775	0.7016	0.7710	0.8322	0.7872	0.7556	0.8066
QG37_03562	0.8699	0.8645	0.7842	0.8950	0.7951	0.8235	0.8937	0.8325	0.9077	0.9793	0.8321	0.9209	0.8938	0.8339	0.9481	0.9846	0.8816	0.9273	0.9794	0.9048	0.9535	0.9097	0.9626	0.8397	0.9227	0.9181	0.9413	0.9322	0.8729	0.8648	0.8287	0.9086	0.8604	0.9027	0.9243	0.8275	0.8929	0.9441	0.8443	0.9116	0.9403	0.8475	0.8738	0.9275	0.8684	0.9009	0.9476	0.9385
QG37_03563	0.9053	0.8574	0.7427	0.8962	0.7774	0.8876	0.8551	0.8325	0.8679	0.7964	0.8244	0.8687	0.8293	0.9090	0.9114	0.9062	0.8999	0.9098	0.9268	0.8524	0.9216	0.8257	0.8876	0.9055	0.9092	0.8587	0.8538	0.8477	0.8530	0.8136	0.8604	0.8896	0.9028	0.8759	0.9059	0.8375	0.9688	0.9245	0.9004	0.8752	0.8837	0.8917	0.8472	0.8671	0.8971	0.8993	0.8970	0.8785
QG37_03564	0.9621	0.9931	1.0175	1.0014	0.9490	0.9910	1.0047	1.0063	1.0547	0.9709	0.9392	1.0736	1.0663	1.0663	1.0955	1.0360	0.9782	0.9463	1.1759	0.9392	1.0904	1.2413	1.0304	1.0440	1.2387	1.0200	0.8191	0.9483	0.9599	0.8445	0.9744	1.0263	1.2567	1.0111	0.9967	0.9993	1.1666	0.9092	0.9689	1.0019	1.1403	1.0160	1.2525	1.1626	1.2297	0.8629	1.2193	1.1394
QG37_03565	0.8565	0.8986	0.8460	0.7969	0.8009	0.8229	0.8164	0.9073	0.9111	0.8370	0.8152	0.8226	0.8147	0.8614	0.8737	0.9232	0.8286	0.8620	0.8587	0.8737	0.8454	0.8397	0.9184	0.8522	0.8556	0.8429	0.8699	0.7979	0.7876	0.7454	0.8811	0.8735	0.8994	0.8909	0.8472	0.8415	0.8650	0.8988	0.8631	0.8953	0.9554	0.8711	0.8918	0.9736	0.8333	0.8457	0.9146	0.9138
QG37_03566	0.9808	1.0062	1.0209	0.9276	0.9104	0.9842	0.8696	1.0850	1.0792	0.9905	0.8656	0.9168	0.9547	0.9528	1.1641	1.0235	1.0652	1.1078	0.9733	1.0066	1.0052	1.1495	1.0303	1.2095	1.0001	1.0292	0.8267	0.9995	0.8067	0.8206	1.0931	1.1186	1.1045	0.9789	1.1029	0.9877	0.8872	1.0131	0.9609	0.9464	0.9502	1.0284	0.9036	0.9585	1.1268	1.1019	1.2013	0.9824
QG37_03567	1.0335	0.8166	0.8912	1.0526	1.0570	0.9026	0.9318	0.8857	1.0926	0.9840	0.8621	0.9917	0.7898	1.0304	0.9950	0.9221	0.8867	0.9959	1.1443	0.9375	0.9240	0.8806	0.9863	1.0287	0.9975	0.9965	0.9791	1.0170	0.7402	0.7678	0.8890	0.9054	0.9494	1.0653	0.9640	0.9202	0.8753	0.8487	0.9721	0.9981	1.1034	0.9033	1.2066	1.0799	1.0445	1.1685	0.8623	1.0172
QG37_03568	0.8278	0.8727	0.7836	0.8584	0.8112	0.7889	0.8129	0.9270	0.8659	0.8326	0.7910	0.9115	0.8748	0.9218	0.8520	0.8685	0.7630	0.8802	0.8425	0.7033	0.8136	0.7808	0.8676	0.8625	0.8136	0.7719	0.8298	0.7775	0.8347	1.0546	1.0078	0.8986	0.9189	0.9373	0.9714	0.9438	0.9161	0.9074	1.0436	0.9112	0.9331	0.8900	1.0034	1.0489	0.9301	0.9160	0.8578	0.8932
QG37_03569	0.9850	0.9996	0.8505	0.9575	0.9530	0.9457	0.9110	0.8916	0.8120	0.9537	0.9433	0.9101	0.9394	0.9661	0.8915	1.0343	0.9501	0.9674	0.8620	0.8981	0.9755	0.9934	0.9460	0.9679	0.9344	0.8681	0.8812	0.8463	0.9205	0.8524	0.9353	0.8957	0.8594	0.9506	0.9923	0.9227	0.9519	0.9731	1.0159	0.9419	1.0062	0.8934	0.9793	1.0916	1.0085	1.0627	1.0328	0.9845
QG37_03570	0.8301	0.8543	0.7153	0.8314	0.7741	0.8615	0.8995	0.8422	0.8964	0.7898	0.7661	0.7921	0.8230	0.9486	0.8642	0.8626	0.8542	0.9230	0.9122	0.8673	0.8850	0.8510	0.8590	0.7663	0.8799	0.7933	0.7724	0.8364	0.7902	0.8469	0.7924	0.8591	0.8179	0.7910	0.8580	0.9267	0.9492	0.8778	0.9249	0.9042	0.8642	0.8948	0.9185	0.8836	0.8864	0.8935	0.9050	0.8944
QG37_03571	1.0074	0.9557	0.8368	1.1213	0.7825	0.7417	0.9786	0.9353	1.0943	1.0038	1.0348	0.9767	0.8023	1.1393	0.8656	0.9130	0.9265	1.0173	1.0411	1.0196	0.9798	0.9826	0.8918	0.8653	0.9456	1.0432	1.0357	1.0210	0.8587	0.9715	0.9524	1.0216	0.9610	0.9935	0.9874	0.8600	1.0617	1.0555	1.0834	0.8505	0.9944	0.9468	1.1772	0.8184	0.7931	0.9260	1.0166	0.9573
QG37_03572	0.9345	0.8599	0.8232	0.8377	0.8893	0.8806	0.9174	0.8115	0.9181	0.9186	0.8993	0.8076	0.8525	0.8500	0.8202	0.9002	0.8804	0.8844	0.8970	0.9004	0.9442	0.8727	0.8740	0.8666	0.8960	0.8451	0.7993	0.8400	0.7647	0.7802	0.9656	0.8240	0.8834	0.8829	0.8770	0.8656	0.8657	0.8792	0.8228	0.7750	0.9169	0.8636	0.8263	0.8980	0.8554	0.8514	0.8884	0.8769
QG37_03573	0.7437	0.8509	0.8528	0.7212	0.7544	0.8322	0.7224	0.7348	0.7998	0.7890	0.9328	0.7820	0.7130	0.8325	0.7097	0.8510	0.8450	0.7936	0.8764	0.9217	0.7300	0.7536	0.8216	0.7737	0.7933	0.6688	0.8684	0.8000	0.7557	0.8724	0.7807	0.8986	0.6376	0.7089	0.6861	0.5939	0.8220	0.8457	0.7311	0.7408	0.6168	0.7092	0.6663	0.7324	0.7097	0.7483	0.9000	0.6680
QG37_03574	1.1471	0.9942	0.9603	1.0137	1.0227	1.0522	1.0320	1.0640	1.0943	1.0237	1.0683	1.0524	0.9094	1.0595	1.0041	0.9890	0.9813	1.0014	0.9953	0.9067	0.9769	1.0319	0.9938	1.1963	0.8655	0.9724	0.9200	1.0541	1.0355	1.3947	1.0867	1.0289	0.3018	1.0721	0.9897	1.0217	1.1203	1.0558	0.9643	1.0187	0.8398	1.0266	0.9312	0.3067	0.2980	0.3088	0.2758	0.3409
QG37_03575	1.0419	0.8505	0.7502	0.9267	0.9125	0.9351	0.9930	0.8867	1.0791	0.9941	0.9151	1.0350	0.8330	1.0252	0.9848	0.8549	0.8549	0.8754	1.0104	0.8739	0.8552	0.9151	0.8636	1.0185	0.8524	1.0112	0.8256	0.9199	0.8887	1.2198	0.8562	0.9678	0.6583	0.8327	0.8961	0.9370	1.0817	1.1626	0.9670	0.8786	0.9435	0.8350	0.9531	0.5719	0.6428	0.6486	0.6519	0.7232
QG37_03576	0.9695	0.8771	0.8256	0.7376	0.8473	0.8997	0.8322	0.8340	0.8144	0.7813	0.8342	0.7997	0.7479	0.8429	0.8456	0.8828	0.8273	0.8704	0.8914	0.8107	0.9136	0.8372	0.8173	0.8427	0.8136	0.8307	0.7759	0.8084	0.8082	0.8697	0.8407	0.7380	0.8392	0.8253	0.8515	0.8363	0.8455	0.8839	0.8967	0.7882	0.8466	0.7822	0.9011	0.8159	0.8920	0.8836	0.8473	0.7622
QG37_03577	1.0695	0.9386	0.6315	0.8905	0.8477	1.1167	0.9162	0.9180	0.8886	0.8404	0.8987	0.8603	0.8525	0.8844	0.9065	0.7971	0.7649	0.9755	0.9122	0.8749	0.9097	0.9710	0.8928	0.9410	0.9433	0.9308	0.9094	0.8114	0.8414	0.5189	1.2141	1.0110	0.9075	0.9214	0.9073	0.9866	0.7286	1.0397	0.7341	0.8755	0.8579	0.7853	0.9107	0.9253	0.9588	0.8055	0.8110	0.9540
QG37_03578	0.8968	0.9090	0.8074	0.9485	0.8971	0.7860	0.8852	0.9215	0.9452	0.7826	0.8820	0.8141	0.7875	0.8579	0.9007	0.9555	0.8548	0.8997	0.8452	0.8608	0.8847	0.9135	0.9090	0.9413	0.9462	0.7760	0.8529	0.8367	0.8686	0.8139	0.7610	0.7746	0.8863	0.8895	0.8003	0.9415	0.8552	0.9165	0.8482	0.8312	0.9246	0.8250	0.8936	0.8924	0.8552	0.8200	0.8613	0.9619
QG37_03579	1.0445	0.9229	0.9449	1.0188	0.9859	1.0839	0.9883	0.9575	0.9349	0.9223	0.9007	0.9068	0.9248	0.9847	0.9285	0.9856	0.9666	1.0486	0.9056	0.9274	1.0108	0.9098	1.0029	1.0309	0.9339	1.0183	0.9541	0.8482	0.9311	0.9539	1.0911	1.0225	0.9845	0.9652	1.0301	0.9377	1.0331	1.0321	0.9868	1.0473	0.9969	0.9992	0.9475	1.0187	1.0327	1.0677	0.9855	0.9626
QG37_03580	1.1641	1.0017	1.0714	0.9516	0.9515	0.9584	1.0515	0.9288	0.8644	0.9960	0.9030	0.9201	0.9952	0.9443	0.9985	0.9307	1.0375	1.0723	1.0534	0.9098	1.0043	0.9776	1.1231	0.9018	0.8595	0.9105	1.0087	0.8958	0.9373	0.9791	1.0319	1.0133	0.9598	0.9456	0.9719	1.1855	0.9499	1.0654	1.0149	0.9975	1.0339	0.9987	1.2215	1.0727	1.0168	0.9170	1.1514	1.0350
QG37_08420	0.8116	0.8085	0.9271	0.8065	1.0615	0.8640	0.9006	0.9445	0.8768	0.9761	0.9982	0.9219	0.8247	0.9110	0.9015	0.8380	0.8788	0.7638	0.8649	0.8432	0.8408	0.8385	1.0110	0.9589	0.8727	0.8733	0.9161	0.8765	0.9513	0.9324	1.0325	0.8178	1.2915	1.1805	1.1528	1.0031	1.3652	1.2169	0.9903	1.0992	1.2196	1.1174	1.1737	0.5400	0.5951	0.5594	0.6067	0.5754
QG37_03582	0.9849	1.0253	0.9769	0.9173	1.0516	0.9641	1.0169	0.9947	0.9621	0.9541	1.0569	0.9594	1.0220	1.0088	0.9640	0.9968	0.9803	1.0176	1.0546	1.0283	1.0908	1.0627	1.0131	1.0100	1.0240	0.9619	1.0321	0.9910	0.9551	1.0430	0.9675	0.9255	0.9733	0.9650	1.0461	1.0202	1.0030	0.9969	1.0306	1.0239	1.0606	0.9823	0.9575	1.0916	0.9799	0.9709	0.9054	0.9834
QG37_03583	0.8676	0.8704	0.7970	1.0130	0.8139	0.8760	0.8737	0.8594	0.9201	0.8255	0.9104	0.8013	0.8745	0.8167	0.7941	0.8980	0.8551	0.9073	0.7946	0.8168	0.8448	0.8147	0.8975	0.8089	0.8156	0.7639	0.8301	0.7470	0.7023	0.9054	0.8821	0.7745	0.8331	0.7402	0.8887	0.7836	0.8924	0.8918	0.8840	0.8321	0.8771	0.7906	0.8456	0.9106	0.9081	0.8283	0.9281	0.8719
QG37_03584	0.9119	1.0858	0.8970	1.0642	0.8739	0.9755	0.8615	0.7641	1.0913	1.0280	1.0053	1.0188	0.8238	0.9923	0.9548	0.9956	1.0138	0.9263	0.8338	0.9700	1.0237	0.9533	0.8954	0.8053	1.0638	0.7780	0.8442	0.9205	0.8476	0.7278	0.8375	0.9194	0.8861	0.8527	0.8849	0.9470	0.9602	0.9234	0.9563	0.9979	0.9291	0.9586	1.0666	0.9629	1.1810	0.9369	0.8663	0.9822
QG37_03585	0.7442	0.9230	0.8146	0.8365	0.8710	0.8699	0.8602	0.7667	0.8319	0.7915	0.8669	0.8393	0.8711	0.8569	0.8549	0.9375	0.7906	0.8244	0.7733	0.8064	0.9592	0.7976	0.8640	0.8441	0.7924	0.8111	0.9111	0.8508	0.7520	0.5981	0.8068	0.8668	0.9027	0.7979	0.9911	0.8710	0.8265	0.9187	0.7971	0.7775	0.8346	0.8248	0.8785	0.9319	0.9157	0.8566	0.9166	0.8847
QG37_03586	0.8574	0.8608	0.8372	0.8264	0.8433	0.8180	0.8507	0.8691	0.8533	0.7617	0.8081	0.7263	0.7694	0.8574	0.8213	0.9038	0.8921	0.8599	0.8599	0.8720	0.8711	0.8270	0.8251	0.8250	0.8257	0.8214	0.8097	0.8143	0.7437	0.8257	0.8332	0.7923	0.9218	0.8862	0.9249	0.7841	0.8995	0.8823	0.9219	0.9323	0.9082	0.8553	0.8294	0.9640	0.9044	0.8773	0.8189	0.9215
QG37_03587	0.8534	0.8020	0.7735	0.7926	0.8477	0.8517	0.8629	0.7697	0.8977	0.7050	0.7948	0.7808	0.6502	0.7647	0.7920	0.8282	0.7521	0.8074	0.8018	0.8137	0.8774	0.8758	0.7898	0.7380	0.7163	0.7505	0.7847	0.7734	0.6739	0.7639	0.7679	0.7171	0.8327	0.7235	0.8245	0.8143	0.7784	0.8319	0.8085	0.7625	0.8710	0.8049	0.7679	0.8929	0.8490	0.7938	0.9426	0.7836
QG37_03588	0.9127	0.7007	0.7111	0.5813	0.7292	0.5419	0.5546	0.6334	0.6234	0.7148	0.7341	0.7420	0.7512	0.7292	0.7237	0.7456	0.6676	0.6230	0.6806	0.6658	0.6825	0.8426	0.5870	0.6455	0.7028	0.6336	0.8299	0.7718	0.6973	0.5099	0.8605	0.7436	0.8268	0.6417	0.7869	0.7740	0.8069	0.7731	0.7963	0.8823	0.7571	0.9332	0.8047	0.8113	1.0172	0.9735	0.9154	1.0196
QG37_03589	0.4896	0.6690	0.6434	0.6540	0.7113	0.6734	0.8217	0.7105	0.8071	0.7358	0.6123	0.8187	0.7812	0.7839	0.8360	0.7858	0.7439	0.8238	0.7628	0.7526	0.8811	0.8734	0.7825	0.9375	0.8488	0.8122	0.8691	0.6808	0.7596	0.7281	0.8055	0.7711	0.9052	0.8229	0.9249	0.9429	0.9135	0.8823	0.8907	0.9365	0.7947	0.8234	0.9009	0.8266	1.0936	1.1312	0.8972	1.0292
QG37_03590	0.9128	0.9387	0.7521	0.6579	0.7958	0.7431	0.9098	0.7881	0.8592	0.7314	0.7445	0.6668	0.7057	0.9422	0.8123	0.8674	0.7811	0.9849	0.7870	0.8420	0.8341	1.0228	0.8986	0.7752	0.8364	0.8014	0.7449	0.7688	0.8437	1.9524	1.3245	0.9003	0.8562	0.9647	0.8396	0.8407	0.9230	1.0194	0.9646	0.9141	0.8507	0.8673	0.8142	1.0054	0.9372	0.9123	0.9507	0.9300
QG37_03592	0.8816	0.8357	0.7709	0.7877	0.8462	0.8284	0.7701	0.8711	0.8554	0.7506	0.8170	0.7904	0.7822	0.7331	0.8008	0.8701	0.7968	0.7651	0.8052	0.7933	0.7999	0.8072	0.7826	0.8830	0.8334	0.7888	0.8218	0.8365	0.6990	0.7833	0.8571	0.7956	0.7673	0.7907	0.8364	0.7940	0.8512	0.8663	0.8720	0.8378	0.8093	0.8178	0.7702	0.9816	0.8437	0.8539	0.7883	0.8041
QG37_03593	0.7921	0.7761	0.7751	0.8241	0.8411	0.8410	0.8432	0.8958	0.7864	0.7834	0.8190	0.7845	0.7668	0.7117	0.8926	0.8134	0.8648	0.8753	0.8523	0.7363	0.8464	0.8052	0.8510	0.9414	0.8516	0.8367	0.8093	0.8226	0.7547	0.6169	0.8497	0.7869	0.7712	0.8015	0.7365	0.8133	0.8138	0.9269	0.8086	0.8201	0.8640	0.8685	0.8380	0.9026	0.7720	0.8906	0.9777	0.8594
QG37_03594	1.0051	0.7840	0.6955	0.9353	1.0899	0.9165	0.7377	0.8843	0.9017	0.9039	0.9193	0.8180	0.9228	0.9166	0.9239	1.0049	0.8231	0.9548	0.8570	0.9420	0.9590	0.9278	0.9992	0.8081	0.8648	0.7680	0.9797	0.8713	0.8350	0.8590	0.9563	0.9122	0.9272	0.9051	0.9364	0.8656	0.8809	0.9409	1.0187	0.9836	0.9316	0.9020	0.9468	1.0566	0.9213	0.9599	0.9283	1.0934
QG37_03595	1.0678	0.7913	0.6774	0.8047	0.6517	0.8602	0.7971	0.8503	0.8963	0.7870	0.6932	0.7581	0.7058	0.8398	0.8880	0.7525	0.8495	0.8507	0.6808	0.7945	0.8206	0.7870	0.7962	0.8058	0.9452	0.7974	0.7983	0.7431	0.8209	0.7135	0.8971	0.7897	0.8668	0.7504	0.7569	0.7214	0.8039	0.9893	0.9166	0.8685	0.8961	0.7863	0.8096	1.0358	0.7352	0.9758	0.9371	0.8713
QG37_03596	0.8664	0.7766	0.5450	0.8356	0.6692	0.7961	0.7797	0.8903	0.7711	0.8258	0.8392	0.5810	0.7270	0.6517	1.0188	0.7857	0.7751	0.7495	0.8048	0.7012	0.7975	1.0458	0.8343	0.8390	0.8373	0.7844	0.9287	0.8417	0.8086	0.9154	0.7229	0.6571	0.6167	0.7118	0.8949	0.7304	0.8375	0.9816	0.8934	0.7371	0.7556	0.7846	0.8263	1.1435	0.8140	0.8792	0.9153	0.7599
QG37_03597	0.8090	0.7730	0.7322	0.8227	0.7485	0.7984	0.7951	0.8196	0.8779	0.7994	0.7304	0.7116	0.7333	0.8305	0.9045	0.8759	0.8312	0.8070	0.8593	0.7722	0.8562	0.9285	0.8751	0.8310	0.8048	0.7972	0.7878	0.7319	0.6484	0.7408	0.8382	0.8123	0.7194	0.8696	0.8523	0.7917	0.7697	0.8131	0.8928	0.8410	0.8401	0.8660	0.8056	0.9439	0.8808	0.9857	0.8605	0.9259
QG37_03598	0.8684	1.0030	0.7214	0.9892	0.9065	0.8717	0.9147	0.8859	0.8917	0.7285	0.9076	0.8578	0.8296	1.1505	1.0274	0.8472	0.7453	0.9043	0.9878	0.7689	0.9393	0.9346	0.8164	0.9402	0.8250	0.8755	0.8271	0.8414	0.8061	0.8224	0.7756	0.7563	0.7895	0.8013	0.8214	0.8611	0.8613	1.1777	0.9256	0.9510	0.9988	1.1071	0.8045	0.8138	0.9098	0.8974	0.9071	0.8262
QG37_03599	0.8136	0.8508	0.7986	0.9538	0.8269	0.8244	0.8342	0.8565	0.8604	0.7745	0.7431	0.7971	0.8287	0.8588	0.8056	0.8987	0.7645	0.8705	0.8951	0.8301	0.8585	0.8727	0.8838	0.9417	0.7722	0.7802	0.8118	0.7699	0.7339	0.7333	0.7859	0.7218	0.8081	0.8927	0.8878	0.8791	0.9887	0.8808	0.8807	0.9539	0.8799	0.9299	0.9265	0.9604	0.9068	1.0000	0.8797	0.8743
QG37_03600	0.8409	0.8444	1.1116	0.9628	0.9546	0.8953	0.9050	0.9450	0.9733	0.7984	0.7687	0.7556	0.7932	0.9030	0.9400	0.9828	0.9516	0.9208	0.8251	0.8912	0.9470	1.0250	0.7902	0.9225	0.9012	0.8953	0.7735	0.8758	0.6157	0.3753	0.6785	0.8148	0.9299	0.8619	0.8948	0.9529	0.8467	0.9941	0.9578	0.9546	0.8838	1.1341	1.0503	0.8314	0.8820	0.8398	0.9016	0.8681
QG37_03601	0.7847	0.7572	0.8227	0.8103	0.8250	0.8429	0.8818	0.8808	0.9020	0.7825	0.8650	0.7446	0.7933	0.8718	0.8322	0.9679	0.8579	0.8792	0.8488	0.8498	0.8950	0.9104	0.8710	0.9043	0.8360	0.7389	0.8155	0.7138	0.6865	0.8042	0.8312	0.7621	0.7580	0.8493	0.9058	0.9083	0.8275	0.8518	0.9575	0.8669	0.8705	0.8692	0.8504	0.9905	0.8682	0.9022	0.8748	0.8909
QG37_03602	0.7968	0.9158	0.7944	0.9369	0.9432	0.9002	0.9857	0.8379	0.8307	0.7833	0.9365	0.9435	0.8024	0.9174	1.0368	0.9361	0.9320	0.9267	0.9849	0.9088	0.8841	0.9822	0.8601	1.0216	0.8723	0.8101	0.9710	0.8729	0.8327	0.8572	1.0016	0.9465	0.9053	0.9583	0.9747	0.9734	0.9474	1.0415	0.8434	1.0037	0.9682	0.9739	0.8799	1.0051	0.9553	0.8836	1.0883	0.9937
QG37_03603	0.8498	1.1187	1.0559	1.1829	1.2058	1.0323	1.0866	0.7895	0.8117	0.9504	1.0203	1.0033	0.9062	1.1284	1.2226	0.8923	1.0016	0.9308	1.0771	1.0037	0.9339	1.0056	1.0027	1.2462	1.0689	0.8817	1.0636	0.9248	0.8585	0.6941	0.8857	0.8208	1.2439	1.0654	1.0303	1.0345	1.1991	1.0519	1.0466	1.1570	0.9861	1.1928	1.0496	1.1387	1.0807	0.9253	1.0047	1.0589
QG37_03604	0.9693	0.7596	0.7592	0.9979	0.8753	0.8238	0.8715	0.7808	0.8294	0.7662	0.7848	0.7659	0.6329	0.8749	0.8947	0.8894	0.9871	0.8966	0.8712	0.9237	0.8611	0.9163	1.0811	0.9842	0.9472	0.9312	0.8843	0.9314	0.9573	0.6832	0.9565	0.8217	0.8824	0.8909	1.0514	1.1379	0.9015	0.8723	0.9541	0.9646	0.9843	0.9239	0.7636	0.8097	0.8346	0.8112	0.8419	0.8212
QG37_03605	0.7902	0.8850	0.8159	1.0569	0.8772	0.9627	0.6904	0.8503	0.8155	0.8205	0.8229	0.9600	0.6868	0.7986	0.7573	1.0352	0.9345	0.9659	1.0349	0.8856	0.9339	0.8267	1.0760	1.0658	0.9753	0.8816	0.9185	0.7776	0.9064	0.8387	0.8605	0.8038	0.7655	0.9566	0.9449	0.9828	0.9146	0.8913	1.0178	0.8121	0.9757	0.9708	0.7096	0.8371	0.8869	0.8375	0.7675	0.8927
QG37_03606	0.9054	0.9661	0.8015	0.9843	0.9074	0.8421	0.8500	0.9052	0.9101	0.7651	0.8714	0.8790	0.6675	0.9517	0.7207	1.0747	0.8434	1.0189	1.0111	0.7737	1.0343	0.8933	0.9615	1.0709	0.8797	0.8426	0.9647	0.8192	0.9348	0.7911	0.9739	0.7066	0.8465	0.9931	1.0202	0.8660	0.9179	0.9241	0.9603	0.8949	0.9276	0.8224	0.8923	0.9403	0.8633	0.7788	0.9329	0.9322
QG37_03607	0.7661	0.9191	0.7771	0.8810	0.8452	0.8642	0.9211	0.9744	0.8187	0.6852	1.0119	0.8671	0.7904	0.9853	0.8484	1.0540	0.8725	1.0065	0.9537	0.7649	1.0647	0.9599	1.0391	0.8471	0.8666	0.8116	0.8728	0.9376	0.8272	1.0627	0.6494	0.7340	0.9520	0.9606	1.0562	0.9842	0.9546	0.9396	0.7954	1.0407	0.8574	0.9129	0.8438	0.8928	0.8994	0.9345	1.2237	1.2162
QG37_03608	0.9544	0.7457	0.8740	0.7098	0.8739	0.8849	0.8661	0.8975	0.8645	0.7802	0.9282	0.8392	0.7600	0.9156	0.9308	0.8999	0.8244	0.8428	0.8075	0.8100	0.8105	0.7112	0.8915	0.8197	0.8331	0.9336	0.8719	0.8701	0.7748	0.6284	0.9066	0.9423	0.8733	0.8769	0.9528	0.8695	0.9422	0.9852	0.9724	0.8915	0.9093	0.8671	0.9242	0.9192	0.8758	0.9532	0.8182	0.9104
QG37_03609	0.7951	0.8008	0.7767	0.8057	0.7882	0.7845	0.8197	0.8822	0.9469	0.8234	0.8259	0.7885	0.8531	0.8827	0.8498	0.8846	0.8055	0.9087	0.8850	0.8150	0.8833	0.8838	0.8768	0.9228	0.8566	0.7699	0.8882	0.8183	0.7550	0.6832	0.8173	0.8715	0.8200	0.8681	0.8841	0.8921	0.9280	0.8896	0.8862	0.8961	0.7929	0.8572	0.8204	0.8435	0.8372	0.8621	0.8672	0.8930
QG37_03610	1.0129	1.1212	0.9892	1.1225	0.9174	0.8887	0.9808	0.8962	1.0511	0.9971	0.8909	0.9344	0.8585	0.9694	1.0762	0.9760	1.0899	0.9210	0.9942	0.9571	1.0647	0.9449	0.8463	0.9761	1.1396	1.1800	0.9898	1.0451	1.0644	0.9782	1.2652	1.0688	0.9339	1.0254	0.9384	0.8472	1.0689	0.9662	1.2092	1.0037	0.8638	1.0036	1.0478	0.8762	0.7790	0.9635	1.1219	1.0109
QG37_03611	0.8030	0.8061	0.6909	0.8553	0.7997	0.8413	0.8748	0.8120	0.8784	0.6824	0.6890	0.6821	0.8229	0.8078	0.8736	0.9115	0.8327	0.8446	0.8107	0.7518	0.8924	0.7927	0.7935	0.8011	0.8694	0.8002	0.7016	0.6387	0.7374	1.1549	0.9722	0.7669	0.7933	0.8508	0.8483	0.8492	0.7419	0.8675	0.7762	0.8159	0.7983	0.7365	0.7931	0.7385	0.8098	0.9246	0.8085	0.9905
QG37_03612	1.0322	0.8149	0.7668	0.7948	0.8128	0.9007	0.9375	0.9002	0.8917	0.6656	0.8025	0.7616	0.8430	0.9022	0.7981	0.9300	0.7429	0.7980	0.8797	0.7182	0.7538	0.8157	0.8111	0.5970	0.9635	0.8286	0.9052	0.8582	0.8161	0.6911	0.8677	0.7614	0.8940	0.8870	0.9760	0.8021	0.7198	0.9714	0.9544	0.9109	0.8410	0.7486	0.8328	0.8627	0.8847	0.9632	0.9759	0.8963
QG37_03613	0.8657	0.8224	0.7044	0.8183	0.9054	0.8193	0.8450	0.8062	0.8791	0.8187	0.9952	0.8311	0.8862	0.9469	0.9581	0.7964	0.9435	0.9024	0.8425	0.9352	1.0720	0.9754	0.8540	0.9895	0.8936	0.8112	0.7402	0.8924	0.6479	0.6023	0.7486	0.8680	0.8395	0.9016	0.9096	1.0934	0.9475	0.9404	0.8087	0.9480	0.7603	0.7677	0.9808	0.8742	0.9527	0.8954	0.9073	0.9065
QG37_03614	0.7305	0.7672	0.6393	0.7937	0.7371	0.8396	0.8343	0.7107	0.7633	0.6968	0.9170	0.8205	0.8325	0.9128	0.8952	0.8801	0.8996	0.9395	0.8649	0.8384	0.9358	0.9632	0.8229	0.9796	0.7574	0.7886	0.8472	0.8090	0.6807	0.7408	0.6651	0.8566	0.8018	0.8948	0.7887	1.0655	0.7353	0.8109	0.8416	0.8651	0.7858	0.8615	0.9080	0.8016	0.9291	0.9026	0.7491	0.8763
QG37_03615	0.7519	0.7427	0.7091	0.7919	0.7875	0.7578	0.8155	0.7926	0.7789	0.7262	0.6994	0.7622	0.7593	0.8676	0.8289	0.8642	0.7969	0.8276	0.7790	0.7628	0.8331	0.8189	0.7956	0.7770	0.8252	0.7694	0.7909	0.7939	0.6534	0.8169	0.7492	0.7115	0.7659	0.8215	0.8556	0.7672	0.7768	0.8181	0.7397	0.8588	0.7946	0.8283	0.7865	0.8496	0.8055	0.8228	0.7186	0.8520
QG37_03616	0.9983	0.8831	0.6968	0.7830	0.8755	1.0561	0.9610	0.7725	0.9050	0.7918	0.9569	0.8269	0.8691	1.0459	0.8441	0.8357	0.8811	0.9755	0.8970	0.9819	0.8960	0.9196	0.9488	0.8914	0.9188	0.8146	0.9362	0.8091	0.8063	0.5999	0.7892	0.8949	0.7893	0.8536	0.9062	0.8230	0.9460	0.9622	0.8545	1.0206	0.9241	1.0546	0.9699	0.8969	0.9142	0.9479	0.9096	0.8928
QG37_03617	0.8689	0.7865	0.7578	0.8201	0.7846	0.8427	0.7955	0.8329	0.8138	0.7156	0.8108	0.7196	0.7152	0.8720	0.7858	0.8643	0.7697	0.8697	0.8540	0.7633	0.8124	0.7899	0.8038	0.7906	0.8410	0.6979	0.7206	0.7598	0.6516	0.6751	0.7293	0.7102	0.7104	0.7967	0.8377	0.7498	0.8007	0.7797	0.7498	0.7780	0.7773	0.7577	0.7803	0.8715	0.8005	0.8875	0.8122	0.7132
QG37_03618	0.9439	0.8587	0.8948	0.8819	0.8257	0.8405	0.9400	0.8560	0.8249	0.8468	0.8299	0.8602	0.8789	0.8920	0.8859	0.8441	0.8140	0.8416	0.9292	0.8707	0.9286	0.9722	0.8717	0.8629	0.8172	0.8715	0.8776	0.7599	0.8264	0.8172	0.8346	0.8744	0.8436	0.9046	0.9173	0.8843	0.8681	0.8645	0.9613	0.8329	0.9440	0.8170	0.8977	0.9218	0.8388	0.9009	0.8580	0.8804
QG37_03619	0.8165	0.7282	0.7765	0.8458	0.7459	0.7848	0.7622	0.8220	0.7410	0.6788	0.8125	0.7356	0.8325	0.8707	0.8593	0.7343	0.7989	0.7030	0.8334	0.7944	0.8582	0.8425	0.8251	0.6956	0.6810	0.7363	0.7310	0.7933	0.7099	0.8527	0.6295	0.7748	0.6860	0.6685	0.8171	0.8160	0.7336	0.7754	0.9416	0.7842	0.8169	0.7706	0.8239	0.8516	0.6918	0.8466	0.6228	0.7379
QG37_03620	0.7312	0.6599	0.7049	0.6547	0.7352	0.6503	0.6765	0.6841	0.6319	0.6167	0.7427	0.6260	0.6188	0.7058	0.6157	0.7271	0.6197	0.6207	0.6854	0.5805	0.7357	0.6864	0.6405	0.6305	0.6638	0.6076	0.6645	0.5746	0.6283	0.6472	0.5791	0.5832	0.5860	0.5681	0.6747	0.6498	0.6306	0.5662	0.6365	0.6993	0.6526	0.5969	0.6384	0.8058	0.6291	0.7001	0.6047	0.6400
QG37_03621	0.9833	0.9943	0.8786	1.0051	0.8767	1.1247	0.9949	1.0657	0.9536	0.8760	0.8966	0.7440	0.9704	0.9530	0.7165	1.1694	0.9964	1.0062	0.8617	0.9642	0.9289	1.0156	1.0042	0.8369	0.9172	0.8157	0.9569	0.7466	0.7815	1.0746	1.1166	0.9283	1.0070	0.9366	0.8988	0.9756	0.7958	1.1429	0.8203	0.8618	1.0511	0.8747	0.8195	0.8169	0.8026	0.8606	0.8627	0.9233
QG37_03622	1.3540	1.2204	1.1142	1.0635	1.1705	1.0666	1.2298	1.1710	1.1146	1.0583	1.2015	1.2327	1.1911	1.0030	1.0411	1.1345	1.2439	1.1941	1.2724	1.2077	1.0525	1.3325	1.1649	1.2515	1.1177	1.1046	0.9621	1.0418	1.0777	1.0630	1.1046	1.1276	0.9573	1.0027	1.0822	1.0523	1.2060	1.1223	1.1477	1.0309	1.1931	0.9823	0.8591	0.9717	1.0597	1.0679	1.0587	0.8988
QG37_03623	0.7888	0.5247	0.5005	0.5295	0.5663	0.4781	0.5136	0.4157	0.4895	0.4119	0.4897	0.4535	0.5066	0.4757	0.5286	0.7064	0.4552	0.4565	0.5556	0.5224	0.5427	0.4520	0.4179	0.5329	0.5582	0.4594	0.5180	0.5061	0.3422	0.4756	0.6099	0.4935	0.7877	0.5579	0.5388	0.5693	0.6071	0.4212	0.5363	0.4465	0.4813	0.4966	0.5239	0.6540	0.7091	0.6577	0.7183	0.7582
QG37_03626	0.5551	0.6547	0.5945	0.5547	0.6759	0.5385	0.5089	0.5793	0.4788	0.5047	0.5988	0.6099	0.4331	0.5126	0.5043	0.6027	0.6245	0.5433	0.6126	0.5826	0.5234	0.5403	0.6440	0.5941	0.5439	0.5861	0.5919	0.5421	0.5580	0.4344	0.6210	0.4886	0.5440	0.7908	0.7283	0.7870	0.8278	0.7147	0.8481	0.8187	0.7453	0.6382	0.5105	0.8692	0.9183	0.9908	0.8002	0.9582
QG37_03627	1.0031	0.9025	0.8601	0.9155	0.7845	0.8657	0.8517	0.8430	0.8710	0.8961	0.8292	0.7807	0.8826	0.8696	0.8779	0.8807	0.8485	0.7983	0.8637	0.7943	0.8604	0.8861	0.8103	0.8759	0.7857	0.8363	0.8150	0.7513	0.7193	0.7523	0.8606	0.7228	0.8837	0.9224	0.7837	0.8553	0.8353	0.8632	0.9908	0.8496	0.8997	0.8501	0.8575	0.8640	0.8725	0.9050	0.8338	0.8473
QG37_03628	0.8108	0.7843	0.9007	0.8608	0.7270	0.9182	0.9121	0.8579	0.7241	0.7790	0.7700	0.7350	0.8163	0.8103	0.8646	0.8911	0.8417	0.8407	0.9002	0.8577	0.8430	0.8230	0.8622	0.8350	0.8050	0.7701	0.8056	0.7503	0.6328	0.8645	0.7125	0.7650	0.7916	0.8631	0.8081	0.8537	0.8478	0.7624	0.7653	0.8900	0.8244	0.8329	0.8279	0.8407	0.7808	0.8478	0.7603	0.8561
QG37_03629	0.3559	0.5919	0.3722	0.4027	0.4620	0.5829	0.5342	0.4996	0.5266	0.5568	0.5642	0.5694	0.5977	0.5588	0.4429	0.4422	0.5462	0.4880	0.4841	0.4937	0.4668	0.5042	0.5392	0.5783	0.4886	0.4817	0.4586	0.4750	0.4818	0.3904	0.4801	0.4423	0.4801	0.5954	0.4992	0.5150	0.5983	0.6992	0.4709	0.5598	0.5364	0.5789	0.5028	0.4393	0.5240	0.5811	0.4696	0.5229
QG37_03630	0.8792	0.8496	0.8710	0.7268	0.8100	0.8783	0.8243	0.8443	0.8514	0.8138	0.8187	0.8271	0.8817	0.9428	0.7633	0.8082	0.8611	0.8069	0.7495	0.8588	0.8457	0.8176	0.7930	0.7413	0.8207	0.8212	0.8397	0.7428	0.6610	0.7345	0.7806	0.6235	0.7950	0.8786	0.8396	0.9174	0.7596	0.8975	0.8236	0.8261	0.8596	0.8683	0.7501	0.8656	0.8599	0.8924	0.8613	0.8554
QG37_03631	1.0184	0.9798	0.8776	0.9584	1.0996	1.0317	1.0381	0.9586	1.0101	0.9224	1.0341	0.8974	0.8957	1.0819	1.0804	1.0931	1.0741	0.8752	1.0005	0.8833	0.8802	0.9849	0.9570	0.8834	0.8713	0.8729	0.9385	0.9381	1.0006	0.9676	0.8202	0.7478	0.8869	0.9261	0.9413	0.9625	0.9909	0.9102	0.9706	0.9332	1.0290	0.8078	0.7530	0.8722	0.8307	1.0967	0.9074	0.9019
QG37_03632	1.1272	1.1639	0.9490	1.0579	1.0586	1.0756	1.2129	1.1513	1.2555	1.0711	0.9850	1.2121	1.0234	0.9129	0.9057	1.2030	1.1066	1.0102	1.2210	1.1653	0.9604	1.2177	1.0889	1.0375	1.0947	1.1058	0.8606	1.1389	1.0708	0.6453	0.9385	1.1071	1.0163	1.0303	0.9564	1.0554	1.1476	1.1503	1.0395	1.0952	0.9884	1.1804	0.9854	1.1267	1.1931	1.0667	1.0617	0.9376
QG37_03633	0.9876	0.9227	0.8929	0.9752	0.9670	1.0362	1.0428	1.0316	0.8960	0.9453	0.9060	0.9756	0.9466	0.9458	0.9293	0.9829	0.9490	0.9170	1.0414	1.0154	0.9962	0.9767	0.9573	1.0271	1.0401	1.0076	0.9580	0.9886	0.9873	0.8354	1.0179	0.9933	0.9745	1.0186	1.0173	0.9974	0.9201	1.0336	1.0047	0.9792	0.9817	0.9467	0.8084	1.1250	0.9231	0.9932	1.0242	0.8914
QG37_03634	1.0945	0.8897	0.9765	0.8806	0.9823	1.1075	1.1101	0.9307	1.0613	0.9680	0.9153	0.9331	0.9265	0.9967	0.8723	0.9001	1.0318	0.9047	0.9187	0.9394	0.9288	0.9450	0.9142	0.9769	0.9469	0.8420	0.8826	0.8733	0.8927	0.8057	0.9325	0.9070	0.9252	0.9078	0.9808	0.8933	0.8797	0.8542	1.0188	0.9502	0.9344	0.9270	0.8528	0.9752	0.9137	0.9318	0.8743	1.0544
QG37_03635	1.0092	0.9223	1.0157	0.9289	0.9184	0.9690	0.9928	0.8614	0.8871	0.9705	0.9254	0.8964	0.9200	0.9196	0.8684	0.9540	0.8834	0.9378	0.9248	0.8812	0.8958	0.8999	0.8968	0.9711	0.8679	0.8983	0.9631	0.8843	0.8434	0.8600	0.8752	0.9174	0.8811	0.9343	0.9888	0.9677	0.9458	0.8976	0.9549	0.8879	0.8996	0.8440	0.8445	0.9334	0.9358	0.9590	0.9573	0.8717
QG37_03636	0.9414	0.9334	0.8308	0.7890	0.8825	0.8825	0.8190	0.8499	0.8163	0.7322	0.9010	0.7685	0.7529	0.8884	0.8451	0.9194	0.9093	0.8987	0.8994	0.8290	0.7823	0.9767	0.8498	0.9071	0.8265	0.7752	0.8842	0.8677	0.7520	0.7775	0.9047	0.8668	0.8739	0.8993	0.9722	0.8651	0.7980	0.9274	0.8415	0.7948	0.9679	0.9211	0.8949	0.9855	0.8505	0.9795	1.0619	0.8318
QG37_03637	0.9082	0.8425	1.0520	1.0273	0.9738	0.9958	0.8294	1.1828	0.9965	1.0540	0.8610	1.0566	0.9174	1.1151	1.0304	1.0255	0.9089	0.8892	0.9497	0.9002	1.0308	1.0130	0.9933	0.9486	0.8611	0.8459	0.9613	0.8870	0.8407	0.6023	0.9499	1.0698	1.0118	1.0372	0.9971	1.2060	1.0896	1.1847	0.9255	1.1865	0.9381	1.1431	0.8185	0.9961	1.0375	1.0067	0.9846	1.1506
QG37_03638	1.0029	0.8647	0.8420	0.9710	0.9121	0.7959	0.7957	0.8753	0.9418	0.8357	0.8939	0.9104	0.8969	0.9927	1.0089	0.9945	0.8717	1.0040	0.9364	0.7982	0.9241	1.0578	0.8867	0.9139	0.7815	0.9831	0.8279	0.7879	0.8231	0.7078	0.9636	0.8848	1.0660	0.8928	0.8198	0.8696	0.8206	0.9382	1.0425	0.8733	0.8484	1.0240	0.8348	1.0957	1.0555	0.9787	1.1929	1.0324
QG37_03639	0.8017	0.7531	0.8068	0.8477	0.7919	0.8036	0.7852	0.7568	0.8184	0.6755	0.8493	0.8250	0.8273	0.9426	0.8642	0.8282	0.7950	0.8298	0.8630	0.8518	0.8946	0.7558	0.7955	0.8616	0.7983	0.7081	0.7855	0.8201	0.7456	0.6890	0.7463	0.7593	0.8070	0.7726	0.9245	0.8692	0.8785	0.8452	0.7424	0.7985	0.8137	0.8347	0.8393	0.9158	0.8754	0.9868	0.9766	0.8393
QG37_03640	0.8437	0.9537	0.8166	0.8237	0.7865	0.9021	0.9248	0.8700	0.8735	0.8308	0.8323	0.8895	0.7950	0.9919	0.8586	0.8997	0.9023	0.9243	0.7742	0.7557	0.9285	0.8573	0.8677	0.8383	0.8581	0.9158	0.7648	0.8974	0.7707	0.7911	0.7300	0.7060	0.5597	0.8438	0.9512	0.8972	0.8203	0.9416	1.0059	0.9556	0.9004	0.9157	0.8629	0.9608	0.9424	0.9586	0.8378	1.0717
QG37_03641	0.8312	0.6462	0.7233	0.7066	0.7034	0.6310	0.7568	0.7065	0.8173	0.8252	0.7225	0.7895	0.6238	0.9324	0.6227	0.7781	0.8559	0.8887	0.8300	0.7287	0.7213	0.9336	0.9216	0.7802	0.9110	0.7208	0.8453	0.7407	0.6311	0.6711	0.7744	0.7992	0.8726	0.9125	0.9540	0.7654	0.8670	0.9389	0.8390	0.7666	0.9435	0.7698	0.8300	0.7775	0.7623	0.9157	0.8157	0.8362
QG37_03642	0.9221	0.8088	0.8563	0.7826	0.7748	0.8331	0.8648	0.8176	0.8776	0.8644	0.7744	0.7910	0.6760	0.8746	0.8489	0.8771	0.7503	1.0144	0.8552	0.7980	0.9131	0.8577	0.9153	0.8187	0.9007	0.7787	0.7648	0.8302	0.7885	0.8912	0.8205	0.7985	0.8073	0.8810	0.8342	0.8832	0.8750	0.8886	0.9787	0.8357	0.8342	0.8831	0.9149	1.0259	0.8380	1.0110	0.9988	0.8020
QG37_03643	0.8638	0.7957	0.8568	0.8588	0.7432	0.7951	0.9321	0.6785	1.0236	0.7249	0.8767	0.9395	0.8171	0.8228	0.9707	1.0388	1.0183	1.0397	0.9852	0.9528	0.9506	0.9077	1.0406	0.9962	1.0516	0.8853	0.9944	0.9956	0.8731	0.9066	0.8978	0.8291	1.1115	1.0348	0.8846	0.9358	0.9433	1.1138	0.8989	1.1208	0.9271	0.8421	1.0626	1.0277	1.1005	0.9876	1.0756	1.2091
QG37_03644	0.8960	1.0812	1.0653	0.8975	1.0341	1.0582	0.9319	0.6883	0.9920	0.8403	0.8567	1.0197	0.9427	0.9207	1.0474	0.9802	0.9461	1.1376	1.1388	0.9235	1.1052	1.0819	0.9788	1.2062	0.9778	1.2063	1.1283	1.0567	1.0104	0.9518	0.9115	1.0214	1.0316	1.0153	0.9951	1.1552	1.1414	1.2918	1.0646	1.2015	1.0208	0.9488	1.2085	0.8962	1.0819	1.0056	1.0343	1.0386
QG37_03645	0.7802	0.7671	0.7957	0.8519	0.7486	0.8305	0.8423	0.8585	0.8380	0.8595	0.7640	0.7650	0.9189	0.8400	0.9238	0.9038	0.8164	0.8322	0.8630	0.8191	0.8857	0.8703	0.8590	0.8151	0.9389	0.7338	0.8533	0.7635	0.7309	0.9366	0.8321	0.8035	0.8533	0.8723	0.9472	0.9591	0.8555	0.8329	0.9383	0.9030	0.8769	0.8525	0.9529	0.9221	0.8737	0.9622	0.9839	0.8875
QG37_03646	1.0169	0.8133	0.9032	1.0112	0.8795	0.8969	0.9984	1.0352	1.1116	0.9516	0.8275	0.9877	0.8830	1.1842	0.9636	0.9904	1.0360	1.0094	0.9708	1.0022	0.9455	0.9164	0.9135	0.9508	0.8558	0.8342	0.9602	0.8616	1.0476	0.9421	0.8904	0.8942	0.9379	0.9398	1.0982	0.9392	0.9724	1.0932	0.9034	0.8685	0.8266	0.9718	0.9419	1.0121	1.0192	0.9173	0.9953	0.9024
QG37_03647	1.0601	0.9922	0.9607	1.0784	0.9919	1.0188	1.0018	0.9635	1.0490	0.9488	0.9934	0.9550	0.9432	0.9896	1.1056	0.9819	0.8756	1.0523	1.0261	0.8751	0.9798	1.0645	0.9719	1.0848	1.0038	1.0158	1.0536	0.9812	0.9240	0.9703	0.9860	1.0918	0.9872	0.9538	0.9863	0.9738	1.0004	1.0516	1.1464	0.9710	0.9222	1.0708	0.9831	1.1289	1.1572	1.1441	1.0916	1.1063
QG37_08421	0.9307	1.1054	0.9527	1.1706	0.9525	1.0216	0.9741	0.8163	0.9928	1.1047	1.0074	0.9536	0.9692	0.9041	1.1345	0.9602	0.8563	1.0761	1.0454	1.0486	0.9168	0.9610	0.9007	1.0297	1.0191	1.1193	1.0899	1.0695	0.8918	1.1813	0.8522	0.8415	1.0045	0.9939	0.9697	0.9256	1.0168	1.1573	1.1147	1.0286	0.9458	1.1125	0.8633	0.7442	1.1919	1.1031	1.0990	1.1633
QG37_03648	0.8718	0.8691	0.7558	0.8311	0.7208	0.8047	0.6732	0.9351	0.8920	0.8583	0.9175	0.8346	0.8099	0.8379	0.8087	0.8722	0.8771	0.6945	0.9037	0.8327	0.7868	0.9173	0.7863	0.8875	0.9279	0.8622	0.8565	0.9052	0.7227	0.7517	0.9695	0.7532	0.8789	0.7370	0.9562	0.6987	0.9671	0.9128	0.9990	0.9715	0.8485	0.9207	0.7586	0.8530	1.0153	0.9033	0.7992	0.7921
QG37_03649	0.8741	0.7329	0.8292	0.7967	0.8073	0.8540	0.8204	0.7839	0.7708	0.7854	0.7847	0.7931	0.8770	0.8123	0.8527	0.8527	0.7525	0.9514	0.8070	0.7452	0.8718	0.8625	0.8037	0.8245	0.7710	0.8168	0.8122	0.7578	0.6971	0.6763	0.8330	0.7287	0.7627	0.8037	0.8910	0.8472	0.8558	0.9306	0.8488	0.8732	0.8829	0.8076	0.9016	0.8712	0.8178	0.9040	0.8116	0.8231
QG37_03650	0.8913	0.8308	0.7927	0.9710	0.7798	0.8854	0.8606	0.8544	0.9650	0.7865	0.8845	0.8641	0.8000	0.7859	0.8436	0.9503	0.9324	0.9388	0.9499	0.8188	0.8596	0.9167	0.8966	0.9278	0.9376	0.8661	0.9468	0.8201	0.8881	0.5544	1.0295	0.8623	0.8996	0.8848	0.9852	0.8325	0.8976	0.9665	1.0156	0.9340	1.0706	1.0364	0.8879	1.0079	0.8161	0.9004	0.7187	0.8991
QG37_03651	0.8683	0.7361	0.7328	0.7815	0.7339	0.8283	0.7386	0.8713	0.8277	0.8247	0.8013	0.7574	0.8380	0.8362	0.7360	0.7027	0.9490	0.8208	0.8594	0.7363	0.9283	0.6551	0.7775	0.8593	0.9507	0.7779	0.7592	0.8288	0.8255	0.5493	0.7073	0.9663	0.8540	0.9197	0.9233	0.9507	0.8647	0.9118	0.7486	0.8912	1.0812	0.8823	0.8144	0.7849	0.6793	0.8053	0.8016	0.7749
QG37_03652	0.8527	0.9035	0.8420	0.9506	0.7885	0.9230	0.8603	0.9029	0.8585	0.7736	0.8213	0.7668	0.8400	0.9012	0.9419	0.9129	0.8447	0.8026	0.8787	0.8413	0.8790	0.8028	0.8526	0.8800	0.8356	0.8678	0.8778	0.8286	0.8590	0.8772	0.8631	0.8304	0.8522	0.8773	0.8102	0.9160	0.7604	0.8674	0.9594	0.8766	0.8664	0.8276	0.7949	0.9227	0.8393	0.9199	0.8675	0.8146
QG37_03653	0.8225	0.7930	0.8717	0.8157	0.7782	0.7757	0.8818	0.8085	0.8483	0.7811	0.9130	0.7726	0.8085	0.8174	0.8714	0.8020	0.7773	0.7643	0.8202	0.8330	0.8311	0.7996	0.8315	0.7841	0.7939	0.7582	0.8208	0.7705	0.7863	0.7551	0.8387	0.7670	0.8048	0.8148	0.8705	0.8972	0.9150	0.8741	0.7948	0.8069	0.7937	0.7765	0.7621	0.8185	0.8359	0.7806	0.7743	0.7626
QG37_03654	1.1147	1.2361	1.2461	1.0395	1.3175	1.3103	1.3717	1.2895	0.9882	1.1601	1.3078	1.1598	1.1718	1.0514	1.1811	1.0527	1.2943	1.1253	1.1949	1.1105	1.2724	1.1641	1.1190	1.2907	1.2197	1.2006	1.2106	1.1186	1.1752	1.0549	1.1769	1.2707	1.1591	1.1359	1.2382	1.2144	1.0650	1.2140	1.1160	1.0740	1.0675	1.1469	1.0690	1.2834	1.1745	1.1578	1.2633	1.2392
QG37_03655	1.0942	1.0821	0.9405	0.9836	0.9577	0.9709	0.9372	1.0546	0.9647	0.9467	1.1215	0.9244	0.9319	1.1096	0.9112	0.9207	0.9494	0.9614	0.9651	0.9248	0.9277	0.8827	0.8206	0.9612	0.8848	0.9223	0.9094	0.9772	0.9866	0.7930	0.9177	0.8626	0.9157	0.8874	0.9925	0.9062	0.9002	1.0203	0.9765	0.9588	1.0096	0.9581	0.9937	0.9476	0.9763	1.0159	0.9037	0.9435
QG37_03656	0.9132	0.9191	0.8600	0.8538	0.9130	1.0456	0.8973	0.9427	1.0597	0.8726	1.0189	1.0175	1.0424	1.0326	0.8658	0.9586	0.9112	0.7992	0.8931	0.8040	0.7795	0.8509	0.7473	0.8376	1.1039	0.9357	0.9109	0.9862	0.8814	0.9651	0.8287	0.9588	0.9010	0.8666	0.9825	0.8311	1.0329	0.9925	1.0066	0.8178	0.8039	0.9135	0.7556	0.9482	0.9633	0.8196	0.7840	1.0121
QG37_03657	0.8816	0.7798	0.8704	0.7168	0.8398	0.8796	0.7983	0.8078	0.7929	0.7769	0.8235	0.8016	0.7349	0.8222	0.7765	0.7460	0.9135	0.7313	0.7565	0.8136	0.7571	0.8021	0.7635	0.7717	0.7747	0.7189	0.7418	0.7294	0.6737	0.8791	0.7390	0.7933	0.7907	0.6638	0.7413	0.6738	0.7453	0.7285	0.7581	0.8519	0.7339	0.6820	0.8259	0.7680	0.8674	0.8731	0.7933	0.8466
QG37_03658	0.1783	0.4915	0.5416	0.4241	0.4399	0.5274	0.4999	0.5555	0.5404	0.5081	0.4709	0.4116	0.4117	0.6329	0.4023	0.4430	0.4143	0.4147	0.4595	0.4028	0.4002	0.4216	0.4807	0.4004	0.4229	0.4568	0.5486	0.4262	0.3817	0.5059	0.3591	0.4199	0.4450	0.5303	0.4773	0.3436	0.4508	0.3795	0.4884	0.4462	0.4263	0.3767	0.3762	0.4968	0.5170	0.5018	0.4588	0.5234
QG37_03659	0.8974	0.6628	0.7399	0.8021	0.7646	0.8226	0.8826	0.8124	0.6503	0.7262	0.6500	0.7304	0.6579	0.8315	0.8010	0.7055	0.6380	0.7527	0.7309	0.8437	0.6013	0.7219	0.7224	0.7647	0.6145	0.7288	0.8218	0.6472	0.5670	0.4165	0.6567	0.6013	0.6981	0.7658	0.6494	0.7286	0.6938	0.6108	0.7698	0.8073	0.6884	0.7627	0.6637	0.8203	0.7001	0.7997	0.8370	0.7141
QG37_03660	1.0134	0.8933	0.9331	0.9738	0.9488	0.9135	0.9619	0.9670	0.9292	0.8849	0.9447	0.8853	0.9701	0.8672	0.8693	0.9561	0.9154	0.9352	1.0015	1.0232	0.8591	0.9106	0.9716	0.8961	0.9529	0.8719	0.8902	0.8781	0.8555	0.8957	0.8357	0.9061	0.9030	0.9240	0.9316	0.9167	0.9797	0.8908	0.9114	0.8474	0.8871	0.9198	0.9184	0.9633	0.9106	0.9253	0.8370	0.8740
QG37_03661	0.7584	0.8465	0.8413	0.7538	0.7673	0.7012	0.8907	0.7845	0.9228	0.7002	0.8831	0.9184	0.7495	0.7388	0.9294	0.8493	0.7786	0.8264	0.7759	0.7042	0.7716	0.9289	0.8320	0.8353	0.8401	0.7831	0.7873	0.7786	0.8151	0.8542	0.7660	0.6801	0.7151	0.6616	0.7320	0.5949	0.6867	0.5409	0.6209	0.6713	0.6982	0.5982	0.7108	0.6031	0.7091	0.6254	0.5799	0.6086
QG37_03664	1.1169	0.9536	1.0947	0.8316	0.9803	0.9471	1.0326	0.9714	1.0239	1.0722	0.9051	0.9709	1.0687	0.9541	1.0677	0.9471	0.9959	1.0524	1.0159	1.0166	0.9796	0.8250	0.8490	0.8801	1.0217	0.9582	0.8276	0.9973	0.8807	0.7633	0.9390	0.7356	0.8568	0.9366	0.9841	1.0364	0.8964	0.8552	1.0894	1.0316	1.0076	0.9024	0.9026	1.0000	1.0702	0.9118	0.9944	1.0640
QG37_03667	1.0021	0.9221	0.9791	0.8163	0.9767	0.7967	1.0393	0.9122	0.8997	0.7531	0.9493	0.9263	1.0282	1.0079	0.8822	1.0409	0.8467	0.9065	0.8030	0.8123	1.0093	0.8341	0.9897	0.8265	0.8613	0.7901	0.7464	0.8042	0.7469	0.6747	0.9220	0.8202	0.9972	0.9070	0.8464	0.9299	0.8651	1.0009	0.9803	0.9770	0.9171	0.8455	0.8295	1.0035	1.0184	0.8698	0.8333	0.9301
QG37_03668	0.9423	0.8867	0.6571	0.8341	0.7597	0.8598	0.8151	0.7290	0.7938	0.6370	0.9074	0.9480	0.9000	0.9381	1.0041	1.0426	0.8633	0.8317	0.8136	0.8471	0.8404	0.7257	0.7757	0.6876	0.9335	0.7124	0.7161	0.7664	0.8105	1.0879	0.8682	0.8055	0.7339	0.9203	1.0089	0.9540	1.0497	0.9857	0.9729	0.8340	0.8401	0.8066	0.6971	0.7455	0.7391	0.8998	0.7219	0.6378
QG37_03669	0.7688	0.6681	0.6606	0.8274	0.6844	0.8049	0.7597	0.6979	0.7005	0.7151	0.8759	0.7500	0.7372	0.8334	0.8207	0.9208	0.8071	0.7552	0.8233	0.7244	0.7777	0.7426	0.7520	0.8276	0.7412	0.7219	0.7340	0.7492	0.6823	0.7054	0.6665	0.7261	0.7735	0.7703	0.7571	0.7566	0.7826	0.8720	0.8845	0.6652	0.6509	0.7646	0.6745	0.6990	0.7707	0.8799	0.7818	0.6934
QG37_03670	0.7942	0.7903	0.8208	0.9061	0.8219	0.8231	0.8329	0.8304	0.8632	0.7329	0.8224	0.6555	0.8941	0.7911	0.7523	0.9208	0.9092	0.8871	0.7696	0.8806	0.9536	0.8029	0.8044	0.7815	0.8550	0.7869	0.8214	0.8171	0.7151	0.8315	0.6347	0.7360	0.7493	0.8172	0.8706	0.8764	0.8190	0.8494	0.8193	0.8177	0.7556	0.7616	0.7741	0.8193	0.8721	0.7744	0.8457	0.6718
QG37_03671	0.8375	0.6008	0.6840	0.4840	0.6209	0.5168	0.6624	0.5487	0.5995	0.5002	0.5929	0.6286	0.6447	0.5962	0.4834	0.5071	0.5840	0.5122	0.5988	0.6289	0.5603	0.5928	0.4766	0.4741	0.5966	0.4872	0.6168	0.5732	0.5111	0.5584	0.4155	0.5579	0.5822	0.5262	0.5017	0.4606	0.6109	0.5070	0.4644	0.6058	0.6041	0.6833	0.6279	0.4388	0.6389	0.5290	0.4912	0.5426
QG37_03672	0.9377	0.8887	0.9090	0.8258	0.9048	0.9056	0.8853	0.8982	0.8663	0.8500	0.9160	0.8787	0.9659	0.9824	0.9533	0.9129	0.8929	0.8993	0.9658	0.9273	0.8165	0.9067	0.8574	0.7900	0.8351	0.8493	0.9382	0.8479	0.8481	0.7902	0.8163	0.8656	0.9166	0.9079	0.9247	0.9373	0.9282	0.9595	0.8270	0.8929	0.9886	0.9186	0.8743	0.9470	0.9146	0.9749	0.8482	0.9315
QG37_03675	0.9961	1.0189	1.0710	0.9320	1.0461	1.0849	1.0635	0.9659	0.9640	1.0320	1.0407	1.0094	1.0794	1.0925	1.1035	0.9993	1.0513	1.0158	1.0652	1.0252	1.1690	1.0851	1.0026	1.0972	0.9973	0.9789	1.0652	0.9716	0.9890	0.9909	1.0359	1.0018	1.0377	1.0200	0.9539	0.9442	0.9756	0.9650	1.0319	0.9412	1.0210	1.0375	1.0044	1.0778	1.1032	1.0756	1.1998	1.1398
QG37_03676	1.2159	1.0854	1.0686	1.1199	1.1664	0.9728	1.1034	1.0084	0.9831	1.0295	1.0586	0.8903	0.9801	1.0068	0.9469	1.1640	1.1189	1.0801	1.0442	0.9936	1.2007	1.2321	1.0151	1.2975	1.0269	1.0247	0.8863	0.9491	1.0151	0.8384	0.8691	1.0824	0.9362	0.9432	1.0955	0.9753	1.0176	0.9015	0.9774	1.1869	1.0885	1.0602	1.0249	1.0162	1.1654	1.0402	1.0382	1.0169
QG37_03677	1.0559	0.9902	0.9993	1.0284	1.0069	0.9776	0.9750	1.0370	0.9891	1.1001	0.9443	0.9773	1.0044	0.9528	0.9473	1.0208	1.0159	1.0258	1.0663	0.9926	1.0858	1.0275	0.9087	1.0151	0.9351	1.0014	0.8787	0.9502	0.8678	0.8542	0.8266	0.9207	0.9114	0.8426	1.0426	1.0023	0.8225	1.0070	0.8645	0.9820	0.9704	0.9763	0.9652	1.0805	0.9987	1.0451	1.0461	1.0048
QG37_03678	0.8704	0.8962	1.0241	0.9466	0.8837	0.8570	0.8738	1.0047	0.4863	0.9164	1.0039	1.0019	0.9116	0.9308	0.8986	0.9067	0.9148	0.9736	0.9523	1.0542	1.0157	1.0555	0.9731	0.8262	0.8702	0.8962	1.0142	0.9710	0.9458	0.9955	0.9240	0.9635	0.8914	0.1637	0.2357	0.2544	0.1840	0.8108	0.2425	0.2374	0.2698	0.2226	0.1992	1.0579	1.1130	0.9755	0.9805	0.8353
QG37_08422	0.9505	1.1203	1.0390	0.8746	0.8439	0.8080	0.9899	0.8289	0.7572	0.9437	1.0608	1.1501	1.0483	0.9606	0.9546	0.9862	0.8721	0.9036	0.9904	1.0221	1.0416	0.9613	1.0246	1.0157	0.9956	1.0177	0.9935	1.0085	0.9738	2.9985	1.6136	1.0304	1.1055	0.5610	0.5915	0.7586	0.7086	1.0845	0.6696	0.7116	0.7678	0.6933	0.7234	0.8351	0.9744	1.0162	0.9271	0.8552
QG37_03679	1.0279	0.9604	0.9386	0.8522	0.8656	0.9524	0.9458	0.9338	0.9549	1.0397	0.9697	0.9171	0.9019	0.8708	0.9654	0.9481	0.9151	0.9114	0.9965	0.9915	1.0966	0.8744	0.9916	0.8699	0.9327	0.8093	0.8955	0.8945	0.8459	0.8851	0.8734	0.8967	1.0067	1.0866	0.9085	0.9072	0.9405	0.8993	1.0045	0.9078	0.9600	0.9012	0.9379	1.0551	0.9931	0.8909	0.8569	1.0612
QG37_08423	0.9868	1.2090	1.0148	1.0477	0.9758	0.9755	1.2350	1.1138	1.2014	1.2606	1.1074	1.0007	0.8742	0.8987	1.1389	0.9824	1.0997	1.1840	0.9617	1.2343	1.0848	1.1201	0.9593	1.1014	1.1270	1.0501	0.9164	1.1343	1.2020	0.6738	0.8982	1.0640	1.1535	1.0983	0.9930	1.1085	1.0797	1.2444	1.1189	1.0486	0.9678	1.0092	1.1736	1.0026	1.1977	1.0812	0.9801	1.2066
QG37_03680	0.9630	1.0597	1.0602	1.1388	1.1014	1.0242	1.1131	1.1838	1.0997	1.0746	1.0932	1.1470	1.0529	1.1430	1.1054	1.2201	1.1674	1.0790	1.0930	1.1516	1.1664	1.1260	0.9371	1.1394	1.1536	0.9955	1.0305	1.0394	1.0618	0.9467	1.0228	0.9700	1.0134	1.0167	1.0679	1.1066	1.0949	1.1489	1.1805	1.0143	1.0571	1.0467	1.0392	1.0759	1.1427	1.1002	1.0353	1.1434
QG37_03681	0.9797	0.8233	0.9857	0.9035	0.9209	0.9690	0.8105	0.9847	0.8663	0.9504	0.9972	0.8037	0.9403	0.9602	0.9617	1.1577	0.8338	1.0151	0.9842	0.8562	0.9162	0.9407	0.9323	0.9068	0.9799	1.0763	0.8778	0.9805	0.7838	1.0906	0.9786	1.0443	0.9349	0.9873	1.0263	0.9507	0.8954	0.8763	1.0055	1.0873	1.0606	1.0269	1.0706	1.0712	0.9235	0.9503	1.0061	0.8350
QG37_03682	0.9675	0.9387	0.8926	0.8519	0.9009	0.8837	0.8451	1.0026	0.9130	0.8751	0.9364	0.9120	0.8675	0.8924	0.9601	0.9806	1.0044	0.9885	0.9316	0.9141	0.9901	0.9694	0.9857	1.0017	0.9067	0.9553	0.8913	0.9633	0.9312	0.9673	0.9498	0.9291	0.9565	1.0248	0.9813	0.9979	0.9485	1.0261	1.0013	0.9075	0.9608	0.9729	0.9960	0.9672	0.9858	1.0428	1.1159	1.0434
QG37_03683	1.0118	1.0954	1.0957	0.9100	1.0291	1.0291	1.0516	1.0472	0.9803	1.0015	0.8855	0.7862	0.9476	0.9907	0.9637	0.9534	1.1151	1.1196	0.9288	0.9928	1.0281	1.0619	1.0466	1.0985	1.0377	0.9848	1.1398	0.9949	0.9043	1.0155	0.9409	1.0410	0.9030	0.9621	0.9669	1.0207	0.9125	1.0063	0.9887	0.9755	1.0994	0.9966	1.0650	0.9304	1.0650	1.1010	1.0183	1.0182
QG37_03684	0.9016	0.8537	0.7476	0.9512	0.8531	0.8360	0.8286	0.8489	0.8563	0.7610	0.8493	0.8422	0.7215	0.9150	0.9237	0.9892	0.8276	1.0520	0.8371	0.8487	0.9555	0.8710	0.9193	0.8997	0.8187	0.8125	0.8416	0.8629	0.8317	0.7645	0.8296	0.7608	0.8103	0.9370	1.0094	1.0021	0.9125	0.9885	0.8548	0.8421	0.9476	0.8767	0.8870	0.8640	0.8667	0.9042	0.8812	0.8454
QG37_03685	0.7998	0.6935	0.7888	0.6033	0.6736	0.7199	0.6999	0.6177	0.5975	0.5387	0.8500	0.5519	0.6571	0.6384	0.6757	0.7846	0.7326	0.6286	0.7934	0.6784	0.7257	0.6856	0.6481	0.5960	0.7561	0.7357	0.6083	0.6207	0.6287	0.7351	0.6936	0.6216	0.5590	0.5728	0.7757	0.6786	0.6472	0.8725	0.7056	0.7399	0.6927	0.7604	0.6659	0.3991	0.4878	0.4550	0.4635	0.4677
QG37_03686	1.0381	0.9168	0.8675	0.8441	0.9803	0.8852	0.9688	0.9309	1.1217	0.9208	1.1525	1.0128	0.9361	0.9644	0.8283	0.8524	0.8883	1.0006	0.9639	0.8704	1.0660	1.0246	1.0315	1.0091	1.1316	0.9965	1.1477	0.9342	1.0254	1.0918	1.0728	1.1106	0.8330	1.0447	1.0723	0.9638	0.9954	1.0171	1.0360	1.2042	0.9274	0.9753	1.0037	0.9311	0.8841	0.9203	1.0164	0.9839
QG37_03687	0.9061	0.8277	0.8359	0.9560	0.8373	0.8886	0.8958	0.8852	0.7980	0.8884	0.9019	0.7308	0.8591	0.8145	0.9261	0.9675	0.9092	0.9078	0.8160	0.8693	0.9276	0.8560	0.8851	0.7948	0.8824	0.7717	0.8552	0.8540	0.7084	0.8897	0.8815	0.8346	0.8781	0.9112	0.8942	0.8791	0.8562	0.8245	0.9286	0.8790	0.9124	0.8428	0.8612	0.9597	0.8612	0.9090	0.8675	0.9203
QG37_03688	0.8121	0.8684	0.9648	1.1264	0.8515	0.9161	0.8780	0.7742	0.9348	0.9129	0.9200	0.8054	0.8194	0.9082	0.8512	1.0188	0.9423	0.8617	0.9238	0.8999	0.8601	0.9755	0.8003	0.8902	0.9903	0.8596	0.8394	0.9020	0.9627	0.9503	0.7824	0.7953	0.9423	1.0117	0.9134	0.9065	0.9205	1.0049	0.9495	0.8894	0.9276	0.8569	0.9048	0.8906	0.8916	1.0011	0.8124	0.9568
QG37_03689	1.0529	0.9823	1.0048	0.9628	0.9792	1.0398	1.0256	1.1056	1.0193	1.0167	1.0507	0.9698	1.0603	0.9950	0.9216	1.0309	0.9503	0.9833	0.9971	1.0577	0.9769	0.9732	0.9682	0.9783	0.9423	1.0066	0.9542	1.0067	0.9412	0.8418	0.9991	0.9619	0.9857	0.9974	0.9773	1.0300	1.0406	0.9946	1.0384	1.0127	0.9941	0.9733	1.0200	1.0301	1.0153	1.0378	1.0391	0.9821
QG37_03690	0.9308	0.8735	0.8838	0.8639	0.9428	0.9631	0.9880	0.9607	0.9067	0.8455	0.9742	0.8154	1.0209	0.9816	0.8901	0.9362	0.8921	0.8754	0.9179	0.9168	0.9364	0.9062	0.9368	0.8504	0.8946	0.9035	0.9222	0.9183	0.8097	0.8133	0.9145	0.8654	0.9143	0.9104	0.8912	0.8726	0.9033	0.8883	0.9234	0.9212	0.9376	0.8970	0.9291	0.9398	0.9434	0.9526	0.8979	0.9117
QG37_03691	0.9625	0.9000	0.8505	0.9416	0.9256	0.9136	0.9547	0.9636	0.8562	0.8070	0.9627	0.8334	0.8691	0.9114	0.8108	0.8949	0.9725	0.9498	0.9195	0.9768	0.9438	0.8940	0.8875	0.8377	0.8671	0.9557	0.8733	0.9107	0.8807	0.8403	0.8508	0.8531	0.9634	0.8429	0.9064	0.8407	1.0069	0.9016	0.9561	0.9430	0.9689	0.9484	0.8812	0.9355	0.8739	0.9368	0.9825	0.8437
QG37_03692	0.9426	0.8461	0.8764	0.8878	0.8520	0.9196	0.8996	0.9907	0.8365	0.7346	0.9342	0.6645	0.9138	0.9589	0.9377	0.9904	0.8633	0.8778	0.9217	0.9306	0.8407	0.8501	0.8904	0.8301	0.8620	0.8178	0.8404	0.9115	0.8469	0.6860	0.8095	0.8285	0.8915	0.8805	0.9710	0.8475	1.0304	0.8467	0.9738	0.8582	0.9711	0.8408	0.7358	0.9275	0.8871	0.8891	0.9300	0.8822
QG37_03693	1.0631	1.0054	0.9676	1.0320	1.0026	0.9901	1.0671	1.0564	1.0002	1.0565	1.0573	0.9324	0.9743	0.9634	1.1027	1.0179	0.9617	1.0240	1.0604	1.1289	1.1120	1.0187	0.9410	0.9650	1.1562	1.0177	1.0345	1.0381	1.0616	0.9221	1.0664	1.0665	0.9644	0.9727	1.0030	1.0479	1.0513	1.0127	1.1533	0.9984	1.1343	0.9575	1.0050	1.0442	0.9091	0.8835	1.0987	1.1007
QG37_03694	1.0441	0.9620	1.0551	1.0746	1.0901	1.0234	1.0451	1.0409	1.0840	1.0070	0.9853	0.9977	0.9678	0.9855	1.0304	1.0380	1.0369	1.0561	1.0398	1.0842	1.0295	1.0425	0.9708	1.0194	1.0301	0.9875	1.0071	1.0140	1.0633	0.8503	1.0339	0.9971	0.9978	1.0268	1.0072	1.0556	0.9970	0.9573	1.0033	0.9835	1.0404	1.0188	0.9505	1.0593	1.0621	1.0225	1.0527	1.0391
QG37_03695	0.9690	0.9663	1.1428	0.9605	0.8795	0.9111	0.9891	0.9498	0.8888	0.8259	0.9007	0.8889	0.9025	0.9096	0.8556	0.7264	0.9953	1.0116	0.9923	0.9410	0.9870	0.8588	1.0397	0.8819	1.0013	0.9552	0.8496	0.7055	1.0021	0.8357	1.1138	0.9231	0.8826	0.9550	0.9540	0.9820	0.8647	0.9768	1.0438	1.0440	1.0006	0.9186	0.8712	1.0898	0.9986	1.1172	0.8568	0.8650
QG37_03696	0.8548	0.8807	0.9424	0.9352	0.7615	0.8763	0.9065	0.8945	0.8212	0.7885	0.8319	0.7877	0.8653	0.8318	0.8139	0.8971	0.8698	0.8827	0.8763	0.8362	1.0435	0.8095	0.9176	0.9110	0.8765	0.8750	0.8735	0.8179	0.8397	0.8885	0.9124	0.7772	0.8848	0.8330	0.8865	1.0449	1.0483	0.8995	0.9355	0.8574	0.8891	0.9423	0.8380	0.9814	0.8715	1.0071	0.8486	0.8497
QG37_03697	0.7896	0.8133	0.7993	0.7777	0.7706	0.8356	0.7909	0.8217	0.8243	0.7018	0.7295	0.8390	0.7874	0.6888	0.7974	0.7936	0.9090	0.8626	0.7787	0.8052	0.9402	0.8140	0.8169	0.8293	0.8795	0.7849	0.9188	0.7031	0.7773	0.6954	0.6536	0.6788	0.7839	0.7010	0.7747	0.6916	0.7459	0.7807	0.8490	0.7883	0.7809	0.8273	0.7658	0.8665	0.8806	0.8365	0.7832	0.8423
QG37_03698	0.9307	0.9579	0.8925	0.9512	0.9581	0.8964	0.9979	0.9028	0.9365	0.9413	0.9115	0.9126	0.9613	0.9459	0.9934	0.9679	0.9191	1.0423	0.9790	0.8311	1.0358	0.9302	0.9976	0.9277	0.9535	0.9357	0.9578	0.8956	0.8936	0.8333	0.9218	0.8628	0.9440	0.9274	0.9032	0.9802	1.0203	0.9900	0.9519	0.9297	1.0235	0.9530	1.0119	1.0468	0.9606	1.0113	1.0260	1.0466
QG37_03699	0.8023	0.7610	0.8659	1.0297	0.8108	0.9408	0.8936	0.8258	0.7982	0.7153	0.8725	0.8893	0.8847	0.7939	0.7912	1.0140	0.8899	0.9207	0.7615	0.8527	0.8841	0.9977	0.8711	0.9946	0.8300	0.7099	0.8284	0.8254	0.8620	0.7593	0.9034	0.8570	0.8539	0.9490	0.9967	0.8790	0.9788	0.9651	0.8830	0.8131	0.8370	0.7655	0.8577	0.8676	0.8340	0.8038	0.7841	0.8514
QG37_03700	0.8123	0.9843	0.7620	0.9264	0.9687	0.8461	0.7865	1.0371	0.9523	0.8725	0.8238	0.8538	0.8915	1.0020	0.7565	0.8655	0.7815	0.7977	0.8120	0.7607	0.9015	0.7615	0.8004	0.9224	0.9404	0.8739	0.7944	0.9001	0.8053	0.6769	0.7445	0.9939	0.9675	0.8010	0.8529	0.8009	0.9433	0.7779	0.8499	0.8203	0.8211	0.8280	0.8620	0.9854	0.8264	0.9368	0.8981	0.8983
QG37_03701	0.8425	0.8464	0.8130	0.7603	0.8400	0.9130	0.7887	0.8955	0.7979	0.8846	0.7787	0.7649	0.8444	0.8466	0.8909	0.8839	0.7998	0.8649	0.8192	0.7841	0.8237	0.8338	0.7365	0.8259	0.8354	0.7560	0.7504	0.8488	0.8191	0.7287	0.8216	0.8368	0.8293	0.8878	0.8839	0.8248	0.8939	0.8035	0.8041	0.9288	0.8826	0.8421	0.8402	0.8496	0.7178	0.8154	0.7435	0.7622
QG37_03702	0.6515	0.7061	0.6456	0.7665	0.5727	0.5984	0.8140	0.7137	0.6683	0.6471	0.6411	0.6124	0.6115	0.7160	0.5983	0.6064	0.6534	0.7564	0.6759	0.5948	0.6218	0.7265	0.6473	0.5844	0.6737	0.5981	0.7269	0.6562	0.6831	0.5441	0.6707	0.6836	0.5261	0.5756	0.5099	0.7531	0.7318	0.5390	0.6313	0.6599	0.6595	0.5364	0.6174	0.6664	0.7349	0.6019	0.5776	0.6857
QG37_03703	0.8167	0.7576	0.7457	0.8744	0.7641	0.7813	0.8794	0.9055	0.8701	0.8099	0.9565	0.7757	0.8113	0.8857	0.8013	0.8930	0.8717	0.8302	0.8378	0.8038	0.8675	0.8649	0.8200	0.7754	0.9136	0.7791	0.7911	0.7577	0.6909	0.7772	0.7934	0.8142	0.7532	0.8454	0.7438	0.8665	0.8574	0.7572	0.6974	0.8426	0.8287	0.7692	0.7185	0.8283	0.7790	0.8226	0.7700	0.9095
QG37_03704	0.9767	0.7620	0.6983	0.8206	0.7623	0.7182	0.9273	0.7549	0.6591	0.7921	0.6982	0.7590	0.7467	0.7268	0.7653	0.7063	0.7359	0.7390	0.9231	0.8948	0.7736	0.8003	0.7714	0.7412	0.7196	0.6974	0.7720	0.6605	0.8562	0.8466	0.7489	0.7660	0.9801	0.7750	0.7300	0.7821	0.9162	0.8756	0.9659	0.8001	0.8463	0.8199	0.8465	0.8247	0.8849	0.8245	0.9276	0.8589
QG37_03705	0.8513	0.7935	0.6907	0.7753	0.7533	0.6462	0.8292	0.9019	0.8015	0.7321	0.9117	0.8446	0.8358	0.9116	0.7600	0.9259	0.7985	0.7761	0.9487	0.8044	0.9124	0.7462	0.8193	0.8658	0.8428	0.8091	0.7967	0.8524	0.7988	0.8400	0.8128	0.7851	0.8948	0.8582	0.8578	1.0121	0.8341	0.9182	0.8703	0.8270	0.7165	0.8619	0.8579	0.8956	0.8616	0.9049	0.8363	0.8281
QG37_03706	0.9285	0.8692	0.8971	0.9965	0.9737	0.8854	0.9767	0.9344	0.9148	0.8894	0.9249	0.9247	0.9422	1.0662	0.9347	0.9621	0.9745	0.9605	0.9250	0.9788	0.9500	0.9449	0.9468	0.8526	1.0430	0.9066	1.0124	0.9008	0.8994	0.8621	0.8934	0.8288	0.9665	0.9310	0.9923	0.8381	0.9507	0.8804	0.9568	0.8952	0.8752	0.8771	0.9930	0.9540	0.9129	1.0072	1.1287	0.9355
QG37_03707	0.9000	0.9055	0.9868	0.9479	0.8520	1.0112	0.7950	0.8188	1.0099	0.7723	0.7555	0.8663	0.9570	0.9803	0.8392	0.9143	0.8278	1.0161	0.8022	0.8673	0.7659	0.9855	1.0563	0.8587	0.8225	0.8574	0.7471	0.8507	0.9261	0.8521	0.9005	0.8594	0.9766	0.9997	0.9086	0.7451	0.9434	0.8832	0.9377	1.0233	0.9139	0.8882	1.0433	0.8024	0.8360	0.9736	0.9256	0.9291
QG37_03708	0.9813	0.8518	0.8399	0.7280	0.7862	0.7317	0.8196	0.8536	0.7800	0.8715	0.7298	0.7856	0.8156	0.7515	0.8064	0.9445	0.7000	0.7903	0.7777	0.8243	0.8856	0.7564	0.8735	0.8773	0.8399	0.7645	0.7368	0.7757	0.6283	0.7699	0.7733	0.8254	0.8185	0.7165	0.8281	0.7666	0.9227	0.8192	0.7628	0.8914	0.7445	0.7536	0.8995	0.8673	0.9238	0.8320	0.9135	0.8576
QG37_03709	0.8591	0.8992	0.8577	0.8389	0.9280	0.8971	0.8653	0.9248	0.8591	0.9273	0.9760	0.8613	0.9352	0.9284	0.8649	0.8340	0.8816	0.8931	0.8781	0.8936	0.9517	0.9187	0.8329	0.8594	0.8658	0.9592	0.7993	0.8843	0.8804	0.8915	0.8390	0.9210	0.8793	0.9131	0.8818	0.8528	0.8818	0.8586	0.7901	0.9229	0.8867	0.9287	0.9116	1.0239	0.9845	0.9012	0.8934	0.9340
QG37_08424	1.1451	1.0787	1.0188	0.9506	0.9175	0.9822	1.0315	0.9537	0.8985	1.0616	1.0253	1.2560	0.8789	1.0783	0.9804	0.8432	0.9724	0.9737	0.9361	1.0257	0.7836	0.8834	1.0317	0.9093	0.9355	0.9120	0.9220	0.9382	0.8641	1.1791	0.8639	1.0579	0.8658	1.0684	0.8306	0.9218	1.0563	1.0749	0.7738	0.9566	1.0553	0.9035	0.8646	1.0901	0.9531	0.9096	1.0044	1.2567
QG37_03710	0.9153	0.7583	0.6779	0.6001	0.6143	0.6778	0.7051	0.8280	0.7534	0.6535	0.6979	0.8060	0.7133	0.8062	0.7985	0.6736	0.8373	0.6226	0.8277	0.6573	0.7891	0.8056	0.7951	0.6973	0.8612	0.7115	0.6770	0.6330	0.6393	0.6593	0.7677	0.7585	0.7228	0.6812	0.8742	0.8859	0.7944	0.7382	0.7078	0.7344	0.6374	0.5188	0.6017	0.6167	0.6452	0.7298	0.7608	0.8980
QG37_03711	0.8942	1.0218	1.0403	0.8508	1.0868	0.9903	0.9295	1.1770	1.0486	1.0666	0.9425	1.0855	0.8551	1.1436	0.9848	1.1088	0.9702	1.0396	1.0027	0.9133	1.1814	0.9856	1.1056	1.1098	0.8923	0.9024	1.0677	1.0568	0.8704	0.7763	0.9137	1.1089	1.0281	1.0200	0.9507	1.1028	0.9839	0.8557	0.9737	1.1051	1.0289	0.9874	1.0758	0.9945	1.0828	0.9662	1.1275	1.0914
QG37_03712	1.1329	1.1169	1.1331	1.0554	1.1818	1.1019	1.0665	1.0882	1.1746	1.1532	1.1101	1.1722	1.1642	1.1228	1.0966	1.0436	1.1192	1.1469	1.0886	1.1784	1.1336	1.2080	1.0952	1.1051	1.0439	1.0684	1.1087	1.1177	1.1106	0.9573	1.0940	1.0358	1.1649	1.1374	1.0470	1.0315	1.1898	1.1192	1.1844	1.0722	1.0697	1.0731	1.1005	1.0887	1.1103	0.9867	1.0980	1.0853
QG37_03713	1.1047	1.0436	1.0357	1.0578	1.0853	1.0976	1.1486	1.0451	1.0349	1.0351	0.9813	1.0530	1.0978	1.0274	0.9922	1.0732	1.0393	0.9762	1.0392	1.1408	1.1449	1.1330	0.9931	0.9868	1.0695	1.0204	0.9989	1.0378	1.0497	0.8827	1.0060	1.0282	1.0017	0.9720	1.0291	1.0609	1.0342	1.0026	1.0741	0.9956	1.0317	1.0695	0.9246	0.9893	1.0228	0.9558	0.9852	1.0004
QG37_03714	1.1828	1.1701	1.1018	1.0381	1.1327	1.1560	1.2110	1.1193	1.0944	1.0751	1.1412	1.0608	1.1098	1.0846	1.0096	1.0951	1.1096	1.0868	1.1345	1.0998	1.0765	1.0560	1.0698	1.0962	1.1544	1.1681	1.0849	1.1391	1.0204	0.9585	0.9920	1.1821	1.1246	0.9994	1.1203	1.1302	1.1659	1.0387	1.0963	1.0290	1.1491	1.0922	0.9451	1.0963	1.1429	1.1360	1.0558	1.1098
QG37_03715	1.0383	1.0731	1.2429	1.0474	1.2474	1.2429	1.1832	1.0785	1.1011	1.0753	1.0534	1.0951	1.2926	1.1459	1.0973	1.1211	1.0993	1.2137	1.3448	1.1569	1.1087	1.1622	1.1365	1.0776	1.1087	1.2282	0.8527	1.1278	1.0713	1.2358	1.0297	0.9512	1.2753	1.1509	1.3300	1.0783	1.0572	1.0608	1.1931	1.1596	1.3289	0.9777	1.2464	0.8978	1.1553	1.0998	1.0222	0.9616
QG37_03716	1.2023	1.0620	1.1158	1.0459	1.0610	1.2282	1.1237	1.0694	1.1345	1.1095	0.9754	1.0640	1.1734	1.0352	1.0620	1.1039	1.0224	1.0375	0.9766	1.0244	1.1440	1.0343	1.0024	1.0145	1.0101	1.0583	0.9731	1.0561	0.9915	0.9585	0.9926	0.9552	1.0775	1.1078	1.1312	1.0724	1.1327	1.1251	1.1118	1.0016	1.0629	1.0601	0.9439	1.0698	1.0902	1.1458	1.1438	1.0701
QG37_03717	1.1356	1.1237	1.1612	1.0432	1.1018	1.2373	1.0596	1.1380	1.1071	1.0777	1.2003	1.0860	1.1700	1.0477	1.0299	1.0632	1.1110	1.0142	1.0325	1.0920	1.0623	1.0121	1.1146	1.1031	1.1476	1.0788	1.0306	1.1069	1.2615	1.0264	1.0945	0.9937	1.0586	1.0038	1.0494	1.0669	0.9937	1.0671	1.0288	0.9806	1.0396	1.0584	1.0032	1.1322	0.9402	1.1485	1.1354	1.1240
QG37_03718	0.9808	1.0465	1.2036	1.0982	0.8857	1.0807	0.9620	1.0378	1.0603	1.1021	0.9200	1.0561	1.2173	0.9875	0.9903	0.9449	0.8748	1.0585	0.9242	1.0616	0.9749	0.8887	0.8953	0.9119	0.9494	0.9536	1.0583	1.0510	0.8632	0.8109	1.0601	0.8673	1.0794	1.0841	1.0501	0.9533	0.8366	0.8512	0.9815	0.7420	1.0611	0.8062	0.8090	0.8948	0.9836	0.8680	0.9695	1.0066
QG37_03719	3.4555	3.3166	3.0800	2.6648	3.1669	3.1697	3.1961	3.1091	3.2939	3.3610	3.1377	3.0506	3.2632	3.3956	3.1537	2.8235	3.1185	2.7890	3.1521	3.0378	3.0125	3.3316	3.0021	3.0923	3.0799	2.9403	3.1772	3.2177	3.1979	3.8651	3.5765	3.1404	4.4854	3.6171	3.4474	3.1490	3.8020	3.4092	3.4776	3.3231	3.2357	3.2815	3.5096	3.5012	3.7330	3.3030	3.6652	3.6259
QG37_03720	1.1672	1.1988	1.2480	1.0908	1.0734	1.1966	1.0997	1.0933	1.2198	1.2688	1.2496	1.0659	1.2166	1.1975	1.0292	1.0267	1.1600	1.1065	1.1043	1.1654	1.0937	1.1517	1.0579	1.0012	1.1306	1.0520	1.1228	1.1160	1.1125	1.1449	1.1385	1.0953	1.1790	1.1140	1.0377	1.1578	1.1464	1.0298	1.1030	1.1333	1.0955	1.1765	1.0450	1.1038	1.0881	1.1105	1.1219	1.0110
QG37_03721	1.2460	1.1156	1.1202	1.0883	1.1400	1.0476	1.0617	1.1110	0.9878	1.1592	1.0972	1.0584	1.1725	1.1469	1.0335	1.0469	1.0268	1.1797	1.0344	1.1778	0.9827	0.9307	1.1478	1.0184	1.0146	1.0039	1.0460	1.0258	1.0709	0.9942	1.1673	0.9976	1.0638	1.0235	0.9039	0.9624	1.0008	1.0324	0.9598	1.0186	1.0802	1.0982	0.9681	0.9111	0.9696	1.0369	1.0173	1.0938
QG37_03722	1.2601	1.1391	1.3008	1.1525	1.1119	1.1920	1.0947	1.1710	1.1260	1.1582	1.1662	1.0723	1.1763	1.1031	1.0527	1.0788	1.1005	1.1921	1.1577	1.1576	1.1222	1.1811	1.0888	1.1030	1.1544	1.1319	1.0921	1.1907	1.1890	1.0385	1.0472	1.1541	1.1154	1.1438	1.2008	1.0877	1.0914	1.0332	1.2391	1.1263	1.0924	1.0524	1.0438	1.1223	1.1750	1.0908	1.0806	1.2353
QG37_03723	1.2138	1.1429	1.1361	1.0312	1.1626	1.1567	1.1085	1.1389	1.0943	1.1164	1.1578	1.0344	1.1626	0.9891	1.0413	1.0981	1.0611	1.0594	1.0501	1.1545	1.0700	1.0345	1.0308	1.0583	1.0553	1.0595	1.1213	1.1095	1.1081	1.0834	0.9833	1.0748	1.1690	1.1577	1.1087	1.0931	1.1190	1.0984	1.0123	1.0502	1.1359	1.0103	1.0098	1.1201	1.0671	1.0615	1.0532	1.0421
QG37_03724	0.7384	0.6923	0.6275	0.5893	0.6092	0.5754	0.6894	0.6272	0.6130	0.6284	0.6687	0.4607	0.6348	0.7142	0.6605	0.5520	0.6785	0.5772	0.5138	0.6265	0.5772	0.6273	0.6789	0.6161	0.5130	0.6207	0.6235	0.6158	0.5715	0.5092	0.6451	0.5534	0.5773	0.5342	0.5190	0.5836	0.6028	0.5052	0.6189	0.5471	0.6615	0.6416	0.5867	0.6100	0.4553	0.6343	0.5116	0.5716
QG37_08425	1.0120	0.9372	0.9729	0.9402	0.9515	0.7820	0.8515	1.0616	1.0460	0.9380	0.9891	0.8072	0.9121	1.0374	1.1010	0.8010	0.9535	0.9389	0.8458	0.9442	0.9335	0.8986	0.9610	0.9875	0.8086	1.0145	1.1174	0.8871	0.8825	0.6481	0.8248	0.9581	0.8623	0.8880	0.8074	0.7744	0.8209	0.9002	0.8347	0.7415	0.9889	0.8518	0.8841	0.8168	0.7544	0.9503	0.7098	0.8867
QG37_03725	1.1149	1.0418	1.0608	1.0275	1.1558	0.9204	0.9724	1.1502	0.9277	1.1357	1.2756	0.9284	1.0947	1.0522	1.0006	0.9511	1.0203	0.9248	0.9374	1.0579	0.9835	0.9727	0.9691	0.8879	0.9451	1.0869	0.9701	1.0892	1.2123	0.9682	0.8492	1.0656	1.0930	1.0200	1.0139	1.0055	1.0081	1.0717	0.9990	0.9463	0.8974	1.0486	0.9751	0.8891	0.9656	1.0744	1.0794	0.9879
QG37_03726	1.1994	1.0418	1.1093	1.1106	1.1927	1.0802	1.0465	1.2376	1.1160	1.0882	1.1167	1.0959	1.2266	1.1500	1.0187	0.9771	0.9915	1.0617	1.1001	1.1965	0.9803	1.0028	1.0104	0.9798	0.9868	1.0129	1.1165	1.0953	1.1067	0.9421	1.0034	1.0631	1.0153	1.1220	1.0478	1.0641	1.0576	0.9629	1.0597	1.0930	1.0292	1.0738	0.9558	1.0123	1.1185	1.0111	1.0008	0.9576
QG37_03727	1.2005	1.1031	1.2139	1.0338	1.1639	1.0602	1.0217	1.0528	1.0620	1.1617	1.1284	0.9962	1.1472	0.9542	1.0659	0.9716	0.9692	0.9510	0.8482	1.0500	0.9467	1.0713	1.1369	0.9624	0.9136	1.0835	1.1108	1.0471	1.2112	1.0634	1.0246	0.9437	1.0996	1.0166	1.0026	1.0788	1.1128	1.0508	1.0788	1.0639	0.9895	1.0540	1.0130	1.1456	1.0173	1.0007	0.9828	1.0585
QG37_03728	1.2977	1.2141	1.2540	1.1549	1.2069	1.1790	1.2096	1.1827	1.1595	1.2540	1.2119	1.2884	1.3362	1.0094	1.0866	1.0706	1.2231	1.1003	1.2048	1.1588	1.0755	1.2209	1.0959	1.1575	1.1410	1.2398	1.2129	1.2149	1.1760	1.1400	1.2507	1.1270	1.2142	1.1556	1.1261	1.2616	1.2182	1.1351	1.1480	1.0210	1.1023	1.2316	1.0835	1.1005	1.1744	1.0992	1.1984	1.1395
QG37_03729	1.1784	1.0085	0.9843	0.9273	1.0420	1.0796	1.0540	0.9732	0.9151	0.9705	1.0328	0.8935	1.0300	0.9543	0.9386	0.9952	0.9211	0.9423	1.0127	1.0405	0.9962	0.9130	0.9351	0.8753	0.9548	0.9463	1.0067	0.9758	0.8601	0.7160	0.8825	0.8799	0.9337	0.9820	0.9969	0.8203	1.0603	0.9755	0.9457	0.9562	1.1176	0.9546	1.0060	1.0343	1.0175	1.0043	0.8931	0.9671
QG37_03730	1.1265	0.8567	0.9077	0.9457	1.0200	0.9797	0.9509	0.9936	0.9266	0.9771	0.9922	1.1170	1.0366	1.0383	0.9252	0.8140	0.9650	0.9863	1.1442	0.9454	1.0347	0.8639	0.9198	0.7664	0.9393	1.0530	0.9275	1.0448	0.9526	0.8033	0.8765	0.9179	1.0379	0.9765	0.9488	0.8537	0.8882	0.8932	0.8412	0.9444	1.0484	0.9264	0.9178	0.8751	0.8866	0.7977	0.8452	0.8557
QG37_03731	1.2674	1.1364	1.0418	0.9777	1.0538	1.1156	1.0799	1.0875	1.1629	1.0976	1.1018	1.1345	1.1386	0.9867	1.0630	1.0195	0.9866	1.0606	1.1185	1.0880	1.0299	1.0434	1.0700	0.9103	1.0718	1.1006	1.1111	1.1341	1.0583	1.0018	1.0838	1.0305	1.0248	1.0349	1.0874	1.0357	1.0255	1.1088	1.0193	1.0274	1.1246	1.0831	1.0384	0.9944	1.0346	1.0399	1.0587	1.1223
QG37_03732	1.0110	1.2248	1.1076	0.8252	1.0292	0.8983	1.0143	0.9549	0.8500	0.9757	0.9293	1.1063	1.1624	0.9057	0.8803	0.9669	0.9880	0.9121	0.9780	1.0222	1.0086	0.9375	1.0199	0.8401	0.8831	0.9187	1.0003	1.0744	1.0564	0.8933	0.9254	0.9989	1.1877	0.9505	0.9477	0.9870	1.0260	0.9490	0.8651	1.0006	0.9821	1.0203	0.9464	1.0679	1.1714	1.2696	1.1418	1.1640
QG37_03733	1.1856	1.1192	1.1448	1.1195	1.1227	1.0586	1.0890	1.0525	1.1401	1.0801	1.1819	1.0585	1.0958	1.0580	0.9770	0.9976	1.0765	1.0498	1.1320	1.1552	1.1112	1.0155	1.0654	1.0577	1.1165	1.0865	1.0885	1.0802	1.1278	1.0421	0.9176	1.0139	1.1265	0.9955	1.1174	1.0551	1.0289	1.0214	1.0630	1.0774	1.0701	1.0517	1.0343	1.1156	1.1240	1.1618	1.0562	1.0654
QG37_03734	1.7040	1.8066	1.8815	1.7046	1.7509	1.8351	1.9918	1.7489	1.7108	1.9476	1.9914	1.9317	2.0958	1.6604	1.8258	1.7659	1.7189	1.7092	1.7205	1.9903	1.7456	1.8830	1.8360	1.7241	1.7184	1.7831	1.9321	1.8078	1.9064	1.5414	1.5495	1.6485	1.8631	1.8933	1.7433	1.9203	1.6860	1.6736	1.9092	1.8800	1.7530	1.8506	1.8500	0.8959	0.9076	0.8793	0.9003	0.9303
QG37_03735	0.3962	0.4049	0.3971	0.4560	0.3975	0.4073	0.4340	0.4142	0.4436	0.5088	0.4406	0.5060	0.5050	0.4117	0.3806	0.4429	0.3901	0.3365	0.4164	0.5012	0.4574	0.4357	0.4754	0.4149	0.4132	0.3624	0.3896	0.4071	0.4867	0.3919	0.4306	0.3713	0.4949	0.3833	0.3710	0.4469	0.4132	0.3588	0.3745	0.4675	0.4559	0.4566	0.3808	0.0650	0.0619	0.0113	0.0322	0.0385
QG37_08426	1.0520	0.9297	0.9987	0.9329	1.0131	0.9353	0.8910	1.0692	1.1282	1.1644	0.9062	1.2718	1.0666	1.0065	0.9774	0.9767	1.1215	1.0263	0.9750	1.2694	0.9178	1.0485	0.9729	0.9680	0.9502	0.8854	1.0865	1.0114	0.9245	1.0048	0.8797	0.9080	0.9318	1.0775	0.9606	0.8336	0.9576	1.0050	1.0354	0.8715	0.9827	1.0970	0.9406	0.9770	0.8975	0.7436	0.7917	0.9477
QG37_03736	1.1501	1.1205	1.2343	1.1586	1.1284	1.2330	1.1580	1.1610	1.0816	1.2193	1.1776	1.0780	1.1579	1.0551	1.0836	1.0724	1.1350	1.1199	1.1273	1.2278	1.1227	1.1193	1.0532	1.0623	1.0655	1.1788	1.0476	1.0650	1.1538	1.0133	1.0558	1.0956	1.1553	1.1238	1.0938	1.1492	1.0549	1.0660	1.1395	1.0909	1.1674	1.0705	0.9877	1.0454	1.1257	1.0802	1.0965	1.1042
QG37_03737	1.2887	1.2220	1.2042	1.0177	1.1500	1.1349	1.1721	1.0982	1.2055	1.1674	1.1984	1.1703	1.1027	1.0964	1.1077	1.0988	1.0949	1.0393	1.1902	1.2186	1.0840	1.1140	1.0438	1.0907	1.1861	1.1525	1.1696	1.0484	1.2045	0.9697	1.1883	1.0783	1.2214	1.0653	1.0687	0.9899	1.1190	1.0832	1.0570	1.1031	1.1141	1.2034	1.0613	1.1486	1.1811	0.9234	1.0550	1.2051
QG37_03738	1.2926	1.2026	1.3060	1.0264	1.0335	1.2205	1.1125	1.0979	0.9332	1.1869	1.1470	1.1088	1.0759	1.0331	1.1689	1.0938	1.2197	1.1233	1.0916	1.0707	1.1498	1.1854	1.1038	1.0552	1.0986	1.1180	1.0872	1.0732	1.2100	1.0512	1.1236	1.1110	1.0342	1.0959	0.9583	1.1102	1.1200	0.9226	1.1556	1.0959	1.1110	1.0491	1.1274	1.0481	1.0951	1.0857	1.1028	1.0702
QG37_03739	1.1769	1.0399	0.9930	1.0044	1.1225	1.1978	1.0257	1.0091	1.0226	1.1022	1.1632	1.0255	1.1092	0.9903	0.9977	1.0292	1.0759	1.0600	1.0201	1.1168	1.1019	1.0287	1.0213	1.0470	0.9067	1.0022	1.0066	0.9392	1.0122	0.7830	1.0370	0.9747	1.0750	1.0266	1.0159	1.0169	1.0202	0.9996	1.0466	1.0403	1.0652	1.0093	0.9612	1.0976	1.0249	1.0476	0.9943	1.0507
QG37_03740	1.1523	1.1761	1.0160	0.9204	1.2244	1.2208	1.1980	1.0837	1.0818	1.1234	1.2816	1.0800	1.2152	1.0688	1.0569	1.0404	1.1243	1.0899	1.0942	1.1398	1.1334	1.1435	1.1791	1.1934	1.1941	1.1083	1.1240	1.1899	1.0189	1.1958	1.0482	1.1150	1.1717	1.2293	1.1177	1.2158	1.0711	1.1936	0.9957	1.1589	1.1482	1.0916	1.0307	1.0852	0.9979	1.1409	0.9757	1.0867
QG37_03741	1.1117	1.1075	1.0608	1.1605	1.0794	1.0803	1.1957	1.1260	0.9777	1.1199	1.1051	0.9366	1.0386	1.0078	0.9640	1.0901	1.1282	1.0900	1.2453	1.1738	1.0912	1.1334	0.9803	1.0958	1.1451	1.1058	1.1343	1.0618	1.0442	1.0091	0.8997	1.0764	1.1243	1.2444	0.9317	1.2249	1.0348	1.0281	1.1409	1.0970	1.1758	1.1373	1.1298	1.0504	0.9250	1.0200	1.0805	1.0142
QG37_03742	1.1961	1.2123	1.2097	1.0755	1.1053	1.1703	1.0926	1.1799	1.0958	1.1908	1.0604	1.0930	1.0893	1.1150	1.0931	1.0652	1.0888	1.0879	1.1000	1.1237	1.1318	1.1123	1.0689	1.1362	1.1150	1.2028	1.0635	1.1896	1.1621	1.0412	1.0312	1.0647	1.0808	1.0973	1.1145	1.1428	1.1030	1.0625	1.1069	1.1108	1.1954	1.1469	1.0709	1.1568	1.0650	1.0875	1.0655	1.0394
QG37_03743	1.4416	1.1096	1.2358	1.1311	1.3495	1.1572	1.2247	1.1614	1.3420	1.3021	1.2678	1.2517	1.3460	0.9787	1.2786	1.0965	1.1964	1.3130	1.3267	1.3067	1.2020	1.2642	1.0246	1.2863	1.2190	1.1630	1.3078	1.1971	1.3155	0.9897	1.2778	1.2605	1.0713	1.3078	1.1536	1.0747	1.2059	1.2261	1.0975	1.2283	1.1112	1.3382	1.1741	0.4840	0.4427	0.3878	0.4587	0.4624
QG37_03744	1.0899	0.9465	1.0771	0.7739	0.9060	1.0577	0.9690	0.9516	0.9071	1.0103	0.9674	0.8709	0.9410	0.9635	0.9617	0.9010	0.9104	1.0209	0.9553	1.0106	1.0139	0.9757	0.8548	0.9362	0.8749	0.9917	1.0595	0.9029	1.0128	0.7651	0.9892	0.9450	0.9198	0.9369	0.9035	0.9356	0.9893	0.8679	0.9679	0.8590	0.9851	1.0205	0.9047	0.9788	0.8656	0.9134	0.9824	0.9458
QG37_03745	0.9426	0.9201	0.8776	0.8654	0.9487	0.9255	1.0095	0.8978	0.9024	0.9812	1.0210	0.8221	1.0034	0.8211	0.8861	0.8841	0.8062	0.8349	0.8136	0.9490	0.9216	0.9611	0.9115	0.8530	0.9188	0.9135	0.9716	0.9949	0.9322	0.9439	0.9726	0.8984	0.8722	0.9536	0.8515	0.8757	0.9178	0.8509	0.8367	0.9645	0.9278	0.8976	0.8168	1.0166	0.8655	0.9192	0.8978	1.0534
QG37_03746	1.3101	1.2946	1.2044	1.1813	1.1504	1.3199	1.2802	1.1091	1.2008	1.2429	1.3082	1.1642	1.3276	1.3261	1.1555	1.2993	1.1733	1.1150	1.0790	1.2462	1.0974	0.9874	0.9340	1.0240	1.1219	1.0850	1.1626	1.1277	1.1316	0.9833	1.0522	1.1576	1.2038	1.1233	1.0510	1.0594	1.1110	1.0128	1.0219	1.0658	1.1994	1.0815	1.0063	0.9893	1.1019	1.0855	1.2069	0.9805
QG37_03747	1.3696	1.2913	1.3456	1.1539	1.2293	1.3702	1.1207	1.2117	1.2013	1.3131	1.2950	1.3130	1.2715	1.1451	1.1696	1.1267	1.1788	1.0305	1.2475	1.1981	1.1527	1.1399	1.1535	1.1389	1.0965	1.2579	1.1826	1.1275	1.2176	0.9864	1.0872	1.1808	1.1602	1.2290	1.1207	1.1173	1.1727	1.1904	1.1263	1.2009	1.1333	1.1806	1.1167	1.0959	1.1013	1.1640	1.1108	1.0718
