GENE	CDC_B11096	CDC_B11097	CDC_B11098	CDC_B11099	CDC_B11101	CDC_B11102	CDC_B11103	CDC_B11105	CDC_B11112	CDC_B11113	CDC_B11114	CDC_B11115	CDC_B11116	CDC_B11117	CDC_B11118	CDC_B11119	CDC_B11200	CDC_B11201	CDC_B11205	CDC_B11206	CDC_B11207	CDC_B11208	CDC_B11209	CDC_B11210	CDC_B11212	CDC_B11213	CDC_B11214	CDC_B11215	CDC_B11216	CDC_B11217	CDC_B11218	CDC_B11219	CDC_B11220	CDC_B11221	CDC_B11222	CDC_B11223	CDC_B11224	CDC_B11225	CDC_B11226	CDC_B11227	CDC_B11228	CDC_B11229	CDC_B11230	CDC_B11243	CDC_B11244	CDC_B11245	CDC_B11246	CDC_B11247
QG37_07159	0.2607	0.5123	0.3631	0.3559	0.3736	0.4524	0.4186	0.3663	0.2733	0.3321	0.3530	0.4075	0.4873	0.3285	0.3673	0.3840	0.3391	0.3329	0.4458	0.3847	0.3820	0.3741	0.3310	0.3211	0.3534	0.3530	0.3973	0.3687	0.3084	0.4186	0.3622	0.3766	0.5083	0.4070	0.4964	0.5672	0.4755	0.4631	0.4856	0.3773	0.4824	0.4790	0.3999	0.6379	0.6710	0.6597	0.6280	0.5721
QG37_07160	0.9044	0.8437	0.7352	0.8040	0.8346	0.8299	0.9303	0.7612	0.7893	0.8790	0.7282	0.9521	0.7896	0.8397	0.7613	0.8946	0.7323	0.7813	0.7880	0.8053	0.7940	0.7576	0.7623	0.7103	0.8364	0.8762	0.7526	0.7552	0.8397	0.8533	0.8321	0.8479	0.8112	0.7561	0.7981	0.8340	0.8609	0.9261	0.8548	0.7877	0.8721	0.7122	0.8233	1.0063	0.9070	0.9199	1.0024	0.8232
QG37_07161	1.0294	0.8655	0.9343	0.9799	0.8956	0.8602	0.9964	0.9875	0.9973	0.9330	0.9811	0.8508	1.0643	0.9733	0.9339	1.0394	0.9701	1.0211	0.9982	1.0071	1.0789	1.0023	0.9834	1.1580	1.0057	1.0299	0.8772	0.9508	0.9796	0.8175	0.9728	0.8594	1.0327	1.0305	1.1666	1.0077	1.0441	0.9275	0.9907	1.0551	1.0144	1.0335	1.0679	0.9368	1.0331	0.9327	1.1314	1.0154
QG37_07162	0.9721	0.7975	0.9201	0.8318	0.7951	0.7707	0.9449	0.9177	0.9251	1.0187	0.8686	0.8308	0.8824	0.9275	0.7819	0.8406	0.9111	0.8434	0.9801	0.8277	0.8871	0.9406	0.8472	0.9500	0.8964	0.9505	0.8489	0.8808	1.0374	0.8500	0.9372	0.8815	0.9681	0.7892	0.8335	0.9413	0.8282	0.9945	0.7689	0.9295	0.8793	0.8364	1.0836	0.9064	0.9821	0.9952	0.7977	0.8717
QG37_07163	0.3168	0.6376	0.6573	0.5029	0.5610	0.6472	0.5474	0.6057	0.5822	0.6876	0.5377	0.5876	0.5789	0.5079	0.5228	0.5021	0.5495	0.5765	0.6203	0.5204	0.5543	0.5704	0.5427	0.6113	0.6192	0.5024	0.5573	0.5118	0.5480	0.4441	0.4722	0.5962	0.6003	0.5681	0.5671	0.5679	0.6178	0.6453	0.5339	0.6346	0.5203	0.5814	0.6159	0.5364	0.6404	0.6654	0.5501	0.4990
QG37_07164	0.6470	0.5395	0.4279	0.4326	0.4490	0.4684	0.4365	0.6266	0.5244	0.5660	0.5512	0.5388	0.4617	0.4560	0.4830	0.4584	0.4864	0.3723	0.5080	0.4031	0.4506	0.3864	0.4090	0.5053	0.5960	0.5350	0.5279	0.4829	0.5587	2.3192	1.0364	0.4669	0.4489	0.5513	0.4948	0.5685	0.6438	0.6477	0.6242	0.5939	0.5415	0.5602	0.6476	0.4318	0.5778	0.5872	0.6894	0.5378
QG37_07165	0.9346	0.9742	0.7984	0.5285	0.7397	0.7363	0.7800	0.7365	0.6632	0.8251	0.7087	0.8190	0.7089	0.7507	0.8239	0.7745	0.8260	0.7725	0.6638	0.6134	0.7430	0.7503	0.7406	0.8586	0.7699	0.8861	0.9502	0.8801	1.0547	0.8172	0.9549	0.8891	0.9063	1.0048	1.0680	0.7746	0.8978	1.0013	0.9020	0.7991	0.9619	0.8881	0.9024	0.6743	0.8137	0.9819	0.9880	0.8433
QG37_07166	1.0151	1.0456	1.0332	0.8894	0.9608	0.9922	0.9686	0.9171	0.9845	0.8881	0.8965	0.8609	0.9988	0.9464	1.0903	1.0372	1.0443	0.8839	1.0752	0.9075	0.9752	0.9397	0.9098	0.9521	1.0003	1.0089	1.0435	0.9586	0.8658	0.9633	0.9175	0.8611	0.9983	0.8859	0.9899	0.9433	1.0989	0.9168	0.9562	0.9504	0.9329	0.9965	0.8551	1.0420	1.0521	1.0758	1.0996	0.9719
QG37_07167	1.0534	1.0855	1.0214	0.9473	1.0650	1.0149	0.9985	0.9966	0.9972	1.0097	1.0646	1.0046	1.0470	0.9907	1.0527	1.0091	0.9817	1.1020	1.1001	0.9468	1.0847	1.0413	1.0877	0.8805	0.9841	0.9303	1.0363	0.8663	1.0754	1.0579	1.1554	0.9652	1.0100	1.0591	1.0312	0.9564	1.0247	0.9942	1.1059	1.0643	1.1266	1.0327	0.9926	1.0147	0.9864	1.0922	1.1388	0.9754
QG37_07168	1.0781	0.9275	0.9581	0.9892	1.0202	0.9494	1.0393	1.0240	1.0395	1.0068	1.0151	0.9307	0.9395	1.0374	0.9887	0.9677	0.9936	1.0361	1.0017	1.0825	1.0285	0.9758	0.9765	0.8855	0.9863	0.9420	0.9878	0.9464	0.9542	0.8454	0.9485	1.0377	1.0673	1.0338	0.9423	0.9651	0.9372	0.9407	0.9849	0.9573	1.0038	1.0055	0.9689	0.9455	1.0060	0.9645	0.9094	1.0048
QG37_07169	0.4847	0.7997	0.7481	0.7002	0.7051	0.7140	0.7563	0.7443	0.7222	0.7173	0.8055	0.6218	0.7413	0.7467	0.7771	0.7026	0.6025	0.6932	0.7819	0.6741	0.8429	0.5871	0.7717	0.7228	0.7783	0.6003	0.6805	0.6376	0.5373	0.7454	0.7077	0.5458	0.7834	0.8291	0.7220	0.9746	0.7391	0.8197	0.7395	0.6978	0.6754	0.6137	0.5893	0.9342	0.7469	0.7201	0.6568	0.7907
QG37_07170	0.9232	0.7529	0.8089	0.8110	0.7247	0.6734	0.8596	0.9546	0.8481	0.8289	0.8527	0.6959	0.8312	0.9921	0.8675	0.9174	0.7004	0.9293	0.9893	0.8428	0.7985	0.7890	0.7877	0.6950	0.6763	0.7324	0.8718	0.7792	0.7811	0.8281	0.7159	0.7522	0.7257	0.5841	0.6697	0.7557	0.7622	0.8795	0.7492	0.8511	0.7461	0.8234	0.7086	0.7606	0.7783	0.7962	0.6462	0.8227
QG37_07171	0.7427	0.8378	0.8050	0.6911	0.8510	0.7043	0.7152	0.9640	0.8555	0.6796	0.6781	0.8121	0.6707	0.7340	0.8509	0.7654	0.8956	0.8258	0.8142	0.7908	0.8734	0.7596	0.7629	0.7919	0.8793	0.7428	0.8000	0.6999	0.6544	0.6311	0.6304	0.6249	0.8618	0.7020	0.8231	0.7683	0.6633	0.8178	0.7315	0.7023	0.8144	0.7480	0.6100	0.8373	0.5753	0.7761	0.7602	0.8183
QG37_07172	0.8715	0.7934	0.8362	0.8297	0.7683	0.8379	0.8125	0.8829	0.8351	0.8167	0.7815	0.7133	0.8434	0.7952	0.8614	0.7760	0.7808	0.8245	0.7638	0.8697	0.8762	0.8383	0.8604	0.8096	0.8703	0.8314	0.7828	0.7785	0.7884	0.7481	0.7441	0.7924	0.8824	0.6913	0.9272	0.8557	0.8147	0.8159	0.8791	0.7379	0.8112	0.7218	0.7089	0.8257	0.7890	0.7842	0.8222	0.8230
QG37_07173	1.0642	1.0206	1.0233	1.0282	0.8965	0.9726	0.9891	0.9597	1.0864	1.0902	1.0444	0.9207	0.8973	0.9528	0.9530	1.0316	0.9852	0.9276	1.0996	1.0533	0.9743	1.0366	0.9739	1.0006	1.0209	0.9593	1.0195	0.9367	0.9657	1.0336	0.9902	0.9686	0.9562	0.9843	0.9869	0.9706	0.9153	1.0216	0.9848	0.9241	1.0524	1.0335	1.0491	1.0720	0.9596	0.9791	1.0778	1.0308
QG37_07174	0.8449	0.6690	0.9449	0.7301	0.9769	0.7738	0.8065	1.0070	0.8619	1.0331	0.7784	0.8144	0.7793	0.9782	0.9889	0.8805	0.9173	0.8001	0.9207	0.8846	0.6944	0.8005	0.7591	0.8292	0.8061	0.8330	0.8518	0.7040	0.8122	0.8848	0.8365	0.7927	0.9606	0.8722	0.9118	0.8069	0.9204	0.8735	0.6841	0.7651	0.8911	0.9359	0.8106	0.8692	0.8186	0.8056	0.7226	0.6753
QG37_07175	0.9835	0.8503	0.9759	0.8849	1.0466	1.0028	0.8617	1.0453	0.9977	0.9023	0.8768	0.9770	0.8929	1.1644	0.9729	0.9742	0.8942	1.0686	0.9049	0.9118	0.8609	0.9183	0.8201	0.9882	0.9554	0.9142	0.8543	0.8198	0.7588	0.7681	0.7756	0.9159	1.0711	0.9225	1.0781	0.8828	1.0245	0.9564	0.8148	1.0034	0.9793	1.0565	0.9521	0.9809	0.9975	0.8555	0.8978	0.9159
QG37_07176	0.9248	0.9963	0.8362	0.9383	0.8826	0.8775	0.8479	0.9317	0.8668	0.9815	0.9718	0.7374	0.8337	0.9207	0.8372	0.8589	0.8795	0.9076	0.8436	0.9149	0.9216	0.8317	0.8719	0.8289	0.9659	0.8530	0.8661	0.8282	0.7958	1.2455	0.9215	0.9017	0.8529	0.9157	0.9102	0.8564	0.8407	0.9639	1.0591	0.9410	1.0482	0.8727	0.8180	0.8973	0.8780	0.9257	0.8982	0.8613
QG37_07177	1.0377	0.9834	1.1131	1.0201	0.9543	0.9737	1.0302	1.0649	1.0293	1.0104	1.0299	1.0200	1.0207	1.0193	0.9776	1.0142	1.0398	1.0573	1.0657	1.0594	1.1186	1.0184	1.0510	1.0846	1.0492	1.0561	0.9971	1.0254	1.0504	0.9373	1.0254	1.0123	1.0061	1.1052	1.0631	1.0406	1.1076	1.0113	1.0450	1.1200	1.0747	1.0890	0.9916	1.1045	1.0793	1.0897	1.0926	1.1102
QG37_07178	1.0500	0.8206	0.9872	0.7774	0.8308	0.9919	0.9451	0.9045	0.8324	0.8534	0.7706	0.8711	1.0224	1.0513	0.7979	1.0641	0.8200	0.9751	0.8998	0.8780	0.7964	1.0130	1.0653	0.6779	0.9621	0.8878	0.7107	0.8999	0.9620	0.8481	0.7840	0.9910	0.9337	0.8828	0.8586	0.9132	0.8985	0.7827	0.9574	0.8492	0.9604	0.9287	0.8390	0.9921	1.0965	0.9038	0.9392	1.0041
QG37_07179	0.9581	0.9949	0.8982	0.9255	1.0258	1.0049	0.9861	0.9724	0.9935	0.9344	0.9315	0.9855	1.0208	1.0206	0.8917	1.0721	0.9862	0.9309	1.0078	0.9354	0.9004	1.0097	0.9961	0.9700	1.0040	0.9233	0.8365	0.9677	0.9860	0.9257	0.9043	0.9713	0.9709	0.9936	0.9518	0.9475	0.9328	0.9008	1.0305	1.0234	1.0708	1.0335	0.9725	0.9682	0.9811	0.9752	1.0131	0.9349
QG37_07180	0.9630	0.9749	0.9355	1.0052	0.9688	1.0247	0.9557	0.9411	0.8603	0.9302	0.9258	0.9542	0.9837	0.9610	0.9400	0.9729	1.0069	0.9762	0.9442	0.9874	1.0270	1.0082	0.9348	0.9835	0.9588	0.9542	0.9465	0.9426	0.9029	0.9033	0.8235	0.8362	0.8990	0.9695	1.0253	1.0639	0.9752	0.9019	0.9678	0.8673	0.9574	0.9014	0.9438	1.0520	0.9395	0.9647	1.0691	0.9543
QG37_07181	1.0009	0.9736	0.8836	0.9466	0.9530	0.9101	0.8995	0.9143	0.8813	0.8545	0.8994	0.8580	0.8432	0.9186	1.0049	1.1204	0.8468	0.8490	0.9133	0.9563	1.0055	0.9703	0.9745	0.8740	0.8065	0.9734	0.9904	0.9024	0.9739	0.7890	0.8471	0.8529	1.0074	0.8855	0.9086	0.9249	0.9558	0.9415	0.9873	1.0136	0.9876	0.9951	0.9541	1.1228	1.0901	1.0399	0.9919	0.8776
QG37_07182	0.9888	1.0218	0.9057	0.9730	0.8819	0.9995	1.0587	1.0065	0.8672	0.9836	0.9897	0.9616	0.9643	0.9908	0.9314	1.0503	0.8385	1.0789	1.0456	0.9481	0.9653	1.0287	0.9444	1.0739	0.9880	0.8905	0.9634	0.8834	0.9102	0.9739	0.9196	0.9482	1.0539	1.0337	0.9966	0.9906	0.9267	0.9345	1.0584	1.0472	1.0086	1.0478	0.9682	0.9608	1.0246	1.0078	0.9941	0.9695
QG37_07183	0.9147	0.9247	0.9335	0.9311	0.9408	0.8192	0.9680	0.8329	0.9904	0.8443	0.9821	0.8437	0.8934	1.0009	0.8773	0.9247	0.9224	0.9057	0.8820	0.8508	1.0169	0.9607	0.9484	0.8856	0.9129	0.9106	0.8972	0.9444	0.7487	0.9318	1.0017	0.9418	0.9925	0.9825	0.9530	0.9285	0.8923	0.9442	0.9367	0.8799	0.9475	1.0102	0.9415	0.9167	0.9985	1.0071	0.8979	0.8621
QG37_07184	0.9930	0.9365	0.8434	1.0986	0.9271	0.8889	0.8773	0.9563	0.9817	0.8927	0.9310	0.9867	0.8746	0.9763	0.8736	0.9639	0.9049	0.9793	0.9732	0.8952	1.0172	0.8835	0.8859	0.8802	0.9347	0.9233	1.0130	0.9892	0.8414	0.8539	0.9023	0.8898	1.0168	0.9014	0.9580	0.9284	0.9267	1.0238	1.0219	0.9438	1.0641	0.9838	0.9649	0.9333	0.9699	1.0194	1.0131	0.8993
QG37_07185	0.9416	0.9493	1.0149	1.0952	0.9657	0.9672	0.9453	0.9355	1.0280	0.9136	0.9190	0.8567	0.8503	0.9456	0.8957	0.8739	0.8826	0.9451	0.8794	0.8256	0.8660	0.8810	0.9510	1.0299	0.8721	0.9461	0.8357	0.8579	0.8603	0.8115	0.9069	0.8681	0.9917	0.8973	0.9372	0.8485	0.9013	0.8878	0.8597	0.9038	0.9123	1.0112	0.8408	1.1176	0.9184	0.9969	0.9868	0.9736
QG37_07186	0.8451	0.9506	1.0933	0.7751	0.9250	0.8660	0.9250	0.9111	1.0809	0.8869	0.9466	0.8991	0.9892	0.8843	1.0173	0.8998	1.0104	1.0409	0.9029	1.0274	0.9132	1.1178	1.0859	0.9947	0.8182	1.0821	0.9012	0.9058	0.9386	0.8660	0.9254	1.0192	1.1533	1.0473	0.9934	1.1370	1.0575	1.1877	1.0527	1.0642	1.0130	1.0217	1.0148	0.9824	1.0065	0.9896	0.8851	0.9177
QG37_07187	1.0127	0.8964	0.9110	0.8492	0.9382	0.9333	0.9692	0.8621	0.9297	0.8300	0.9214	0.9047	0.8745	0.9323	0.9218	0.8480	0.9374	0.9333	0.8933	0.8861	0.9427	1.0121	1.0157	0.9419	1.0087	0.9076	0.9227	0.8648	0.9172	0.7684	0.9692	0.9440	1.0241	0.9722	1.0044	0.9174	0.9230	1.0788	1.0077	0.9713	0.9485	0.9538	0.9041	1.0026	1.0295	0.9953	1.1506	0.9409
QG37_07188	0.9282	0.8469	0.5965	0.8243	0.8185	0.7861	0.8063	0.8211	0.8123	0.8458	0.9261	0.7568	0.8528	0.8123	0.8201	0.8737	0.7480	0.8746	0.8574	0.7904	0.9495	0.7284	0.9730	0.7873	0.7166	0.7272	0.7546	0.7251	0.7303	0.8309	0.8153	0.8190	0.7395	0.7578	0.7688	0.9184	0.7707	0.9071	0.7971	0.8152	0.8280	0.8776	0.7805	0.9092	0.7524	0.8793	0.9073	0.8157
QG37_07189	0.9580	0.9632	0.8436	0.9462	0.8838	0.9250	0.7932	0.9202	0.8626	0.8903	0.9263	0.8217	0.9991	0.9493	0.9688	0.8753	0.8790	0.8954	0.9792	0.8197	0.9630	0.8359	0.9546	0.8588	0.8251	0.8936	0.9713	0.8984	0.8249	0.9036	1.0252	1.0324	0.9506	0.7957	1.0257	1.0576	0.9980	0.8266	1.0376	0.8686	1.0125	1.1280	0.7785	1.0241	0.8413	0.9196	0.9358	0.9364
QG37_07190	0.9362	0.9679	0.9543	0.8954	0.9255	0.9472	0.9615	0.9721	0.9426	0.9319	0.9513	0.9481	0.9504	0.9061	0.9061	0.9605	0.9803	0.9885	0.9969	0.9791	0.9454	0.9936	1.0327	0.9838	0.9732	0.9482	0.9382	0.9620	0.9205	0.8712	0.9445	0.8862	0.9243	0.9800	1.0052	1.0014	0.9847	0.9182	1.0024	0.9572	0.9990	1.0574	0.9610	0.9894	1.0354	1.1215	1.0604	1.0046
QG37_07191	1.0837	0.9780	0.8027	0.8112	0.9915	0.8524	0.9724	0.8613	1.0470	0.7944	0.7984	0.9047	0.7900	0.7991	0.9526	0.8359	0.8511	0.9435	0.9906	0.9581	1.0668	0.9953	0.8614	0.7694	0.9978	0.8924	0.9855	0.9198	1.0036	0.7690	0.9132	0.9651	1.0514	0.8875	1.0139	0.9162	1.0088	1.0548	0.8944	1.0880	1.0539	1.1373	0.8980	0.9469	1.0960	1.1352	1.0144	0.9565
QG37_07192	0.8297	0.8029	0.6074	0.9498	1.0615	0.8685	0.9058	0.7667	0.9045	1.0058	0.8620	0.8827	0.7828	0.7335	0.9195	0.8578	0.8685	0.9919	0.8524	0.9958	0.9171	0.9360	0.7937	0.8821	0.8818	0.8147	0.9752	0.9139	0.9327	0.8166	0.8039	0.8280	0.7173	0.8391	0.9416	0.7917	0.9037	0.9536	0.8238	0.9376	0.9021	0.9607	0.8547	0.6832	0.6337	0.7453	0.7223	0.6488
QG37_07193	1.0345	0.8387	0.8944	0.8050	0.9079	0.9324	0.9026	0.8428	0.9958	0.8629	0.9454	0.9208	0.9705	0.8717	0.9464	0.9148	0.9445	0.9022	0.9197	0.8758	1.0601	1.0800	0.9535	1.0241	0.9376	0.8306	0.9494	0.9736	0.8944	1.0530	0.9811	0.8952	0.7002	0.9250	0.9420	0.9779	0.9431	0.8224	0.8857	0.9499	0.9709	0.9938	1.0060	0.9476	0.9091	0.9484	0.9010	0.9124
QG37_07194	0.9347	0.8194	0.9429	0.9264	0.9309	0.9246	0.9716	0.8586	0.8789	0.8063	0.8392	0.9336	0.8611	0.9514	0.8640	0.9200	0.8725	0.9339	0.8360	0.8395	0.9244	0.9195	0.8256	0.9789	0.8905	0.8189	0.8473	0.8125	0.7893	0.7293	0.8055	0.8631	0.8474	0.9264	0.8843	0.9409	1.0399	0.9085	0.9252	0.9014	0.9646	0.8466	0.8077	0.9293	0.8646	0.9414	0.9835	0.8583
QG37_07195	1.0382	0.8668	0.8962	0.8560	0.7714	0.9209	0.9054	0.8887	0.9244	0.8495	0.9606	0.9161	0.8981	0.8983	0.7923	0.8711	0.8922	0.9652	0.9402	0.8853	0.9210	0.8934	0.8834	0.8323	0.8890	0.8363	0.8858	0.8816	0.8157	0.7496	0.7975	0.8346	0.9595	0.8107	0.8831	0.9873	0.8845	0.8894	0.9099	1.0084	0.9946	0.8847	0.9244	0.9835	0.8798	0.9008	0.9393	0.9115
QG37_07196	0.8441	0.9646	0.9829	1.0142	0.9646	0.8987	1.0947	0.9412	0.9003	0.9310	1.0429	0.8140	0.9244	1.0760	0.8119	1.0276	0.9210	0.9011	0.9694	0.8372	1.0698	1.0866	1.0555	0.9093	0.9477	0.9602	0.9471	0.8984	1.1376	0.9921	0.6850	0.8180	0.9724	0.9658	0.8415	1.0782	0.9041	0.9309	0.9756	1.1334	0.9463	0.8932	0.9503	1.1052	0.9030	1.0672	1.0849	1.0146
QG37_07197	0.9229	0.8986	0.9721	0.9228	0.8562	0.9096	0.9426	0.8835	0.8829	0.9227	0.8869	0.9566	0.8642	0.9629	0.9210	0.9648	0.8641	0.9382	0.8719	0.8467	0.9674	0.9003	0.9312	0.9088	0.8368	0.8908	0.9564	0.8010	0.8799	0.7933	0.9572	0.8343	0.9569	0.9287	0.9741	0.9779	0.8857	0.9347	0.9016	0.9024	0.8656	0.9209	0.8716	1.0392	0.9783	1.0058	1.0561	1.0397
QG37_07198	0.8521	0.8676	0.9767	0.9769	0.8615	0.9840	0.8869	0.8680	0.8257	0.8453	0.9110	0.7932	0.9144	0.9635	0.9759	0.9660	0.8891	0.9204	0.9110	0.8931	0.9352	0.9065	0.9418	0.8981	0.8846	0.8557	0.8802	0.8197	0.8414	0.9391	1.0228	0.8119	0.9234	0.9776	0.9174	0.9822	0.8309	1.0562	0.9656	0.8858	0.9126	0.8794	0.9577	0.9348	0.9502	0.9408	0.9768	0.9380
QG37_07199	0.9441	1.0241	0.8761	1.0903	0.8627	1.0056	0.9634	0.9591	0.8997	0.9784	0.9721	1.0028	1.0352	1.0580	1.0299	1.1051	0.8877	0.8955	0.8374	0.9742	0.9658	1.0167	0.9864	0.9551	1.0304	0.9529	1.0084	0.9573	0.9172	0.9248	0.9755	0.9083	0.9781	1.0426	0.9585	0.9911	1.0071	0.9973	0.9763	0.9226	0.9954	0.8245	0.8654	1.1034	0.8841	1.1624	0.9495	0.9920
QG37_07200	0.9107	0.8645	0.9233	0.9576	0.9235	0.9634	0.9307	0.9028	0.9335	0.9826	0.9231	0.9521	1.0164	0.9145	1.0280	0.9412	0.9345	1.0819	0.9012	0.9131	1.0784	0.9580	1.0311	0.9459	0.8876	0.9443	0.8467	0.8010	0.8371	0.6314	0.9048	0.8232	0.9142	0.9367	0.9682	0.9630	1.0680	0.9448	0.9392	0.9495	1.0324	0.8695	1.0567	0.9915	0.9795	0.8703	0.9831	0.9186
QG37_07201	1.1001	0.9415	0.8432	1.0267	0.7917	0.8679	0.9072	0.8113	0.8884	1.0042	0.8971	1.0524	0.7960	0.9547	0.9080	0.9476	0.9119	0.9358	0.8534	0.9396	1.1064	1.0037	0.9295	0.9660	0.7838	0.8189	0.9537	0.8048	0.8786	0.6360	0.7580	0.8063	0.9797	1.0998	0.9833	0.8760	0.9867	0.8857	1.0020	1.0118	1.0480	0.9909	1.1108	1.0002	1.0116	0.7749	0.9921	0.9378
QG37_07202	0.8870	0.8278	0.9287	0.8757	1.0088	0.9057	0.8205	0.9692	0.9724	0.8465	0.9465	0.9760	0.6998	0.7919	0.9827	0.8093	0.9437	0.9970	1.0486	0.9090	0.8885	0.8550	0.8918	0.8884	0.9664	0.8925	1.0965	0.9480	1.0785	0.9921	1.1443	0.9149	0.9674	0.9464	1.0890	1.0058	0.9410	0.9887	0.9218	0.8581	0.8439	0.9799	0.8617	0.8413	1.0754	0.9171	0.9092	0.9304
QG37_07203	1.1035	0.9174	0.9881	1.0582	0.9625	0.9793	0.9279	0.9490	0.9389	1.0179	0.9139	0.8628	0.8896	0.9876	0.9045	1.0357	0.8985	1.0037	1.0846	0.9088	1.0019	0.9559	0.9122	0.9682	0.9558	1.0116	0.9081	0.9000	0.8546	0.7878	0.8568	0.8983	0.9422	0.8957	0.9752	0.8683	0.9153	0.9496	1.0507	0.8641	1.0033	0.9628	0.9515	0.9846	0.9447	1.0446	0.9498	0.9163
QG37_07204	0.9527	0.8920	1.1062	1.0800	1.1123	1.1570	1.1390	1.2404	1.0495	1.0619	1.2581	1.1851	1.1996	1.1777	1.0709	1.1829	1.0953	1.2020	1.1024	1.0891	1.0106	0.9192	1.1085	1.0843	1.1253	1.0152	1.0976	1.1881	0.9823	0.8900	0.8623	0.9212	0.9387	0.9207	0.7517	0.9049	0.9111	1.1483	0.9457	0.8586	0.9619	0.9834	0.9243	1.0184	0.9559	0.9315	0.9377	0.8899
QG37_07205	0.9045	0.8804	0.7736	0.9920	0.9169	0.8586	0.9563	1.0232	0.9693	0.9095	0.9549	0.8905	0.8987	1.0618	0.9218	0.9984	0.9276	0.9451	0.8935	0.9945	0.9568	0.8292	0.8162	0.9058	0.8297	0.9070	0.9055	0.8056	0.7475	0.7299	0.8085	0.8217	0.9173	0.9050	0.9187	0.9917	1.0184	0.9300	0.9872	0.9351	0.9236	0.8684	0.8672	1.0224	0.8521	0.8856	0.9131	0.9561
QG37_07206	1.0417	0.9534	0.9639	0.9641	1.0907	0.9067	1.2132	1.0167	0.9052	0.9084	0.9424	0.9282	0.8557	1.1084	0.9558	1.1216	0.9778	0.9842	0.9927	0.9716	0.9779	0.9313	0.9009	0.9493	1.1467	0.9342	0.9324	1.0922	0.8796	1.0188	0.9248	0.8599	1.0651	0.9213	0.9614	1.0462	1.0313	0.9222	1.0151	1.0066	1.0174	0.9618	1.0533	0.7278	0.8243	0.7251	0.8473	1.0187
QG37_07207	0.8975	1.0287	1.0833	0.8262	1.0530	1.1250	1.1860	1.0730	1.0335	1.0521	0.9210	1.0033	0.9635	1.0296	1.1361	1.2727	1.0043	1.0501	1.1897	0.9685	1.2047	1.0665	1.0989	1.0449	1.0849	0.8999	1.0704	1.0972	1.0034	1.1437	1.0742	1.0766	1.0150	1.0260	0.9186	0.9189	0.9589	1.1390	0.9895	1.1606	0.9358	0.9849	1.0086	1.0264	1.0159	1.0259	1.0407	1.1870
QG37_07208	0.8627	0.7980	0.7863	0.7720	0.7917	0.8142	0.8605	0.8363	0.8898	0.8449	0.7889	0.8259	0.8377	0.8357	0.8042	0.8834	0.8503	0.8190	0.8642	0.8379	0.8469	0.8036	0.8470	0.8440	0.8691	0.8358	0.8813	0.7736	0.7695	0.7796	0.8113	0.7650	0.7969	0.8909	0.8130	0.8862	0.8586	0.8824	0.7759	0.8983	0.8127	0.7882	0.8840	0.8296	0.8492	0.8566	0.8003	0.8522
QG37_07209	0.9600	0.7528	0.9207	0.8621	0.8253	0.7954	1.0165	0.8537	0.8323	0.8143	0.8644	0.7878	0.7448	0.9644	0.8123	0.8530	0.8840	0.7706	0.8303	0.8796	0.8351	0.8450	0.8270	0.7518	0.8899	0.8179	0.7642	0.8689	0.9342	0.6908	1.0184	0.7469	0.7817	0.8393	0.9635	0.9314	0.9534	0.7160	0.8350	0.8863	0.8553	0.9914	0.8307	0.6557	0.9012	0.8546	0.7541	0.8029
QG37_07210	0.8611	0.7673	0.7661	0.8464	0.7587	0.8821	0.8716	0.8464	0.7038	0.8914	0.7813	0.7608	0.8332	0.9112	0.7334	0.8184	0.8463	0.7234	0.9261	0.9438	0.8138	0.8521	0.7481	0.8049	0.8510	0.7878	0.9868	0.8994	0.8180	0.6411	0.9510	0.8279	0.8390	0.8543	0.9504	0.9431	0.8018	0.9156	0.7927	0.8250	0.7673	1.0587	0.8342	0.9119	0.8436	0.8987	0.8439	0.9657
QG37_07211	0.8403	0.8480	0.6987	0.7953	0.7399	0.8024	0.8562	0.8854	0.9020	0.7721	0.7369	0.7622	0.8024	0.8148	0.7872	0.9054	0.8284	0.8134	0.7747	0.7701	0.8547	0.8425	0.8757	0.7712	0.8402	0.7753	0.7617	0.7883	0.7320	0.7060	0.8529	0.7660	0.8043	0.7486	0.8495	0.8110	0.7253	0.8026	0.7575	0.9008	0.8408	0.9088	0.7305	0.9510	0.7917	0.8722	0.8537	0.8329
QG37_07212	0.8091	0.8550	0.6762	0.5811	0.7471	0.8133	0.9071	0.7920	0.7712	0.7793	0.7571	0.7130	0.6206	0.7861	0.8659	0.7666	0.7805	0.7060	0.7285	0.7253	0.7440	0.6757	0.7165	0.7388	0.7108	0.7665	0.8553	0.7676	0.6882	0.5905	0.6284	0.7711	0.8067	0.7433	0.7520	0.5817	0.7084	0.8249	0.8286	0.6719	0.8166	0.7710	0.7969	0.8415	0.8260	0.7427	0.7464	0.7763
QG37_07213	1.0479	1.0025	0.9479	0.8969	0.9279	0.9587	0.9615	0.9845	1.0007	0.9533	0.9127	1.0269	0.9313	1.0386	1.0194	1.0064	0.9217	1.0424	0.9945	0.9766	1.0620	1.0101	0.9226	1.0240	0.9616	1.0056	1.0045	0.9231	0.8735	0.9012	0.9540	0.9802	1.0115	1.0118	1.0115	0.9729	1.0253	1.0016	1.0110	0.9362	1.0799	1.0035	0.9490	0.9772	0.9977	1.0035	0.9718	1.1339
QG37_07214	0.7496	0.7460	0.7185	0.8440	0.7735	0.8603	0.7752	0.7641	0.7615	0.7108	0.7536	0.6874	0.7269	0.8917	0.7631	0.8374	0.7990	0.8452	0.7878	0.7397	0.8098	0.8046	0.7923	0.9239	0.7403	0.8585	0.8582	0.8043	0.6617	0.6159	0.7188	0.6480	0.7085	0.7387	0.8141	0.7460	0.8401	0.9027	0.8659	0.7767	0.8501	0.7755	0.8041	0.9866	1.0006	0.9188	0.9171	0.8371
QG37_07215	0.6260	0.8481	0.7198	0.7082	0.7043	0.7556	0.8968	0.8193	0.8645	0.8662	0.6600	0.8757	0.7354	0.9489	0.8537	0.6494	0.9196	0.7885	0.9191	0.9516	1.0327	0.9899	0.9704	0.8961	0.8641	0.8522	0.9109	0.8969	0.7783	0.9115	0.7784	0.9390	0.7478	0.6522	0.8106	0.5880	0.7309	0.7300	0.6765	0.6589	0.6306	0.6058	0.6681	1.3031	1.2541	1.1632	1.0480	1.2822
QG37_07216	0.9227	1.0874	0.8561	0.9139	0.9863	1.0575	0.9175	1.0033	0.9017	0.9682	0.9082	0.9636	0.9416	1.0007	0.9654	1.0871	0.9481	0.9708	0.9484	0.9569	0.9865	0.8619	0.9525	1.0859	1.0156	0.9235	0.9664	0.9654	0.8799	1.0124	1.0705	0.8690	0.9684	1.0198	1.1595	1.0810	1.0577	1.0271	1.0118	1.0030	1.1467	0.8750	1.0877	1.0836	0.9006	1.0813	1.0044	1.1726
QG37_07217	0.9662	0.9947	0.8686	0.9739	1.0464	0.8619	0.7709	0.8075	0.9414	0.9236	1.0281	0.8784	0.7938	0.8887	0.9352	0.9467	0.9194	0.7835	0.9157	0.8777	0.9212	0.8150	0.8962	1.0363	0.9392	0.9087	0.8952	0.9172	0.7579	0.8948	1.1143	0.8269	0.9023	1.0677	1.0202	0.8545	0.9112	0.8535	0.8667	0.8802	0.9076	0.8142	0.8904	0.9573	0.9322	0.8240	0.7294	0.8692
QG37_07218	0.9071	0.9139	0.9196	0.9838	0.9144	0.8869	0.9363	0.8765	0.9868	0.8600	0.8727	0.9004	0.8981	0.9469	0.9314	0.9131	0.9216	0.9087	0.9453	0.9012	0.9345	0.8868	0.9003	0.9501	0.9287	0.8922	0.9403	0.9055	0.8031	0.8578	0.9465	0.9929	0.9308	0.9064	0.9716	1.0314	0.9837	0.9852	0.9698	0.9637	0.9227	0.9874	1.0150	0.9026	0.9286	1.0181	0.9955	1.0416
QG37_07219	0.8923	0.9089	0.8654	0.9541	0.9332	0.9910	0.8603	0.9847	1.1009	1.0135	0.8979	1.1292	1.0549	0.9129	0.9158	0.9786	0.9967	0.9322	0.8270	0.8225	0.9900	1.0076	0.9221	0.9661	0.8770	0.9330	0.8467	0.8966	0.9208	0.8396	0.9368	0.8290	0.9667	0.8640	0.9946	1.2379	0.9842	1.0101	0.9303	0.9269	0.8757	0.9215	0.7299	1.0577	0.9601	0.9699	0.7424	1.1213
QG37_07220	1.0125	1.0722	0.7832	0.7880	0.8926	0.8874	0.9893	1.1207	0.9710	0.9031	0.8553	1.0645	1.0049	0.8609	1.0108	1.0351	0.9618	0.9883	1.0780	0.9690	1.0483	0.9541	0.9523	1.0346	1.1466	1.0210	0.9504	0.9753	0.9452	0.8651	1.0812	0.8349	0.9657	0.9785	0.9170	0.9801	0.9734	0.9058	1.0675	0.9499	0.9832	0.9904	1.0520	0.9232	0.9526	0.8837	0.8000	1.0055
QG37_07221	1.1024	1.0830	0.8725	0.8963	0.8995	0.9157	0.9477	1.1075	1.0124	0.7774	0.9508	1.0021	1.1315	0.9683	1.1582	1.0657	0.8910	0.8909	0.9132	0.9371	0.9319	0.8450	0.9895	0.9774	1.0672	0.9359	1.0284	0.9521	1.0644	1.1073	1.0670	1.0643	0.9606	1.0524	1.0353	1.0049	1.0022	1.1607	1.1061	0.9563	1.0149	1.1200	1.1318	0.9653	0.8585	0.8697	0.9731	1.0077
QG37_07222	1.0485	1.0595	1.1093	0.9384	1.0860	1.0508	1.1818	1.1610	1.0181	1.0151	1.0146	0.9653	1.0699	1.1965	0.9661	1.0113	1.0139	1.1145	1.0819	1.0343	1.0220	0.9467	1.0902	1.0404	1.0214	1.0252	1.1629	1.0026	1.0807	1.0285	1.0120	0.9887	1.0873	0.9481	1.0578	0.9660	0.9670	1.0210	1.1304	1.1165	1.1095	1.0995	1.0264	0.9944	1.0084	1.0931	1.1031	1.1363
QG37_07223	1.0962	0.9697	0.9524	0.8963	1.0241	1.0146	1.0233	1.0240	0.9864	1.0094	1.0148	0.9874	0.9636	1.0709	0.9907	1.0354	0.9564	1.1267	1.0247	0.9851	0.9523	1.0452	0.9982	0.9898	1.1275	0.9813	1.0942	0.9871	1.0083	0.8954	0.9799	0.9746	1.0504	1.0050	1.0033	0.9792	0.9892	1.0675	0.9831	1.0298	1.0181	0.9259	1.0068	0.9980	1.0971	1.0120	0.9857	1.0134
QG37_07224	1.0581	0.9188	0.8309	0.9889	0.8462	0.8414	0.8406	0.8732	0.8583	0.9059	0.8944	0.8591	0.8930	0.8926	0.9151	0.9677	1.0711	0.9642	0.9193	0.8698	1.0041	0.8760	0.9726	1.0057	0.8765	0.8081	0.9517	0.8252	0.8704	0.8706	0.9167	0.8594	0.8932	1.0067	0.9473	0.8942	0.8916	0.9375	0.8764	0.9357	1.0300	0.9426	0.8121	0.9163	0.9282	1.0112	1.0005	0.9417
QG37_07225	1.0115	0.8946	0.8499	0.9487	0.8849	1.0067	1.0053	0.9506	0.9201	0.9594	0.9883	0.9239	1.0336	0.9107	0.9380	0.9919	0.9342	0.9192	0.9376	1.0364	0.9710	0.9170	0.9492	0.8764	0.8604	0.8377	0.8859	0.9092	0.8759	0.8594	0.8349	0.8508	0.8423	0.9341	0.9540	0.9157	0.9672	0.9778	0.9733	0.9401	0.9771	0.9569	0.9018	0.9943	0.8353	0.9242	0.9816	0.9352
QG37_07226	0.9331	0.7885	0.8981	0.8350	0.7633	0.8933	0.9360	0.8889	0.7847	0.9064	0.8516	0.8070	0.8450	0.8343	0.8134	0.9570	0.8543	0.9206	0.8052	0.8382	0.9029	0.8273	0.8289	0.8185	0.8619	0.7215	0.8358	0.7797	0.7559	0.7278	0.7995	0.6716	0.8113	0.8401	0.9097	0.7190	0.8565	0.8438	0.9275	0.7887	0.7829	0.7895	0.8322	1.0742	0.7579	0.7601	0.9548	0.8240
QG37_07227	0.9143	0.8773	0.9170	1.0030	0.9205	0.9967	0.7671	0.9648	0.8377	0.9195	1.0604	0.7842	0.9548	0.8652	0.8388	0.8142	0.9178	0.9638	0.8408	0.8820	0.9053	0.8216	0.8093	0.9008	0.8487	0.8181	0.9153	0.9730	0.8392	0.8587	0.7126	0.9359	0.9459	0.9975	0.8480	1.0920	0.9228	1.0031	0.9045	0.8895	0.9131	0.8892	0.8191	0.8993	0.9429	0.7982	0.8837	0.9002
QG37_07228	1.0383	0.8834	0.9429	0.9583	0.9583	0.9675	0.9421	0.9351	0.8913	0.8904	0.9986	0.8785	0.9558	0.9655	0.8837	0.9243	0.8744	0.8532	0.9054	0.9624	0.8741	0.8840	0.8762	0.9201	0.7929	0.8538	0.8068	0.8449	0.8148	0.9885	0.8984	0.8342	0.9795	0.9036	0.8878	0.9380	0.9759	0.9514	0.9230	0.9252	0.9691	0.8565	0.9104	0.9820	0.8611	0.9165	0.9695	0.8071
QG37_07229	1.1088	1.1505	1.1263	0.9979	1.0677	1.0951	1.1109	1.0310	1.0572	1.0574	1.0022	0.9651	1.0280	1.0906	1.0142	1.1578	0.9846	1.0993	0.9406	1.0646	0.9761	1.0663	1.0076	0.9456	1.0727	1.0202	0.8841	1.1582	0.9297	0.9812	1.0615	0.9442	1.0204	0.9984	0.9904	1.0337	1.0394	0.9775	1.0820	1.0719	1.1185	0.9228	0.9572	1.0089	0.9584	1.1441	1.1620	0.9854
QG37_07230	1.3146	0.9796	1.0012	0.9780	0.9966	0.9961	1.0645	0.9506	0.9578	0.9384	0.9899	0.9045	0.9832	1.1310	0.9646	1.0501	0.8923	0.9805	0.9421	0.9740	1.0471	1.0365	0.9901	0.7400	1.0734	1.2246	0.9622	1.2255	0.9255	0.8242	1.0245	0.8660	0.9223	1.0558	1.0756	0.9592	1.0076	0.8927	1.0347	0.9460	1.1851	1.0901	0.9284	0.8833	0.9884	0.9655	0.9449	0.9467
QG37_07231	1.0838	0.9573	1.0062	0.9961	1.0430	1.1249	1.0732	1.0492	0.9761	1.0212	1.0124	1.0004	1.0819	1.0089	0.9512	1.0717	1.0524	0.9280	0.9855	1.0608	1.0203	1.0420	0.9633	0.9684	0.9617	0.9106	0.9040	0.9044	0.8980	0.8336	0.9235	0.9266	0.9448	1.0211	1.0486	1.0710	1.0452	0.9753	1.0894	0.9711	1.0165	0.9672	0.9431	0.9774	0.9848	0.9678	0.9398	0.8923
QG37_07234	1.5936	1.3105	1.1550	1.0067	1.2598	1.2413	1.1709	1.1944	1.2249	1.1525	1.1246	1.3391	1.5361	1.0110	1.1359	1.2038	1.1518	1.2989	1.4018	1.4318	1.1693	1.3318	1.1104	1.1004	1.2048	1.2872	1.2137	1.3956	1.1277	1.0758	1.3322	1.2686	1.1963	1.2748	1.0169	1.0553	1.2058	1.2108	1.1412	1.1703	1.1863	1.0822	1.2436	0.9966	1.0665	0.8599	0.9434	1.0356
QG37_07235	1.4112	1.3570	1.2966	0.9991	1.4270	1.3714	1.5372	1.2651	1.5174	1.3412	1.3113	1.2534	1.3757	1.1453	1.0488	1.2055	1.2518	0.9529	1.3484	1.3499	1.2548	1.2576	1.1164	1.0036	1.2166	1.1581	1.0604	1.2881	1.0788	1.0834	1.0769	1.2084	1.1613	1.2411	1.1343	1.1500	1.4436	1.2580	1.4172	1.2013	1.3060	1.1896	1.1704	0.9746	1.0198	0.9742	0.8982	0.9698
QG37_07236	1.0609	0.9148	1.0107	0.8862	1.0667	1.1221	1.0997	1.0589	0.9814	0.9695	0.9926	0.9019	1.1181	0.9522	0.8158	0.9236	1.0265	0.8919	0.9436	1.0330	0.9516	0.9727	0.9470	0.7879	0.9379	0.8637	0.9414	0.8706	0.8903	0.9385	0.8419	0.7500	0.9746	0.8730	0.9991	0.8492	0.9286	0.9795	0.9558	0.9735	1.1341	0.9803	0.7760	0.9499	0.8753	0.9973	0.8647	0.7765
QG37_07237	1.4051	1.3105	1.1544	1.4412	1.1416	1.3855	1.5139	1.2270	1.1579	1.3357	1.3547	1.1844	1.2056	1.0202	1.4773	1.1983	1.1358	1.2669	1.2490	1.5020	1.2178	1.3089	1.1702	1.4999	1.2415	1.0231	1.0878	1.3092	0.9899	1.3256	0.9881	1.2309	1.0784	1.0071	1.2236	1.0256	1.1095	0.9748	1.0189	0.9223	1.0937	0.9629	0.9914	0.9387	0.8489	0.8327	0.6988	0.9215
QG37_07238	1.0304	0.8644	1.0890	0.7823	0.9832	0.9098	0.8813	1.0123	0.8032	0.8357	0.9969	0.7417	1.2292	0.7722	0.9358	0.8260	0.7542	0.9962	0.8691	0.9981	0.8761	0.8178	0.7247	0.8152	0.8339	0.9346	0.9454	0.8708	0.8419	0.9985	0.9110	0.9132	0.8584	0.7956	0.9903	0.9404	0.7533	0.9993	0.8319	0.7849	0.8264	0.8498	0.8074	0.8652	0.7928	1.0061	0.8017	0.7556
QG37_07239	0.5826	0.7355	0.6511	0.5166	0.6386	0.8365	0.7482	0.7721	0.8034	0.7203	0.5823	0.5882	0.8263	0.6514	0.6396	0.6830	0.7855	0.6852	0.6368	0.7800	0.7361	0.5833	0.6511	0.6942	0.7135	0.6454	0.6618	0.6963	0.6152	0.5896	0.6140	0.6647	0.3660	0.5768	0.6049	0.5387	0.6195	0.7390	0.5938	0.6210	0.6511	0.5669	0.6139	0.5701	0.5547	0.5387	0.4090	0.4300
QG37_07240	0.9091	0.6216	0.7434	0.7562	0.7335	0.8759	0.8319	0.8034	0.7027	0.8861	0.7011	0.7597	0.8483	0.6844	0.7660	0.9822	0.7587	0.7815	0.7262	0.7405	0.8920	0.7770	0.7628	0.8503	0.8466	0.8426	0.6858	0.7460	0.7399	0.6941	0.7132	0.7998	0.7676	0.7617	0.8669	0.8368	0.9020	0.7866	0.8251	0.8088	0.9111	0.7556	0.7311	0.8943	0.6751	0.7026	0.8262	0.7918
QG37_07241	0.7599	0.6611	0.7767	0.8209	0.6281	0.8429	0.7013	0.7592	0.7254	0.6358	0.5874	0.6482	0.8612	0.8005	0.6987	0.7283	0.7414	0.6687	0.6735	0.6989	0.6624	0.6672	0.6075	0.6936	0.6842	0.6137	0.5499	0.6361	0.5485	0.7533	0.6864	0.6832	0.5897	0.6201	0.6353	0.6753	0.7869	0.6887	0.7220	0.6646	0.7003	0.6177	0.7531	0.6016	0.5488	0.6600	0.6893	0.5879
QG37_08472	0.8048	0.7063	0.8310	0.8562	0.7152	0.8989	0.7967	0.8102	0.7364	0.7958	0.6204	0.5205	0.7783	0.9176	0.6964	0.7462	0.6351	0.7023	0.6829	0.8412	0.8913	0.7897	0.6745	0.6426	0.8038	0.7214	0.6916	0.5870	0.4942	0.7357	0.9518	0.7399	0.6846	0.7490	0.6842	0.7227	0.7827	0.8243	0.7165	0.8839	0.8459	0.7680	0.6219	0.7869	0.6452	0.6889	0.8941	0.7847
QG37_07242	0.8071	0.7370	0.8634	0.7838	0.6512	0.8217	0.7373	0.6693	0.7570	0.7077	0.5563	0.5898	0.6255	0.8342	0.6735	0.7760	0.7334	0.7220	0.7477	0.6699	0.8284	0.7275	0.6509	0.6336	0.7237	0.6862	0.7415	0.6861	0.6337	0.6557	0.6834	0.6484	0.6433	0.6985	0.7735	0.7074	0.7708	0.7055	0.6664	0.8205	0.6935	0.5690	0.6060	0.6922	0.6470	0.7928	0.5569	0.7156
QG37_07243	0.8912	0.8779	0.9517	0.8220	0.8104	0.9228	0.8889	0.9956	0.9301	0.9259	0.8460	0.8277	0.8587	0.8786	0.8134	0.9379	0.9363	0.8950	0.8612	0.8933	0.9063	0.9250	0.8693	0.7833	0.9170	0.7960	0.8691	0.8283	0.7655	0.7660	0.8460	0.9222	0.8953	0.8574	0.8733	0.9499	0.8957	0.8927	0.9313	0.9699	0.9299	0.8929	0.8545	1.0500	0.9433	0.8355	0.8596	0.8772
