GENE	CDC_B11096	CDC_B11097	CDC_B11098	CDC_B11099	CDC_B11101	CDC_B11102	CDC_B11103	CDC_B11105	CDC_B11112	CDC_B11113	CDC_B11114	CDC_B11115	CDC_B11116	CDC_B11117	CDC_B11118	CDC_B11119	CDC_B11200	CDC_B11201	CDC_B11205	CDC_B11206	CDC_B11207	CDC_B11208	CDC_B11209	CDC_B11210	CDC_B11212	CDC_B11213	CDC_B11214	CDC_B11215	CDC_B11216	CDC_B11217	CDC_B11218	CDC_B11219	CDC_B11220	CDC_B11221	CDC_B11222	CDC_B11223	CDC_B11224	CDC_B11225	CDC_B11226	CDC_B11227	CDC_B11228	CDC_B11229	CDC_B11230	CDC_B11243	CDC_B11244	CDC_B11245	CDC_B11246	CDC_B11247
QG37_07733	53.85	80.68	56.67	42.40	72.51	82.92	70.38	63.22	83.91	83.08	64.77	68.37	68.71	65.10	67.91	67.20	90.05	83.26	90.22	92.18	78.86	73.45	85.67	70.61	82.40	90.90	66.91	93.81	68.13	16.00	49.01	72.86	112.00	95.43	92.86	74.08	87.91	89.60	66.82	101.74	94.18	112.08	75.92	57.48	64.94	66.56	57.96	81.50
QG37_07734	155.31	149.36	89.15	80.00	116.78	120.32	110.33	89.63	126.89	130.39	125.34	95.09	107.68	81.28	91.66	110.22	131.46	154.51	154.23	132.37	116.01	135.40	142.23	105.72	113.50	149.68	107.65	137.48	109.14	35.01	74.57	134.87	150.93	130.72	139.30	104.10	118.72	121.66	92.67	135.20	139.08	131.78	111.19	77.66	117.49	126.30	97.84	116.37
QG37_07735	166.74	157.15	81.90	80.93	125.37	141.07	142.72	128.86	148.39	132.18	111.60	106.01	121.43	119.37	110.32	127.71	172.11	161.35	157.12	145.48	132.32	152.07	155.66	116.48	135.97	172.64	120.51	153.13	127.12	30.20	79.65	138.25	161.12	130.65	116.00	104.57	117.27	126.14	99.94	132.75	149.69	143.89	105.59	97.75	121.02	114.53	109.17	144.51
QG37_07736	148.07	145.43	83.26	77.91	115.40	120.15	127.72	118.31	114.59	127.75	84.58	95.69	113.92	113.75	90.15	104.60	153.28	154.12	142.21	131.40	107.15	138.81	135.94	111.19	122.99	149.19	103.36	157.41	111.37	28.50	72.42	139.41	146.40	127.32	119.64	87.48	109.36	116.09	90.31	119.91	144.12	126.10	84.49	93.11	115.96	109.01	101.44	137.87
QG37_07737	136.56	143.16	79.96	80.59	120.50	125.65	123.78	129.28	129.62	128.65	99.00	107.27	106.62	107.35	96.78	116.91	146.87	157.44	143.99	123.57	119.61	126.57	132.89	104.81	131.25	154.20	107.69	144.64	117.99	31.07	77.35	128.25	137.40	127.67	114.45	98.32	103.24	118.09	98.79	123.41	147.12	135.05	95.59	97.40	127.46	120.15	105.71	145.53
QG37_07738	124.84	124.66	83.37	74.02	121.94	119.67	120.14	96.87	120.77	92.60	67.33	106.02	95.12	92.41	107.48	100.92	126.57	154.90	136.00	118.55	112.26	110.66	115.75	99.94	99.38	141.69	95.97	126.21	98.85	34.27	42.91	89.89	127.41	115.81	102.65	86.01	103.74	100.58	73.64	98.01	133.44	125.92	98.07	91.28	113.90	105.39	110.21	139.24
QG37_08476	123.17	113.92	83.38	68.36	111.19	104.76	122.74	114.96	119.61	83.18	76.06	103.76	83.54	99.99	113.33	105.57	138.42	136.06	125.47	114.24	116.68	101.86	123.61	99.14	106.06	145.90	73.00	113.92	114.82	31.94	50.00	82.46	129.50	114.15	95.43	111.79	105.31	102.24	83.85	99.51	147.00	107.74	103.58	88.92	113.39	100.42	111.44	154.32
QG37_08477	121.49	124.58	77.21	61.31	118.80	102.56	116.49	109.85	122.48	85.30	73.27	107.20	77.06	101.86	105.34	112.82	133.61	142.35	113.35	110.92	105.23	107.45	119.68	101.66	111.41	136.66	71.97	110.59	109.23	34.44	56.83	83.97	138.11	103.37	104.65	99.32	92.97	98.15	88.69	90.99	134.89	104.72	92.17	85.48	117.00	85.63	109.58	152.89
QG37_07739	131.80	124.68	71.85	69.41	111.14	114.42	116.74	107.54	126.58	108.13	90.03	89.44	100.82	94.37	103.84	102.24	137.19	146.08	133.99	121.51	109.61	122.85	128.98	109.00	117.71	144.07	86.76	124.85	102.28	30.20	70.75	116.25	122.06	113.50	104.69	90.54	101.39	102.43	88.92	112.99	135.67	117.64	90.56	94.98	107.27	103.26	97.73	130.68
QG37_07740	114.49	112.99	59.59	69.59	104.71	93.61	100.87	98.62	109.27	84.86	71.55	88.56	89.82	86.56	82.60	111.46	119.78	138.49	109.62	104.45	93.15	99.51	111.48	89.40	111.13	119.50	87.11	108.14	86.96	23.23	56.34	104.25	113.66	96.71	99.00	79.39	94.00	97.60	82.87	112.70	131.12	108.35	73.47	78.92	98.74	104.50	91.74	113.10
QG37_07741	126.33	117.17	70.38	70.32	109.13	112.65	111.14	112.90	131.86	102.35	88.35	91.54	93.46	103.18	99.97	111.91	137.18	137.45	134.35	115.41	110.97	126.83	116.68	104.70	111.26	133.62	86.10	118.71	96.08	34.82	61.77	124.66	125.13	103.88	105.05	101.41	100.53	99.90	84.73	121.04	126.15	121.88	88.99	85.29	108.24	111.42	94.59	147.21
QG37_07742	137.36	137.18	75.39	85.70	119.19	118.05	116.60	113.30	128.85	108.36	89.24	126.47	94.18	95.01	107.61	128.62	145.39	166.49	131.48	122.43	111.20	135.89	121.86	103.11	148.23	159.72	98.74	134.35	98.04	33.85	63.72	128.51	139.96	127.11	120.19	84.91	112.36	130.78	100.86	123.57	147.52	131.53	99.10	92.24	121.54	98.97	102.30	139.09
QG37_07743	133.35	132.39	82.34	82.48	121.08	115.42	122.87	121.07	129.61	116.28	87.67	106.33	100.34	100.89	115.42	119.49	140.25	151.91	153.11	120.51	122.83	128.88	118.37	103.38	133.84	148.99	89.70	109.38	106.98	34.80	73.64	124.81	132.96	111.55	113.21	89.09	91.38	101.75	85.12	121.73	152.63	123.54	93.58	95.52	118.12	108.93	102.11	148.14
QG37_07744	125.56	127.71	81.18	74.29	110.77	117.56	109.67	111.23	137.36	114.46	83.66	97.66	101.80	102.47	106.45	113.79	140.77	148.44	120.26	110.25	120.75	123.46	119.35	99.97	130.45	136.04	102.42	129.26	116.24	25.54	73.57	124.37	124.69	127.79	114.26	85.13	104.23	131.89	101.85	112.78	137.87	136.26	90.44	96.33	113.76	112.15	103.31	157.26
QG37_07745	127.95	123.23	78.78	82.22	119.49	118.65	121.50	114.41	123.94	122.93	103.51	104.55	115.98	97.17	112.94	109.85	165.90	151.07	141.28	123.78	125.11	123.51	138.06	103.16	134.02	156.60	121.98	140.06	123.05	34.20	77.27	135.01	138.10	139.79	128.02	84.99	112.32	115.04	109.82	127.68	146.43	147.40	89.19	102.85	120.13	113.21	107.22	144.64
QG37_07746	125.51	117.52	69.79	63.64	106.39	107.65	103.54	108.21	114.18	96.15	79.02	81.14	93.60	105.34	87.82	107.99	138.23	142.17	109.20	102.74	112.42	105.88	113.45	88.39	115.40	136.58	96.38	115.48	91.93	89.15	120.25	106.94	111.87	100.60	97.58	91.61	89.52	105.65	79.23	108.70	132.31	118.37	89.89	87.48	93.21	107.11	87.04	125.52
QG37_07747	145.18	141.61	95.22	86.11	151.57	132.10	116.82	135.32	149.72	131.19	107.27	114.21	121.75	112.19	123.90	132.73	164.84	169.81	173.37	134.20	114.62	139.61	143.37	124.50	131.21	164.73	117.67	162.42	132.38	35.67	81.09	137.16	140.44	130.82	127.43	108.70	117.25	121.51	111.13	131.38	142.22	137.13	120.32	98.11	120.93	129.76	107.82	161.59
QG37_07748	124.84	127.52	92.71	82.52	131.61	126.59	107.21	123.56	132.69	117.22	96.95	88.74	95.18	110.16	114.99	112.27	155.10	149.10	132.80	136.99	100.30	119.61	136.28	121.76	110.11	172.46	84.27	124.00	114.10	23.64	81.50	125.69	142.97	103.28	118.29	92.95	114.62	126.56	100.50	133.03	139.04	137.73	99.32	91.36	131.07	122.15	92.45	148.50
QG37_07749	141.48	131.05	84.40	89.35	132.62	115.08	123.86	130.22	130.15	116.91	104.63	114.26	112.18	110.92	114.49	124.84	158.30	180.97	146.13	138.24	122.22	122.51	154.81	117.26	118.60	168.90	111.14	150.10	115.80	33.96	70.10	140.04	134.79	121.17	119.52	103.20	114.58	114.26	103.07	130.44	144.09	136.36	99.47	100.28	120.59	117.89	105.18	146.42
QG37_07750	120.68	129.92	80.82	80.62	120.80	110.11	116.01	109.01	127.97	115.04	100.40	101.35	106.98	113.52	106.14	116.44	152.62	152.65	135.65	113.64	113.33	127.63	138.06	106.07	127.50	149.36	103.52	134.52	117.25	30.26	77.10	128.26	136.30	123.62	108.47	92.18	107.85	117.38	94.37	130.25	136.94	119.39	93.91	95.76	116.23	125.20	103.01	143.10
QG37_07751	132.67	126.72	78.32	75.95	120.24	113.38	119.23	113.82	123.06	111.49	110.77	97.79	99.60	111.69	101.75	115.56	146.38	157.23	131.31	124.87	127.59	123.90	137.72	99.98	130.71	148.97	107.90	145.56	110.20	31.38	76.68	137.67	148.32	123.31	108.25	101.01	109.67	130.48	97.56	138.80	137.72	134.58	89.54	98.81	111.58	115.67	116.72	152.07
QG37_07752	105.71	141.22	66.66	70.96	119.29	109.72	128.95	129.77	111.19	113.92	75.15	95.16	96.64	105.97	96.36	120.44	156.06	145.98	143.46	123.01	109.11	116.92	122.01	88.98	121.94	160.97	104.87	132.97	99.44	30.21	60.53	118.06	137.74	121.63	126.18	92.89	96.49	110.67	95.85	124.37	122.87	132.13	100.15	91.22	104.66	82.69	107.64	127.37
QG37_07753	143.99	159.44	94.47	70.73	113.25	116.81	119.27	131.15	123.23	137.23	89.92	97.23	83.68	107.73	127.45	113.69	164.78	180.31	145.14	135.56	121.59	121.83	156.80	113.91	128.91	167.52	131.48	145.26	121.78	25.38	90.12	140.61	154.04	127.30	94.06	106.66	133.30	119.42	82.86	131.28	149.20	125.65	117.34	87.00	119.14	105.30	92.92	139.17
QG37_07754	135.50	139.49	85.17	72.60	125.52	115.29	117.88	122.14	125.18	112.36	93.52	100.16	103.78	111.57	114.42	124.63	139.72	161.52	138.44	128.10	124.60	133.47	139.02	111.07	129.28	148.93	103.08	130.20	117.89	29.76	78.17	119.88	140.82	127.70	109.74	106.69	105.79	111.44	98.64	117.38	151.71	131.67	101.02	93.43	121.28	118.15	97.90	141.02
QG37_07755	137.55	138.84	84.47	78.17	118.05	131.60	118.13	131.12	129.97	120.14	96.50	107.90	110.93	109.09	110.71	127.45	154.49	164.14	140.99	132.49	135.06	130.79	149.35	118.07	130.61	150.19	106.40	139.21	117.99	32.04	77.25	130.87	147.36	127.12	116.52	88.94	109.34	116.79	94.75	132.13	149.02	130.73	101.26	97.08	121.45	121.41	106.88	148.22
QG37_07756	140.73	120.51	76.85	83.12	118.83	127.87	119.50	119.69	129.86	122.13	100.04	111.30	119.84	122.75	96.29	122.78	143.64	165.79	142.00	125.82	132.45	118.68	142.72	118.99	128.23	146.01	100.21	145.97	111.92	31.68	83.73	146.69	148.65	114.60	124.02	92.92	111.13	118.32	99.95	137.89	147.19	135.02	101.20	100.68	112.23	123.08	105.56	154.34
QG37_07757	131.04	128.29	67.44	75.11	114.48	110.51	113.26	114.14	125.57	112.17	93.90	97.11	104.23	108.80	103.72	114.86	147.29	150.57	134.08	123.87	113.32	120.81	126.30	106.87	120.57	149.99	101.13	133.24	100.72	30.57	76.75	123.61	122.74	116.94	106.50	90.24	100.58	109.25	95.37	130.87	136.78	130.11	98.21	90.29	109.77	108.71	101.46	139.08
QG37_07758	143.36	140.10	80.74	70.05	139.18	112.16	123.66	132.42	140.43	129.46	115.72	104.07	128.50	121.53	114.80	135.63	162.67	185.79	152.65	138.25	137.33	141.01	146.47	124.82	125.91	154.18	101.58	136.70	118.10	28.75	87.82	137.60	149.00	143.53	120.46	117.21	125.15	129.59	96.12	139.98	161.09	153.66	115.96	93.44	118.64	135.58	102.98	157.55
QG37_07759	129.69	147.66	79.82	70.65	123.94	110.79	112.47	119.67	134.65	120.80	107.49	100.30	110.34	98.93	117.06	114.18	148.73	150.16	133.33	129.22	134.45	131.66	142.25	93.14	114.58	151.95	110.66	126.24	110.15	42.43	66.40	131.13	144.97	115.84	102.00	87.82	118.61	117.46	107.41	121.26	144.50	112.92	96.14	94.53	137.36	114.08	103.58	151.42
QG37_07760	126.19	128.79	72.98	75.26	109.91	113.69	117.50	121.32	123.95	94.40	93.47	95.17	97.86	102.69	99.56	114.32	132.26	137.79	122.36	109.57	107.55	115.76	129.62	98.67	113.80	137.72	92.20	127.94	91.97	34.38	69.39	113.73	133.08	123.66	113.02	91.82	99.25	104.30	95.78	113.85	143.22	126.05	85.95	87.86	103.25	118.07	104.26	146.02
QG37_07761	142.77	143.62	71.68	77.21	122.74	113.48	115.72	121.89	132.23	127.89	99.83	111.18	116.01	104.86	114.72	122.27	163.74	164.48	147.21	128.94	129.12	124.08	142.88	112.40	132.66	158.16	103.74	147.39	107.81	33.88	77.33	132.85	157.66	117.15	111.79	95.04	114.46	116.94	92.23	132.66	147.46	133.88	108.50	96.65	128.65	124.59	99.91	157.69
QG37_07762	90.84	100.25	72.52	70.00	99.41	97.82	103.64	94.97	106.80	106.18	83.11	84.67	95.29	75.94	84.19	88.74	117.82	118.24	120.71	93.64	99.17	102.82	111.65	91.11	116.52	129.58	82.63	112.03	98.95	27.95	70.13	108.85	112.83	109.40	82.68	78.24	106.76	97.18	79.30	116.67	105.26	108.80	83.29	72.94	91.06	88.40	87.36	109.13
QG37_07763	101.10	102.94	53.82	62.36	85.10	86.60	87.40	79.39	90.99	85.95	67.95	70.38	84.22	78.39	77.73	85.52	118.28	111.51	100.60	85.03	90.58	86.52	93.63	82.89	93.43	113.39	72.09	93.48	73.15	23.77	60.27	87.70	105.66	85.26	80.20	77.32	82.48	88.53	62.83	92.98	115.34	99.90	82.63	61.77	84.23	80.84	71.74	96.99
QG37_07764	111.70	116.90	66.70	62.14	91.64	98.61	104.65	97.86	115.50	89.44	88.68	81.85	84.71	103.01	85.96	115.38	121.82	125.40	122.09	105.04	108.96	101.47	120.34	95.05	107.73	117.13	85.24	117.01	90.80	18.64	52.95	93.38	115.27	92.08	86.12	91.80	80.00	97.79	74.91	105.16	113.04	99.34	78.77	77.11	89.42	103.19	89.54	114.59
QG37_07765	132.75	121.20	71.91	72.00	105.47	114.28	125.31	111.21	134.13	101.97	71.82	81.76	82.24	104.20	87.17	112.51	135.38	143.83	98.64	125.63	115.14	110.75	136.12	93.66	118.27	128.41	76.83	133.76	82.00	20.47	74.30	106.59	123.36	97.34	89.92	91.10	93.49	109.78	91.57	105.60	135.73	129.74	83.37	90.00	110.73	123.74	103.19	127.60
QG37_07766	129.58	137.30	78.83	71.12	116.95	118.90	130.03	123.38	135.19	115.40	99.91	103.09	107.42	100.54	104.54	119.41	154.22	158.53	134.12	123.02	124.28	137.97	138.11	104.42	134.46	144.86	107.22	141.61	101.31	31.96	79.68	120.74	137.79	121.27	120.16	95.81	103.94	105.81	96.90	132.96	147.81	134.80	99.00	97.53	112.29	117.63	98.49	150.53
QG37_07767	140.81	177.87	87.53	88.79	149.46	126.67	138.01	135.01	136.60	141.69	97.92	113.98	107.95	124.02	118.49	133.82	145.25	144.30	160.60	138.20	133.59	133.95	150.94	117.06	124.58	165.11	118.86	143.41	123.28	39.54	80.68	131.07	151.88	112.93	121.64	99.49	101.90	120.33	97.58	137.39	186.81	161.21	116.00	80.18	135.15	137.37	111.66	152.95
QG37_07768	159.14	152.01	92.56	83.58	136.34	118.28	120.41	116.83	160.26	144.88	97.50	112.46	115.87	112.14	103.04	122.74	149.50	172.96	157.76	133.02	123.46	149.67	145.96	138.83	128.63	176.35	103.39	140.43	151.92	36.39	74.77	141.67	165.47	123.67	118.04	96.05	122.97	125.76	113.69	138.95	168.21	158.34	108.48	91.35	119.62	140.70	113.36	159.43
QG37_07769	140.67	142.06	68.13	80.04	113.84	117.34	115.07	122.67	128.13	127.99	104.43	95.10	103.21	102.62	108.13	118.53	147.94	157.78	141.33	132.29	118.41	119.40	134.04	113.56	135.04	151.21	101.47	134.53	100.30	32.44	69.77	122.03	135.14	123.96	109.92	88.37	100.85	109.86	98.53	125.68	143.74	127.76	99.55	90.33	113.26	122.57	102.35	145.06
QG37_07770	120.40	114.43	72.36	75.20	117.25	100.05	110.24	115.80	121.19	97.89	88.75	100.05	96.79	93.67	98.74	98.54	140.51	138.28	141.35	113.85	111.58	103.43	127.83	99.60	117.34	135.47	92.48	120.21	97.93	24.19	70.27	119.08	135.55	101.03	110.99	87.96	99.00	102.68	83.92	123.31	135.90	122.88	94.59	92.21	112.13	101.80	98.66	136.77
QG37_07771	120.76	108.41	63.36	66.44	96.72	91.99	102.30	98.72	104.77	89.97	80.90	103.33	84.28	90.01	94.49	98.78	126.91	134.67	131.93	102.55	101.80	100.70	113.07	95.92	100.14	141.14	78.49	112.02	93.85	25.39	58.59	117.28	116.89	101.93	120.06	78.23	88.78	92.36	85.22	107.33	120.19	123.77	96.50	84.17	98.14	112.96	94.17	126.45
QG37_07772	131.92	126.84	76.94	77.55	97.29	111.54	114.98	119.17	124.38	103.25	94.60	95.82	101.51	114.49	100.76	108.41	129.24	137.87	123.83	116.89	114.69	124.80	142.82	98.59	114.34	129.00	96.74	127.72	104.62	33.10	70.89	114.43	130.56	115.38	111.26	93.15	102.89	102.46	87.37	125.31	125.82	121.35	83.44	90.68	103.41	102.88	94.20	128.61
QG37_07773	146.28	146.69	86.49	80.78	131.95	125.94	129.70	133.19	139.38	130.74	97.77	106.86	119.13	105.05	110.04	124.06	154.07	161.80	150.34	141.90	129.85	130.89	147.31	110.86	140.35	165.77	108.63	149.58	119.52	35.90	80.52	136.62	151.71	140.19	116.21	100.82	121.60	121.06	99.46	131.25	156.41	145.55	103.43	96.25	121.16	119.35	124.10	148.61
QG37_07774	132.45	135.70	75.82	77.74	117.63	115.35	122.01	125.30	121.63	116.49	100.72	100.42	102.13	98.34	104.25	129.88	145.86	154.03	139.39	121.97	121.75	127.30	134.43	98.74	132.10	149.50	108.22	131.32	109.29	29.45	74.38	132.72	140.29	117.93	113.62	104.76	113.76	109.04	102.88	128.96	133.95	121.26	96.77	97.83	113.19	119.82	105.95	149.86
QG37_08478	198.10	204.10	148.42	120.90	182.79	195.49	160.61	193.04	177.61	215.58	126.96	149.01	172.45	168.58	149.15	187.14	226.27	224.79	203.24	177.15	163.86	178.79	208.28	155.39	192.68	244.75	153.80	224.46	184.65	109.34	165.48	186.82	234.01	169.79	151.38	157.54	158.96	185.11	136.59	191.24	222.75	190.30	131.61	123.21	156.37	137.41	137.55	186.86
QG37_07775	118.50	122.64	74.22	74.79	96.11	109.63	102.03	113.28	117.47	107.14	87.94	98.07	92.56	92.27	77.34	119.41	140.86	147.87	134.28	123.68	106.29	107.45	112.55	97.01	114.91	168.51	100.11	115.90	104.58	25.27	64.63	118.29	138.98	109.56	89.62	104.00	95.48	108.49	88.65	103.33	109.88	126.89	87.44	67.94	104.84	97.99	82.78	132.71
QG37_07776	139.43	113.83	75.77	70.02	113.72	117.25	120.89	113.48	140.41	128.67	97.88	108.96	114.28	110.75	107.10	110.28	143.81	154.83	151.78	128.42	111.85	127.82	119.45	107.49	129.82	166.26	97.36	145.26	105.74	31.60	79.20	137.53	139.08	116.37	102.53	95.85	103.47	120.43	102.72	126.11	146.90	141.75	87.89	95.83	109.62	121.64	115.26	153.40
QG37_07777	125.35	127.97	73.45	73.53	117.59	125.53	121.92	118.12	135.92	113.29	97.72	101.82	109.67	99.86	109.37	107.34	145.89	146.07	144.50	122.82	116.66	119.91	138.14	110.66	129.65	150.17	92.72	139.35	105.76	26.67	68.94	122.41	125.24	117.10	106.46	87.08	102.88	127.43	91.14	116.04	138.15	133.99	106.32	86.54	118.45	117.46	91.41	126.73
QG37_07778	137.71	135.93	86.30	80.05	124.41	128.20	112.36	107.05	155.64	120.90	93.69	111.07	118.20	114.59	106.92	110.46	156.82	156.96	151.43	115.86	139.82	139.00	130.68	103.13	135.22	163.93	107.41	146.14	122.93	32.27	65.12	122.08	127.88	113.05	115.17	84.95	125.92	123.42	91.94	111.36	150.31	119.82	123.34	95.40	117.51	114.48	104.75	147.50
QG37_07779	140.97	136.97	89.11	73.88	119.98	104.28	123.34	107.90	123.30	116.48	71.27	103.48	87.40	101.92	88.45	111.67	142.16	145.89	140.01	117.53	124.12	114.00	124.99	99.62	98.54	138.05	108.67	118.70	111.43	26.49	72.27	116.79	93.32	115.40	99.45	79.79	79.71	111.77	96.60	99.39	107.78	105.95	87.68	85.84	126.79	110.35	84.83	135.51
QG37_07780	129.00	127.54	72.27	73.54	108.37	104.45	113.50	113.29	119.13	107.27	87.58	96.64	97.85	103.65	90.09	108.30	133.04	152.46	139.18	118.18	115.11	115.47	121.20	96.72	120.51	132.14	97.26	136.07	107.17	27.60	69.85	117.76	122.49	121.55	107.64	91.52	105.56	115.91	88.08	112.88	137.30	116.54	90.78	90.85	104.27	100.56	95.35	133.03
QG37_07781	63.90	59.54	27.43	33.05	52.94	56.18	57.81	41.15	62.09	56.46	42.58	52.65	42.41	46.91	51.59	44.96	84.85	73.00	67.87	62.28	59.69	61.90	61.56	51.15	67.78	58.26	46.52	69.84	67.55	10.10	43.03	61.14	59.83	49.54	50.09	50.33	48.23	45.16	38.16	59.92	65.03	53.32	44.81	32.48	33.74	31.57	34.02	41.56
