GENE	CDC_B11096	CDC_B11097	CDC_B11098	CDC_B11099	CDC_B11101	CDC_B11102	CDC_B11103	CDC_B11105	CDC_B11112	CDC_B11113	CDC_B11114	CDC_B11115	CDC_B11116	CDC_B11117	CDC_B11118	CDC_B11119	CDC_B11200	CDC_B11201	CDC_B11205	CDC_B11206	CDC_B11207	CDC_B11208	CDC_B11209	CDC_B11210	CDC_B11212	CDC_B11213	CDC_B11214	CDC_B11215	CDC_B11216	CDC_B11217	CDC_B11218	CDC_B11219	CDC_B11220	CDC_B11221	CDC_B11222	CDC_B11223	CDC_B11224	CDC_B11225	CDC_B11226	CDC_B11227	CDC_B11228	CDC_B11229	CDC_B11230	CDC_B11243	CDC_B11244	CDC_B11245	CDC_B11246	CDC_B11247
QG37_06310	84.90	89.28	47.95	52.38	91.33	84.03	85.29	88.00	102.54	84.22	79.30	69.93	74.74	83.95	80.61	105.86	118.14	118.70	118.63	90.77	86.17	93.68	105.78	91.56	96.05	101.64	75.45	95.11	78.02	19.54	59.54	87.99	98.42	94.49	83.56	73.23	88.16	95.62	75.44	96.99	104.60	107.71	78.13	74.09	91.69	96.46	81.53	116.23
QG37_06311	109.69	109.04	62.75	68.74	88.81	95.00	94.80	102.02	105.66	92.61	80.46	83.26	78.87	92.18	89.32	102.98	118.21	134.06	122.74	100.52	106.76	102.34	118.89	87.06	105.56	124.26	83.50	106.16	87.13	24.31	64.31	106.21	107.03	114.92	95.97	79.03	92.14	105.40	85.14	102.93	122.76	106.38	82.47	89.81	98.08	102.26	87.87	124.62
QG37_06312	107.39	118.95	69.56	69.23	104.28	100.06	101.12	107.83	112.86	100.88	86.77	78.57	91.07	93.85	85.95	101.94	124.59	140.78	124.10	108.33	111.86	111.27	115.76	97.58	110.58	133.03	87.00	117.50	90.47	24.51	62.18	107.64	116.20	103.34	105.81	78.97	92.30	102.35	83.45	106.72	121.74	105.59	82.63	87.49	99.74	100.73	92.22	133.04
QG37_06313	115.11	107.17	75.62	69.10	102.22	108.06	115.36	112.52	131.46	113.02	95.59	83.31	98.27	88.79	99.86	96.00	140.66	128.89	134.54	115.70	114.28	105.93	122.38	100.31	119.12	136.30	75.03	121.02	109.23	32.42	65.63	108.27	124.91	103.73	95.86	97.13	108.22	100.98	84.15	117.65	130.21	98.58	91.07	83.45	106.13	105.46	98.17	137.05
QG37_06314	126.76	117.52	70.44	84.25	95.65	115.50	114.98	103.38	123.91	107.32	86.34	86.88	102.78	82.03	91.72	121.57	136.46	126.66	166.69	111.22	122.06	106.65	134.23	121.80	127.50	126.17	99.78	116.18	107.85	39.39	58.67	108.65	165.95	130.56	87.83	103.29	105.98	105.81	90.16	111.72	150.72	115.53	89.96	96.70	110.82	103.62	87.95	146.31
QG37_06315	120.47	128.75	66.27	68.65	115.22	127.71	110.28	102.75	148.79	107.54	87.21	90.81	100.10	95.65	107.28	110.01	124.96	148.88	143.61	107.98	125.82	124.41	128.78	102.15	112.60	139.79	97.85	130.65	100.42	36.91	73.39	114.09	123.45	94.96	122.19	94.84	117.52	122.81	92.95	129.61	143.05	125.49	97.38	96.41	104.98	103.41	103.07	134.67
QG37_06316	136.16	131.45	69.62	71.50	112.05	111.19	113.08	113.97	127.89	113.38	89.13	103.94	106.42	112.70	97.58	111.55	141.29	146.93	150.76	116.08	120.49	120.22	125.05	106.99	123.79	145.77	95.86	138.71	106.92	31.33	73.34	126.72	137.59	108.65	109.65	88.04	109.54	110.89	85.45	130.19	135.30	131.33	104.37	67.32	87.49	94.66	86.29	108.98
QG37_06317	128.13	130.39	82.70	75.32	120.09	122.43	116.30	119.26	129.00	132.08	103.19	104.36	104.58	124.31	110.55	117.34	159.30	152.45	149.71	133.30	134.50	129.51	141.01	117.27	121.39	154.56	105.94	142.92	118.57	34.39	93.34	134.62	147.06	114.14	117.90	96.37	126.54	120.56	93.17	129.68	145.31	126.89	105.88	81.30	118.05	118.08	114.83	154.44
QG37_06318	133.90	131.52	77.67	75.02	117.18	124.98	121.67	126.51	136.75	125.91	93.91	103.57	113.09	115.22	109.22	116.28	153.59	156.49	143.05	121.32	124.56	134.27	138.05	110.60	128.96	144.71	105.31	138.33	112.74	31.63	71.22	133.64	145.46	128.26	108.17	101.38	109.32	113.77	93.73	124.80	146.61	121.65	100.92	90.22	117.33	112.18	107.48	155.93
QG37_06319	116.40	103.17	72.83	64.45	102.61	98.94	108.46	98.45	122.33	100.88	105.92	93.70	99.05	101.15	102.96	105.60	129.24	147.29	114.87	140.75	107.61	101.75	129.56	105.11	120.25	141.33	93.80	135.68	105.04	26.37	66.93	115.37	137.81	124.90	92.99	100.75	130.74	92.01	83.89	139.78	154.87	116.87	72.81	84.16	113.21	126.67	107.08	145.88
QG37_06320	121.96	126.29	83.87	83.88	118.40	118.40	118.46	118.47	126.23	125.82	97.14	102.57	112.09	110.30	103.06	108.54	139.63	141.80	124.73	113.03	118.47	123.33	128.62	115.38	131.47	145.69	114.81	138.13	104.86	21.61	65.65	114.40	140.88	124.48	110.05	86.71	108.17	104.36	102.18	121.90	132.55	136.05	83.55	93.15	110.31	127.23	107.42	143.93
QG37_06321	108.31	126.05	70.29	73.02	111.66	113.04	116.42	119.03	126.18	106.81	84.10	86.61	102.19	96.14	98.51	117.54	138.91	147.54	131.87	118.50	119.14	116.59	126.49	98.52	135.14	137.46	98.14	137.56	98.93	30.50	71.82	120.33	141.72	124.45	109.52	96.45	100.00	116.89	86.41	127.04	132.90	122.99	101.29	83.99	115.68	113.98	99.48	132.61
QG37_06322	141.14	129.55	66.21	60.98	112.18	119.06	107.98	109.85	134.18	108.08	95.92	98.53	98.12	103.01	98.04	112.14	138.87	158.30	134.33	112.57	103.05	121.75	128.63	97.83	138.28	160.54	102.57	144.40	113.70	29.94	81.14	129.78	130.20	113.49	107.06	93.28	90.11	112.52	85.27	107.69	128.58	130.09	88.17	89.40	105.12	104.93	100.95	133.04
QG37_06323	114.03	113.25	59.94	73.82	115.59	103.65	119.71	103.27	98.77	102.03	82.17	73.92	79.91	85.33	82.14	98.85	129.32	160.77	115.10	103.87	111.42	110.27	108.58	93.09	102.32	125.47	99.71	116.33	97.14	18.99	64.00	102.56	109.96	105.35	81.91	90.89	103.74	108.01	75.23	120.04	133.00	122.64	71.55	87.17	98.26	110.87	97.62	116.20
QG37_06324	107.21	104.72	67.80	59.28	96.32	91.82	97.87	94.00	103.46	84.15	72.22	71.51	81.53	96.05	74.92	101.15	141.76	132.41	119.84	92.43	101.91	92.02	108.70	77.58	97.32	123.47	94.43	101.45	76.57	29.52	58.17	107.87	98.24	89.80	75.32	74.69	99.40	96.28	80.75	103.66	124.42	109.27	70.07	85.21	92.79	104.44	78.55	116.65
QG37_06325	110.39	64.74	34.25	40.08	73.86	70.71	59.61	71.37	68.21	65.04	60.62	40.76	38.84	70.12	45.58	52.75	68.82	91.46	77.35	64.63	62.01	84.30	85.91	58.39	78.42	77.90	65.91	61.66	50.71	13.15	40.37	68.06	74.79	89.62	61.29	47.70	59.95	62.63	46.69	67.53	103.26	66.30	62.15	73.71	64.35	73.60	56.97	80.17
QG37_06326	97.26	104.10	72.13	68.82	105.50	107.11	118.01	97.28	101.23	112.75	78.37	89.55	97.64	88.19	92.11	136.40	135.82	135.63	122.34	103.03	112.52	119.38	145.04	105.17	117.83	153.43	98.78	131.25	91.97	24.65	67.08	128.33	123.39	112.57	86.84	93.96	91.62	86.51	101.78	111.64	150.35	116.89	87.97	82.22	95.22	111.99	91.19	136.57
QG37_06327	110.52	115.68	64.72	70.10	88.09	121.49	111.01	127.41	105.41	115.71	94.77	102.98	77.66	98.90	103.83	114.08	137.29	151.16	120.07	87.58	116.67	110.81	130.85	92.46	123.28	143.93	93.73	126.27	101.29	28.53	63.92	105.47	106.65	105.29	125.41	90.96	114.33	110.11	77.32	117.22	136.64	134.70	93.16	72.14	100.39	107.52	96.44	133.30
QG37_06328	129.60	130.46	72.96	77.17	109.45	110.85	117.69	109.45	126.00	101.58	93.56	94.03	97.50	108.19	94.45	116.48	140.35	140.67	137.69	121.67	119.90	118.07	129.94	105.02	117.30	140.78	103.06	133.41	99.77	28.25	78.00	125.75	125.48	109.96	110.77	93.78	106.37	112.21	94.13	122.14	145.98	124.83	97.66	91.13	116.19	114.74	106.38	135.22
QG37_06329	137.87	134.46	78.15	73.74	128.00	93.56	112.19	115.48	124.98	106.97	86.65	101.74	88.86	113.96	108.88	125.77	135.18	161.91	124.19	118.84	122.59	110.11	135.43	96.29	125.96	146.59	106.52	133.16	110.84	28.77	83.46	139.25	145.09	134.75	106.79	86.87	112.02	115.74	105.70	129.52	147.33	116.58	111.18	103.99	114.10	123.39	98.89	159.48
QG37_06330	120.44	125.94	71.69	68.81	118.01	115.07	111.48	110.22	136.86	101.48	90.96	97.27	100.88	116.66	107.82	120.68	137.00	147.14	129.27	115.48	119.10	119.53	122.75	108.24	115.86	135.18	93.00	127.77	97.48	31.31	71.11	123.79	135.65	114.66	108.17	91.90	102.77	104.50	82.60	126.58	145.96	137.46	84.34	89.86	108.60	116.22	98.81	135.23
QG37_06331	123.21	131.06	70.21	77.06	116.03	114.17	109.57	126.67	130.29	125.44	103.46	107.95	97.07	103.78	106.03	115.40	144.01	149.67	144.23	124.66	126.86	129.56	143.24	109.49	116.88	141.51	99.19	134.83	101.34	21.30	66.83	111.66	127.05	117.92	121.99	91.38	100.91	97.96	91.25	113.89	132.82	131.81	100.72	99.55	98.15	102.90	85.53	132.63
QG37_06332	121.77	126.02	68.93	67.39	110.49	115.99	94.57	104.56	122.13	112.53	90.98	98.72	106.43	103.23	102.98	110.75	149.63	153.45	156.54	127.62	122.20	121.11	157.75	110.98	122.51	166.61	104.07	141.87	113.42	37.74	81.71	130.52	145.82	115.33	122.55	88.25	121.77	123.25	88.05	135.69	139.48	145.85	111.82	88.37	123.39	116.84	106.35	143.46
QG37_06333	128.19	130.91	73.73	77.98	116.67	110.89	115.42	113.38	126.04	117.02	96.51	93.34	93.45	107.26	103.44	99.81	139.79	147.91	153.57	122.92	124.48	121.46	135.18	102.65	119.95	164.03	98.27	146.10	115.43	29.33	78.75	116.81	153.29	122.50	110.14	91.02	108.61	115.29	94.51	122.00	134.65	128.80	98.62	92.99	114.14	112.93	103.32	142.90
QG37_06334	111.03	129.48	73.23	77.40	110.14	128.30	107.30	111.45	130.40	119.73	85.26	92.31	95.91	94.74	104.89	94.46	133.69	150.08	160.82	129.97	101.67	112.95	133.51	110.54	121.75	144.81	110.41	132.42	103.28	26.68	85.46	144.56	137.61	133.75	104.46	78.92	103.75	132.89	77.32	122.26	124.56	129.06	96.56	79.44	112.99	100.97	108.11	117.69
QG37_06335	107.59	131.89	70.41	78.33	117.05	114.03	111.73	109.03	122.56	100.39	87.72	97.29	103.71	105.88	102.39	121.22	140.27	153.26	145.83	118.02	133.73	121.62	128.76	92.52	123.59	150.09	106.90	118.11	109.83	32.88	62.88	112.83	140.85	120.33	106.40	90.39	101.51	117.44	86.04	117.84	133.35	118.62	92.11	91.78	109.67	123.03	100.11	136.26
QG37_06336	115.73	114.07	70.10	70.33	114.49	110.28	116.35	124.24	119.10	108.08	79.66	98.42	98.25	107.48	111.48	115.80	150.13	151.45	129.61	113.10	109.71	115.45	119.69	107.00	128.01	132.46	99.69	129.54	94.53	23.03	63.35	126.19	118.38	108.51	111.97	93.43	97.37	109.68	89.22	108.79	127.49	119.51	96.75	82.55	108.43	104.39	101.28	137.93
QG37_06337	124.86	139.71	70.10	70.76	122.60	115.85	115.38	113.18	130.42	110.50	93.11	94.23	109.13	103.87	102.25	117.87	138.50	166.82	137.61	118.09	120.16	121.94	131.35	101.12	124.25	142.38	94.92	133.15	104.14	32.39	81.77	127.07	138.81	121.73	109.03	100.66	106.28	110.15	85.99	119.16	140.43	131.85	96.91	93.31	114.64	115.65	109.12	140.94
QG37_06338	113.13	129.53	78.82	68.01	106.44	111.01	123.45	112.52	123.36	98.07	94.88	83.40	91.75	95.23	85.66	108.03	144.58	166.34	117.66	109.67	119.42	120.77	128.89	121.15	117.52	138.24	105.40	121.66	113.63	22.35	57.17	155.21	131.31	122.46	95.46	91.58	97.91	117.50	87.67	120.93	131.77	122.31	78.57	94.50	109.49	104.68	96.56	130.15
QG37_06339	122.92	129.62	69.04	64.13	115.41	114.18	117.04	121.81	125.19	112.20	84.39	98.19	105.53	113.28	109.00	110.87	139.19	152.91	131.55	120.67	120.40	125.38	121.82	101.11	123.27	144.78	108.61	129.56	108.94	29.10	64.89	118.29	141.77	119.26	103.15	116.60	126.93	113.15	102.75	115.37	134.67	129.48	94.57	95.19	113.76	109.89	96.29	147.84
QG37_06340	129.08	144.65	71.67	68.71	139.41	115.08	134.38	117.17	135.87	121.93	93.22	88.17	108.25	100.04	111.24	112.29	148.65	152.76	131.11	125.50	134.63	132.82	145.45	122.74	132.08	148.53	113.97	149.24	109.60	31.54	77.69	132.18	163.57	116.53	124.31	109.38	126.48	135.42	102.58	127.49	154.81	146.11	93.99	123.38	141.68	129.22	101.80	145.98
QG37_06341	131.64	143.39	80.29	65.67	125.26	118.73	123.92	128.23	135.90	101.91	99.35	94.61	110.35	113.09	111.37	118.75	155.92	170.34	152.09	117.17	134.85	112.93	139.59	102.99	136.64	160.82	116.84	143.81	108.54	30.84	71.14	120.75	134.35	127.85	113.93	93.35	118.14	127.85	97.03	133.89	150.60	141.40	102.01	98.40	120.53	123.88	105.01	152.34
QG37_08466	145.47	126.99	71.83	83.85	118.60	127.85	118.81	134.62	131.47	116.06	86.92	127.78	107.04	125.43	119.46	98.62	144.31	160.79	152.33	127.96	114.61	156.36	126.68	116.94	156.07	177.29	117.49	146.42	113.39	36.69	77.44	130.07	148.26	116.57	122.82	82.74	116.93	95.61	93.21	146.72	153.62	140.40	105.38	82.69	129.54	105.18	113.90	140.44
QG37_06342	140.95	134.55	83.89	65.88	124.83	112.28	116.66	135.11	127.83	108.80	99.76	109.14	111.51	120.13	110.15	101.99	150.85	158.55	139.84	114.43	123.18	133.56	138.02	111.65	131.91	147.70	95.92	139.89	109.82	28.33	75.15	134.58	138.31	116.49	102.93	81.22	107.03	119.23	95.09	130.90	140.84	142.92	107.72	86.30	112.14	106.53	98.14	144.62
QG37_06343	121.02	133.30	77.93	72.76	103.42	119.10	113.70	118.07	123.56	121.89	97.06	99.71	104.98	107.13	100.00	110.08	137.27	154.96	137.24	119.35	116.33	129.52	137.55	106.63	119.27	144.61	109.48	141.26	115.49	30.35	76.49	132.44	141.78	120.44	105.99	88.46	99.77	119.97	86.40	133.66	150.10	130.78	109.70	78.96	118.23	115.88	108.26	147.15
QG37_06344	149.97	138.18	80.64	74.77	107.78	109.42	120.93	112.28	132.64	119.43	97.11	99.61	91.36	114.94	95.47	114.30	131.25	165.22	150.27	138.78	141.25	139.86	139.83	103.70	115.05	118.55	105.21	150.40	117.36	26.91	82.33	121.01	136.29	117.81	113.45	96.08	106.21	118.94	91.28	136.37	151.38	140.36	89.10	82.95	105.92	114.88	111.01	147.34
QG37_06345	129.74	143.16	83.03	74.52	105.34	115.14	107.35	115.09	136.20	107.56	99.97	104.81	105.78	104.58	96.01	102.45	134.54	148.01	125.59	117.74	122.12	125.52	118.81	105.00	115.04	151.38	109.46	112.63	109.70	31.06	66.21	119.70	138.66	121.00	121.65	89.36	104.46	101.60	99.91	108.47	151.68	132.08	90.79	97.02	113.75	125.70	106.40	154.43
QG37_06346	161.06	129.99	86.44	83.52	127.45	111.65	121.23	112.29	133.29	113.80	104.90	98.76	119.72	105.60	115.36	116.98	155.58	166.57	139.79	132.98	125.37	115.71	153.05	111.75	129.09	154.99	97.73	142.20	118.55	32.82	76.65	131.59	139.85	130.10	126.90	95.86	118.55	117.56	96.52	126.76	141.72	139.58	103.28	84.76	106.69	107.59	123.49	144.61
QG37_06347	125.90	127.50	77.45	74.86	107.74	118.50	105.55	104.99	135.44	126.41	95.94	93.51	92.16	95.85	95.04	118.50	142.87	154.06	134.41	119.75	126.83	119.26	127.97	105.61	116.51	151.72	115.47	113.69	96.64	32.46	78.88	128.76	140.15	121.07	100.78	89.25	104.13	108.66	89.92	114.44	121.91	113.56	87.66	90.71	97.19	103.63	92.65	136.58
QG37_06348	135.18	142.44	76.05	75.93	122.19	128.30	122.49	128.98	148.10	146.40	104.93	98.95	109.63	123.21	101.40	116.74	148.60	167.60	142.65	122.06	130.41	134.05	124.58	119.62	126.46	166.29	111.81	145.40	116.26	36.51	84.61	139.88	156.87	139.25	127.57	105.87	106.33	127.10	100.47	114.00	140.10	126.87	94.41	93.09	124.15	110.09	101.46	147.32
QG37_06349	141.81	133.71	79.50	81.08	125.06	125.65	107.08	124.50	134.52	108.27	103.63	101.58	113.75	103.69	116.47	121.60	143.85	163.31	146.80	124.26	134.86	125.67	141.59	109.40	136.08	158.98	104.48	127.36	123.75	31.96	76.51	128.41	154.43	130.87	114.92	88.32	117.20	113.33	94.84	111.09	137.70	133.05	99.78	94.57	107.39	118.23	100.29	156.03
QG37_06350	118.91	132.66	76.96	70.00	112.55	107.49	118.42	122.35	135.63	117.68	92.27	95.87	102.74	106.02	99.66	112.36	148.61	146.13	139.97	116.39	125.19	121.29	126.64	111.21	128.73	137.51	97.33	117.52	112.48	32.85	66.95	119.24	126.63	119.80	122.38	81.56	114.92	104.33	73.79	106.34	127.53	123.87	84.54	84.62	108.45	112.20	92.57	129.92
QG37_06351	142.70	154.11	81.94	84.09	135.49	118.88	129.94	125.71	141.94	133.22	115.82	109.15	129.05	116.28	114.81	133.34	153.76	167.82	152.33	132.59	138.28	135.08	139.59	113.95	152.57	161.36	109.27	154.03	126.22	32.94	78.77	139.38	159.88	128.84	126.33	98.14	109.32	121.86	105.70	132.39	169.26	134.41	99.92	102.22	123.96	122.35	114.91	142.12
QG37_06352	139.52	129.71	84.03	76.26	127.54	124.64	116.85	133.71	134.38	116.13	104.61	119.95	124.27	108.11	118.74	124.87	148.39	150.84	142.21	121.26	124.15	129.95	141.08	108.17	120.22	160.48	104.14	136.33	116.17	38.30	76.19	127.72	155.68	129.30	119.20	88.35	124.40	118.97	95.91	132.04	163.59	140.09	102.13	101.66	126.19	122.27	105.63	149.86
QG37_06353	137.17	138.39	75.67	71.13	124.40	134.72	115.93	118.76	153.34	119.69	100.97	108.39	119.93	117.14	121.01	126.96	129.56	161.73	119.04	127.57	122.37	133.50	125.87	114.77	137.59	170.01	100.81	139.68	129.12	41.61	94.42	136.68	145.78	120.09	111.66	112.80	114.06	131.00	94.67	132.13	157.91	136.11	108.95	85.74	124.21	117.33	116.83	152.29
QG37_06354	148.14	162.28	89.59	82.82	130.58	133.59	145.81	136.70	145.51	146.36	116.87	140.22	127.72	123.53	108.90	132.90	150.72	181.51	181.93	150.61	171.13	148.36	175.81	132.84	150.67	168.77	132.19	161.76	133.55	33.35	89.05	161.86	162.14	131.35	119.61	110.69	123.41	133.71	125.56	138.08	151.75	144.70	120.02	96.98	131.55	129.75	121.04	170.98
QG37_06355	152.79	149.46	82.76	80.37	127.30	133.83	125.58	122.94	147.80	121.11	104.72	124.74	110.50	105.12	98.28	120.71	149.65	174.71	165.20	145.56	131.38	136.89	140.44	117.48	139.86	179.79	110.47	156.07	129.68	35.76	68.52	134.17	158.21	127.91	122.04	113.88	117.28	124.74	100.06	135.90	160.97	142.87	104.43	102.89	110.80	118.58	115.26	167.28
QG37_06356	144.09	145.22	85.13	66.56	123.18	123.10	117.32	108.51	133.81	116.77	87.82	100.30	115.47	105.32	103.00	108.47	137.97	164.84	136.35	130.61	132.61	131.05	144.95	119.01	116.28	148.04	98.07	123.27	93.98	33.65	81.34	131.69	143.86	109.02	124.21	103.97	114.22	108.87	95.37	125.54	148.26	125.05	89.03	84.49	113.69	109.55	98.40	142.13
QG37_06357	152.63	157.73	86.13	84.77	130.29	131.50	127.50	127.86	139.83	138.77	110.36	117.86	122.71	119.01	110.07	119.15	156.32	175.76	151.52	133.50	127.95	139.31	146.16	114.34	140.10	181.43	116.25	167.85	131.82	35.39	86.02	139.97	157.37	138.49	121.94	106.40	117.94	124.47	102.24	138.26	159.71	151.55	108.43	102.14	139.35	121.17	114.06	164.88
QG37_06358	100.54	75.05	41.98	44.70	85.71	72.20	62.04	77.99	42.40	87.53	72.65	72.30	55.09	60.09	65.39	54.36	92.27	102.20	92.14	73.96	74.73	112.25	94.04	74.20	79.88	96.48	71.93	102.72	97.53	15.94	45.87	92.29	116.24	121.99	79.78	76.36	90.72	86.33	69.22	84.86	120.04	94.13	66.98	72.99	89.83	80.56	84.84	98.90
QG37_06359	145.34	120.58	79.41	67.15	113.91	98.29	106.52	110.02	96.79	116.20	89.42	95.65	100.76	82.25	91.31	100.26	130.57	145.74	131.34	118.70	109.38	115.64	112.40	103.79	107.18	145.45	100.71	135.59	107.34	30.08	64.80	122.42	144.27	132.36	119.25	106.00	105.47	110.86	91.74	130.83	131.10	135.25	94.39	87.24	113.94	111.96	112.23	142.74
QG37_06360	161.65	172.53	92.08	83.83	152.38	137.79	130.02	138.08	151.57	135.21	116.00	122.28	125.72	116.73	129.16	129.60	174.16	184.16	161.51	146.67	132.11	147.76	159.15	126.67	159.98	180.74	120.46	158.11	130.41	36.81	84.83	151.56	164.68	150.71	138.88	112.09	130.89	125.95	101.50	144.42	157.38	157.81	108.40	101.67	141.99	136.83	115.18	162.14
QG37_06361	98.20	81.54	33.75	46.87	65.01	64.24	63.92	53.84	73.99	59.26	55.21	53.25	59.03	63.18	47.33	64.45	67.43	74.72	74.56	61.09	52.34	70.09	63.28	57.09	66.62	86.97	67.15	76.40	69.71	17.06	36.34	64.77	74.55	85.77	65.30	69.22	70.97	77.14	58.01	75.25	95.55	102.74	62.26	53.47	63.15	65.66	43.17	85.10
QG37_06362	172.43	159.25	75.82	83.42	127.88	136.06	126.00	116.99	134.21	119.77	97.45	104.76	122.08	114.74	114.26	129.96	164.47	154.32	154.62	138.19	140.30	140.95	149.78	106.83	142.72	161.91	110.85	156.91	122.74	43.55	73.99	131.39	154.55	114.84	117.06	94.74	115.04	119.15	101.55	130.67	161.40	136.95	117.58	92.77	115.14	112.36	109.54	123.72
QG37_06363	149.46	154.36	90.39	79.90	131.38	145.45	133.06	139.24	146.69	143.54	113.13	123.49	131.95	117.89	113.43	124.45	161.16	164.32	148.75	144.15	134.40	131.25	147.21	106.76	134.63	163.61	114.12	152.04	129.57	35.84	75.90	139.52	165.81	132.04	119.81	107.16	122.62	120.30	99.98	133.62	157.86	141.36	102.27	101.29	124.58	122.93	111.10	151.78
QG37_06364	169.89	162.92	96.98	91.62	145.54	138.08	142.45	145.16	151.25	151.01	121.75	131.61	124.77	113.14	116.32	131.01	172.46	165.67	155.11	160.39	135.50	142.81	155.41	115.17	147.29	178.81	127.10	171.69	140.74	37.54	81.34	137.53	160.42	146.08	129.08	105.52	119.94	119.59	107.07	143.80	169.28	146.08	101.96	99.48	132.87	128.69	115.32	156.12
QG37_06365	152.48	135.02	90.52	73.18	128.10	135.92	122.14	134.97	136.01	126.42	109.70	99.95	117.91	114.38	98.03	116.46	149.57	156.51	145.71	133.57	121.29	117.97	136.48	97.91	130.61	156.28	112.91	132.30	113.65	31.38	76.91	132.71	137.40	134.58	117.62	94.20	118.31	106.43	95.99	125.87	163.76	139.05	94.28	98.87	117.55	108.67	99.82	143.63
QG37_06366	148.10	153.25	97.99	76.85	127.47	123.69	126.05	131.07	135.03	156.99	99.21	114.23	134.29	95.78	87.77	106.97	141.78	156.39	133.19	129.65	123.02	143.90	136.39	105.50	132.56	164.16	103.99	145.24	118.16	37.99	76.50	126.24	147.84	111.54	115.84	100.39	110.07	111.81	84.59	116.07	160.95	144.18	93.52	97.32	113.48	119.50	108.30	153.31
QG37_06367	105.64	123.79	62.03	55.37	105.35	102.87	95.37	106.73	108.84	106.11	101.56	90.32	121.84	108.25	109.84	82.94	128.43	121.74	133.93	115.76	117.34	123.38	108.24	96.09	116.30	127.98	84.79	131.49	97.18	31.86	70.97	127.76	84.45	116.57	77.07	61.64	89.38	74.96	77.02	95.73	107.06	91.86	68.13	85.29	119.72	115.04	86.22	124.96
QG37_06368	150.62	132.51	85.01	66.78	124.74	138.27	128.40	119.10	133.69	124.81	110.90	107.99	121.53	115.43	108.36	111.02	144.90	148.89	137.00	124.98	127.15	125.75	144.19	114.01	121.08	148.71	88.48	151.38	112.89	28.52	70.35	123.32	142.43	136.70	111.17	101.95	95.67	118.12	87.31	122.96	147.39	122.56	86.57	103.48	110.71	118.59	114.86	139.88
QG37_06369	172.90	167.51	87.19	92.83	150.30	146.70	128.34	144.26	131.38	142.58	109.84	102.83	127.78	117.60	108.80	136.01	164.58	159.94	147.45	148.75	111.09	134.66	150.53	106.51	129.12	178.75	108.92	155.59	132.95	34.42	77.92	146.86	167.33	130.23	116.18	111.25	122.34	109.96	107.43	131.51	169.28	128.31	103.22	91.35	113.93	122.03	103.55	138.24
QG37_06370	191.69	191.15	92.81	82.49	171.65	151.54	133.19	144.48	134.83	145.34	119.92	122.62	149.16	108.67	126.32	152.02	164.97	185.03	158.92	158.12	134.08	127.93	161.21	126.66	154.46	182.46	112.67	153.51	147.20	37.74	83.49	160.70	179.81	142.12	107.26	125.49	119.13	137.25	118.92	134.56	167.01	152.79	107.72	102.50	138.71	134.24	106.48	153.95
QG37_06371	172.61	175.94	85.05	80.15	137.49	140.66	136.21	147.72	140.50	149.67	119.11	117.36	135.37	111.36	107.81	123.96	176.78	177.70	154.74	158.70	132.60	143.29	154.89	122.32	144.36	193.96	117.75	163.17	133.20	38.42	81.62	147.96	156.65	139.23	123.37	106.14	120.34	132.31	109.59	135.40	170.03	162.68	97.44	89.51	115.43	123.80	103.54	143.60
QG37_06372	157.04	160.73	76.79	82.21	127.95	136.94	132.12	149.11	149.20	155.81	131.17	120.81	131.95	108.07	134.90	128.23	158.81	161.88	169.32	152.52	120.40	122.58	137.68	103.21	142.26	189.20	111.78	171.73	138.02	45.07	90.01	167.57	144.87	128.48	125.47	105.19	119.93	124.00	102.03	133.43	148.36	139.07	93.92	109.29	124.74	124.30	103.94	156.19
QG37_06373	133.62	113.50	67.17	54.45	88.25	100.92	88.69	103.63	98.82	121.30	90.59	77.30	111.43	89.09	89.40	62.21	108.97	106.22	103.51	93.57	82.18	101.44	95.44	81.97	93.18	117.11	95.40	126.39	89.44	26.23	59.23	104.24	109.26	114.98	84.65	69.38	104.85	73.65	73.39	96.43	96.01	116.14	70.25	53.49	71.05	65.40	74.73	77.87
QG37_06374	156.81	158.53	87.52	81.27	134.23	128.99	129.75	136.42	143.13	144.98	129.47	120.75	127.71	115.79	106.32	124.51	150.85	152.12	147.52	139.76	121.69	139.09	123.01	102.18	136.29	167.59	108.34	167.08	123.49	35.57	64.01	140.48	162.13	138.29	121.08	105.40	112.37	110.95	106.37	122.06	154.65	152.62	94.28	86.03	111.07	113.67	87.13	145.91
QG37_06375	136.02	150.03	85.82	81.53	132.70	131.54	125.78	126.03	127.36	127.54	123.09	107.77	130.94	118.85	99.79	119.22	166.20	144.91	135.80	131.60	120.91	124.27	128.53	103.54	137.69	169.53	110.20	145.42	129.77	30.31	63.88	135.06	136.43	111.21	106.26	97.69	98.23	114.15	91.72	118.65	140.72	124.46	95.33	91.25	101.45	99.66	84.64	131.49
QG37_06376	93.73	117.99	70.44	57.91	119.05	121.79	104.41	101.63	112.26	111.43	95.36	88.53	114.20	93.57	83.29	104.20	120.15	117.60	126.21	112.18	84.94	93.65	110.00	96.26	118.71	142.67	93.54	126.58	87.83	25.78	59.83	125.32	75.51	67.34	57.31	48.17	69.67	60.50	53.48	63.61	96.94	82.09	48.35	41.87	72.87	71.41	66.60	94.31
QG37_06377	163.15	147.16	81.84	75.46	120.33	140.12	118.58	126.52	140.65	146.17	112.22	113.44	132.60	112.74	115.40	123.24	158.52	155.80	143.40	135.81	123.93	146.14	148.64	117.97	136.01	160.81	108.16	145.32	117.82	38.24	84.51	147.45	140.88	122.38	119.39	98.31	120.64	114.38	96.72	135.54	145.85	125.33	98.14	86.99	115.34	113.76	107.35	153.22
QG37_06378	159.53	156.34	87.17	81.28	134.69	139.33	135.47	138.51	133.23	139.74	113.49	120.01	130.51	120.02	117.25	133.29	154.75	169.58	149.16	141.98	135.08	134.59	150.87	111.46	134.34	173.74	109.13	149.81	128.65	29.37	78.06	138.27	166.17	137.26	126.98	101.70	115.79	120.78	101.35	131.65	154.53	135.55	100.73	99.80	122.19	126.73	106.38	147.24
QG37_06379	156.35	161.83	83.82	70.83	124.94	145.93	133.40	136.30	141.87	142.77	121.52	127.10	136.34	113.18	116.03	126.84	168.58	157.18	143.90	150.68	133.43	148.49	128.65	118.11	129.27	162.20	117.10	156.02	116.39	30.69	81.83	145.75	173.73	149.02	128.41	117.42	137.40	138.43	108.24	138.16	166.66	162.29	94.18	99.37	116.89	130.97	103.11	149.20
QG37_06380	136.57	136.26	95.82	94.09	121.43	130.44	132.52	120.71	155.01	142.82	107.56	113.10	139.52	113.57	111.93	122.55	163.30	162.30	157.23	144.08	121.03	130.45	143.57	114.52	141.93	164.61	111.86	160.85	134.92	25.13	74.73	120.41	152.23	127.32	123.68	91.07	121.55	124.33	111.85	127.01	153.33	134.77	88.86	78.30	112.76	109.85	98.28	134.04
QG37_06381	164.32	171.57	99.65	82.44	138.69	137.09	125.07	142.27	133.51	143.87	104.63	114.48	142.29	109.75	92.12	134.21	155.99	162.60	155.92	136.37	144.35	141.12	137.55	123.12	135.21	157.25	111.68	153.09	144.66	34.57	84.85	127.34	163.15	120.39	117.45	98.36	116.70	119.26	88.03	127.56	144.25	137.29	88.69	105.23	124.18	107.43	101.21	159.68
QG37_06382	166.64	161.46	95.59	84.86	144.98	140.16	135.51	149.02	143.41	141.71	120.50	118.70	134.86	120.97	115.48	124.59	170.47	163.49	158.74	140.56	138.36	150.96	148.38	116.94	139.28	166.48	116.68	159.05	127.70	36.17	86.08	137.12	169.78	143.70	124.10	103.26	122.29	121.39	104.16	227.37	180.26	230.70	114.97	110.04	130.60	121.44	106.98	160.60
QG37_06383	113.59	80.75	57.28	35.34	68.37	70.21	74.93	58.83	79.43	66.00	53.99	40.79	58.20	56.71	57.16	65.50	78.09	61.79	80.14	73.97	64.35	68.24	67.30	49.07	84.41	87.25	61.52	80.39	65.04	20.69	46.99	80.97	92.18	74.40	63.23	57.08	58.34	61.98	60.13	131.21	86.06	150.23	56.31	49.90	74.72	63.63	63.59	102.62
QG37_06384	137.55	94.07	72.50	50.72	88.61	91.47	104.32	72.80	87.26	93.68	71.57	57.97	74.41	78.05	76.81	81.90	103.82	89.38	110.55	97.55	80.16	89.28	97.04	65.35	111.32	105.47	76.27	105.57	74.08	28.55	58.23	92.37	106.32	97.98	82.52	86.39	71.84	79.02	64.32	191.73	118.78	190.88	76.65	45.37	71.72	61.76	56.01	98.00
QG37_06385	162.66	130.61	101.60	78.35	111.40	134.17	124.48	123.09	129.76	130.38	102.64	101.67	109.62	111.35	95.07	119.93	148.55	136.21	136.21	127.88	118.06	122.36	131.07	100.26	130.82	145.21	102.07	146.01	107.22	35.46	69.03	116.93	145.49	136.03	118.69	93.31	111.29	99.84	96.98	271.02	150.72	244.89	95.58	86.24	115.64	120.39	93.44	139.49
QG37_06386	174.04	166.78	109.20	86.97	136.23	143.52	122.13	130.05	150.55	142.01	115.12	120.00	135.66	99.71	92.92	124.73	159.99	170.07	150.19	154.34	121.69	156.20	135.22	117.89	142.86	181.32	117.46	168.97	140.94	37.61	87.84	157.30	168.50	145.03	133.64	115.04	119.70	142.55	106.76	288.92	157.69	287.01	112.19	99.53	144.42	137.02	115.16	148.89
QG37_06387	160.12	168.65	91.68	88.43	144.18	160.12	134.54	123.00	146.68	140.69	127.79	129.82	144.19	116.23	122.12	133.56	177.77	175.05	149.65	161.06	125.30	140.45	143.72	130.05	150.54	182.02	109.51	172.06	122.74	33.80	86.55	150.19	173.31	130.13	122.81	118.86	131.50	131.70	108.76	300.26	155.80	305.92	102.63	107.73	141.73	132.91	112.52	160.48
QG37_06388	161.08	177.92	102.12	90.74	140.66	150.73	154.07	163.23	170.87	143.52	152.74	133.73	165.86	143.09	153.32	156.14	195.49	181.94	182.00	160.25	156.56	163.55	150.48	144.80	146.80	196.75	136.68	209.41	161.32	35.58	106.52	162.97	164.52	153.52	125.11	101.36	129.73	132.56	104.29	309.81	173.00	339.93	115.56	90.65	158.13	133.74	109.53	194.62
QG37_06389	158.29	152.94	97.58	80.97	133.81	134.42	114.94	132.86	154.15	142.40	121.53	128.62	126.36	128.10	120.25	126.35	164.87	161.08	159.72	154.57	140.48	136.08	153.42	120.43	142.83	156.46	114.34	150.49	130.54	37.29	84.98	144.08	164.71	137.98	125.00	110.21	120.42	126.11	98.22	288.97	155.44	296.39	104.41	108.33	128.40	121.95	105.70	157.01
QG37_06390	145.17	146.63	85.81	76.23	132.98	135.20	131.36	124.69	147.28	134.85	111.03	110.80	129.95	114.93	106.72	120.29	157.71	156.66	151.85	143.70	133.48	147.83	144.85	115.31	138.82	170.17	115.62	157.38	129.87	33.48	82.42	146.97	153.89	124.96	114.81	102.14	115.89	121.29	103.17	270.81	146.35	267.13	106.00	94.41	123.12	119.94	103.30	163.55
QG37_06391	140.12	145.90	81.55	76.76	123.46	128.73	127.32	131.47	142.35	121.28	117.94	113.38	115.61	114.33	111.55	117.16	144.80	163.17	158.32	146.12	130.56	124.75	140.93	109.35	130.11	146.42	113.65	150.07	124.62	35.54	76.64	139.04	149.84	127.50	125.04	98.13	109.44	123.15	102.62	278.15	138.85	281.85	94.77	100.65	127.47	124.20	111.51	154.16
QG37_06392	171.22	149.98	88.53	88.60	138.60	133.16	136.28	117.23	159.47	116.06	108.11	125.80	116.67	127.73	107.40	116.06	173.85	186.53	154.73	139.63	155.42	138.14	156.33	143.56	156.88	169.22	116.88	161.94	104.92	33.66	91.26	144.78	172.77	126.59	111.62	106.42	117.31	133.98	111.31	283.92	158.20	287.40	92.51	81.33	88.76	96.20	87.51	141.46
QG37_06393	113.54	152.35	70.16	71.75	104.06	112.57	98.24	103.97	129.67	119.77	92.82	96.03	98.80	94.97	76.21	88.76	136.89	144.58	128.40	113.06	109.82	114.96	108.44	90.14	103.72	128.61	94.70	119.51	101.37	28.97	67.22	109.09	124.13	99.65	101.34	76.19	92.08	116.76	81.57	220.70	127.01	231.35	83.20	83.44	118.44	101.32	90.11	130.51
QG37_06394	148.36	153.89	82.55	84.87	116.38	137.12	137.78	119.47	146.56	123.37	109.04	121.42	109.58	110.66	96.58	117.21	152.94	168.50	145.40	138.21	127.02	135.55	133.24	112.40	136.30	170.04	105.62	149.05	123.56	37.54	79.29	130.45	146.22	132.04	114.37	114.99	108.60	117.05	104.30	282.00	159.74	270.48	92.19	90.46	123.98	119.38	100.81	161.13
QG37_06395	144.70	149.63	84.99	83.11	122.02	130.34	124.68	128.18	147.76	123.79	103.72	120.35	110.42	115.04	108.04	133.10	158.11	170.53	149.96	132.70	128.16	127.13	136.49	115.37	132.36	157.87	112.57	154.42	128.86	30.47	77.13	137.12	152.26	128.72	117.05	94.24	110.52	127.33	91.89	283.90	156.17	265.59	89.15	98.24	126.63	121.91	109.00	156.31
QG37_06396	130.75	119.67	80.54	53.85	122.67	109.76	108.70	107.24	129.10	118.20	97.21	104.64	96.60	98.86	110.32	103.02	141.09	161.40	140.84	122.32	107.23	117.67	129.49	96.95	120.35	155.00	103.09	142.17	101.19	33.90	78.58	126.37	150.58	103.81	120.09	108.79	105.18	104.03	92.27	260.75	149.12	256.57	86.55	93.95	118.55	105.97	104.44	145.56
QG37_06397	132.51	144.27	92.69	77.17	122.45	138.59	133.67	124.44	133.49	132.99	99.69	128.46	115.98	113.09	111.10	122.20	146.70	160.53	133.06	126.24	112.72	126.37	147.26	113.34	148.29	158.53	109.05	152.47	117.28	31.44	89.20	133.90	163.30	123.36	112.78	99.88	110.45	104.38	91.77	276.77	137.97	269.08	110.26	91.94	128.20	122.92	110.65	153.12
QG37_06399	122.99	128.22	82.00	70.78	105.84	119.24	115.10	114.79	118.49	102.75	95.82	94.08	105.87	107.68	114.40	114.07	145.60	150.86	131.25	119.35	126.87	137.16	128.82	121.75	123.99	139.62	95.40	136.53	114.61	35.15	73.39	132.85	145.32	126.94	114.33	87.83	98.32	107.75	94.02	270.54	127.96	251.08	87.60	85.95	120.63	122.15	105.79	148.20
QG37_06400	140.86	118.27	71.85	81.53	114.38	126.07	130.79	119.90	128.15	115.81	91.72	106.81	105.53	104.48	96.19	113.17	140.51	144.89	144.30	122.71	120.59	113.23	116.45	104.77	133.17	140.69	93.13	140.57	109.23	27.32	68.64	114.52	152.83	110.72	115.15	90.35	84.16	126.86	101.49	279.39	135.22	250.48	98.31	111.86	115.53	118.82	103.70	147.67
QG37_06401	132.90	122.79	65.40	54.71	106.60	99.30	114.45	104.70	108.10	92.63	83.46	92.02	97.41	101.71	103.60	110.50	128.36	151.63	127.01	113.30	118.69	106.47	127.79	97.90	121.76	147.06	101.05	109.44	92.61	21.00	77.78	90.49	122.02	85.73	92.46	94.53	83.79	101.91	81.60	259.72	124.13	242.45	99.16	90.09	112.00	113.79	101.88	155.13
QG37_06402	90.54	102.67	52.32	61.03	93.07	97.52	79.99	88.11	91.27	92.53	74.29	106.36	88.89	87.17	87.72	92.33	113.81	103.22	109.37	90.44	81.99	83.95	113.98	86.28	90.60	98.88	79.24	97.49	79.36	21.70	50.67	97.12	97.72	84.42	85.18	63.23	75.15	63.83	50.50	200.11	81.93	175.58	60.20	99.55	117.85	107.85	96.28	132.99
QG37_06403	131.38	128.51	73.26	69.88	129.90	112.07	125.31	125.91	123.67	108.89	83.68	110.84	111.60	109.63	106.44	115.91	146.52	148.27	135.16	121.83	117.66	114.72	120.84	102.38	134.52	146.36	90.53	132.69	100.52	30.42	66.13	123.22	143.05	130.08	106.69	86.27	105.23	103.88	82.66	257.17	139.50	244.32	84.89	103.27	122.06	124.70	96.83	133.17
QG37_06404	118.45	122.75	78.75	73.93	94.33	111.38	109.03	125.92	104.07	121.45	92.64	104.84	86.77	101.03	97.82	127.93	129.25	147.43	148.67	108.24	100.80	133.36	121.57	89.30	122.34	147.69	86.98	119.21	90.74	36.58	72.70	139.86	139.25	129.55	104.98	88.28	104.76	125.09	98.62	262.16	131.02	289.70	103.58	113.61	132.06	115.37	107.05	111.31
QG37_06405	90.69	110.17	67.03	48.34	87.96	92.03	89.24	85.20	89.19	103.63	74.65	90.56	78.25	81.78	78.43	90.63	114.55	107.04	115.63	104.57	98.02	93.01	96.45	88.90	114.76	133.45	65.69	102.96	64.20	31.41	65.81	91.37	123.22	105.65	95.63	86.52	107.75	84.85	83.63	216.82	118.55	238.83	76.42	79.22	106.40	99.09	99.98	147.39
QG37_06406	90.58	94.02	56.99	38.23	83.86	76.34	84.77	76.64	86.21	85.73	60.72	74.80	73.78	79.02	66.11	79.34	97.56	100.95	92.44	87.41	78.87	74.26	94.61	74.32	95.95	111.53	66.11	83.84	75.60	27.02	49.89	86.39	105.71	108.35	83.34	77.42	94.88	83.31	77.33	183.86	127.87	212.21	76.26	79.68	94.04	93.28	91.12	144.31
QG37_06407	127.52	131.42	74.75	78.07	109.38	118.38	117.44	122.52	124.82	105.84	102.39	97.77	100.79	100.18	109.41	102.21	128.33	148.90	133.99	118.33	116.05	115.53	127.92	99.17	115.79	135.08	96.89	122.77	98.51	35.36	68.42	115.36	134.92	115.94	108.58	87.51	98.45	120.01	89.42	247.52	139.30	232.93	84.25	89.94	113.73	99.44	96.55	132.93
QG37_06408	142.87	136.03	79.49	79.46	124.20	123.92	129.56	124.25	134.69	126.02	105.55	108.73	111.41	111.02	117.10	128.23	144.11	157.70	144.90	133.19	123.48	123.73	135.80	110.25	129.03	154.70	110.16	141.37	109.72	35.82	72.54	132.76	143.19	123.10	121.18	98.70	117.95	119.11	98.20	274.34	142.23	258.15	102.89	98.31	114.47	121.19	111.20	141.85
QG37_06409	123.48	131.00	83.23	94.02	133.37	137.76	131.73	131.81	141.25	131.22	95.96	119.22	102.69	99.80	121.37	126.94	161.79	161.66	154.68	136.67	129.47	143.13	148.80	116.43	133.12	152.85	95.22	165.78	95.05	33.91	67.57	135.78	126.98	130.90	120.64	100.53	104.57	118.25	100.65	258.37	137.30	262.06	110.98	79.62	131.90	107.92	118.29	146.83
QG37_06410	139.58	139.02	73.00	71.95	125.70	118.12	119.33	127.07	124.95	117.58	98.37	97.26	108.28	107.45	100.61	125.13	130.43	151.61	146.12	175.55	118.41	131.90	134.56	106.61	123.45	146.41	102.83	135.67	104.88	28.57	71.21	116.80	138.29	118.40	105.18	89.92	97.83	120.05	101.75	248.67	143.22	255.42	98.13	87.03	124.40	113.34	105.27	149.50
QG37_06411	133.40	127.36	68.56	70.99	138.00	116.60	116.47	110.06	126.68	106.50	97.48	105.52	103.36	102.97	101.50	104.96	147.32	142.99	121.27	225.01	120.69	125.98	139.31	90.53	119.87	151.68	107.47	136.28	124.94	28.21	73.79	128.53	123.28	116.65	113.69	93.13	102.62	115.33	94.33	251.56	138.10	254.18	92.16	88.42	107.25	120.64	98.02	132.33
QG37_06412	119.14	118.14	65.52	69.75	112.87	118.53	112.20	91.23	119.33	101.17	81.20	94.49	87.99	98.81	86.37	106.07	135.63	148.29	114.90	202.50	127.16	122.74	127.27	104.70	111.47	133.76	89.71	111.52	99.59	21.72	58.10	110.45	121.40	110.13	102.72	85.87	103.21	100.91	86.27	232.29	118.05	234.35	84.99	89.91	100.34	102.37	95.41	136.92
QG37_06413	123.69	111.52	74.02	72.23	103.13	101.39	112.85	106.44	114.58	106.70	95.17	100.42	91.20	99.78	101.07	113.57	131.32	146.97	121.35	205.85	106.49	104.35	119.57	96.91	112.69	132.09	98.04	123.89	98.06	25.70	67.64	107.65	122.92	114.49	110.60	81.23	99.62	99.53	89.04	250.73	147.42	232.01	89.09	95.46	105.64	110.95	98.83	142.07
QG37_06414	107.28	99.78	65.21	58.31	88.83	105.58	106.66	94.82	104.42	86.04	76.63	83.08	86.26	80.76	90.72	93.21	120.05	122.94	121.80	167.44	98.45	99.79	106.54	80.96	109.32	126.63	96.96	102.66	80.46	26.21	55.80	99.19	106.29	96.31	88.24	77.53	84.59	93.17	76.52	214.02	114.38	202.25	76.01	71.72	95.89	95.99	88.37	115.35
QG37_06416	137.25	126.91	72.47	73.33	114.86	111.66	116.97	116.49	133.86	109.20	93.26	100.43	110.83	104.51	104.03	111.21	139.09	149.45	135.07	106.02	116.13	118.04	125.79	98.92	126.81	145.27	93.24	129.89	98.81	31.04	60.31	121.37	134.18	111.54	110.08	86.21	91.40	111.49	86.14	238.43	141.26	228.38	83.60	88.17	113.02	105.56	96.00	144.54
QG37_06417	116.75	98.58	42.81	49.10	99.05	75.05	95.14	89.03	92.47	80.82	61.40	66.06	61.78	72.94	73.67	76.67	93.92	131.02	76.87	77.22	82.60	72.24	87.43	70.11	80.51	95.09	62.53	80.91	70.06	20.46	55.38	85.54	87.46	74.39	60.92	47.28	63.53	62.03	58.06	158.69	84.69	164.28	52.75	53.45	74.02	71.13	52.52	99.98
QG37_06418	134.53	128.26	62.57	71.63	121.24	98.94	110.77	103.37	134.32	101.86	78.71	75.56	76.19	95.30	100.92	107.58	138.13	168.27	112.81	103.26	112.66	123.12	113.67	92.70	103.06	129.64	82.40	124.65	98.42	20.85	65.01	116.77	111.45	105.37	93.40	72.51	85.43	96.95	83.03	228.92	120.21	242.14	81.11	72.10	105.23	110.72	105.74	133.16
QG37_06419	138.90	115.76	67.29	67.98	107.94	96.43	107.25	138.01	138.72	99.76	80.44	81.00	92.79	95.97	99.58	110.37	148.49	166.97	124.08	98.79	127.72	128.21	146.69	120.45	123.35	159.80	87.42	142.63	106.86	28.57	67.17	131.69	137.33	128.86	105.92	93.65	110.99	108.11	92.59	253.67	152.13	249.76	105.79	79.88	121.21	114.05	113.58	120.14
QG37_06420	131.15	127.15	65.50	65.83	106.86	111.40	112.09	117.24	125.46	102.84	89.96	96.39	92.43	103.85	103.81	116.57	146.12	159.17	132.95	108.99	129.63	125.13	133.34	110.23	129.20	150.04	102.77	126.02	106.39	35.86	69.50	121.10	128.64	115.88	122.18	90.38	106.90	108.41	92.65	249.76	131.11	253.94	89.33	96.35	109.62	121.03	96.60	142.31
QG37_06421	129.41	128.16	76.62	74.35	102.54	106.86	116.03	102.10	117.82	107.78	88.10	96.37	91.73	100.98	96.24	114.41	131.17	152.80	120.16	117.31	119.36	117.37	121.19	95.49	109.71	136.02	81.01	104.81	103.32	28.93	71.73	122.23	120.27	114.98	104.67	85.36	98.36	99.03	77.74	231.03	120.96	227.95	93.87	89.40	103.71	105.16	86.47	128.05
QG37_06422	125.88	131.33	77.78	79.74	125.71	114.00	116.09	129.16	121.96	119.07	105.32	106.21	107.32	111.83	115.00	116.43	154.47	160.64	152.56	122.45	115.09	121.80	138.42	99.30	129.88	159.62	111.15	138.84	117.44	35.30	72.64	134.01	1.57	0.70	0.80	0.62	0.36	0.81	0.92	2.12	1.65	1.79	0.87	95.55	122.59	117.90	109.94	149.66
QG37_06423	154.00	128.81	84.03	78.91	121.32	134.64	124.32	125.08	135.73	125.87	109.26	122.39	126.28	106.19	116.02	129.46	156.01	165.19	147.10	141.27	145.44	120.51	135.73	121.31	136.51	155.33	117.39	150.15	119.31	43.04	76.82	124.68	0.73	0.11	0.35	0.22	0.00	0.00	0.00	2.16	0.54	0.26	0.47	91.36	135.17	138.56	123.60	139.19
QG37_06424	151.05	140.53	86.99	81.55	131.74	132.60	128.43	142.41	142.76	133.61	111.51	119.34	118.65	125.86	113.77	124.13	162.46	169.24	157.29	146.54	138.85	136.33	142.92	115.76	137.38	158.33	111.57	151.79	129.91	32.22	80.84	138.44	0.45	0.65	0.48	0.33	0.73	0.48	0.61	1.61	0.83	0.97	0.79	95.19	123.93	129.55	110.27	160.85
QG37_06425	135.95	165.18	76.93	92.44	146.09	155.38	138.23	168.00	139.04	144.33	116.61	113.07	143.73	107.36	109.73	119.84	176.25	165.93	162.30	153.72	150.57	127.93	158.82	128.56	140.56	185.07	134.53	162.80	140.91	28.25	88.67	137.72	0.46	0.00	0.00	1.00	0.00	1.14	0.94	0.00	0.77	1.08	0.41	87.02	152.24	122.95	104.23	170.03
QG37_06426	154.22	156.14	90.07	86.34	146.34	148.34	143.37	143.94	145.06	145.54	109.54	113.23	126.97	119.89	118.05	138.25	165.48	175.77	157.50	143.44	139.93	134.39	149.58	119.78	150.15	165.63	118.30	153.14	134.96	35.11	78.54	139.25	65.63	62.85	59.30	50.08	53.65	57.24	48.43	140.96	77.73	132.10	54.20	108.46	129.20	115.28	108.65	166.44
QG37_06427	145.18	142.97	86.39	77.90	138.59	133.06	134.26	129.48	144.93	137.36	108.06	112.73	112.76	118.43	117.87	129.73	156.19	169.70	153.93	133.13	123.54	141.40	144.29	122.72	133.98	158.32	117.26	138.90	122.43	35.40	74.58	138.26	150.21	131.45	119.61	96.01	113.09	126.60	102.47	300.78	157.97	276.38	99.62	91.21	118.61	126.62	112.25	152.58
QG37_06428	125.32	133.77	80.89	73.44	112.55	127.07	115.45	129.41	115.23	99.11	103.61	103.36	105.79	115.80	105.83	114.90	137.30	149.96	155.43	125.08	111.07	134.06	121.68	96.19	126.55	126.61	95.90	131.88	143.07	30.24	60.77	122.65	146.99	106.18	93.66	86.53	106.85	101.03	106.46	245.73	148.37	265.30	115.67	83.84	94.94	101.04	83.24	112.27
QG37_06429	120.59	110.98	71.41	64.92	122.57	119.36	114.63	107.83	117.26	106.63	88.04	81.46	108.88	86.27	93.20	106.01	159.00	125.21	133.70	107.33	109.60	105.59	142.88	103.47	110.06	146.19	86.84	120.33	115.33	31.33	68.36	119.35	144.73	102.40	102.13	90.36	75.81	95.32	84.84	261.90	125.14	246.90	97.36	78.19	98.77	93.86	85.46	119.63
QG37_06430	136.19	127.94	72.88	81.25	118.61	136.58	125.22	117.77	117.95	144.95	108.20	106.06	99.86	108.31	99.62	121.41	159.69	175.17	154.15	137.75	108.48	145.36	138.23	116.14	134.63	149.68	113.98	125.45	116.80	28.59	72.41	107.04	149.68	115.40	119.86	84.18	121.81	120.71	90.34	273.13	161.92	286.38	111.58	103.39	110.60	109.66	104.24	149.28
QG37_06431	106.16	99.32	62.53	60.18	92.18	96.03	86.07	104.19	106.28	83.47	79.90	71.09	83.78	88.64	84.36	97.39	114.79	133.92	108.81	98.99	97.87	101.80	107.28	87.46	100.93	114.76	81.95	100.96	81.20	25.27	56.14	94.54	105.86	95.96	84.71	73.85	84.60	90.92	73.25	221.17	106.79	201.68	74.95	71.96	78.75	88.59	76.43	99.92
QG37_06432	98.96	116.80	52.80	59.29	103.52	96.10	109.97	100.08	113.22	108.22	72.33	98.17	93.55	84.10	83.14	89.12	133.20	137.03	126.59	101.17	98.66	115.54	108.61	72.66	102.81	121.86	91.09	124.91	89.88	29.64	62.00	118.72	144.06	84.84	103.46	60.23	91.38	89.48	70.40	208.08	90.83	216.68	67.33	64.28	92.02	101.64	95.18	151.59
QG37_06433	120.06	136.52	67.09	66.67	111.83	121.78	106.61	114.05	134.77	119.48	92.47	114.93	116.31	105.33	110.75	126.18	140.40	142.04	136.89	100.20	104.52	118.94	132.99	100.53	132.79	144.08	107.73	137.80	117.54	36.16	76.17	126.38	130.95	118.64	110.01	98.27	115.95	115.53	99.12	261.39	143.53	252.94	90.39	79.86	107.70	108.92	98.01	140.52
QG37_06434	129.48	105.55	58.01	59.39	90.58	103.32	104.06	115.05	103.84	96.60	86.36	80.80	83.92	107.82	87.50	94.87	114.85	119.30	120.82	103.65	109.92	94.72	98.06	89.51	109.25	112.57	80.10	102.58	93.67	33.62	68.58	100.14	125.52	98.87	106.43	91.52	89.02	92.89	96.30	232.74	134.75	216.20	95.56	67.80	96.39	96.67	94.65	117.36
QG37_06435	118.84	111.03	68.53	69.50	99.19	99.46	98.03	111.28	108.23	97.55	84.01	78.71	88.48	94.20	88.82	109.49	117.56	135.05	115.41	109.85	108.38	113.20	125.91	91.38	114.22	137.31	82.74	115.48	91.07	19.75	67.44	106.34	116.93	114.35	114.07	85.78	94.95	91.89	80.11	220.77	130.05	229.23	91.61	86.80	96.33	92.82	75.42	108.02
QG37_06436	84.02	85.60	69.98	61.79	107.29	94.18	98.57	103.79	139.99	110.95	97.56	72.05	97.67	93.50	92.71	105.78	139.32	114.17	106.85	89.07	104.06	110.42	123.33	101.08	120.43	129.76	95.51	106.40	59.18	30.45	52.51	97.53	107.59	115.88	106.56	72.21	103.19	85.70	75.12	220.17	139.94	197.65	67.57	77.40	89.33	100.45	77.42	111.94
QG37_06437	105.55	98.65	53.05	57.79	89.41	85.55	78.24	109.38	106.72	78.65	89.61	85.42	89.10	87.27	81.62	85.15	112.90	129.78	105.35	96.35	99.47	101.19	104.42	83.28	97.98	111.88	91.41	111.14	63.95	34.61	48.48	87.67	113.94	81.00	89.25	65.76	99.02	87.57	84.90	214.88	104.07	200.99	71.06	64.10	80.74	94.30	74.78	127.12
QG37_06438	110.18	92.98	54.25	61.95	73.47	88.30	93.47	90.53	98.48	76.05	70.62	74.35	77.65	79.36	77.64	91.82	110.65	119.73	98.92	85.80	99.38	97.05	103.54	67.62	87.42	106.87	75.41	93.85	70.04	23.92	47.02	84.15	90.23	89.13	83.45	81.01	74.72	82.34	74.23	185.40	116.03	174.42	67.06	78.04	66.19	78.55	72.42	98.34
QG37_06439	155.29	151.54	92.82	82.80	140.71	140.32	142.96	141.25	142.57	139.11	115.05	109.59	126.90	120.31	115.46	129.08	163.29	168.74	147.48	144.14	130.32	138.95	155.37	110.02	143.86	170.39	116.71	157.28	124.32	35.48	75.92	138.65	154.02	137.44	127.76	106.04	117.84	121.74	105.88	296.58	160.35	287.61	102.95	96.99	120.59	114.82	112.94	159.24
QG37_06440	144.71	101.80	88.03	71.38	132.70	132.85	118.94	113.96	126.92	114.06	91.71	100.83	107.55	93.77	104.86	113.03	127.42	151.10	114.34	139.54	107.75	132.47	116.15	97.60	119.97	167.29	102.69	116.44	104.43	37.37	61.95	120.86	125.27	98.03	110.72	74.42	100.56	116.42	90.94	234.71	152.91	233.08	97.46	88.66	97.88	101.38	108.13	121.42
QG37_06441	130.89	124.42	72.60	73.44	104.62	110.95	120.78	115.63	122.72	107.82	110.90	85.39	112.68	96.69	95.56	114.62	141.98	146.56	120.61	123.18	113.57	101.39	125.36	100.27	126.41	144.52	88.58	134.80	97.15	27.39	63.68	118.77	131.93	121.14	97.40	88.38	101.95	107.99	87.45	252.54	134.03	241.30	98.56	86.27	104.32	101.25	90.82	131.62
QG37_06442	107.13	82.14	48.05	43.70	80.38	72.82	72.29	80.92	78.72	84.89	68.87	69.81	86.03	68.45	65.91	65.82	93.28	80.45	93.23	74.08	73.90	70.53	79.35	62.83	85.18	90.46	81.73	90.92	71.26	26.35	55.40	82.29	83.70	79.49	83.25	58.55	71.53	70.43	63.55	156.37	87.81	182.38	66.25	57.32	73.30	67.63	54.28	82.09
QG37_06443	134.86	116.48	80.09	74.53	97.55	107.42	114.68	121.83	120.81	97.14	89.80	87.76	97.63	104.54	87.10	112.12	135.68	121.99	123.56	112.42	119.18	102.98	132.03	108.80	107.60	129.24	88.85	124.12	99.94	20.38	68.78	122.41	132.27	113.57	99.89	85.53	87.64	113.33	80.42	244.56	122.75	232.69	80.34	93.11	108.11	102.82	84.08	117.62
QG37_06444	155.53	147.71	86.41	81.61	154.89	120.10	152.07	122.70	138.98	137.37	111.92	120.37	128.55	111.88	115.12	131.58	159.45	169.11	165.41	148.02	125.73	131.99	156.18	120.23	154.99	181.27	121.48	163.71	122.48	40.13	77.40	132.42	144.34	120.58	114.76	103.78	108.02	123.67	93.31	263.59	167.15	286.02	104.78	97.98	103.93	113.64	93.35	149.98
QG37_06445	111.14	103.64	79.75	61.18	109.04	102.40	95.43	107.27	95.16	103.32	85.05	83.54	92.30	96.14	79.27	94.34	133.15	131.17	109.91	107.64	97.26	105.66	108.54	99.08	104.40	126.73	78.32	110.08	89.73	37.30	63.78	111.59	119.09	108.50	97.38	81.01	91.49	100.01	82.57	228.68	140.75	221.78	79.39	86.49	111.60	106.52	94.74	119.93
QG37_06446	153.60	147.03	77.94	80.80	142.36	130.82	121.53	140.41	145.00	126.50	108.92	102.50	122.72	111.79	110.68	130.25	175.12	151.66	145.13	144.42	127.35	144.92	144.83	117.34	137.96	167.53	108.09	149.50	119.61	38.57	82.24	139.08	137.72	139.98	130.86	112.21	129.38	135.10	107.70	292.67	161.78	277.56	103.27	107.07	110.28	115.11	110.57	142.32
QG37_06447	121.20	85.52	47.67	45.92	64.39	56.64	70.52	59.50	77.85	69.90	56.77	73.60	51.17	67.20	57.28	64.89	82.65	82.86	77.77	74.52	63.51	73.94	70.21	53.12	77.99	71.77	58.35	81.98	55.36	15.13	44.48	72.05	109.80	67.84	70.00	53.94	63.83	61.43	57.18	98.17	72.35	107.83	45.29	37.68	65.25	60.14	49.18	69.42
QG37_06448	139.12	137.24	79.89	80.63	117.21	129.21	125.51	123.20	133.29	120.34	103.91	104.42	109.36	115.45	102.10	119.65	161.55	147.86	140.56	140.56	131.87	121.74	141.51	106.48	121.86	155.32	111.84	142.48	112.67	32.30	74.71	130.66	134.00	126.02	115.95	98.19	110.10	113.69	101.33	272.20	136.05	260.87	90.97	99.64	125.03	121.58	99.36	153.78
QG37_06449	126.64	118.09	75.15	84.66	95.99	111.48	117.62	113.71	124.24	106.09	91.45	101.87	91.56	97.62	100.14	105.99	127.67	141.23	116.71	112.41	111.91	120.93	126.93	90.13	114.13	153.99	99.03	126.24	104.80	25.92	68.17	120.09	124.66	106.23	111.28	87.67	102.95	112.26	90.09	256.25	139.66	239.10	77.60	92.18	109.00	108.00	100.00	138.17
QG37_06450	121.76	153.44	70.48	81.43	122.86	113.64	118.55	125.63	109.20	121.25	104.61	123.50	128.68	114.94	127.94	140.81	146.86	150.31	161.36	136.89	123.01	147.67	138.78	115.13	129.23	138.28	109.87	149.71	119.64	41.98	72.79	147.02	141.19	115.06	131.48	71.78	96.81	126.65	83.90	296.54	133.40	251.56	99.70	93.75	142.89	104.20	96.64	151.56
QG37_06451	123.32	124.11	68.43	79.15	103.72	120.37	106.75	121.21	125.16	111.31	98.03	92.37	106.51	113.05	118.97	117.49	127.32	131.60	136.23	131.73	123.83	116.50	133.91	112.45	125.35	158.03	93.02	119.24	99.23	36.48	65.77	120.72	133.25	110.43	107.81	92.10	98.93	110.93	91.46	260.44	133.49	233.80	88.19	87.40	113.52	117.20	104.46	155.26
QG37_06452	153.69	127.90	59.22	80.00	119.79	117.63	133.42	131.44	113.25	138.36	93.90	92.19	116.38	98.25	113.14	109.79	141.75	146.33	132.92	124.39	118.28	120.75	132.54	97.96	113.49	158.82	120.87	140.21	104.40	29.25	75.06	141.89	131.23	123.15	119.62	86.85	123.29	113.87	108.02	285.19	160.50	250.26	96.16	89.77	92.05	115.36	99.74	150.25
QG37_06453	119.39	105.97	66.29	67.93	113.72	96.08	107.81	113.18	108.29	101.24	91.40	82.84	87.22	91.69	85.84	107.89	123.58	134.93	113.35	92.47	110.35	106.82	116.89	88.52	112.04	125.60	78.02	106.33	80.66	24.41	64.03	104.00	107.86	105.04	80.40	79.86	94.87	89.33	85.62	226.18	116.39	215.34	85.99	82.02	109.21	98.16	75.73	134.72
QG37_06454	85.12	132.92	67.34	61.35	102.39	99.56	103.04	92.28	93.97	94.64	97.83	97.10	91.15	82.99	81.55	95.35	118.66	126.07	121.05	92.85	105.59	107.45	114.10	88.05	94.18	126.41	112.00	117.29	92.35	21.88	70.17	112.66	111.97	78.96	76.86	59.43	72.79	77.70	65.70	199.31	108.11	207.83	66.43	64.95	107.79	109.44	92.51	141.80
QG37_06455	118.33	107.04	62.89	61.14	111.14	106.90	97.01	103.12	107.19	102.27	83.46	82.75	96.21	94.39	87.12	100.74	134.23	127.01	122.29	106.93	102.82	102.35	125.42	92.57	111.57	134.46	89.17	112.33	90.87	25.65	68.69	103.84	112.58	104.91	101.34	74.27	87.49	112.61	83.01	229.47	119.64	211.88	79.17	74.02	96.87	107.02	88.39	131.91
QG37_06456	122.69	114.60	70.90	70.50	103.35	107.87	98.64	107.29	118.59	105.26	88.35	98.19	95.43	98.01	103.94	108.83	143.11	134.15	127.33	107.64	105.92	113.07	132.00	104.82	113.92	142.86	96.77	122.46	97.73	27.67	70.85	116.28	131.37	123.89	104.96	95.81	99.09	109.41	85.46	261.87	129.80	241.85	84.25	85.84	104.18	115.93	98.64	139.47
QG37_06457	94.82	111.14	57.33	56.83	73.21	80.44	113.46	99.79	125.20	96.59	87.43	76.49	85.28	82.23	89.10	101.57	117.71	136.21	128.39	101.72	90.76	100.16	110.68	92.07	123.54	127.06	78.36	108.75	93.37	20.68	58.27	103.36	92.29	102.77	93.57	93.62	89.45	94.23	68.09	215.93	129.46	240.85	65.62	81.58	94.93	95.04	89.75	108.83
QG37_06459	112.73	118.50	61.17	71.01	100.67	105.41	103.25	108.00	118.28	100.25	80.82	85.00	100.99	101.76	91.78	108.32	125.67	139.72	127.21	100.75	111.04	113.32	114.65	96.25	114.40	129.49	91.49	111.10	92.23	25.92	63.86	113.65	113.00	102.67	99.59	86.55	90.24	106.03	87.76	224.73	130.90	227.67	88.43	78.79	102.23	104.47	92.74	122.29
QG37_06460	116.93	115.77	55.78	68.31	106.95	121.92	95.58	90.63	112.28	91.73	75.07	85.87	93.91	98.04	87.87	106.70	118.86	139.17	113.94	102.56	117.17	111.34	106.00	93.95	99.41	132.01	94.61	103.45	100.85	35.74	67.14	99.99	133.15	125.91	120.80	89.32	93.21	106.01	88.50	238.35	120.69	239.77	72.29	80.28	94.41	105.31	102.06	120.71
QG37_06461	112.68	118.05	67.10	70.01	108.96	106.17	106.04	99.88	109.25	109.98	76.61	99.43	90.27	102.14	109.83	112.73	134.00	134.62	127.53	115.19	125.53	124.07	137.00	109.62	125.73	134.06	96.35	125.67	98.16	29.63	64.20	101.55	137.96	115.31	108.24	94.24	93.19	112.24	96.62	219.99	137.63	241.54	79.16	90.88	113.56	115.98	96.94	129.17
QG37_06462	137.53	140.67	78.29	83.03	120.55	122.11	130.43	134.43	132.18	119.04	102.67	109.98	117.70	123.71	106.37	124.34	140.08	151.46	146.24	126.82	119.59	130.41	138.67	111.36	139.01	159.94	100.81	136.07	105.12	32.35	91.53	141.37	139.85	114.51	107.48	88.13	108.75	99.46	94.50	246.25	145.97	243.57	86.63	98.36	128.35	133.25	119.82	167.61
QG37_06463	153.90	157.90	64.02	76.93	137.81	125.97	127.31	130.13	126.34	134.94	114.77	108.31	124.33	111.16	116.41	120.61	151.01	169.39	192.36	133.67	131.74	140.47	149.42	107.32	141.53	158.08	119.63	151.83	127.59	26.57	91.69	150.33	170.34	134.43	105.67	89.17	108.31	115.88	87.37	289.26	157.73	253.71	101.66	92.96	123.03	128.87	105.73	147.08
QG37_06464	155.12	137.05	84.44	79.40	133.39	123.27	129.20	129.70	141.04	126.10	106.79	114.15	112.33	118.32	106.39	126.03	154.62	154.54	154.49	131.75	131.65	136.76	143.57	117.05	143.09	173.09	115.62	145.75	119.15	29.69	83.53	134.09	141.66	125.76	120.56	97.52	112.73	118.70	92.60	281.20	155.81	277.71	107.47	95.86	120.32	114.71	102.32	157.92
QG37_06465	165.92	145.93	91.18	77.59	96.97	119.19	129.02	107.31	125.30	112.46	94.32	90.49	102.68	99.75	100.22	123.02	128.02	148.73	141.69	118.13	111.01	114.55	140.10	89.53	118.31	162.44	108.15	126.38	100.47	23.72	62.85	124.06	106.34	80.12	111.46	84.84	90.33	96.26	69.21	211.75	122.92	199.03	62.78	0.00	0.00	0.77	1.15	0.34
QG37_06466	114.40	135.07	51.88	58.31	116.58	106.49	111.61	129.03	100.44	101.01	93.09	89.87	120.10	115.73	91.90	96.78	145.50	138.26	133.60	117.35	104.53	120.08	122.31	88.26	128.84	142.65	87.44	136.28	112.19	31.13	59.09	129.80	85.35	84.38	66.88	66.67	68.42	66.50	51.62	184.80	92.13	189.98	59.22	69.76	79.39	83.62	70.01	112.83
QG37_06467	128.78	109.09	66.57	65.54	110.60	113.05	102.51	123.81	138.61	90.03	91.20	90.05	90.56	98.12	85.85	110.43	152.31	147.18	119.01	127.64	127.99	123.19	130.86	105.76	117.17	145.40	75.20	131.60	85.93	33.78	75.07	114.97	129.03	115.16	106.68	88.76	107.77	137.20	106.68	273.82	143.45	254.98	89.46	89.05	117.13	93.35	105.23	135.76
QG37_06468	75.10	93.52	39.63	44.75	86.11	82.43	77.79	105.31	97.18	84.08	68.64	70.65	71.70	69.45	87.59	79.05	96.52	94.17	78.05	93.31	75.84	85.52	78.29	80.83	108.84	99.72	64.20	98.31	62.86	27.08	48.68	82.42	74.22	97.16	84.92	79.25	83.41	88.54	78.12	199.93	107.70	188.84	62.39	85.09	94.93	94.19	86.44	125.47
QG37_06469	111.68	115.09	70.79	61.01	102.06	107.28	107.68	105.02	107.22	91.94	83.08	81.67	96.93	88.02	95.04	109.39	129.36	132.66	121.61	105.88	115.51	107.24	122.85	87.70	111.56	120.08	86.09	114.66	96.96	23.42	62.90	105.16	120.08	102.69	98.46	81.57	97.17	103.50	91.13	234.23	126.75	230.44	85.03	83.85	95.06	99.37	86.50	121.87
QG37_06470	126.42	109.99	71.52	61.64	109.11	107.32	114.16	101.75	102.22	87.80	78.34	96.64	99.15	110.55	87.32	84.65	129.47	135.18	133.97	95.76	111.06	89.41	129.40	80.23	108.38	112.72	80.40	115.41	75.99	16.04	59.30	100.84	134.58	98.46	83.33	68.31	86.41	97.04	76.56	237.67	134.00	239.67	87.95	66.50	88.94	114.70	85.75	109.06
QG37_06471	89.38	73.46	37.31	37.66	70.66	66.46	64.10	72.13	61.78	57.85	50.14	58.98	73.06	62.02	59.28	65.71	72.85	86.04	74.97	67.12	75.01	76.12	80.32	63.63	82.54	78.73	59.68	87.80	62.97	15.34	40.19	80.15	112.30	63.15	73.26	50.37	68.75	70.97	49.67	160.73	92.99	147.29	56.13	52.01	82.39	80.32	83.17	94.11
QG37_06472	117.28	106.16	62.87	63.76	97.83	90.71	110.49	105.00	112.48	87.16	79.90	76.91	88.56	92.00	94.85	100.79	133.12	133.02	107.27	91.76	97.88	103.77	109.65	95.75	112.02	115.93	75.26	111.86	85.98	23.83	61.62	111.73	108.80	99.59	99.91	80.32	96.17	99.07	75.99	213.51	120.74	218.35	83.72	81.02	96.80	99.15	83.59	125.30
QG37_06473	91.92	114.39	55.26	59.38	85.45	103.57	89.94	90.72	115.54	98.44	80.85	73.75	72.90	92.35	85.65	99.35	104.19	122.16	113.17	97.62	95.58	87.03	96.52	82.73	98.29	120.77	84.22	95.67	75.83	18.51	54.15	99.91	106.21	92.73	89.47	78.41	94.08	72.25	86.07	211.39	91.19	172.59	65.20	64.64	94.65	72.32	79.08	104.40
QG37_06474	110.42	128.41	75.09	62.19	106.44	114.71	107.03	110.73	130.51	130.14	100.42	105.14	103.22	104.50	108.77	114.46	170.77	148.91	135.59	112.13	120.03	135.39	136.77	106.04	122.37	134.04	108.20	125.01	99.22	29.14	79.31	123.48	142.24	131.35	100.61	87.07	108.63	127.13	95.50	262.08	132.04	257.15	92.33	84.11	101.73	117.94	101.29	141.28
QG37_06475	132.65	117.58	62.42	75.65	111.28	113.02	109.65	119.44	113.74	97.05	88.05	90.86	88.07	89.85	102.20	116.78	121.22	141.62	122.58	96.32	114.40	117.54	120.85	94.53	112.12	137.77	84.16	114.10	96.47	35.18	79.34	115.27	122.94	127.06	115.60	87.36	107.88	112.13	83.33	254.65	129.21	245.96	90.45	87.31	108.40	112.41	95.48	146.40
QG37_06476	137.87	124.14	71.30	77.96	124.12	135.96	120.08	122.96	127.65	100.86	102.20	87.21	96.30	101.79	103.04	107.83	139.05	148.68	150.21	127.14	112.77	121.72	138.41	115.57	134.62	170.43	100.19	124.44	112.84	25.46	73.96	136.98	137.74	140.24	112.05	83.77	118.31	120.28	83.36	260.46	136.50	255.23	100.20	79.01	123.31	98.37	115.64	145.93
QG37_06477	136.07	143.96	78.78	82.15	135.76	117.80	126.65	119.53	116.64	117.28	109.33	81.87	107.98	106.32	93.33	112.19	137.43	152.66	140.57	126.19	121.01	118.97	142.53	115.55	129.72	173.55	119.54	143.31	110.68	23.11	70.07	144.12	124.26	142.40	110.20	99.59	126.67	110.06	79.40	260.49	156.19	263.81	93.19	79.77	118.73	103.45	109.88	130.83
QG37_06478	117.61	123.48	69.23	67.72	104.55	101.83	113.73	109.85	122.18	103.29	89.53	88.41	96.03	101.94	88.18	108.53	125.36	149.68	134.07	104.52	108.17	115.86	123.42	100.85	112.88	134.15	99.46	113.38	100.85	25.62	72.65	121.99	130.53	111.05	104.57	88.22	98.22	104.58	91.86	234.95	124.69	226.48	78.08	85.19	101.15	108.86	99.03	120.54
QG37_06479	95.86	121.52	69.07	74.68	100.33	107.83	119.58	126.46	118.19	99.19	98.31	92.22	99.22	134.55	96.94	105.85	115.06	139.83	130.05	102.98	111.59	115.22	117.66	88.13	120.92	131.68	104.31	121.55	99.38	30.16	85.21	99.40	124.60	104.90	104.54	82.71	112.11	105.38	92.15	241.66	141.05	260.84	78.27	89.86	107.35	122.49	104.69	140.34
QG37_06480	135.61	123.77	81.80	73.90	116.33	107.09	112.50	107.28	116.53	98.81	86.31	104.36	105.00	98.98	105.30	105.64	139.26	160.53	129.49	119.18	109.24	113.20	144.29	114.83	119.87	141.00	111.35	141.01	97.40	21.98	81.45	115.00	154.24	126.70	111.85	105.69	96.88	125.55	89.14	287.45	140.50	254.43	104.58	95.34	115.65	115.32	101.39	120.37
QG37_06481	95.19	114.30	56.41	67.78	96.85	90.83	98.18	91.60	103.02	92.65	83.47	75.57	87.50	94.50	88.27	94.37	112.10	113.98	114.52	89.15	107.16	104.45	104.71	70.89	101.21	114.01	81.98	102.65	82.44	22.86	57.54	96.17	116.91	96.12	87.59	76.83	89.75	86.12	71.76	186.27	117.37	184.10	76.45	78.98	99.78	94.97	81.60	122.30
QG37_06482	118.75	133.60	79.15	86.81	122.14	139.18	123.07	111.92	136.42	122.58	98.54	108.39	111.68	107.03	105.18	141.47	143.45	142.47	156.32	116.81	124.81	130.97	156.28	142.08	151.20	161.74	108.66	144.22	116.19	30.62	80.31	137.70	141.07	107.84	105.00	95.13	101.75	125.83	99.60	149.28	153.56	123.25	111.61	109.18	117.53	131.93	93.81	153.46
QG37_06483	136.34	121.89	70.00	71.58	112.25	113.20	109.51	114.85	122.43	112.06	90.67	92.06	98.86	105.83	104.69	109.86	135.88	140.30	141.45	115.93	107.31	115.78	134.08	106.58	114.01	145.49	112.55	134.31	98.74	25.58	75.46	128.61	125.23	120.36	108.16	84.14	98.14	117.01	93.10	138.02	142.92	125.15	91.52	89.27	112.53	108.71	95.99	143.08
QG37_06484	100.78	98.20	58.35	58.48	95.97	94.57	91.38	103.40	110.80	79.16	85.78	78.01	82.55	101.51	89.77	91.95	130.53	131.40	114.08	92.55	101.35	104.17	119.32	83.18	111.12	116.66	90.24	102.24	95.87	28.60	58.03	94.76	106.36	99.13	98.59	90.71	93.68	83.65	78.25	131.38	121.22	110.14	84.53	73.30	86.07	84.85	100.15	112.25
QG37_06485	107.59	110.80	64.21	67.67	98.47	102.86	102.93	111.52	115.15	93.87	85.33	89.98	90.87	99.02	88.85	106.91	127.90	140.32	124.02	103.61	107.90	106.55	123.92	93.60	113.07	120.24	90.84	110.85	82.65	25.44	60.61	107.47	116.37	113.08	99.28	83.70	96.46	104.56	81.76	126.35	131.64	120.66	83.75	83.90	107.82	103.52	93.43	121.76
QG37_06486	110.85	107.68	59.99	63.52	99.01	97.26	98.89	104.75	116.40	84.67	75.34	80.05	85.03	85.82	87.57	110.65	115.46	135.58	118.96	105.16	105.99	95.35	121.89	86.27	103.85	126.27	85.37	108.44	87.64	23.84	65.70	113.47	110.96	97.71	98.37	82.23	89.52	98.34	80.41	119.18	127.62	112.40	85.95	83.02	96.31	108.94	92.80	133.32
QG37_06487	109.04	113.43	67.39	75.60	112.91	113.58	105.21	101.96	127.13	99.96	91.15	91.37	94.37	105.31	97.69	111.37	139.07	141.13	131.91	101.24	118.17	111.91	128.15	105.46	126.90	132.76	89.98	116.57	92.69	24.68	61.78	109.75	140.77	116.36	100.21	96.52	97.88	110.73	86.49	125.76	133.48	119.45	86.92	88.33	99.92	107.40	90.55	146.04
QG37_06488	120.64	119.43	76.08	65.29	107.27	93.53	125.54	116.00	114.74	111.65	105.25	104.08	99.88	91.50	92.97	134.63	135.25	139.03	136.90	102.19	115.76	133.93	141.38	99.08	105.22	150.99	103.99	130.15	107.56	31.13	80.48	108.20	153.07	124.00	105.64	101.10	112.65	84.33	103.54	151.40	145.58	114.86	99.54	92.78	91.58	122.60	87.95	153.52
QG37_06489	111.87	116.14	69.91	66.38	108.42	106.91	110.50	99.48	123.48	106.76	83.05	85.99	97.25	108.29	98.19	115.53	120.98	143.32	117.22	113.40	107.08	116.13	111.99	105.90	118.23	133.07	98.89	135.87	98.61	29.06	70.60	112.44	148.56	127.92	104.99	86.97	103.28	110.52	90.34	127.37	136.44	118.34	92.41	85.36	92.00	108.36	86.92	136.13
QG37_06490	129.39	134.48	75.07	74.36	108.75	125.87	106.07	125.80	130.52	117.87	102.39	112.03	104.69	96.89	107.62	121.78	135.92	156.23	138.03	123.58	123.23	108.16	136.89	103.89	139.60	135.72	100.72	126.30	102.70	38.40	73.72	112.31	141.92	119.45	110.49	96.51	105.88	117.56	84.54	148.40	147.27	116.73	99.04	87.26	99.74	119.60	96.38	131.08
QG37_06491	133.32	136.07	76.38	79.67	118.18	118.42	117.55	118.65	126.26	112.58	102.15	101.60	104.78	116.13	106.81	124.02	144.41	159.70	140.53	116.58	121.06	132.94	137.85	110.86	131.79	147.52	116.26	131.11	119.54	30.63	80.93	135.23	146.00	128.79	114.17	101.81	117.51	119.45	97.30	139.05	141.02	134.01	101.94	91.26	121.71	125.88	97.37	143.21
QG37_06492	131.41	135.07	80.97	70.21	112.87	118.72	113.74	114.25	107.94	110.62	92.54	86.03	106.08	99.71	107.46	113.17	146.78	158.20	136.87	112.89	121.45	110.42	131.51	103.92	124.63	145.32	102.89	121.85	105.08	30.68	72.95	126.27	137.99	110.48	111.57	85.08	112.09	119.15	96.42	127.32	133.60	123.95	87.84	79.20	115.82	114.68	93.13	143.07
QG37_06493	106.55	92.09	61.73	72.07	83.00	105.36	101.78	87.25	88.71	90.32	67.78	66.82	66.96	70.65	64.11	84.88	98.63	123.58	95.75	87.76	81.79	91.69	110.72	76.70	98.61	104.39	70.44	137.90	66.44	19.07	60.47	74.40	143.36	108.96	81.88	84.05	87.94	99.57	92.32	105.72	108.13	99.18	80.30	70.16	87.96	86.83	78.94	110.14
QG37_06494	85.69	59.72	31.84	26.47	49.10	61.01	61.24	38.49	64.97	54.92	47.79	47.10	48.34	38.99	42.06	48.59	70.92	81.14	59.46	55.58	49.49	56.90	64.81	41.97	55.52	53.12	46.58	57.44	45.82	9.45	39.06	46.36	80.15	66.57	60.35	56.30	49.88	63.27	50.26	89.08	71.92	64.51	51.99	45.99	57.19	50.11	41.22	83.16
QG37_06495	117.45	112.87	57.83	55.54	104.01	84.30	96.51	97.91	98.56	92.58	67.23	79.53	83.53	74.13	74.48	97.37	111.70	123.02	109.01	100.89	88.05	81.68	112.73	63.78	87.57	114.53	73.46	90.25	83.32	19.42	59.86	88.32	114.99	109.43	80.30	83.09	87.36	81.70	72.10	107.68	117.91	116.60	83.70	75.95	79.66	74.68	73.43	128.32
QG37_06496	80.36	99.62	56.33	51.30	79.44	74.66	93.31	74.43	100.70	81.11	73.87	72.79	77.32	68.36	80.45	82.85	108.24	114.11	100.05	86.92	86.49	72.40	86.82	68.91	89.65	93.93	78.77	80.57	85.15	27.39	49.70	91.50	68.40	62.09	40.70	50.00	50.90	60.98	45.11	70.10	70.74	54.16	40.10	50.20	52.53	46.26	57.29	68.16
QG37_06497	131.03	142.91	69.06	66.06	112.53	85.19	106.74	98.56	123.64	75.77	91.04	95.50	93.37	116.40	99.28	131.87	126.21	145.67	127.94	106.63	92.68	104.88	148.65	101.29	104.69	125.75	88.00	96.94	100.12	16.15	60.69	111.94	116.76	112.91	81.37	85.68	107.92	107.17	88.29	116.91	143.51	113.66	88.13	59.54	90.10	84.82	81.72	130.11
QG37_06498	129.19	123.03	65.65	71.90	108.08	113.84	98.28	103.81	127.34	95.88	87.90	94.41	96.75	108.93	102.77	114.38	131.29	144.88	128.91	117.73	115.76	112.61	130.35	98.77	118.22	139.97	86.70	118.34	96.49	27.37	59.30	120.50	124.01	116.72	95.64	92.06	110.10	104.99	87.83	129.91	122.37	110.55	90.57	88.94	117.23	114.68	95.45	144.07
QG37_06499	111.62	106.35	63.87	64.01	104.13	108.29	101.66	115.35	127.59	103.27	87.46	89.10	101.46	104.15	108.71	111.58	138.60	133.02	132.85	112.33	121.46	125.81	139.17	98.08	118.92	148.05	97.64	124.29	98.69	26.60	81.19	124.49	119.32	108.24	101.50	89.70	108.19	113.40	85.95	122.40	129.41	114.77	88.70	85.27	116.30	106.74	101.88	128.39
QG37_06500	118.62	117.22	56.72	51.83	107.08	101.93	100.27	104.96	113.63	101.15	84.10	79.82	96.20	94.33	89.82	94.10	133.21	142.61	130.37	108.53	122.50	116.63	115.12	98.01	107.46	136.08	98.34	122.07	103.16	30.93	61.30	97.98	120.53	102.38	101.71	77.27	93.34	102.92	80.87	119.33	134.59	104.79	81.26	84.54	116.66	108.57	94.55	139.72
QG37_06501	147.23	155.13	70.49	61.39	129.68	103.82	117.03	116.22	133.23	121.63	118.93	106.55	105.41	111.75	98.69	107.29	162.04	161.63	157.37	125.31	124.95	140.04	130.55	112.01	123.63	165.60	104.03	153.14	122.44	27.86	70.18	132.91	136.61	131.63	123.46	93.71	125.14	114.58	96.17	135.04	142.21	135.32	93.15	81.49	130.85	119.93	101.43	151.78
QG37_08467	123.10	138.56	69.89	71.62	115.10	109.97	93.93	116.12	118.68	88.30	105.15	115.08	140.36	108.22	84.77	114.44	132.88	167.33	158.78	115.89	115.27	123.19	115.59	112.30	137.34	143.27	93.92	153.84	119.75	34.66	71.18	111.15	116.36	107.41	95.63	62.73	110.15	110.12	121.51	122.22	135.12	121.96	104.30	70.00	124.48	108.22	95.96	124.71
QG37_06502	123.25	125.45	72.24	74.68	110.67	104.86	109.29	109.57	133.97	104.43	89.57	97.69	104.42	101.98	99.24	118.15	135.16	147.52	130.81	111.36	124.62	117.10	131.06	103.76	131.56	146.56	99.84	123.25	101.37	29.83	69.90	121.84	125.42	118.39	115.58	89.47	110.05	111.86	87.12	123.35	135.67	124.22	87.15	92.98	119.66	118.41	102.88	138.55
QG37_06503	135.95	129.63	75.05	79.71	112.41	90.66	109.52	129.76	145.83	127.40	95.57	116.77	97.92	114.97	102.98	113.87	149.39	155.66	156.86	118.12	126.83	132.56	148.95	96.94	119.99	142.32	108.93	130.08	114.20	38.74	77.82	127.82	120.74	108.00	103.47	90.16	118.76	98.52	96.18	135.93	143.52	133.70	91.03	98.56	125.65	106.42	97.19	140.73
