GENE	CDC_B11096	CDC_B11097	CDC_B11098	CDC_B11099	CDC_B11101	CDC_B11102	CDC_B11103	CDC_B11105	CDC_B11112	CDC_B11113	CDC_B11114	CDC_B11115	CDC_B11116	CDC_B11117	CDC_B11118	CDC_B11119	CDC_B11200	CDC_B11201	CDC_B11205	CDC_B11206	CDC_B11207	CDC_B11208	CDC_B11209	CDC_B11210	CDC_B11212	CDC_B11213	CDC_B11214	CDC_B11215	CDC_B11216	CDC_B11217	CDC_B11218	CDC_B11219	CDC_B11220	CDC_B11221	CDC_B11222	CDC_B11223	CDC_B11224	CDC_B11225	CDC_B11226	CDC_B11227	CDC_B11228	CDC_B11229	CDC_B11230	CDC_B11243	CDC_B11244	CDC_B11245	CDC_B11246	CDC_B11247
QG37_01304	35.63	74.43	32.25	43.41	62.77	58.45	50.89	68.89	65.84	57.43	53.78	56.65	47.35	46.95	60.39	57.21	69.06	88.89	74.77	61.54	65.04	64.67	74.00	52.84	70.76	80.52	63.87	76.33	59.56	17.39	35.22	57.52	69.87	60.53	52.06	37.05	51.94	64.14	48.11	63.94	59.89	52.60	42.34	30.18	31.74	30.14	20.45	48.87
QG37_01305	138.62	120.61	76.24	81.47	113.09	126.57	110.34	115.84	144.99	95.20	105.21	116.20	97.60	110.31	93.08	126.29	153.34	163.09	132.98	106.76	126.21	143.29	126.60	110.83	133.33	155.11	99.02	135.67	114.33	31.54	66.06	124.01	115.78	121.98	126.83	98.35	100.96	114.16	94.45	110.84	137.17	134.26	79.97	76.73	131.40	126.62	102.44	142.57
QG37_01306	164.37	145.38	87.14	96.39	112.92	136.67	140.47	135.70	134.44	120.54	121.09	99.21	131.54	139.15	105.86	142.35	169.80	183.34	139.58	133.62	146.24	125.43	153.55	130.86	137.05	164.43	103.17	163.32	126.54	28.30	86.03	150.89	164.15	134.97	125.90	107.91	109.08	118.91	114.25	132.19	164.59	155.39	108.52	97.15	136.40	128.50	111.38	170.78
QG37_01307	123.99	134.56	80.46	86.86	112.36	133.00	112.05	105.24	126.71	128.06	106.09	105.81	104.65	109.89	108.19	115.57	145.28	123.91	125.14	116.17	107.92	107.96	131.74	95.62	125.15	147.85	92.85	136.67	91.51	28.54	65.96	127.45	139.33	133.19	110.02	90.93	100.10	109.32	104.55	123.50	144.72	127.31	87.31	88.94	97.79	126.60	109.64	147.46
QG37_01308	139.59	145.41	77.77	86.54	123.01	106.40	121.73	112.82	134.27	130.93	106.46	103.37	115.16	102.78	98.18	98.27	146.03	156.81	128.29	136.89	117.84	123.01	152.19	120.12	150.09	171.52	97.59	152.99	123.30	33.25	70.14	121.21	119.73	129.10	101.46	90.50	100.80	114.76	82.04	134.50	133.80	113.86	95.78	93.73	115.16	115.80	113.88	115.14
QG37_01309	112.61	121.42	57.64	67.38	101.12	110.01	103.21	104.87	106.61	90.65	90.50	87.16	86.11	94.53	77.54	103.28	126.76	135.20	122.23	104.93	113.66	105.48	124.30	85.10	106.08	129.18	85.63	119.67	90.12	27.26	65.31	103.34	108.61	89.19	99.88	88.22	90.15	96.95	77.39	107.53	131.73	122.41	93.00	75.79	102.05	83.86	97.29	103.70
QG37_01310	131.51	203.82	90.28	97.86	138.08	144.27	150.47	162.40	170.42	147.04	127.36	134.45	130.62	129.47	150.27	153.18	191.21	175.53	171.60	163.68	147.58	170.38	183.12	140.63	161.15	162.94	135.44	170.85	151.50	49.10	105.37	181.64	219.88	177.22	143.40	129.09	182.69	175.17	148.97	203.23	212.49	206.79	154.27	158.71	205.99	205.91	190.00	265.01
QG37_01311	117.88	127.90	71.80	65.56	101.86	111.10	106.03	125.38	125.88	120.75	104.53	89.41	113.56	95.41	104.33	102.64	129.77	128.90	136.08	116.98	114.01	116.94	122.90	93.34	120.36	133.69	100.52	120.03	103.06	22.71	73.78	108.96	120.90	108.30	90.48	88.07	91.49	104.73	85.87	114.97	124.38	107.54	89.39	71.47	111.82	116.77	79.61	118.90
QG37_01312	138.31	137.35	87.62	76.88	128.58	127.93	129.87	138.11	131.93	132.02	111.65	108.76	120.44	110.32	110.85	122.21	155.86	165.40	156.07	144.51	133.52	142.09	146.09	112.12	135.18	152.26	119.93	152.77	121.30	39.44	76.23	130.05	147.85	125.38	127.19	95.63	121.52	120.89	100.90	135.94	146.28	129.58	96.25	96.06	131.41	117.04	104.26	146.92
QG37_01313	138.16	131.01	82.51	69.15	113.23	103.59	115.82	122.63	122.72	114.32	94.67	92.46	108.89	100.51	106.04	114.17	143.64	145.82	140.49	128.98	119.00	111.26	140.07	100.44	113.40	152.51	108.23	126.35	113.73	27.01	68.29	112.87	143.40	107.89	102.42	90.09	108.19	104.62	96.81	123.71	133.32	132.29	93.73	83.89	99.52	106.50	92.55	143.16
QG37_01314	127.68	120.85	77.45	68.50	117.91	117.20	123.15	105.79	130.27	112.39	103.18	100.65	106.41	101.15	93.78	109.43	149.85	148.20	134.92	115.45	126.47	120.81	135.71	97.97	130.22	140.51	94.79	137.04	101.40	31.15	67.25	121.57	148.86	107.79	116.31	93.50	96.46	113.77	95.02	123.76	139.99	132.43	94.04	88.83	118.86	99.32	90.16	131.32
QG37_01315	139.57	151.96	77.40	75.46	123.60	132.27	133.04	124.40	148.21	124.09	103.51	101.03	118.04	117.23	113.63	124.05	146.71	163.74	149.66	131.57	120.09	135.23	134.94	113.33	145.61	164.85	105.73	150.31	111.18	33.62	77.76	131.65	146.72	124.84	117.30	105.15	106.93	117.31	96.78	122.52	149.73	152.92	97.46	95.46	125.69	114.84	104.22	144.45
QG37_01316	120.20	131.65	67.95	71.30	112.51	106.75	110.71	102.18	118.85	104.25	103.08	87.48	116.93	97.73	99.07	113.67	124.26	143.74	125.87	121.15	111.73	122.67	140.37	96.80	115.95	148.43	102.46	125.47	105.94	28.33	76.10	121.10	137.19	107.50	101.77	97.25	95.80	101.34	78.95	122.41	145.26	128.98	91.94	82.43	108.53	110.31	102.32	122.31
QG37_01317	115.96	121.13	65.01	56.38	113.64	96.80	102.21	109.70	102.77	93.07	74.55	97.18	77.76	82.75	95.93	96.45	126.47	128.48	119.27	101.47	111.22	90.42	123.95	87.25	118.44	143.60	97.71	121.22	100.68	22.99	56.36	90.30	107.40	95.64	90.64	85.63	95.19	99.30	80.61	109.20	124.18	101.69	73.84	86.68	99.13	94.05	65.87	112.52
QG37_01318	141.17	150.09	84.54	74.55	121.31	132.12	115.09	127.46	142.44	119.59	109.96	104.97	116.69	126.50	114.63	136.87	166.31	150.65	153.97	129.05	123.81	144.00	147.31	117.02	127.85	173.56	114.98	125.95	110.62	36.45	67.88	135.90	148.61	131.47	118.00	102.56	120.80	120.79	103.63	133.24	145.89	135.24	85.42	114.35	144.54	136.32	114.40	145.64
QG37_01319	130.33	138.06	79.04	82.14	134.03	117.69	143.01	121.01	131.97	125.09	94.22	102.03	107.94	115.47	113.09	125.06	158.92	159.03	155.92	137.05	116.61	146.10	150.93	116.82	127.74	155.24	110.47	142.83	121.25	26.56	80.35	140.93	150.18	122.10	125.83	98.33	114.99	126.75	99.19	137.35	150.65	139.46	107.65	103.68	135.26	126.29	106.44	154.94
QG37_01320	125.56	116.18	74.08	65.03	88.93	91.45	100.84	109.68	112.24	94.82	72.73	76.81	106.02	100.39	83.01	113.38	129.99	150.72	114.51	117.93	112.37	109.18	123.73	90.33	112.61	127.58	86.92	112.76	79.24	20.71	66.34	96.84	108.31	108.36	96.29	84.33	96.81	98.94	82.52	121.44	141.07	104.74	96.84	77.34	94.32	102.25	85.38	122.32
QG37_01321	116.04	126.48	71.68	62.03	101.85	108.27	123.37	106.28	121.49	104.99	80.10	97.00	96.66	103.52	97.68	105.54	134.48	130.93	139.44	111.26	123.06	113.83	130.18	113.41	110.30	139.92	94.50	138.21	94.67	30.88	72.25	120.23	136.94	109.46	102.17	77.90	98.88	110.30	82.63	107.71	133.98	130.61	88.75	100.29	115.46	100.79	101.15	133.23
QG37_01322	118.81	105.63	62.25	72.53	101.72	87.46	101.38	96.76	114.04	92.38	77.52	75.54	95.78	76.55	90.74	99.93	112.65	126.04	120.44	101.21	107.51	97.76	127.82	93.70	99.59	138.11	90.77	146.74	89.39	24.12	61.71	122.10	114.23	107.31	100.66	82.87	94.80	100.79	83.67	113.57	116.66	100.27	86.40	92.20	83.34	104.55	82.26	118.36
QG37_01323	111.67	103.22	63.35	60.57	94.87	98.48	99.35	104.98	107.98	89.90	83.14	86.80	91.17	89.07	98.40	108.70	115.64	136.03	116.53	102.57	98.17	99.92	112.33	93.01	103.08	118.60	84.54	125.03	90.29	31.56	67.01	110.59	121.77	109.57	99.41	79.93	94.17	108.48	84.12	101.86	128.82	105.69	81.33	83.55	98.13	105.85	86.44	118.82
QG37_01324	144.41	125.02	76.36	78.07	115.60	111.97	113.16	127.03	132.37	114.93	95.89	103.15	91.23	108.50	109.57	117.38	171.17	166.42	142.68	129.94	131.06	146.15	139.43	116.55	141.62	140.10	101.84	115.16	122.42	31.46	80.94	140.07	139.25	119.62	119.26	103.83	114.98	108.40	107.26	113.88	131.22	126.34	99.11	79.37	134.33	120.30	118.45	169.22
QG37_01325	131.93	125.13	59.51	71.77	109.82	114.37	112.07	113.68	124.06	115.84	91.20	95.25	105.17	118.76	108.07	111.38	148.10	158.35	145.84	117.75	125.73	140.79	127.85	100.87	128.92	148.71	102.51	130.00	98.55	33.94	73.16	121.76	131.98	118.74	113.39	100.29	100.05	124.49	84.93	125.46	132.10	134.42	101.12	95.05	123.20	113.67	118.26	161.50
QG37_01326	110.90	140.37	63.78	76.40	114.16	98.81	115.82	111.20	129.30	117.82	85.59	102.42	81.67	98.23	111.19	119.33	129.83	140.63	130.64	118.15	129.61	112.36	124.01	97.75	126.40	152.65	95.39	126.01	99.22	62.93	103.03	116.33	128.17	119.33	100.04	79.98	90.03	107.22	86.18	122.31	147.53	131.77	93.35	86.05	133.53	112.69	105.47	125.98
QG37_01327	112.47	134.53	81.54	69.66	112.68	102.68	112.55	109.60	128.07	111.69	101.47	99.72	86.45	109.99	92.39	108.79	142.74	150.50	140.98	114.98	119.56	108.69	128.71	108.40	126.17	140.55	92.31	118.26	93.57	30.92	65.71	114.85	111.58	116.18	106.40	81.07	105.95	105.54	82.23	125.22	136.50	131.85	92.63	75.98	131.64	116.86	101.29	125.26
QG37_01328	121.83	104.23	64.41	50.93	97.02	82.95	97.27	95.02	99.37	82.90	74.42	71.16	84.31	122.97	94.00	92.40	129.06	124.88	109.78	89.31	104.53	90.60	108.26	91.85	107.63	128.77	90.57	123.39	70.35	16.98	53.90	98.47	107.03	89.15	83.13	82.71	81.82	70.54	68.29	107.40	112.24	108.38	83.69	104.23	101.85	110.24	82.70	118.03
QG37_01329	101.50	107.35	60.62	69.00	91.68	97.31	92.66	96.62	122.46	76.02	78.95	65.24	85.85	106.48	106.78	97.51	104.20	147.99	113.84	76.10	108.40	95.72	108.84	77.27	93.30	136.41	90.00	127.12	95.84	20.46	66.73	113.55	125.74	71.83	92.66	67.65	86.31	84.95	59.61	104.15	132.34	95.60	78.23	80.14	96.55	80.95	84.38	107.36
QG37_01330	103.13	110.78	61.87	70.93	102.58	97.64	108.90	94.78	122.21	89.66	82.89	81.20	84.83	97.92	99.16	102.94	108.59	150.08	124.93	104.19	95.81	87.00	105.43	90.23	99.90	142.21	90.66	118.97	90.86	100.28	142.07	109.05	128.65	88.82	110.65	87.58	90.40	106.07	80.89	117.56	125.65	113.48	87.84	78.06	99.88	110.40	97.25	130.84
QG37_01331	116.79	113.91	62.73	72.84	114.26	108.94	103.50	110.39	113.28	102.54	85.32	96.10	82.95	89.29	97.70	117.36	135.56	134.89	120.57	105.09	116.94	112.97	130.76	97.98	114.37	145.77	88.39	117.17	96.90	29.10	70.30	113.02	121.04	110.40	101.06	87.19	103.50	105.72	94.12	118.46	126.10	113.25	91.34	84.20	110.49	109.23	97.59	135.30
QG37_01332	101.84	109.56	52.81	58.66	104.05	104.17	103.99	130.46	124.95	110.18	77.32	99.80	108.92	94.91	95.39	81.11	133.27	133.96	129.53	94.60	111.54	130.03	130.51	103.69	114.74	124.76	100.47	107.95	82.14	24.19	61.93	123.63	121.40	103.64	111.24	75.12	93.48	100.55	80.42	98.19	118.24	125.87	85.54	102.65	98.90	89.35	89.29	129.11
QG37_01333	103.55	124.49	69.81	81.24	114.50	103.89	114.91	105.58	138.90	109.38	93.56	103.66	102.08	96.88	117.38	103.37	167.92	150.10	149.89	123.80	120.77	119.10	141.16	89.61	135.35	142.95	104.75	140.40	114.14	30.79	78.59	129.47	140.41	113.43	92.45	112.57	99.22	125.74	105.08	120.84	138.34	131.61	120.05	93.63	121.19	123.05	91.62	167.36
QG37_01334	97.20	134.34	66.01	73.82	106.73	98.22	95.06	104.06	112.81	107.37	81.21	107.09	82.79	105.50	89.35	105.94	126.28	132.39	138.30	106.44	105.49	106.00	112.41	101.45	126.47	126.24	93.33	118.20	98.60	21.48	65.30	111.58	114.83	95.51	89.50	104.92	93.98	99.93	87.54	111.32	122.53	105.95	88.14	74.65	107.40	110.05	96.22	137.04
QG37_01335	105.38	113.79	68.40	79.76	98.60	98.43	104.89	92.89	111.53	104.86	65.03	89.91	83.62	95.87	93.63	114.26	127.23	150.48	124.84	105.16	94.07	106.45	119.78	105.93	139.15	135.21	93.50	107.26	96.14	21.58	65.28	98.95	124.47	112.44	97.12	88.22	104.53	110.78	74.47	118.63	142.93	130.57	95.85	85.19	107.23	106.77	95.27	159.53
QG37_01336	113.48	99.19	66.47	71.78	97.46	93.18	89.43	97.71	108.48	102.31	67.52	85.10	81.99	92.17	89.79	113.88	126.49	134.25	117.91	86.86	101.48	118.77	139.27	93.37	132.90	124.58	87.14	106.77	95.41	27.12	74.02	105.49	127.37	121.77	97.10	81.50	92.07	101.96	71.89	148.13	124.98	114.98	94.50	78.25	101.55	105.10	90.37	141.50
QG37_01337	127.11	122.68	75.24	76.03	115.68	113.53	115.58	120.68	136.99	105.22	94.69	104.91	101.24	105.01	117.48	112.76	146.29	159.86	146.81	123.19	142.15	116.53	120.96	126.79	126.52	143.60	114.04	128.66	112.88	25.95	73.83	128.39	120.89	113.00	105.71	100.54	123.01	103.72	100.92	130.14	137.72	128.39	105.36	91.94	100.22	121.00	88.99	151.12
QG37_01338	112.58	99.74	55.52	57.84	103.83	79.92	87.53	94.60	104.87	89.38	79.14	79.17	71.51	84.97	103.37	107.89	120.22	128.67	121.28	100.24	102.90	112.85	111.80	96.06	110.18	127.17	92.45	93.32	73.46	72.43	114.26	95.00	98.84	95.52	79.81	76.81	101.40	103.01	82.84	102.34	114.07	127.24	92.25	66.18	104.39	118.74	97.69	116.76
QG37_01339	115.55	95.19	62.06	65.03	101.44	92.52	107.14	88.06	98.14	82.61	78.80	73.57	69.46	89.20	90.00	103.64	120.05	130.99	108.31	100.69	106.29	99.84	105.48	97.86	107.74	112.09	76.23	94.82	85.35	27.09	62.45	104.58	98.35	102.15	77.89	86.87	86.91	96.30	77.97	93.96	109.17	102.03	83.70	68.00	96.61	101.27	89.72	122.43
QG37_01340	143.03	138.34	72.94	87.93	124.72	130.95	111.31	123.74	110.23	110.45	86.84	108.51	111.00	108.22	124.86	123.63	143.30	162.23	136.14	119.71	134.39	136.48	147.76	112.35	124.99	153.52	96.12	132.53	103.99	41.94	92.68	137.47	158.42	124.85	116.71	95.65	106.07	129.15	98.85	116.91	147.25	125.87	123.22	96.87	111.05	130.32	111.51	151.94
QG37_01341	126.77	128.57	69.62	80.24	112.34	104.72	106.93	113.29	118.40	100.91	90.41	93.58	89.36	103.05	100.89	109.27	135.03	162.73	128.56	126.05	120.17	127.65	127.22	107.60	122.54	125.07	97.28	134.32	107.70	30.26	81.11	114.22	134.88	109.88	103.13	86.68	95.77	107.41	86.61	130.90	136.00	135.30	114.26	97.58	104.44	107.85	104.40	122.76
QG37_01342	98.92	112.28	58.72	65.80	108.16	116.87	108.02	109.75	124.88	97.11	98.12	95.12	96.93	104.18	96.37	116.45	128.70	144.99	130.35	99.86	116.21	111.80	129.05	98.58	119.25	145.67	82.39	118.53	99.31	23.27	69.49	109.93	115.70	110.87	113.11	84.55	102.80	92.76	88.15	118.57	128.20	118.50	88.98	103.82	108.13	116.42	101.97	147.45
QG37_01343	135.80	131.61	73.49	74.64	125.38	118.78	107.04	108.74	133.46	111.27	90.70	98.98	99.66	108.33	109.89	112.32	146.70	158.17	142.48	113.92	124.67	114.46	131.81	104.39	124.03	159.73	97.64	133.93	106.17	26.32	74.71	128.64	139.34	118.25	108.13	91.30	109.17	116.35	90.28	131.72	150.08	135.74	100.63	102.20	117.40	112.66	96.76	144.35
QG37_01344	101.15	95.05	53.50	72.15	103.08	88.66	87.71	91.04	106.48	80.33	81.50	78.39	74.22	87.75	91.15	88.43	117.70	131.53	102.40	88.66	89.86	85.10	111.80	89.40	97.77	131.27	83.38	105.35	69.78	12.66	53.74	96.72	104.31	107.62	106.65	86.99	82.14	99.51	69.75	101.73	119.78	100.86	83.64	80.50	86.87	92.58	81.91	109.63
QG37_01345	111.63	142.71	64.28	77.74	109.83	98.74	99.32	108.14	119.15	89.55	85.48	96.17	89.09	81.84	89.68	117.80	122.95	142.94	137.64	101.85	117.42	114.58	124.40	105.43	133.49	142.89	102.56	96.56	99.69	31.78	68.92	115.95	128.63	109.66	114.26	88.25	117.49	107.11	88.92	124.52	131.91	129.40	78.68	90.52	117.12	97.99	93.03	137.34
QG37_01346	117.46	124.65	64.80	61.95	101.20	106.56	91.24	108.50	124.90	98.05	82.72	88.70	90.76	98.18	96.85	119.18	131.76	150.12	125.78	109.59	109.80	110.10	115.37	101.68	114.53	145.80	97.21	118.88	92.62	26.18	64.24	106.93	126.02	99.78	101.44	93.00	94.66	108.00	85.18	113.38	131.26	121.67	90.93	82.70	105.51	109.58	85.44	134.82
QG37_01347	113.03	126.95	58.19	71.14	100.82	106.28	114.52	107.91	128.04	87.28	86.63	84.12	82.30	100.59	86.05	112.15	137.23	141.87	136.90	91.44	109.75	100.66	117.73	97.31	121.42	136.71	94.61	125.13	98.68	24.68	73.67	122.02	121.31	114.75	95.69	82.37	94.29	100.69	81.49	121.12	121.49	120.16	82.50	82.27	98.10	95.97	91.50	135.20
QG37_01348	132.96	120.61	63.19	72.07	108.58	106.85	102.29	111.05	131.04	104.59	94.69	94.42	101.48	98.61	109.41	104.98	136.34	147.01	136.40	116.64	110.75	109.33	124.97	101.44	114.50	133.85	92.38	110.63	104.87	26.44	71.33	115.70	132.38	114.28	106.55	90.28	100.23	102.99	87.75	115.99	142.81	119.61	99.02	76.04	101.59	104.25	102.74	137.37
QG37_01349	135.82	141.94	69.87	81.19	114.52	123.34	119.17	129.89	147.17	108.03	75.76	102.00	105.49	107.95	118.35	113.21	150.11	151.92	148.36	120.74	114.45	124.23	139.13	105.13	135.97	150.40	105.17	126.51	108.01	34.21	81.99	141.87	148.40	137.04	110.58	102.61	99.90	109.18	97.80	126.13	129.15	139.28	97.07	98.79	122.75	106.58	109.58	169.57
QG37_01352	110.35	122.34	68.30	84.96	107.85	103.53	104.28	95.19	110.85	90.90	88.41	93.71	87.51	106.46	114.65	114.89	141.33	145.77	135.15	117.22	107.71	105.60	125.56	102.15	121.61	128.86	106.51	121.40	109.43	30.16	64.63	119.52	146.08	116.72	102.18	82.60	103.77	105.84	93.59	112.60	142.39	118.17	87.08	86.96	104.95	99.52	89.99	129.54
QG37_01353	121.34	107.60	62.40	59.64	104.53	91.77	110.14	99.60	111.57	95.88	80.99	83.10	82.63	92.58	81.78	115.44	125.16	134.07	110.42	109.92	105.50	99.89	111.48	101.39	96.08	123.04	94.57	111.16	91.24	46.85	63.71	112.25	126.17	104.15	108.57	87.36	80.58	93.94	81.98	109.49	117.60	109.37	84.83	85.24	96.78	96.76	88.65	125.23
QG37_01354	116.12	151.34	79.81	54.65	100.48	129.80	131.46	115.13	119.32	108.62	105.96	86.26	119.13	90.53	96.31	94.09	130.74	144.97	138.57	106.01	98.57	98.08	115.55	91.77	138.34	141.20	98.82	115.04	102.95	29.17	78.80	121.64	99.16	103.21	103.54	69.04	76.97	93.50	75.46	94.28	117.33	112.82	77.37	77.86	107.62	92.92	85.23	126.36
QG37_01355	103.06	116.74	68.13	69.05	100.06	97.46	104.99	102.72	110.60	90.00	84.58	83.10	81.00	91.51	99.76	113.67	130.31	133.26	122.34	108.67	106.41	108.83	111.99	105.52	109.16	120.90	91.70	107.36	92.35	26.07	69.44	99.13	120.56	105.73	99.62	84.14	101.03	110.95	82.88	111.93	124.09	105.84	80.35	73.72	114.98	100.04	94.34	114.93
QG37_01356	117.80	107.21	68.94	68.96	98.59	106.15	95.24	105.76	121.90	99.56	89.13	76.79	99.21	85.44	88.54	100.50	119.64	142.24	111.92	104.67	103.06	90.31	111.67	89.83	95.77	120.86	92.17	106.81	82.67	23.91	59.83	94.22	109.66	105.51	96.98	84.75	90.03	93.33	74.34	113.13	97.59	104.12	76.40	69.57	107.16	93.21	79.58	128.58
QG37_01357	125.30	113.12	59.24	71.65	112.70	108.64	114.04	124.69	107.84	103.95	90.66	88.05	106.83	99.43	94.82	102.11	117.79	132.55	134.54	93.88	101.89	114.29	114.12	105.72	123.70	127.06	95.86	111.94	77.72	18.38	65.73	124.15	96.62	112.74	107.02	62.73	95.14	106.71	78.99	112.08	117.33	109.75	84.81	66.11	98.97	103.09	78.48	135.18
QG37_01358	146.61	136.37	68.03	84.11	121.79	126.40	126.88	129.49	152.00	119.41	109.62	110.61	103.02	104.90	104.17	138.45	168.06	161.14	149.29	138.43	134.22	136.97	155.22	113.91	122.36	151.66	109.89	136.06	113.64	31.12	92.59	144.23	152.79	126.01	122.15	113.73	110.39	118.54	93.73	139.97	157.24	139.51	116.30	93.00	140.23	124.49	107.93	155.37
QG37_01359	127.69	109.34	66.89	65.82	101.50	105.18	107.66	103.38	113.65	97.09	92.09	90.37	93.44	89.68	96.92	106.71	138.07	135.58	124.67	127.47	117.92	112.18	131.06	99.41	126.40	133.09	102.08	115.10	107.15	27.24	72.52	103.74	121.14	110.55	104.45	91.62	99.27	101.57	80.15	105.71	113.97	118.17	90.17	75.66	104.16	106.35	91.27	133.49
QG37_01360	115.74	123.42	70.25	68.85	118.00	114.73	116.98	114.96	117.72	110.94	82.84	89.48	92.47	99.00	99.52	108.77	133.71	146.81	121.59	110.33	113.10	112.34	133.22	97.30	121.85	136.71	92.82	126.27	99.92	25.86	71.48	113.56	127.91	120.15	106.99	90.18	99.47	116.69	87.36	108.36	136.43	115.17	86.26	95.28	104.50	113.15	95.76	126.17
QG37_01361	115.85	112.50	66.96	58.77	102.96	91.21	102.87	107.32	120.72	86.40	91.72	88.02	88.06	99.69	89.69	101.30	140.00	146.84	119.88	92.11	124.18	113.57	117.99	91.21	115.05	126.56	83.40	119.27	98.70	35.43	71.11	102.44	110.84	91.32	81.26	78.32	97.85	82.78	70.87	119.50	125.68	105.69	78.75	80.36	106.67	100.98	90.77	122.08
QG37_01362	117.26	124.51	60.40	84.18	102.41	119.01	108.68	119.33	134.67	134.62	112.94	113.95	97.11	102.91	120.39	127.69	149.96	173.06	139.01	146.09	136.60	139.87	142.18	116.01	120.00	150.21	112.55	118.86	124.81	37.28	95.47	135.13	131.94	106.70	103.42	95.50	113.55	87.30	87.30	124.42	150.91	118.66	103.50	86.55	133.50	94.09	100.91	125.04
QG37_01363	160.89	148.91	79.92	77.26	119.05	130.72	95.62	149.30	162.23	144.64	117.25	121.71	137.89	136.49	119.26	146.33	174.30	181.59	161.44	140.87	114.99	131.59	130.29	118.29	145.90	185.50	131.78	126.46	143.59	35.22	90.63	154.93	162.95	122.61	143.24	115.35	126.39	112.90	100.25	130.58	156.95	142.06	93.75	84.80	134.24	118.97	100.74	157.13
QG37_01364	131.51	124.95	83.32	82.63	131.88	124.35	123.48	126.30	126.93	139.19	118.84	119.31	114.44	104.55	107.27	118.48	152.31	164.44	139.22	123.86	136.42	132.43	143.71	112.10	142.80	162.92	93.54	162.72	123.51	27.10	82.36	132.48	117.92	104.48	96.63	83.74	89.24	99.12	67.44	77.96	137.04	105.49	93.40	77.18	114.92	97.08	96.87	128.88
QG37_01365	125.58	159.15	81.85	84.96	135.78	121.30	129.17	121.02	130.94	127.64	106.46	109.36	106.81	109.99	115.56	123.18	166.20	177.65	156.86	127.29	135.28	139.30	143.93	111.28	121.30	167.28	121.61	159.34	125.93	30.30	89.57	142.28	175.31	118.66	122.50	89.01	106.74	121.04	110.12	127.05	142.27	134.50	104.99	105.60	115.17	121.50	89.21	160.89
QG37_01366	127.40	130.13	77.68	67.81	119.12	112.88	111.01	116.94	107.73	112.11	85.31	103.62	95.53	106.62	107.99	109.78	133.66	157.94	137.64	117.04	112.76	123.14	129.39	105.85	118.42	147.21	105.65	131.16	97.55	31.79	72.24	134.22	135.25	117.82	110.89	88.17	106.01	116.09	99.00	135.46	155.04	131.42	93.33	89.70	118.78	115.81	96.75	136.74
QG37_01367	126.42	140.01	72.23	71.62	122.33	125.32	123.61	120.98	143.52	117.92	103.48	99.85	101.78	119.29	103.63	118.66	158.34	167.15	153.57	121.80	128.45	133.35	140.30	115.56	126.54	148.09	110.05	129.90	105.63	28.67	80.67	121.26	134.97	132.69	108.65	88.19	115.63	109.87	96.34	127.38	139.06	118.41	97.76	97.01	124.25	114.12	99.24	143.38
QG37_01369	119.04	119.46	85.06	71.93	101.73	107.56	103.81	120.88	113.56	125.99	104.96	87.10	100.30	121.63	108.74	103.54	135.07	141.97	124.54	106.87	113.42	106.14	107.13	89.05	134.07	133.63	118.80	129.27	91.91	21.33	83.29	113.59	151.71	103.84	107.28	90.26	104.99	113.64	98.55	105.77	131.68	117.34	105.90	89.43	104.60	101.87	89.78	128.89
QG37_01370	118.83	116.97	59.95	69.39	97.49	100.28	105.52	113.65	124.28	104.04	76.17	94.61	92.10	102.16	94.18	113.08	129.44	133.71	126.93	100.96	96.13	104.90	119.67	88.98	121.37	136.48	95.49	112.29	88.45	26.67	69.72	113.47	127.27	112.51	103.51	90.20	100.50	106.83	76.41	106.36	141.72	105.16	88.27	80.08	105.63	103.69	100.62	131.79
QG37_01371	102.61	102.91	61.01	63.65	91.44	85.91	97.68	94.56	114.51	86.30	74.22	80.53	90.41	93.43	97.38	93.64	122.61	127.79	106.01	94.47	104.94	116.04	108.55	96.61	107.40	123.06	80.24	98.04	79.94	25.71	55.17	112.42	115.88	101.64	95.79	82.66	85.97	101.60	81.06	100.63	116.30	109.05	79.54	79.20	99.48	93.04	86.92	117.59
QG37_01372	135.09	134.98	71.81	80.16	111.50	116.49	118.71	119.03	116.67	105.36	85.26	92.96	114.67	103.90	103.76	123.48	154.26	165.80	136.49	121.82	121.11	127.40	133.50	104.41	124.38	146.90	106.83	139.95	105.00	30.10	78.05	129.87	118.44	115.01	108.87	81.82	101.67	110.02	90.60	99.48	118.35	118.88	78.36	87.23	111.47	114.77	104.54	143.63
QG37_01373	134.94	117.55	74.25	70.25	105.26	125.16	113.13	104.24	125.55	115.40	96.93	103.91	100.00	106.23	105.99	118.58	151.02	170.19	143.88	133.41	126.92	125.62	126.28	112.22	116.17	137.73	100.94	118.67	121.14	27.79	81.15	130.01	128.97	126.58	112.77	92.83	112.20	112.64	91.10	118.04	141.84	126.64	87.98	90.75	104.73	116.99	108.41	144.58
QG37_01374	123.80	115.14	63.76	67.85	113.89	113.26	112.73	114.89	118.07	106.84	83.96	92.20	99.10	94.46	94.88	109.84	129.66	135.80	125.62	118.89	109.18	103.80	125.32	97.54	114.35	134.04	83.95	119.36	93.81	25.16	68.53	107.88	129.91	111.33	98.22	93.22	106.30	107.29	86.01	102.18	123.84	114.42	85.67	88.52	109.84	104.77	93.35	128.05
QG37_01375	140.68	140.79	79.02	77.14	107.81	116.01	123.36	123.66	148.38	127.40	99.19	97.37	114.73	114.82	118.76	117.67	157.10	146.18	153.39	119.00	129.29	127.19	139.83	107.73	110.45	159.53	106.19	149.95	124.49	33.73	74.19	146.68	156.92	109.08	121.75	84.79	115.97	109.15	104.42	129.28	134.01	132.59	104.72	92.24	114.03	114.27	113.03	147.28
QG37_01376	111.50	127.49	71.46	80.85	108.47	106.52	122.46	130.51	131.62	107.54	94.17	93.40	105.80	105.19	115.94	120.16	156.50	140.12	141.65	108.56	127.77	112.93	137.29	92.97	129.09	141.24	98.68	116.55	101.38	25.11	79.55	125.29	129.88	109.90	112.61	96.40	111.68	103.33	98.22	110.71	137.41	112.85	77.98	102.58	118.08	114.25	109.27	147.84
QG37_01377	127.06	115.25	73.06	66.86	100.03	109.17	95.40	102.17	114.29	96.50	99.62	91.40	95.52	92.38	105.48	92.96	155.40	161.92	136.18	129.88	145.89	114.08	123.76	104.61	125.77	136.61	92.41	119.46	117.18	39.11	69.24	123.31	128.34	112.77	98.04	88.13	119.09	114.84	81.02	132.21	142.56	131.82	83.91	67.56	91.79	86.04	71.96	111.86
QG37_01378	117.57	122.84	71.78	66.32	100.80	113.16	96.38	97.09	123.28	104.33	96.68	79.23	92.43	101.51	94.92	111.58	128.45	155.99	135.31	123.11	114.78	117.02	135.24	99.78	122.47	139.60	76.54	115.85	110.40	26.86	57.76	98.95	136.57	108.35	99.63	80.07	93.40	106.25	67.86	114.65	134.15	136.32	78.47	72.77	110.34	100.59	79.16	145.13
QG37_01379	140.92	119.22	78.56	63.56	114.80	111.17	116.28	109.75	119.15	113.85	78.68	97.78	104.83	101.78	104.71	116.75	122.23	140.95	135.13	112.17	111.61	116.99	136.33	91.66	114.15	132.21	102.48	141.26	104.24	25.16	67.06	132.29	141.40	110.79	109.78	74.55	91.30	112.78	85.55	128.57	143.82	121.19	92.43	87.07	112.67	115.86	104.36	125.89
QG37_01380	134.05	145.38	79.77	81.13	134.83	127.88	129.50	126.09	141.86	124.95	100.01	105.66	110.25	106.76	108.04	124.35	151.89	149.50	151.39	131.09	118.40	129.68	142.98	108.27	131.07	156.85	117.51	145.48	119.04	29.37	79.96	134.67	132.60	135.50	117.28	96.64	97.45	121.38	98.98	124.89	145.61	129.50	98.05	102.30	122.36	114.95	109.99	149.82
QG37_01381	131.62	130.01	65.20	85.32	120.68	105.94	117.32	141.59	136.87	117.16	102.13	116.50	119.68	112.41	112.71	136.51	147.61	183.64	148.29	133.86	118.09	126.60	154.96	114.29	121.07	146.39	109.02	134.13	117.66	28.37	64.12	133.02	148.99	127.23	120.64	104.83	119.12	110.64	112.82	134.32	139.19	134.88	93.83	104.57	125.27	123.72	110.84	168.86
QG37_01382	139.19	124.71	70.30	73.97	95.03	92.85	91.31	117.80	112.12	117.49	93.38	76.58	106.60	100.87	78.95	111.29	140.46	129.46	125.99	115.93	101.84	101.38	130.28	114.91	121.03	125.16	86.09	130.73	96.56	37.75	71.76	117.31	140.19	114.69	106.90	100.31	108.03	119.71	77.65	125.36	130.90	126.16	78.58	82.78	117.67	99.87	99.74	137.46
QG37_01383	110.30	109.12	68.70	59.55	108.20	96.41	98.66	95.87	105.93	84.81	81.97	98.36	82.10	107.16	96.51	100.10	128.45	112.80	125.71	104.03	89.64	102.29	115.84	95.51	106.01	123.19	93.37	108.44	89.59	24.23	71.46	113.07	112.05	101.63	93.58	74.43	83.56	101.73	76.44	95.33	140.11	111.65	69.86	80.94	103.31	97.45	87.41	134.69
QG37_01384	62.00	66.19	27.10	27.73	44.49	51.90	38.88	47.65	49.03	56.21	50.83	31.69	52.12	37.94	32.68	48.27	60.70	60.35	56.09	43.05	49.27	50.11	63.95	42.09	47.52	68.21	44.07	52.06	40.25	14.23	39.97	54.37	54.28	49.80	40.56	37.15	40.19	44.14	32.83	44.19	57.23	56.92	34.07	34.71	35.47	47.66	46.62	54.24
QG37_01385	134.75	130.30	70.06	73.42	119.83	115.74	113.96	129.35	139.99	121.73	90.02	108.99	109.12	109.78	110.30	116.60	150.00	163.97	146.90	124.80	121.84	127.97	150.99	105.41	128.17	164.67	108.63	144.40	121.04	31.04	73.97	126.80	142.03	116.21	125.58	98.92	118.53	121.46	104.40	123.64	157.97	125.12	97.09	91.10	115.53	113.91	101.63	147.41
QG37_01386	133.75	125.07	56.38	61.97	106.97	108.39	114.33	104.79	126.39	97.27	78.58	99.05	88.41	100.07	88.07	104.71	125.74	130.60	124.53	105.29	116.59	121.09	121.49	95.99	110.84	140.07	91.71	114.59	102.66	27.90	61.12	108.71	132.30	116.75	101.41	86.59	93.09	102.70	93.90	107.37	114.99	119.47	85.07	73.29	109.73	109.97	83.93	120.02
QG37_01387	114.45	113.06	63.22	66.15	104.20	111.50	112.51	106.57	123.40	106.05	76.87	88.68	80.03	99.79	92.29	117.51	138.14	151.11	125.23	105.84	112.34	111.76	122.90	92.91	116.25	139.61	91.20	117.09	92.34	27.12	76.29	104.81	125.22	113.43	104.75	86.56	94.13	99.58	89.59	108.72	121.31	121.88	90.98	91.48	109.70	102.79	98.85	116.95
QG37_01388	127.96	124.80	62.44	67.85	101.85	106.41	108.44	116.45	118.38	100.91	90.16	101.12	93.48	108.95	97.34	118.26	143.02	160.80	141.30	113.79	121.19	117.80	132.26	103.15	126.12	150.16	105.14	122.31	105.68	32.12	77.15	122.55	128.10	120.33	102.40	88.04	101.46	108.40	89.09	116.30	137.63	118.77	95.13	92.12	108.57	109.96	102.13	142.28
QG37_01389	124.23	130.94	69.44	70.63	108.09	121.97	107.69	109.10	126.06	103.43	85.77	99.50	101.45	113.50	101.44	119.78	137.93	156.04	142.12	112.29	115.90	123.91	132.87	108.73	143.99	155.81	101.75	131.03	103.65	26.93	68.80	120.14	141.46	117.83	101.00	97.75	108.46	101.97	88.23	122.50	144.87	137.59	108.55	94.89	120.12	114.69	110.00	141.02
QG37_01390	128.09	130.60	77.12	70.16	105.02	109.03	103.52	117.17	140.28	95.97	83.08	103.81	93.37	109.28	116.34	104.72	147.63	165.22	153.52	116.51	118.12	126.42	130.14	110.31	123.15	152.16	101.36	145.86	109.45	37.08	80.26	118.75	142.89	111.68	117.81	104.46	128.53	134.46	106.09	107.77	157.08	132.37	106.55	93.01	119.17	112.42	111.78	134.39
QG37_01391	145.77	141.28	84.88	79.36	120.80	130.79	120.98	132.51	133.41	98.23	93.63	97.61	90.82	129.73	110.30	117.24	176.55	177.22	157.48	123.09	136.40	130.68	144.58	121.61	130.23	160.33	109.39	141.94	118.61	36.16	83.37	141.89	168.70	134.34	114.44	107.02	108.07	155.89	105.98	141.50	144.76	122.52	92.84	103.72	111.77	117.60	110.22	182.41
QG37_01392	131.67	114.67	77.01	79.58	115.72	97.11	111.02	95.65	127.83	127.85	96.79	82.06	83.61	106.06	101.81	106.11	147.96	152.19	136.95	104.72	123.72	115.97	138.18	111.36	114.55	129.06	105.70	117.65	100.57	29.38	69.38	103.05	154.78	123.03	102.00	111.40	105.45	111.68	77.08	118.42	136.34	132.87	98.18	93.49	97.32	118.31	86.94	164.26
QG37_01393	122.11	119.13	64.52	71.63	107.73	109.05	98.25	104.07	113.40	93.98	83.32	81.65	86.18	107.15	93.15	105.02	123.65	144.18	116.60	107.09	115.60	114.08	114.44	86.59	105.50	143.43	103.56	117.57	88.24	27.85	65.47	106.66	124.19	108.70	97.00	86.99	90.65	103.32	87.39	116.69	136.88	113.04	87.16	85.82	101.32	107.17	97.56	132.89
QG37_01394	121.75	134.73	67.84	83.89	121.54	127.81	118.38	120.61	124.29	107.21	81.68	105.51	97.84	102.83	116.66	133.17	146.10	143.87	132.31	114.40	127.56	121.25	159.65	104.07	129.60	147.70	98.05	132.70	103.80	25.98	92.08	121.36	145.75	126.25	135.85	113.51	118.74	131.18	97.18	151.66	139.18	137.46	104.91	86.06	123.84	121.28	112.93	129.86
QG37_01395	120.93	123.53	66.84	70.26	108.22	117.14	109.90	116.85	118.76	100.39	87.29	104.06	89.33	105.59	99.16	115.63	143.34	141.20	125.61	106.78	107.30	123.19	126.17	103.86	111.50	137.63	90.99	118.64	94.26	23.37	62.72	120.41	121.27	113.59	110.05	88.74	109.90	113.36	84.57	112.95	134.93	119.48	90.95	93.88	123.38	117.15	100.83	134.92
QG37_01396	116.11	106.09	65.18	73.98	102.16	103.49	103.36	112.61	119.85	95.31	90.44	92.55	88.21	102.80	97.57	106.58	125.37	127.68	117.59	95.29	116.44	119.97	122.42	92.63	109.23	128.77	83.85	114.88	93.26	31.23	78.37	110.98	129.43	113.36	100.88	83.16	100.68	110.06	77.59	119.89	125.65	115.94	83.67	83.82	105.94	95.35	96.40	130.61
QG37_01397	89.05	92.52	63.98	54.19	81.50	71.08	114.43	83.97	93.74	82.17	68.63	70.19	72.36	106.22	93.38	96.18	132.23	110.36	98.58	96.05	94.13	83.21	94.00	89.26	102.02	105.32	68.84	91.70	74.59	28.42	54.52	94.58	105.33	114.17	102.01	54.44	93.11	109.67	60.88	100.92	93.24	87.21	52.02	51.78	79.01	81.67	90.66	90.48
QG37_01398	119.40	113.88	55.32	77.72	87.44	114.51	105.81	98.15	114.16	100.19	74.61	71.18	97.49	84.41	98.02	93.10	112.19	121.57	134.69	99.26	98.60	105.99	113.75	102.51	113.67	124.04	85.92	113.76	100.17	20.54	69.97	95.97	130.59	105.30	100.49	84.66	101.87	106.90	85.74	88.82	112.03	93.15	75.40	108.22	113.57	115.60	108.60	138.60
QG37_01399	126.84	134.08	65.37	70.54	108.71	109.06	96.84	133.04	127.28	115.93	81.33	93.74	103.99	91.53	111.64	119.54	141.70	154.03	134.51	117.06	130.42	115.61	140.49	100.15	128.18	126.17	101.25	120.81	93.02	22.28	90.79	114.27	133.77	107.79	111.81	93.03	108.95	129.70	92.92	123.65	145.75	123.47	87.73	82.39	98.44	100.78	95.47	142.15
QG37_01400	122.22	120.94	77.14	63.19	107.54	103.20	108.38	123.71	122.05	116.72	88.38	101.20	95.09	104.62	102.74	108.50	120.58	159.07	137.58	112.20	124.32	120.73	126.92	102.79	108.01	143.33	86.94	121.45	87.98	25.71	60.84	109.97	128.89	114.49	106.16	100.79	99.56	121.82	85.31	132.36	137.60	116.84	88.15	92.21	117.57	121.98	101.70	142.01
QG37_01401	123.54	117.18	63.96	69.16	115.74	115.40	112.79	117.18	129.53	109.81	92.38	107.39	96.16	104.80	94.78	104.18	139.27	155.96	127.92	114.49	117.07	105.66	134.48	96.55	126.03	150.37	102.31	126.14	112.72	32.97	68.87	125.43	140.77	115.85	120.39	78.01	103.12	101.32	91.39	121.28	124.53	127.67	93.29	70.18	114.86	125.24	99.85	135.68
QG37_01402	147.36	138.50	68.44	72.76	128.38	143.72	112.50	139.52	140.77	126.68	107.52	103.90	111.46	126.87	118.79	115.13	163.39	171.39	133.71	135.62	146.57	134.23	136.43	131.60	125.05	151.23	111.95	132.23	109.65	26.44	78.04	143.09	128.78	135.60	135.11	101.25	112.47	129.37	116.99	126.26	152.77	127.69	112.71	94.54	122.33	125.28	112.97	141.26
QG37_01403	122.44	132.13	80.70	81.65	144.77	119.07	119.77	120.37	136.18	112.52	95.60	108.27	98.19	119.95	109.92	125.59	116.43	125.63	125.56	109.28	116.52	126.34	123.66	103.13	120.78	149.82	102.94	150.47	110.03	25.08	76.31	121.31	137.33	110.45	112.58	103.64	115.98	122.32	98.55	113.56	138.55	123.17	94.99	105.63	116.90	99.34	96.54	119.08
QG37_01404	135.53	129.33	72.69	64.29	114.43	120.43	123.20	128.12	111.53	97.89	84.44	88.13	92.45	114.69	107.15	118.97	131.90	142.07	129.78	128.37	117.97	111.41	109.86	105.20	116.28	158.86	116.39	145.47	122.56	28.82	89.08	115.70	120.32	118.57	100.12	100.61	112.20	112.66	114.53	112.85	128.65	135.40	94.84	101.05	103.08	123.30	119.20	136.04
QG37_01405	119.08	106.61	74.44	68.04	118.08	100.06	109.98	107.58	103.74	104.44	90.78	78.98	93.28	124.82	98.76	114.77	150.63	117.09	118.49	111.08	117.38	117.02	117.76	81.78	122.53	141.92	101.93	131.69	105.01	30.79	72.35	126.67	111.95	97.88	92.07	100.63	115.01	114.96	90.50	114.30	118.25	108.98	95.32	92.30	112.39	125.98	106.39	136.92
QG37_01406	46.56	35.42	22.09	20.23	31.71	39.42	36.14	25.71	28.80	30.60	21.45	19.44	26.87	30.58	23.22	25.54	33.69	44.34	28.35	23.96	26.94	23.66	32.22	30.15	31.44	32.54	22.99	35.12	25.52	6.86	20.23	27.00	38.77	35.34	20.55	31.01	23.82	21.14	19.50	37.68	38.26	28.47	27.86	17.59	25.95	25.17	25.00	37.49
QG37_01407	33.15	54.44	31.10	39.55	47.84	58.98	51.89	51.57	54.18	56.95	39.50	36.07	41.22	45.03	46.13	51.48	57.45	63.69	54.92	37.04	47.37	45.15	61.81	44.60	54.22	55.06	31.28	54.66	38.42	12.79	32.22	50.18	60.89	56.33	53.64	49.45	43.81	41.23	48.12	64.55	68.30	65.01	49.28	27.98	41.06	43.83	38.96	56.81
QG37_01408	102.38	96.49	49.19	37.45	77.43	61.94	82.46	66.01	52.89	65.02	67.45	54.44	68.77	73.63	64.20	57.36	91.25	95.62	77.39	69.03	76.26	71.29	71.43	61.04	74.19	90.20	53.88	80.52	67.33	15.94	34.07	66.49	89.04	73.89	76.04	54.03	63.41	66.11	48.92	86.47	73.61	87.45	65.50	55.23	76.88	83.49	72.22	98.05
QG37_01409	71.57	70.49	42.48	25.23	64.12	52.75	65.48	43.02	56.82	50.93	47.82	49.89	48.16	58.16	60.80	46.23	68.23	78.98	71.23	63.87	59.13	65.08	72.40	50.96	56.45	73.86	56.43	71.31	53.57	12.27	42.73	56.80	86.78	57.22	54.35	35.47	42.74	55.49	40.88	55.96	56.10	51.39	51.17	54.25	62.80	64.49	47.17	83.89
QG37_01410	101.63	106.72	65.68	69.47	96.96	91.38	106.23	96.47	103.98	87.31	87.31	81.22	89.80	93.79	83.75	107.80	123.56	128.03	99.81	110.32	107.43	113.64	114.00	99.12	109.05	125.43	94.46	113.25	91.42	22.02	65.13	110.65	119.02	100.20	104.39	88.15	92.59	98.13	89.18	84.27	109.27	105.02	89.75	69.46	83.22	94.82	69.25	97.05
QG37_01411	127.87	115.81	74.79	79.64	118.33	119.07	121.15	117.07	129.18	104.32	91.26	105.73	105.62	110.60	100.89	119.98	147.74	160.94	128.58	111.75	121.83	126.76	126.90	113.27	140.25	152.35	86.20	132.67	101.60	26.72	68.09	131.43	141.83	115.52	102.40	91.65	109.76	113.62	89.11	124.83	134.47	134.17	94.60	87.84	108.82	116.55	102.88	145.29
QG37_01412	134.10	137.47	108.42	85.41	130.02	135.99	123.15	122.73	140.38	127.32	99.17	123.80	121.88	121.77	106.68	137.86	142.92	150.55	179.88	142.07	127.18	126.20	152.98	106.01	134.66	175.18	111.40	164.48	125.57	26.21	79.04	138.58	153.91	133.28	130.77	100.90	134.40	112.62	96.38	139.79	160.55	144.87	111.01	93.82	125.72	133.42	106.88	164.30
QG37_01413	138.97	137.84	108.92	81.89	123.84	131.01	118.49	105.61	129.15	123.00	92.43	125.20	113.98	111.22	104.69	119.79	156.73	151.15	137.15	125.79	128.42	143.39	153.46	108.48	131.65	171.04	111.07	140.25	123.63	35.78	76.67	146.98	130.54	111.34	112.74	84.63	127.67	102.19	97.81	127.26	133.24	127.86	109.64	85.37	116.99	120.19	109.60	159.62
QG37_01414	126.28	127.11	105.57	69.27	116.28	142.96	122.84	109.38	126.52	110.69	101.80	99.32	112.95	99.78	93.60	101.36	158.85	147.49	121.04	144.56	118.17	145.50	143.28	94.72	129.42	147.38	94.75	127.95	103.39	31.26	65.12	130.03	116.09	120.51	100.49	74.34	115.58	97.77	98.37	114.01	132.99	132.40	97.41	80.55	123.49	119.31	90.94	137.98
QG37_01415	116.61	101.12	60.70	71.90	112.33	99.13	107.57	121.34	101.44	108.46	70.39	93.59	99.52	90.16	89.07	102.17	114.12	168.61	139.64	124.15	115.22	110.15	119.70	94.30	103.96	124.67	78.49	105.67	86.03	36.50	53.59	101.15	135.35	100.01	123.22	71.54	89.61	87.59	77.28	103.92	132.70	109.77	95.67	86.18	93.55	97.26	91.17	119.84
QG37_01416	141.43	123.56	75.17	77.39	114.06	121.56	116.51	123.86	121.82	119.48	99.12	95.64	110.97	104.19	100.76	118.59	143.79	151.60	132.70	132.12	122.98	114.18	129.57	106.15	118.45	146.75	101.89	141.26	106.10	29.95	76.81	118.88	133.25	115.69	104.47	89.23	99.09	112.48	87.96	119.11	142.76	118.58	92.93	90.84	108.33	111.94	105.61	140.77
QG37_01417	139.79	145.03	88.81	86.74	134.79	127.58	136.30	135.13	132.22	126.28	102.78	114.11	126.89	121.37	108.65	123.40	162.75	167.57	140.96	156.66	151.13	124.97	130.49	111.07	141.73	178.93	96.83	146.61	116.52	33.27	88.94	128.16	150.14	126.39	113.80	108.64	114.39	118.39	114.40	137.32	152.65	130.95	113.47	112.03	120.71	130.22	102.77	152.84
QG37_01418	165.54	148.00	85.89	79.70	141.74	130.85	134.23	124.43	139.39	144.03	110.01	106.66	126.06	117.61	103.55	120.83	166.33	177.91	141.05	150.40	127.14	140.48	157.10	96.25	139.50	163.99	97.60	133.09	135.47	34.94	73.80	143.25	152.19	131.00	118.37	115.37	98.51	120.31	106.97	130.20	152.54	128.82	111.01	100.58	125.05	121.42	100.65	133.18
QG37_01419	150.08	142.62	79.48	86.88	115.43	138.48	117.53	122.90	127.53	109.42	121.41	98.64	125.25	97.89	108.24	125.61	162.70	174.32	139.72	132.83	121.45	128.54	141.28	109.20	141.88	163.01	113.38	153.44	128.26	28.30	75.22	131.22	144.14	123.48	113.04	106.27	115.68	116.74	101.39	133.47	160.56	134.08	120.72	80.67	114.67	109.25	103.11	138.91
QG37_01420	137.63	128.59	81.79	71.47	126.94	123.29	126.78	118.42	129.92	117.28	100.95	103.97	114.50	107.26	109.03	120.40	147.42	162.96	140.91	123.57	126.91	127.50	123.28	97.49	128.50	157.55	102.56	141.55	115.56	27.42	70.90	129.52	133.93	113.75	114.30	94.08	107.32	114.55	94.75	110.59	137.08	124.96	88.73	95.11	110.85	106.09	95.91	144.31
QG37_01421	146.18	135.31	83.28	77.05	122.74	139.81	120.72	120.31	148.59	120.88	101.04	98.59	115.34	105.37	119.68	122.12	148.11	163.33	140.15	130.54	131.68	141.05	131.97	108.26	132.99	157.32	93.01	155.82	121.85	30.44	76.06	134.52	150.25	130.63	117.80	104.00	105.01	115.16	96.87	117.98	145.78	126.93	93.63	85.39	105.32	110.10	101.70	150.86
QG37_01422	148.57	131.78	69.93	87.43	95.97	114.63	122.33	121.43	141.34	114.21	98.48	99.34	110.22	108.76	105.64	98.83	142.87	143.01	141.37	132.21	122.44	119.39	111.32	109.47	117.75	154.20	105.89	113.84	119.78	25.44	74.87	123.66	110.44	125.78	111.72	91.44	106.20	107.68	103.59	118.10	149.74	129.27	85.69	95.86	118.94	103.31	91.23	151.22
QG37_01423	128.51	122.50	72.77	78.68	107.34	128.44	121.98	109.57	135.53	114.70	92.89	86.35	106.50	96.86	84.82	109.49	125.87	150.04	120.95	124.98	99.35	105.90	127.26	102.04	120.74	152.67	99.48	127.37	116.83	24.42	74.23	114.19	119.97	101.11	109.42	90.39	104.13	112.93	93.18	121.53	137.04	127.32	82.22	90.55	97.83	121.54	89.03	142.68
QG37_01424	139.14	138.82	83.59	84.13	132.05	128.62	118.41	135.61	139.76	124.96	103.37	108.77	117.93	109.06	110.98	123.63	150.34	142.33	151.41	129.35	116.23	120.00	139.56	105.03	134.08	153.84	102.39	153.07	123.67	26.69	72.24	124.57	154.35	133.03	115.78	98.53	118.43	121.61	93.00	120.15	156.03	151.40	100.88	87.36	123.53	124.81	96.07	147.78
QG37_01425	141.32	155.80	89.09	87.73	128.34	121.60	119.91	118.14	143.55	127.53	90.00	112.28	116.09	102.02	100.30	141.16	152.96	173.23	145.88	137.44	114.24	144.16	139.07	106.79	139.09	163.79	112.27	161.25	129.26	33.67	83.35	158.35	140.11	122.62	116.41	105.47	108.10	130.85	97.00	115.08	149.08	150.46	97.06	95.62	122.37	117.48	115.02	161.88
QG37_01426	121.36	131.28	69.04	77.00	120.19	115.10	119.41	112.95	136.37	116.63	92.41	91.40	93.92	106.24	95.96	111.07	146.16	156.63	134.24	127.84	116.18	126.41	137.72	100.48	123.92	165.30	103.85	130.65	108.76	29.94	69.47	126.19	130.95	120.23	99.86	88.55	103.02	113.74	78.16	119.62	139.23	131.12	87.86	84.57	111.95	119.74	109.78	132.26
QG37_01427	139.70	137.40	82.05	71.95	116.31	115.45	113.37	120.47	124.72	114.83	97.34	92.78	103.71	102.24	104.75	113.65	138.31	166.24	139.80	122.21	104.25	119.71	129.04	95.12	119.60	139.06	107.81	137.59	109.31	24.79	69.59	121.32	129.09	115.82	115.18	92.01	109.26	109.95	97.44	123.42	134.26	127.01	89.52	87.15	106.61	109.90	93.29	127.79
QG37_01428	151.57	151.95	64.61	74.25	133.51	125.98	125.30	143.46	132.77	120.67	99.42	108.91	102.73	108.26	108.24	109.83	153.75	177.58	145.29	134.35	129.56	129.79	126.38	107.64	136.72	163.18	114.64	146.47	118.00	32.44	78.15	128.61	132.01	115.25	119.09	97.55	115.84	123.20	95.26	128.60	155.44	122.80	96.93	88.16	122.68	127.15	111.68	149.21
QG37_01429	156.83	145.70	87.20	82.02	136.45	120.97	128.96	132.81	142.37	132.41	110.92	123.60	117.26	124.16	108.98	133.07	161.07	170.66	163.62	142.18	138.46	144.48	145.12	115.69	145.12	171.94	115.57	154.49	133.14	32.54	86.87	151.67	152.16	139.81	126.84	106.22	120.43	130.91	106.06	140.91	163.04	146.65	105.89	101.28	129.81	123.15	107.34	160.75
QG37_01430	137.72	133.61	79.57	75.89	119.35	121.52	117.81	121.56	128.13	124.43	99.37	99.04	108.16	105.68	112.26	111.98	152.13	160.41	147.08	136.06	127.94	132.16	132.33	107.31	127.91	150.63	106.62	145.44	117.60	29.89	80.45	129.30	139.04	121.49	111.90	97.42	114.89	114.40	93.46	129.39	150.38	132.97	89.49	88.19	119.00	113.17	97.83	139.96
QG37_01431	143.38	141.30	86.63	74.05	122.65	107.39	114.64	119.30	123.98	116.10	94.67	104.36	114.64	101.26	98.89	110.90	144.40	156.41	149.13	134.76	123.70	128.15	136.62	106.59	129.06	139.80	108.40	145.87	119.82	31.19	78.17	123.04	133.98	119.36	119.10	87.92	104.21	112.31	97.34	125.66	154.36	125.89	80.86	84.77	112.91	123.71	104.49	144.63
QG37_01432	151.34	144.30	79.23	84.45	135.29	116.72	118.04	133.97	137.31	135.93	115.19	126.07	109.22	111.75	112.76	137.00	172.26	172.55	142.06	129.03	126.57	125.97	154.40	121.10	145.23	170.42	112.18	147.50	134.60	30.10	92.08	150.78	168.35	135.50	121.70	110.68	128.89	121.53	98.46	134.08	156.58	150.70	113.13	106.72	133.31	114.74	107.51	149.10
QG37_01433	156.42	143.53	92.81	86.70	131.49	139.01	123.92	135.16	139.16	138.85	101.65	126.29	127.44	114.44	112.83	139.18	158.44	170.83	157.90	151.46	129.49	137.21	154.56	113.71	147.01	178.45	122.71	154.75	131.24	34.45	76.22	152.87	167.51	133.50	129.66	110.00	126.07	124.04	102.53	137.12	154.80	147.47	101.77	104.16	137.56	127.91	113.83	150.65
QG37_01435	152.75	158.30	85.79	81.52	134.83	139.98	139.35	136.68	150.09	136.94	115.76	109.69	120.68	117.73	117.90	127.51	154.95	170.62	155.40	135.71	126.60	137.82	149.63	119.79	143.26	164.26	122.47	160.24	126.60	30.30	78.79	142.36	152.90	138.83	118.32	108.85	126.01	122.41	108.57	142.18	152.87	133.26	107.85	97.18	131.25	123.02	112.08	155.98
QG37_01436	162.39	150.36	68.75	82.14	125.62	116.98	105.91	121.07	139.13	125.99	96.77	110.29	109.59	114.25	98.07	141.06	138.63	163.72	126.82	122.92	120.66	117.95	122.93	108.81	112.83	137.53	95.28	139.21	117.03	36.09	70.08	126.70	143.27	127.44	116.04	95.62	93.93	118.95	98.92	111.55	129.57	117.62	84.46	82.81	124.41	117.10	100.56	134.10
QG37_01437	142.24	144.36	70.79	82.84	115.34	123.37	115.05	139.65	142.65	122.70	108.57	112.25	119.69	99.12	106.61	127.19	140.45	174.26	144.40	105.09	121.96	120.61	123.17	121.09	117.82	144.68	89.50	158.62	122.78	32.15	76.83	126.24	137.64	133.70	110.64	100.66	104.56	104.64	94.40	111.95	122.58	142.13	76.53	85.70	121.31	101.55	99.80	128.11
QG37_01438	153.93	144.35	81.19	79.43	134.24	128.51	122.07	129.57	138.42	120.53	103.15	116.48	121.31	114.20	110.26	126.93	161.85	165.23	134.74	119.41	124.82	129.17	128.43	114.40	137.05	145.21	108.55	131.21	133.64	33.62	76.69	134.38	147.88	136.09	127.86	102.52	130.88	120.04	108.26	127.99	144.10	130.95	109.94	100.77	132.89	113.53	104.22	159.20
QG37_01439	159.08	159.31	99.00	98.46	136.73	136.08	135.40	139.54	159.17	144.89	119.80	110.07	136.21	134.69	119.68	138.94	174.49	164.08	165.22	134.26	135.66	148.22	133.03	103.21	138.97	153.08	100.46	155.76	128.64	43.27	83.35	122.25	142.30	123.07	135.07	121.53	110.64	122.49	117.72	124.83	165.07	160.90	104.12	120.46	132.93	132.38	110.62	148.86
QG37_01440	160.86	159.05	82.27	95.06	142.53	132.31	123.71	147.82	139.84	147.41	103.14	119.82	128.42	124.55	121.61	144.84	167.76	139.92	149.40	144.27	133.93	144.02	124.85	102.19	127.48	147.30	114.85	176.31	116.47	34.97	77.81	134.54	146.92	120.56	130.67	118.32	96.10	119.96	106.70	135.66	144.72	135.45	110.00	101.16	124.88	132.86	119.75	153.74
QG37_01441	150.25	142.90	84.98	67.24	134.46	125.90	129.59	122.97	147.08	114.15	103.90	106.38	118.81	104.87	112.35	124.65	154.12	153.19	141.29	129.05	128.98	120.55	143.19	105.09	127.12	167.14	99.60	136.56	119.81	36.61	74.16	123.84	137.35	125.07	117.58	99.41	114.04	117.62	101.92	123.46	161.38	132.43	92.84	86.08	107.70	123.00	95.70	139.38
QG37_01442	149.69	153.44	89.17	82.75	129.60	119.19	126.30	125.76	143.40	125.44	105.21	106.73	112.14	109.59	109.98	107.41	159.49	156.86	143.62	135.48	117.54	128.50	139.72	102.04	132.00	152.89	113.34	146.41	114.79	27.63	81.75	129.76	144.06	118.91	113.28	89.85	105.49	111.80	90.16	130.31	156.79	134.83	93.40	100.82	112.30	118.37	105.98	136.89
QG37_01443	169.49	157.66	93.64	85.47	133.48	145.22	144.99	150.07	159.31	143.45	125.88	122.42	133.70	116.09	123.79	129.97	165.44	172.06	156.04	149.75	134.61	133.78	151.70	108.75	148.22	182.14	118.98	161.35	138.72	34.75	80.79	147.31	155.60	135.78	126.56	112.53	121.02	123.44	104.07	135.53	164.34	146.17	101.70	100.15	135.27	126.88	115.59	152.25
QG37_01444	162.41	144.82	85.92	78.49	127.32	143.09	133.79	140.45	141.87	132.97	110.32	114.07	128.15	114.64	112.26	125.59	163.84	156.22	150.72	138.21	122.62	128.69	145.80	115.67	140.63	172.35	114.61	154.20	125.38	31.26	77.13	142.85	152.64	131.89	129.83	107.84	116.06	115.22	103.70	130.86	166.26	146.29	98.51	92.33	122.55	123.37	106.96	144.85
QG37_01445	155.08	146.51	90.62	80.06	138.27	138.51	141.63	134.60	140.12	132.46	109.73	121.27	130.08	111.76	115.33	124.71	163.16	174.82	151.63	143.33	140.53	148.72	146.12	117.75	145.25	172.39	116.21	159.70	136.41	35.08	73.90	138.32	159.72	142.35	125.53	106.44	118.74	123.05	103.02	138.70	152.67	141.01	107.27	94.48	127.98	129.42	105.29	144.91
QG37_01446	161.90	156.25	91.42	70.69	134.56	121.94	136.62	134.94	145.15	152.07	117.82	124.53	131.26	106.17	118.23	134.92	158.14	166.35	142.57	138.02	131.58	138.76	132.18	119.07	139.82	162.01	111.53	158.12	122.36	38.13	76.89	134.81	158.25	133.08	128.11	107.55	124.67	129.20	97.45	124.46	164.98	134.79	97.23	99.02	123.91	123.34	102.80	160.27
QG37_01447	164.95	167.22	96.53	86.73	146.61	147.15	138.78	141.15	145.16	138.64	117.10	110.84	130.47	118.76	109.41	124.83	167.49	175.81	156.60	146.59	136.12	139.44	156.33	115.44	150.62	170.63	117.09	164.18	136.06	40.14	86.36	148.21	153.42	136.80	128.47	103.49	128.53	128.01	101.51	128.19	173.75	140.99	99.99	100.75	129.69	120.01	109.96	154.14
QG37_01448	142.17	151.22	84.72	85.11	132.65	149.90	128.16	135.14	151.41	131.96	114.10	108.27	130.00	91.97	115.46	122.80	167.78	156.94	155.59	146.32	124.76	155.30	147.47	111.50	144.26	159.27	110.81	161.38	130.83	33.39	74.59	143.39	160.85	145.65	117.04	96.20	119.24	119.60	78.01	136.60	154.08	148.33	95.31	88.39	115.53	111.12	100.42	137.27
QG37_01449	146.98	138.56	87.04	67.26	118.17	123.58	119.87	122.92	124.79	120.88	102.30	105.80	103.08	107.25	105.24	111.14	149.94	154.34	135.04	126.65	127.15	125.73	122.39	103.12	131.25	155.06	100.47	143.05	120.82	32.31	73.01	128.19	139.97	121.04	114.14	89.36	113.84	107.82	93.87	107.68	144.57	122.78	89.49	82.71	103.09	108.19	94.25	127.12
QG37_01450	137.86	160.64	88.84	71.85	127.23	132.93	122.34	113.11	144.55	135.26	118.08	137.31	129.28	99.27	107.51	103.63	175.79	156.47	143.51	151.58	113.65	132.72	136.47	110.95	131.03	185.30	100.19	147.17	135.05	30.69	66.80	132.72	177.34	137.96	122.28	106.37	114.52	122.82	103.96	142.63	163.86	137.69	94.52	87.34	138.44	117.74	104.09	136.42
QG37_01451	154.37	140.59	91.33	79.52	122.49	132.80	128.83	119.43	136.89	129.22	96.54	109.17	131.60	89.76	97.10	114.41	161.31	149.89	146.81	135.14	126.67	127.47	132.58	106.78	137.98	153.00	117.91	143.44	131.01	33.70	72.74	130.56	162.98	130.87	107.32	106.47	121.19	114.14	97.77	124.80	148.20	126.88	95.87	90.35	126.30	106.64	116.81	138.99
QG37_01452	159.05	154.88	86.59	77.28	140.12	128.02	139.71	125.54	150.46	138.12	116.93	118.61	126.27	109.75	113.43	122.49	169.01	160.10	151.48	145.26	131.72	125.46	134.25	107.47	119.64	168.34	105.78	141.34	132.72	34.18	80.01	145.37	142.81	128.07	115.43	111.26	121.09	110.57	91.69	132.18	143.90	119.36	103.80	98.76	114.63	118.26	105.85	152.90
QG37_01453	149.18	142.61	95.88	75.03	132.34	133.43	139.43	128.11	147.49	127.96	115.73	108.30	126.30	112.81	116.81	110.07	157.92	153.81	144.96	145.23	137.29	137.08	137.84	128.73	129.85	155.92	116.73	165.85	136.85	30.07	81.02	143.80	136.70	130.91	129.12	89.57	124.01	130.63	100.17	144.23	130.73	143.22	110.71	102.54	134.11	109.06	101.71	142.43
QG37_01454	150.77	147.87	89.73	79.27	128.87	135.85	131.67	125.12	142.65	127.36	103.52	114.33	130.91	106.37	123.23	130.60	158.91	172.31	141.78	138.60	138.95	146.06	141.07	113.29	126.50	160.16	113.93	143.17	123.46	30.06	77.82	125.66	159.30	122.59	115.76	98.90	123.93	130.58	95.65	123.45	171.20	138.62	103.57	96.58	110.89	139.13	105.87	139.58
QG37_01455	154.55	143.29	97.38	72.12	122.50	122.97	127.99	129.07	132.03	126.12	102.42	113.01	122.60	128.23	121.50	134.75	175.82	179.51	147.46	134.95	129.04	138.28	148.19	106.16	138.55	167.36	130.32	167.56	135.22	31.85	93.50	145.74	167.46	130.09	113.88	104.05	127.24	125.50	100.75	137.13	148.63	138.44	97.04	101.14	112.80	120.81	104.84	161.52
QG37_01456	154.81	154.18	83.70	80.01	132.29	132.37	131.63	132.47	140.93	135.03	101.69	112.58	131.18	114.69	126.13	119.10	159.62	171.42	150.27	141.60	130.08	142.22	144.40	106.32	138.16	167.94	113.03	147.49	126.14	39.68	83.71	139.20	156.54	127.21	124.49	107.22	113.90	118.80	112.22	133.86	149.51	135.74	103.55	95.26	119.87	120.39	105.61	161.02
QG37_01457	132.74	128.23	76.46	52.07	89.16	101.95	113.94	110.84	91.18	98.83	84.97	101.86	89.17	88.60	95.07	106.04	122.32	127.60	110.58	113.89	108.62	96.71	104.56	87.86	105.49	145.78	84.80	134.96	103.25	40.61	90.27	120.35	136.39	104.23	96.56	89.99	103.79	106.34	82.25	96.27	114.66	115.49	84.79	78.09	98.61	115.27	90.96	132.28
QG37_01458	152.12	149.37	92.94	90.23	135.71	134.42	130.83	136.56	141.16	132.78	93.16	117.07	134.40	115.21	103.42	110.99	171.61	168.71	147.79	138.65	148.16	133.20	149.44	113.17	138.93	168.60	109.14	161.06	128.64	32.73	73.51	137.47	148.10	121.50	119.83	109.38	126.56	125.12	106.38	135.42	158.44	142.75	100.18	96.25	134.55	129.06	104.19	158.24
QG37_01459	146.87	144.60	89.19	79.31	119.66	128.45	134.29	129.12	118.12	139.04	95.47	106.17	120.95	119.45	106.20	114.26	160.61	146.73	142.73	137.56	141.88	127.87	137.81	107.42	122.79	152.36	105.53	147.22	113.31	34.06	79.75	138.94	134.57	126.81	118.94	103.06	109.41	120.49	104.53	134.23	145.10	139.70	101.37	91.35	112.51	124.92	113.47	155.60
QG37_01460	156.94	149.25	90.52	84.96	139.88	136.09	121.08	130.20	143.29	128.41	108.74	113.93	122.40	112.97	105.01	117.30	167.65	150.18	148.36	147.46	119.32	130.14	132.56	107.17	127.28	166.29	107.86	141.14	131.51	29.51	78.85	140.17	152.95	124.07	116.05	105.92	106.54	113.59	100.78	132.89	142.41	135.61	94.60	95.47	117.27	116.37	115.23	147.14
QG37_01461	153.79	132.43	80.18	78.11	129.67	116.23	124.41	125.21	142.54	129.59	100.89	106.05	126.18	112.20	109.41	115.42	159.60	172.33	148.18	146.29	117.11	133.64	143.51	108.58	134.56	156.76	108.63	145.93	134.31	37.94	73.88	130.09	152.36	120.43	124.74	102.94	121.54	113.30	101.14	124.00	176.93	147.00	93.45	96.60	124.40	115.66	101.39	147.54
QG37_01462	149.63	141.91	91.15	84.71	136.37	134.40	121.40	141.74	143.64	128.42	107.51	118.84	119.32	122.53	105.06	120.42	164.89	160.14	153.18	126.38	132.72	132.42	136.98	110.46	135.97	171.48	115.42	153.28	127.50	35.25	82.69	138.56	166.69	126.37	126.63	103.01	116.22	122.35	97.19	130.38	160.77	135.74	102.82	100.99	124.45	124.39	101.42	157.05
QG37_01463	151.59	163.39	84.45	85.68	138.51	135.27	134.44	139.52	146.04	135.05	111.39	125.14	116.15	126.88	111.16	127.09	168.43	169.20	144.68	133.89	135.07	146.08	142.42	114.72	143.12	164.84	118.81	156.91	117.90	35.11	80.14	147.05	167.01	128.62	124.75	113.82	140.82	131.54	102.66	151.47	154.75	152.39	108.15	118.73	141.33	141.17	112.94	150.23
QG37_01464	158.68	183.95	84.09	78.06	142.69	132.83	122.54	140.29	148.47	135.04	104.49	113.97	130.21	111.38	121.22	123.23	170.74	189.55	177.11	135.40	139.10	159.37	152.14	114.30	146.80	177.97	134.89	168.07	142.24	34.51	90.02	145.08	173.83	146.75	136.82	96.92	124.89	138.35	109.58	142.95	160.93	139.39	117.09	103.75	126.86	118.53	115.46	158.70
QG37_01465	144.52	166.83	78.23	88.33	125.94	137.90	133.05	126.74	159.16	115.71	102.20	152.25	123.66	115.21	94.70	126.83	146.33	157.77	171.92	137.94	115.28	120.20	126.10	111.19	129.80	170.97	121.29	157.53	106.60	31.36	78.97	126.93	149.64	116.67	121.14	95.43	124.77	123.77	103.60	143.99	136.85	130.97	94.53	83.20	120.19	102.36	106.56	144.83
QG37_01466	149.06	161.94	80.63	98.33	121.40	123.65	148.12	131.49	177.63	136.10	110.85	130.28	123.59	116.58	108.00	141.84	140.64	153.28	159.82	145.24	103.94	138.63	140.35	113.01	135.86	170.58	121.36	149.70	115.51	35.07	76.75	134.01	147.75	130.07	125.17	110.96	125.74	121.38	106.01	127.72	150.74	130.04	103.33	92.53	117.04	106.66	113.27	146.49
QG37_01467	155.09	167.90	86.82	112.91	136.89	159.08	127.70	151.96	164.75	179.05	125.88	138.71	121.56	122.04	132.94	137.77	223.73	182.75	167.73	143.28	151.47	176.29	181.52	149.16	140.82	165.27	129.81	206.44	137.07	52.12	110.27	160.75	172.56	143.72	122.50	110.77	136.36	140.07	113.77	153.44	162.30	161.30	106.30	110.23	132.43	140.49	119.94	192.05
QG37_01468	123.78	145.11	80.29	74.82	106.76	123.06	118.93	121.31	130.62	116.97	90.92	97.55	112.01	105.37	92.36	108.93	159.38	145.50	127.42	119.61	110.35	111.17	119.76	95.35	121.48	151.69	101.29	135.84	100.30	27.77	70.99	111.25	126.90	114.19	112.07	89.69	106.23	116.15	84.92	122.52	133.99	126.44	89.86	81.70	113.71	107.86	92.81	129.12
QG37_01469	146.03	151.49	92.34	79.00	118.43	125.93	125.18	121.95	134.18	121.26	108.78	98.65	123.18	112.96	113.05	127.18	170.71	172.11	143.08	131.79	134.69	137.33	141.09	119.32	143.31	169.36	113.95	148.93	119.92	34.86	85.75	139.78	147.02	123.07	115.48	105.94	124.69	114.79	97.33	135.88	159.28	141.72	105.72	92.46	128.20	121.91	107.69	161.13
QG37_01470	144.66	152.80	78.69	93.85	153.75	135.47	132.32	130.32	151.80	132.13	113.06	120.90	124.59	129.75	119.96	117.92	166.79	162.63	150.47	124.56	137.66	139.45	140.09	120.02	130.54	163.17	128.78	167.50	140.83	42.98	102.58	146.87	148.81	130.59	125.96	95.61	129.99	126.42	96.10	142.36	152.35	152.94	111.42	91.12	107.96	117.49	113.55	140.27
QG37_01471	137.51	143.16	81.96	82.91	123.04	119.73	121.07	133.37	134.32	123.71	109.14	104.19	115.91	111.78	109.89	126.59	149.73	154.49	150.71	124.27	121.32	127.95	147.65	112.94	121.68	154.88	109.65	147.69	117.47	32.65	79.87	152.30	148.01	115.98	118.73	88.84	134.73	112.72	97.13	131.52	161.36	131.99	97.94	101.94	112.06	111.80	106.08	146.25
QG37_01472	150.15	155.57	90.49	79.76	134.78	113.16	115.88	145.43	131.45	141.32	99.39	121.50	116.03	120.25	124.02	110.44	165.59	173.93	143.65	141.00	150.81	138.21	139.01	115.04	135.09	160.57	104.24	166.88	132.50	31.90	73.51	143.83	137.69	122.10	128.49	100.33	109.72	120.05	102.03	132.68	147.34	142.16	90.30	83.79	131.72	108.12	98.75	156.95
QG37_01473	146.74	155.95	95.20	80.92	131.36	143.05	129.43	146.91	145.11	131.35	108.30	111.41	125.61	113.66	119.19	131.62	156.87	174.93	151.43	140.22	132.36	139.44	156.80	123.28	126.94	166.38	122.25	159.98	141.72	32.71	94.51	135.71	159.40	121.48	134.10	105.18	102.17	126.29	99.28	142.14	166.71	147.72	104.35	98.79	127.98	128.29	115.88	158.96
