GENE	CDC_B11096	CDC_B11097	CDC_B11098	CDC_B11099	CDC_B11101	CDC_B11102	CDC_B11103	CDC_B11105	CDC_B11112	CDC_B11113	CDC_B11114	CDC_B11115	CDC_B11116	CDC_B11117	CDC_B11118	CDC_B11119	CDC_B11200	CDC_B11201	CDC_B11205	CDC_B11206	CDC_B11207	CDC_B11208	CDC_B11209	CDC_B11210	CDC_B11212	CDC_B11213	CDC_B11214	CDC_B11215	CDC_B11216	CDC_B11217	CDC_B11218	CDC_B11219	CDC_B11220	CDC_B11221	CDC_B11222	CDC_B11223	CDC_B11224	CDC_B11225	CDC_B11226	CDC_B11227	CDC_B11228	CDC_B11229	CDC_B11230	CDC_B11243	CDC_B11244	CDC_B11245	CDC_B11246	CDC_B11247
QG37_07313	160.63	169.18	93.69	93.55	135.28	131.37	123.93	121.93	135.03	125.12	102.87	117.37	123.62	113.56	119.09	125.10	159.77	175.72	157.76	143.84	126.69	128.69	138.80	126.45	136.16	172.84	126.01	165.37	143.73	36.00	80.55	149.68	161.86	129.27	130.03	98.29	123.32	116.77	104.23	127.31	164.52	134.64	96.29	99.24	129.61	124.75	118.19	169.33
QG37_07314	145.54	154.31	90.63	89.89	134.98	132.56	119.64	137.58	134.94	123.00	121.80	113.53	109.85	114.62	105.76	111.44	162.22	167.36	149.30	136.28	127.49	133.64	142.71	105.69	125.94	149.84	121.05	154.13	118.53	36.35	85.89	142.88	145.18	141.11	114.43	97.14	122.93	116.87	108.57	124.14	156.50	136.77	105.89	90.99	135.89	119.73	100.68	155.35
QG37_07315	158.90	146.72	86.82	76.42	145.79	135.65	138.46	124.28	152.95	137.54	105.90	121.09	124.99	109.63	118.85	115.96	160.43	183.85	160.09	134.00	124.48	150.29	139.43	120.40	148.18	176.53	127.08	153.30	125.42	37.28	83.16	155.31	161.38	148.23	128.67	92.13	134.10	137.60	100.32	143.10	157.08	156.64	114.12	101.68	131.61	129.15	109.06	172.26
QG37_07316	150.81	150.35	92.31	77.84	125.62	110.69	115.81	126.89	132.05	143.61	101.08	129.92	116.85	108.01	95.51	116.68	152.47	153.16	135.28	129.45	118.46	121.32	152.42	124.77	148.67	165.18	108.68	155.89	119.05	35.96	97.81	139.97	149.94	133.36	117.80	82.76	116.44	123.68	91.68	127.61	151.80	140.87	103.35	94.37	125.20	135.21	108.27	162.84
QG37_07317	130.38	143.34	82.15	80.57	115.08	116.85	117.94	116.43	124.99	108.54	97.97	99.40	113.41	104.88	107.57	128.28	139.08	152.82	131.51	128.99	121.03	125.11	127.07	108.73	128.79	152.14	102.46	142.64	109.97	31.45	67.23	127.21	155.34	117.05	107.26	98.38	108.92	113.05	100.70	120.83	145.96	123.66	93.37	91.40	126.03	116.98	97.92	152.57
QG37_07318	140.20	132.09	74.47	62.68	113.07	104.34	111.70	107.37	120.58	99.78	82.60	87.77	99.98	88.72	97.92	100.20	122.40	135.58	130.11	107.05	97.49	122.12	126.91	96.49	113.42	138.80	99.77	117.04	117.65	25.51	68.10	122.33	144.83	97.39	101.75	86.37	100.95	102.65	80.98	112.74	124.83	106.21	82.36	72.72	112.24	101.14	98.98	130.35
QG37_07319	22.99	72.66	43.74	30.30	54.96	64.98	66.29	67.20	72.17	62.69	60.19	60.53	58.97	49.45	54.28	61.98	86.14	67.80	76.23	63.17	61.30	66.28	72.04	53.62	61.00	94.46	52.29	70.87	54.58	15.82	35.71	71.01	115.89	62.40	64.78	48.60	59.48	64.08	42.96	79.14	70.90	74.68	48.92	53.88	75.19	54.16	60.38	81.30
QG37_07320	92.45	122.59	62.97	64.74	94.59	116.07	89.99	105.07	106.54	96.90	79.89	88.49	80.60	98.49	88.93	97.80	108.92	113.29	111.16	97.34	77.34	104.17	106.86	98.80	110.40	119.01	99.72	112.12	83.70	24.68	59.15	90.83	151.94	107.88	107.75	79.15	99.56	112.35	62.47	107.09	105.95	91.80	65.49	64.43	71.77	99.58	69.95	102.71
QG37_07321	140.90	135.19	79.05	77.49	118.57	113.65	117.53	118.67	136.16	119.34	99.94	110.50	110.13	100.99	111.25	116.38	144.44	157.61	139.77	124.32	116.78	121.60	140.93	105.96	128.80	152.01	99.26	137.88	113.08	29.29	78.74	136.92	143.15	121.01	103.71	101.55	104.65	115.46	106.87	126.35	139.33	126.44	109.68	92.95	111.13	118.48	99.28	142.04
QG37_07322	145.72	144.28	83.63	77.10	127.47	130.07	115.85	135.23	142.57	125.29	101.64	134.55	112.58	118.35	111.70	124.90	154.41	159.57	149.76	148.65	138.00	127.91	145.13	120.67	140.45	175.86	115.76	150.58	132.22	27.56	82.04	135.05	154.40	117.45	117.99	105.40	113.90	112.33	94.94	136.14	153.79	143.52	94.79	94.75	118.56	126.37	105.58	148.87
QG37_07323	118.28	129.44	72.18	63.18	106.11	121.07	118.34	105.94	127.67	117.74	96.29	93.97	96.84	95.28	90.66	111.89	139.01	121.58	121.37	113.70	111.18	131.91	129.71	95.96	125.34	148.94	112.51	126.71	110.58	34.33	89.49	129.25	132.54	123.30	91.97	76.32	97.05	93.64	98.03	103.56	109.83	125.88	93.66	67.65	107.80	118.32	97.79	98.84
QG37_07324	120.85	75.05	39.83	29.54	65.79	73.22	57.87	76.14	80.77	70.65	54.98	64.51	53.82	52.76	56.53	75.44	75.37	82.18	73.79	71.37	62.42	76.67	70.78	55.71	88.87	81.50	65.09	89.54	61.34	17.20	37.59	69.47	79.22	89.88	67.47	55.08	68.56	75.20	48.56	77.16	83.36	93.41	77.26	49.37	73.09	70.12	54.21	97.91
QG37_07325	146.75	155.80	82.10	76.12	132.20	127.86	122.08	131.20	135.92	140.36	107.43	126.92	118.69	104.80	117.51	118.23	152.39	165.46	150.45	133.03	128.44	130.40	141.23	117.94	145.38	175.03	111.11	154.60	131.17	37.42	74.05	137.84	157.16	130.96	110.47	91.47	118.06	120.92	106.29	130.66	155.17	135.22	108.83	91.46	119.19	126.54	103.00	151.39
QG37_07326	139.53	135.52	69.98	69.90	115.62	122.87	105.37	103.90	114.73	113.53	93.87	99.27	95.99	94.23	100.49	109.47	120.22	128.37	121.76	119.24	109.58	101.20	131.25	101.03	133.26	150.35	104.08	142.58	115.88	29.88	68.88	103.66	127.66	104.12	94.05	78.59	96.87	102.36	89.18	100.30	147.19	119.95	100.40	84.55	106.89	108.66	93.76	126.33
QG37_07327	82.13	45.93	36.21	29.26	56.67	61.60	50.03	55.72	55.76	55.69	39.48	47.19	47.52	47.51	43.38	51.19	68.93	59.53	54.43	44.61	46.02	54.68	58.43	35.57	52.17	77.33	40.13	66.13	46.91	18.38	31.27	53.38	50.51	54.10	45.32	42.51	46.44	45.94	45.20	47.78	65.14	50.14	39.16	32.51	59.93	57.56	58.03	83.92
QG37_07328	116.59	135.39	80.18	82.31	118.32	130.73	118.29	119.95	141.01	134.99	101.22	103.20	111.24	112.27	99.54	115.84	157.36	157.69	122.37	121.19	120.58	120.82	144.63	112.63	138.85	156.09	92.51	137.81	113.57	31.41	69.17	133.95	130.72	130.33	103.28	100.89	115.89	109.35	89.67	127.30	151.15	117.52	91.36	80.99	125.33	123.79	99.05	155.14
QG37_07329	151.82	155.88	85.14	76.05	133.63	128.81	136.12	140.82	144.57	139.69	116.51	119.48	133.48	114.14	109.55	129.18	167.16	159.76	154.17	133.21	131.52	140.02	139.06	119.99	146.76	177.66	124.60	164.88	125.09	33.19	77.24	147.96	153.98	138.73	122.50	110.98	117.72	118.22	101.74	137.92	153.39	152.20	105.99	93.93	133.41	126.96	119.22	158.29
QG37_07330	153.02	152.61	77.93	84.70	123.77	124.99	125.51	128.50	136.54	121.09	101.07	104.11	116.07	99.19	118.49	117.44	160.31	153.56	150.17	128.32	127.69	134.83	141.60	112.93	136.10	168.82	111.92	145.71	113.79	38.21	74.65	135.39	150.90	125.91	117.69	101.60	107.65	108.86	87.65	129.27	156.19	134.56	95.20	94.64	127.37	112.29	104.37	143.58
QG37_07331	158.57	147.07	96.09	85.26	126.48	141.66	134.03	132.28	148.20	141.46	104.83	113.27	117.62	116.34	122.14	134.81	171.74	158.32	149.28	141.71	125.25	139.72	149.39	103.03	128.06	154.10	115.24	156.86	123.74	35.81	85.17	148.33	142.23	126.96	123.07	106.38	118.97	121.35	101.09	138.68	167.11	148.15	96.10	101.96	138.02	112.33	122.57	145.68
QG37_07332	147.66	146.18	86.57	81.07	139.98	135.84	130.33	127.44	147.28	137.85	108.54	117.32	124.71	106.30	114.54	125.87	161.55	161.19	139.52	142.10	127.71	135.42	139.18	117.86	134.50	173.02	108.69	159.71	132.92	33.99	77.12	141.03	149.31	133.96	120.32	98.61	120.75	114.58	102.41	128.80	159.08	150.18	98.90	100.39	119.54	115.45	101.77	140.04
QG37_07333	157.73	159.74	82.15	79.11	134.48	125.27	138.52	126.90	142.95	108.88	105.79	109.27	109.07	95.04	102.14	117.43	180.65	154.01	152.94	129.03	134.94	127.96	133.52	114.97	135.59	165.85	110.14	157.71	117.71	33.88	71.94	135.05	139.13	127.27	118.12	103.02	133.08	115.01	105.30	141.02	164.51	149.82	111.17	87.89	114.11	116.25	104.54	142.17
QG37_07334	129.56	133.92	76.01	73.03	119.13	119.47	116.96	112.18	137.81	124.62	95.04	105.94	104.88	111.60	107.44	110.13	146.73	155.28	130.36	131.99	123.61	129.19	114.28	99.27	130.48	147.55	107.29	139.47	107.60	29.64	72.27	116.18	129.60	122.31	113.70	93.67	105.17	109.66	100.44	115.21	149.85	123.40	90.06	87.83	109.84	120.52	100.64	133.25
QG37_07335	142.68	138.96	80.17	87.66	125.84	121.26	132.62	121.45	121.79	106.58	99.66	108.20	115.90	104.71	99.44	114.96	143.63	153.56	138.18	136.62	122.54	129.57	134.60	104.70	122.37	157.54	108.67	142.34	115.44	30.00	83.62	115.85	138.04	119.89	113.87	98.05	109.19	122.71	84.94	111.69	151.38	134.42	89.04	101.12	125.87	121.51	97.12	144.01
QG37_07336	138.82	124.28	67.22	76.97	117.84	108.32	116.77	117.13	133.70	110.45	100.07	95.87	110.51	94.30	105.16	115.56	138.96	137.58	122.51	117.78	114.45	123.63	125.66	103.44	116.19	146.45	93.70	134.62	102.54	26.49	63.89	121.45	137.51	124.00	101.26	103.79	100.19	115.89	88.70	131.69	147.50	126.00	91.61	97.20	105.51	108.77	92.89	150.81
QG37_07337	150.69	161.83	81.89	91.07	132.26	136.54	128.83	132.19	134.84	129.49	104.63	110.28	127.57	132.57	114.87	138.14	168.28	175.41	166.27	135.09	136.14	134.92	144.88	113.34	134.20	169.27	116.81	147.83	122.83	41.31	83.76	136.97	139.44	149.11	112.44	93.63	128.35	130.76	100.10	139.63	151.72	157.21	108.08	94.01	129.97	131.41	108.45	149.97
QG37_07338	148.54	151.42	79.99	85.75	131.63	126.92	130.94	121.17	144.51	126.18	110.62	113.10	122.12	115.28	109.53	126.09	160.90	165.88	152.45	134.75	128.55	125.01	143.29	111.90	143.44	170.02	118.73	155.54	121.24	34.06	86.01	140.99	148.58	140.05	119.49	98.05	120.65	119.35	103.77	137.55	166.15	145.00	109.76	101.17	124.79	120.55	112.58	167.78
QG37_07339	155.14	146.84	75.68	80.18	120.09	115.85	117.74	115.30	123.15	118.39	95.82	86.71	97.00	101.20	108.98	110.96	148.28	155.70	124.11	119.97	131.22	128.05	135.07	111.82	136.40	156.63	97.93	154.26	109.38	40.05	90.87	128.17	122.98	114.85	109.79	89.61	103.14	105.58	100.87	114.91	153.00	138.24	99.64	90.06	126.10	111.21	97.18	156.98
QG37_07340	126.03	151.65	77.04	88.90	125.01	130.45	118.16	127.47	143.05	111.14	96.83	113.19	113.40	103.48	106.16	128.24	159.61	161.70	150.68	125.26	125.89	132.28	133.98	110.02	128.14	155.47	105.19	145.65	113.29	32.30	68.06	125.61	148.14	125.93	124.22	94.98	103.14	120.65	98.98	125.10	167.22	122.92	104.12	90.58	125.70	123.70	97.26	144.47
QG37_07341	90.30	76.87	43.28	40.68	62.98	77.05	81.63	77.73	79.24	66.58	63.12	64.65	67.69	68.22	66.06	67.23	91.21	96.37	81.23	78.01	77.82	80.39	84.60	61.16	78.55	90.22	68.49	77.54	62.85	17.83	41.96	68.75	107.28	78.14	68.13	61.06	67.59	65.46	52.56	87.03	77.87	74.10	70.15	62.09	69.55	78.33	69.16	87.39
QG37_07342	97.70	103.07	58.05	62.54	94.92	99.93	88.57	96.34	106.80	86.15	74.04	87.57	105.27	79.56	67.42	81.41	112.37	116.08	126.07	86.14	83.54	111.08	110.44	79.04	93.54	121.40	91.48	111.15	86.71	20.08	69.25	118.82	86.35	90.16	91.76	90.89	82.93	92.58	81.48	97.05	113.21	122.01	81.22	52.67	98.38	72.68	82.54	99.82
QG37_07343	115.36	124.69	70.06	62.30	104.88	106.48	106.62	117.71	118.51	111.14	87.96	102.02	106.48	103.13	94.85	115.51	136.44	129.62	135.29	119.97	109.25	122.29	137.29	104.94	117.62	142.07	97.92	124.69	100.65	26.44	65.54	117.53	134.79	116.98	109.84	86.27	100.34	110.86	90.30	109.76	139.78	129.79	91.18	85.77	100.01	101.20	94.78	127.48
QG37_07344	125.54	129.14	80.24	71.47	117.65	117.67	118.01	123.93	131.53	120.84	92.12	103.75	108.62	100.58	106.23	112.76	128.50	150.82	128.52	110.88	115.77	119.94	135.70	101.38	119.80	149.55	95.39	130.34	104.45	29.36	68.95	127.22	136.08	111.79	99.07	94.35	102.94	114.85	92.73	130.17	128.39	136.85	88.58	94.45	122.61	120.82	97.87	153.05
QG37_07345	125.72	124.55	74.35	76.92	104.53	97.58	110.08	120.83	124.78	98.90	84.72	83.16	107.01	111.16	100.50	117.60	123.60	135.77	122.92	118.65	124.81	110.77	121.07	95.90	123.24	124.50	91.73	118.30	99.47	21.83	68.44	107.59	143.40	105.65	106.45	86.21	105.08	104.12	94.64	115.23	125.44	132.54	78.13	79.28	96.29	102.77	88.59	134.91
QG37_07346	119.95	148.97	88.57	89.20	130.61	111.56	132.00	134.97	159.25	129.78	91.66	96.53	117.62	107.92	115.93	115.65	170.82	190.11	154.46	130.03	124.78	142.03	141.84	100.93	137.10	158.67	114.75	159.18	122.27	51.07	93.22	150.89	152.94	116.20	119.50	109.97	126.03	117.36	98.84	139.76	166.50	175.03	103.08	79.03	133.85	111.55	110.03	169.11
QG37_07347	136.22	119.11	80.93	74.51	125.67	115.05	118.77	115.93	138.87	114.53	97.41	102.56	113.64	107.83	109.41	113.67	150.69	163.42	143.90	130.93	124.64	128.00	147.29	109.48	134.28	142.89	105.83	133.00	115.18	27.42	84.07	137.66	147.22	119.29	116.66	89.59	109.34	118.91	97.96	115.31	154.24	136.66	89.80	88.03	117.62	119.29	94.23	140.56
QG37_07348	129.49	142.13	74.76	70.37	110.08	117.37	117.33	118.61	133.63	118.01	95.31	103.50	109.15	111.49	104.19	122.32	156.28	158.64	146.28	121.05	127.16	114.73	131.62	115.17	120.69	138.28	113.63	135.64	106.07	31.15	75.44	133.72	150.03	121.78	107.82	93.61	112.47	123.20	97.03	129.45	146.49	128.70	102.03	88.88	111.00	123.98	101.33	141.02
QG37_07349	121.35	140.70	88.65	75.64	123.82	110.86	126.07	132.08	135.25	107.95	93.97	98.22	91.09	104.45	115.22	120.00	137.90	139.49	142.81	121.50	134.29	117.06	128.15	113.56	143.62	128.78	117.41	136.38	129.63	75.31	109.43	143.35	155.05	129.16	128.46	123.83	119.04	126.23	97.17	139.34	166.13	135.87	102.40	88.25	122.98	116.07	104.82	131.19
QG37_07350	112.34	120.03	66.91	67.70	139.46	115.73	127.97	137.82	138.46	117.59	95.93	116.09	101.56	120.45	104.80	106.68	133.45	162.31	148.86	106.21	129.68	118.83	128.16	121.06	144.74	115.30	103.75	148.83	111.42	55.08	108.15	154.18	126.85	126.16	106.39	92.42	96.72	129.00	94.83	121.41	140.63	150.01	93.52	74.71	124.85	112.68	114.49	152.45
QG37_07351	128.25	142.04	79.33	72.12	122.17	113.60	112.30	123.33	129.78	107.45	98.83	103.23	101.72	118.15	115.88	107.89	143.15	158.68	141.17	118.29	111.82	121.13	130.26	116.17	124.25	159.24	109.86	149.21	125.16	27.85	78.28	139.73	144.29	123.04	114.77	88.09	111.59	107.74	86.45	116.84	148.26	122.72	96.91	100.32	125.26	114.45	113.38	145.68
QG37_07352	129.73	141.27	74.77	77.69	124.08	113.65	113.47	113.00	140.41	119.23	100.13	105.10	101.49	112.67	105.20	122.70	138.84	163.68	142.22	118.87	118.73	134.15	139.22	114.35	138.74	149.07	111.35	132.76	113.88	31.93	73.90	139.68	146.77	132.41	126.98	102.18	113.01	120.25	104.94	134.27	150.01	139.51	100.81	86.95	117.93	118.29	111.07	152.61
QG37_07353	127.58	122.46	67.09	87.50	133.04	123.51	114.94	111.93	150.45	113.07	95.22	117.01	98.50	114.40	126.83	124.83	154.50	169.54	140.79	118.62	123.40	143.33	145.34	119.62	134.10	164.18	112.93	133.22	104.54	40.82	75.84	126.23	151.51	137.57	123.89	90.70	124.92	122.73	119.87	131.38	145.38	137.34	104.60	103.50	118.35	134.51	115.79	174.29
QG37_07354	124.32	125.17	68.46	76.18	109.35	124.79	112.21	119.24	122.07	118.61	82.24	102.68	79.83	88.14	94.46	131.68	144.31	165.58	119.37	114.33	115.24	105.23	136.65	110.19	114.95	139.73	117.04	124.40	108.87	28.10	80.30	148.75	127.11	133.81	113.92	96.48	104.63	123.59	107.43	115.21	127.74	115.76	94.86	99.37	93.08	107.19	98.35	146.98
QG37_07355	141.14	156.41	74.66	68.98	122.78	121.29	117.00	115.27	148.41	120.44	86.97	107.76	102.38	113.04	111.56	94.42	146.69	156.43	160.68	130.68	123.45	126.12	137.25	98.45	137.16	183.23	105.34	128.94	119.41	42.54	90.92	140.20	145.84	113.54	112.35	92.29	122.12	121.79	123.93	131.27	131.82	127.38	97.64	90.54	116.05	123.22	113.90	132.76
QG37_07356	111.22	129.62	69.08	62.24	102.37	102.55	102.76	112.53	151.18	89.97	82.28	96.84	99.22	96.47	107.25	122.17	136.03	164.66	149.70	115.26	122.09	115.25	132.23	104.92	110.75	133.23	93.36	123.53	89.74	28.93	61.60	103.47	123.86	104.39	102.75	79.84	98.88	109.29	91.18	124.32	138.85	125.66	95.63	75.00	95.84	113.07	84.57	121.50
QG37_07357	110.89	114.76	63.84	79.14	95.78	91.47	98.02	103.47	113.51	86.14	83.69	76.99	80.23	101.68	90.34	110.22	141.87	142.28	136.13	106.60	112.77	119.37	127.62	107.82	109.47	136.05	97.36	118.47	96.94	30.20	67.43	123.04	120.39	105.94	105.66	88.32	91.87	97.87	76.85	123.10	114.87	121.97	89.76	82.13	101.19	118.46	90.99	128.73
QG37_07358	110.33	98.90	62.67	66.54	90.08	100.54	98.74	92.91	119.77	90.11	80.34	83.90	84.00	101.45	79.07	103.43	129.15	144.69	119.39	101.26	109.10	98.50	109.52	107.16	117.23	119.65	87.55	122.69	93.90	28.12	64.02	110.70	112.15	105.29	98.14	77.24	93.93	105.10	87.89	106.73	119.29	114.27	77.76	84.18	99.32	100.08	95.44	113.47
QG37_07359	132.99	130.19	69.37	73.76	118.80	105.90	93.86	98.22	127.07	110.02	84.15	93.10	94.96	99.14	88.58	106.25	137.77	138.14	135.33	109.49	109.21	111.68	124.69	103.43	111.50	138.14	100.21	116.99	104.12	28.43	75.53	112.55	123.57	110.95	110.97	91.34	102.25	109.80	86.91	114.86	129.92	124.20	84.49	96.07	106.51	117.73	100.27	135.29
QG37_07360	109.27	97.20	59.48	71.64	107.27	93.78	109.04	97.73	114.11	91.68	75.40	90.33	93.56	82.85	87.64	100.22	124.10	144.43	123.98	97.29	109.77	104.81	121.77	96.21	114.57	124.82	87.79	112.84	83.38	27.71	65.56	102.08	119.04	107.71	101.91	80.14	90.12	108.06	79.39	111.27	120.39	117.58	82.62	79.33	105.83	108.59	94.43	136.38
QG37_07361	113.80	111.46	72.61	74.34	115.18	97.88	118.85	118.80	106.80	119.64	99.05	104.05	96.18	95.25	108.17	118.68	117.31	139.70	128.72	110.55	121.65	101.12	121.34	89.07	112.15	134.44	93.69	128.19	86.92	25.12	63.85	102.21	140.79	118.97	118.91	99.39	105.24	107.66	97.73	134.64	119.99	117.49	104.85	98.14	120.65	108.79	102.15	160.58
QG37_07362	135.60	138.42	75.49	67.03	118.69	123.58	114.81	109.35	132.63	121.72	72.32	106.97	89.08	127.23	122.97	116.84	145.90	150.72	130.02	136.97	127.99	120.19	140.52	129.23	121.58	166.34	108.86	129.77	99.32	31.06	86.95	126.65	142.35	135.74	101.96	100.35	95.73	116.09	80.21	134.82	158.14	133.02	101.57	101.05	124.00	126.65	92.53	133.46
QG37_07363	117.99	124.93	69.21	74.12	115.00	103.87	106.46	122.28	125.95	97.71	87.74	93.69	99.39	96.14	99.06	119.78	135.10	144.87	135.30	109.02	111.54	120.88	133.25	100.38	122.92	141.68	96.39	115.84	100.73	25.82	73.45	124.48	130.76	119.87	113.26	93.67	106.31	112.17	89.35	125.35	133.61	127.05	99.03	89.24	118.28	120.93	103.59	144.05
QG37_07364	113.04	110.23	68.59	70.83	107.37	120.92	91.93	102.64	118.16	86.32	92.05	97.90	97.96	90.09	123.55	121.11	129.78	143.92	116.54	117.86	103.69	112.24	125.09	101.07	127.81	134.38	98.07	117.12	98.57	28.14	67.50	113.51	101.03	127.10	101.36	98.94	101.28	111.17	92.77	107.90	119.71	121.38	91.44	86.51	95.25	93.12	91.42	115.92
QG37_07365	109.50	102.64	71.73	71.25	96.82	88.05	104.12	101.49	109.85	85.42	84.58	79.46	89.93	90.38	94.48	104.44	129.48	145.90	132.29	110.63	111.25	105.15	125.67	85.26	119.16	144.24	94.03	104.43	96.93	22.95	62.36	107.34	115.06	108.17	103.57	82.54	82.14	104.91	80.82	115.81	136.45	117.06	87.20	87.57	103.59	107.20	81.86	127.70
QG37_07366	133.66	128.28	73.79	78.05	127.43	101.15	122.51	109.94	137.29	107.15	94.50	87.99	107.22	95.56	100.50	109.76	148.44	147.01	119.17	115.77	108.59	125.49	122.53	93.36	117.31	121.77	103.41	116.98	98.40	39.09	79.06	113.08	127.36	110.61	99.83	92.50	99.76	109.55	87.30	121.83	141.84	144.92	90.79	97.17	126.09	102.90	95.32	157.43
QG37_07367	112.18	101.75	75.48	58.12	103.28	94.42	100.75	94.85	115.53	88.19	84.96	88.80	82.50	90.54	82.22	90.15	144.73	126.10	103.02	100.95	95.68	109.73	103.23	90.07	120.06	127.66	86.60	106.02	89.85	33.37	66.36	105.87	108.71	106.58	102.19	78.84	81.75	86.80	72.51	97.88	113.68	107.07	79.84	77.85	89.56	94.46	82.50	123.55
QG37_07368	120.43	106.72	65.18	59.64	90.38	107.91	93.09	86.01	108.14	84.57	77.69	80.65	86.38	85.49	81.73	91.11	135.98	108.65	111.57	98.18	91.01	113.28	81.69	74.73	108.07	112.81	70.91	98.12	63.82	37.65	65.64	95.27	87.51	93.39	79.95	83.32	76.37	86.80	67.25	88.82	96.53	88.31	65.74	57.21	90.10	99.94	75.30	122.60
QG37_07369	118.49	131.30	75.82	71.56	104.32	119.89	102.70	119.95	128.11	105.20	87.88	109.43	109.61	104.32	101.67	115.23	150.86	148.20	139.42	112.75	121.59	115.91	150.73	100.67	132.14	144.11	105.13	139.32	106.56	30.08	76.68	132.59	131.32	115.65	105.19	98.46	97.07	117.96	82.17	111.62	148.33	122.95	73.97	86.58	109.01	107.61	87.54	158.15
QG37_07370	132.78	153.62	82.42	80.47	114.82	122.49	108.94	132.74	142.66	128.38	92.20	115.77	93.18	114.65	106.69	116.68	133.47	160.62	142.33	132.77	110.80	123.83	127.29	101.38	130.18	149.07	127.47	155.45	96.86	26.58	92.17	127.41	168.49	124.44	102.76	78.24	104.49	123.70	91.92	133.38	167.32	135.44	124.93	95.33	115.92	101.08	105.78	162.52
QG37_07371	135.48	117.82	60.84	71.20	108.20	107.62	111.45	104.96	120.40	101.68	96.85	100.17	95.00	108.14	100.41	111.40	148.90	156.48	121.35	111.38	134.35	128.93	130.42	103.19	116.53	143.84	110.69	115.79	92.30	25.16	67.18	114.40	119.26	108.16	103.62	83.54	98.75	99.75	91.59	111.65	135.83	124.01	91.28	92.42	106.37	105.08	94.59	157.00
QG37_07372	139.91	147.12	72.99	82.45	111.81	118.83	121.67	135.49	131.79	112.06	96.18	108.27	112.79	110.51	109.31	108.67	144.94	155.19	138.83	121.36	121.68	122.73	141.68	110.04	128.33	141.21	105.08	133.59	104.16	30.55	75.63	124.65	118.90	114.59	95.87	90.61	105.66	106.57	91.16	130.55	136.04	125.92	101.90	98.59	114.95	131.07	94.50	162.11
QG37_07373	155.32	158.61	76.11	87.81	131.57	137.49	123.85	155.13	135.19	122.87	90.91	127.09	121.21	131.37	119.32	125.82	168.93	172.63	162.53	119.27	134.81	109.57	143.15	115.90	142.61	163.09	122.04	140.65	117.06	50.64	95.78	151.80	77.20	132.67	133.52	109.92	134.92	131.04	89.92	146.22	137.41	167.87	115.54	49.30	65.56	67.89	45.83	103.48
QG37_07374	145.61	142.78	65.65	79.36	131.94	128.56	113.43	141.95	138.35	119.95	86.49	116.23	126.09	115.49	108.81	111.51	146.15	167.16	162.46	119.58	123.10	119.84	139.20	101.69	139.32	166.28	123.54	143.56	99.74	47.54	77.80	137.12	118.94	123.80	126.63	84.13	129.71	128.81	97.91	134.09	143.97	165.35	111.35	73.88	97.21	89.77	68.68	135.37
QG37_07375	108.36	103.17	60.22	66.84	98.14	97.43	99.72	91.64	113.70	91.86	84.33	96.94	100.26	97.82	79.30	86.25	128.55	128.71	128.93	104.89	100.78	115.20	115.50	95.65	94.48	114.45	92.97	110.06	87.10	27.37	55.73	126.51	115.99	104.54	96.06	72.43	95.88	91.30	96.54	108.70	112.06	105.10	82.15	79.08	105.39	96.69	78.26	123.11
QG37_07376	143.05	120.61	67.29	71.29	118.99	112.15	112.02	128.96	128.83	108.99	104.63	93.57	104.60	114.22	95.89	104.99	158.29	166.90	136.00	118.73	118.84	121.48	137.35	104.43	135.94	157.77	107.85	134.15	101.73	29.87	59.50	108.48	128.74	114.75	112.20	92.78	92.51	108.29	81.96	129.92	147.16	147.64	89.90	95.05	126.76	129.48	108.11	148.80
QG37_07377	130.80	121.39	77.58	72.54	114.18	120.93	121.31	112.67	125.72	113.20	98.26	105.99	103.32	108.03	101.65	117.04	151.32	158.84	139.10	114.55	119.97	121.75	125.92	103.38	121.38	152.64	107.22	139.07	111.31	28.38	77.24	126.26	140.27	124.10	109.25	96.83	108.31	121.76	88.20	121.99	143.12	130.60	94.55	94.96	122.37	119.32	110.83	143.80
QG37_07378	135.14	124.44	75.17	74.90	120.90	119.21	118.63	120.24	130.82	120.78	97.93	102.66	107.85	111.96	102.52	113.87	145.79	151.33	136.50	121.37	122.26	133.04	135.93	110.25	123.35	148.02	100.42	134.31	112.17	31.44	75.02	122.50	145.31	126.42	110.45	95.95	106.31	123.51	92.88	125.53	142.88	125.01	98.46	90.70	114.26	116.65	100.92	136.62
QG37_07379	121.60	121.05	71.60	73.68	117.56	110.77	122.62	114.11	117.08	106.43	99.68	89.39	93.89	100.63	100.53	105.74	140.00	145.94	126.58	113.52	114.46	107.30	118.18	101.60	115.61	138.05	86.71	125.03	110.91	27.92	63.53	106.21	127.01	117.19	104.48	88.83	92.23	109.05	95.44	111.82	130.00	106.57	92.78	90.27	109.76	105.93	105.15	131.69
QG37_07380	101.92	123.87	66.32	86.20	117.10	100.26	119.14	106.41	118.48	107.01	84.57	106.30	89.06	114.41	91.75	103.26	138.37	138.11	110.85	99.04	103.09	96.78	138.88	97.76	120.55	145.01	84.33	125.41	84.73	26.65	66.48	104.85	114.58	118.22	94.63	92.76	90.13	115.69	97.31	115.65	129.72	123.05	87.67	97.99	88.75	93.45	83.28	110.64
QG37_07381	106.29	99.35	62.38	53.99	90.34	96.23	93.09	112.79	101.81	89.47	67.15	78.82	90.29	92.00	87.55	90.67	120.01	118.63	117.37	95.74	108.60	92.89	107.35	83.51	83.07	113.80	94.10	110.24	71.27	20.59	57.77	83.35	103.62	92.79	98.19	93.59	82.05	91.44	73.71	105.95	121.09	109.17	69.06	66.33	83.03	113.23	58.50	121.87
QG37_07382	125.13	125.47	72.57	73.57	113.21	115.18	115.96	119.75	119.05	107.24	88.99	81.44	99.08	102.14	96.30	104.09	138.55	146.37	120.20	107.68	107.92	113.45	129.09	102.59	118.57	137.65	90.35	129.40	103.67	26.79	68.26	117.73	119.12	108.48	103.24	90.89	99.20	112.15	91.20	122.48	144.90	112.70	85.30	88.18	103.42	122.75	90.67	134.86
QG37_07383	121.68	126.43	69.52	71.42	111.70	123.88	117.25	102.54	123.54	96.87	112.11	83.63	105.79	86.80	93.80	117.30	133.39	159.85	121.06	105.76	119.63	104.43	136.75	81.46	118.61	108.72	92.01	137.23	99.54	34.18	66.18	100.54	128.37	118.68	100.89	66.46	117.79	82.72	77.08	115.20	134.66	117.37	92.68	87.37	111.30	93.99	102.26	140.97
QG37_07384	121.31	108.11	67.58	69.09	97.82	89.89	99.21	90.89	105.74	91.39	81.61	76.48	86.33	87.63	85.07	103.42	115.31	132.53	109.92	99.73	111.70	107.37	114.67	79.51	98.27	128.40	83.08	108.17	81.97	23.27	58.67	99.47	112.43	102.33	93.13	75.29	81.24	97.70	71.45	109.67	117.36	102.11	83.80	76.42	90.11	94.04	84.60	103.36
QG37_07385	107.25	129.06	70.38	75.08	104.81	123.55	116.65	113.51	113.71	115.12	106.89	110.45	114.14	111.39	108.11	110.42	134.00	134.73	140.14	105.43	109.14	96.92	120.83	88.50	105.57	131.00	87.85	118.23	105.87	25.93	72.88	111.88	116.82	131.46	111.70	112.95	108.22	111.62	112.19	115.96	126.03	133.11	96.91	81.31	105.82	94.78	103.02	133.84
QG37_07386	114.93	129.98	76.09	70.89	106.38	107.11	116.81	127.12	117.21	96.65	99.73	104.11	104.86	113.77	108.73	124.80	142.55	139.00	135.30	115.80	122.93	103.04	123.99	81.44	124.21	122.80	85.90	113.66	101.62	30.85	69.02	115.27	143.78	115.39	114.10	92.22	94.48	111.49	80.94	124.18	132.20	112.18	80.00	97.40	111.05	105.35	97.54	136.71
QG37_07387	141.59	144.78	81.01	76.50	129.30	124.96	128.59	126.55	145.84	107.66	108.75	103.82	123.68	116.84	119.09	144.01	144.48	150.96	145.62	121.44	123.05	133.21	156.85	121.42	127.47	157.60	103.32	132.72	109.60	32.36	84.67	135.61	159.32	129.38	118.64	111.57	117.55	121.49	106.81	126.99	149.35	144.32	100.64	90.95	123.87	128.57	113.12	141.89
QG37_07388	132.18	146.75	82.15	88.82	128.37	119.43	128.22	136.14	135.24	135.97	93.13	112.17	115.25	111.31	114.72	122.99	154.29	157.89	142.15	126.32	111.89	133.19	132.47	102.12	130.84	146.93	102.46	136.37	119.70	32.57	79.69	143.48	161.93	119.45	100.50	92.66	103.23	106.15	85.59	130.00	125.21	140.46	81.03	77.98	104.27	96.73	72.64	120.89
QG37_07389	121.88	118.98	78.27	70.23	114.76	105.18	100.84	108.36	113.63	127.07	100.41	100.24	107.74	104.07	96.16	123.08	138.66	140.63	135.69	117.30	109.93	115.48	125.74	100.27	107.79	144.26	102.60	127.27	115.82	29.12	69.24	124.49	136.60	120.31	111.86	90.56	98.19	112.90	90.00	106.41	134.61	116.76	92.24	99.16	125.14	126.40	92.02	141.15
QG37_07390	145.96	150.16	82.88	83.57	138.48	138.57	133.91	125.24	140.99	135.51	114.10	109.18	124.54	119.09	105.50	137.43	172.19	167.00	156.51	129.48	143.13	141.57	148.13	129.00	146.10	170.37	109.28	143.90	109.54	34.20	80.43	130.06	163.21	127.82	131.88	103.62	116.70	121.61	116.17	129.33	150.85	152.74	110.45	107.82	138.14	116.44	118.43	152.33
QG37_07391	133.48	137.32	78.49	76.36	104.64	110.04	115.06	117.67	133.60	123.46	98.56	97.28	112.56	99.71	98.99	114.37	135.48	152.25	138.67	119.56	124.75	123.52	135.26	106.44	123.25	150.20	93.99	128.80	113.20	29.54	67.75	122.17	128.17	120.21	109.59	101.42	103.29	108.43	94.04	125.40	159.11	122.39	102.06	88.69	112.48	118.18	98.30	145.22
QG37_07392	129.79	131.33	64.55	75.25	113.73	126.95	99.54	112.08	132.20	96.13	91.10	69.85	91.22	99.70	84.27	111.46	137.84	154.30	140.47	112.57	112.51	118.68	122.98	103.16	109.24	147.07	85.65	129.43	106.80	19.92	68.47	103.72	133.32	107.41	97.76	92.87	115.64	90.04	81.95	115.13	123.95	124.88	90.02	79.60	110.65	99.22	101.26	114.92
QG37_07393	118.44	101.64	69.88	68.35	102.26	110.96	101.98	97.74	117.19	95.01	86.28	79.11	105.09	96.87	95.25	103.96	129.34	126.80	122.24	109.95	110.32	104.11	112.33	92.41	110.30	115.06	81.07	105.64	91.29	26.79	64.44	99.88	128.92	102.36	104.06	85.28	93.17	86.78	75.41	95.66	132.28	111.26	84.50	80.88	92.57	103.72	83.36	118.22
QG37_07394	123.92	112.12	60.35	68.53	85.36	94.52	96.83	87.45	95.33	92.55	84.63	100.56	106.06	96.29	85.04	88.54	132.23	124.05	95.27	90.59	93.81	101.25	125.94	97.84	103.85	118.48	68.27	131.21	98.87	31.37	74.49	107.51	118.18	101.38	83.51	87.27	74.73	100.39	73.14	93.99	113.40	105.69	70.37	71.83	92.60	93.95	85.06	111.66
QG37_07395	87.16	66.26	38.84	32.46	51.72	53.91	66.48	52.64	62.34	56.36	36.92	47.05	45.39	42.75	56.65	51.41	76.82	79.35	63.83	65.18	56.72	57.21	63.80	52.02	64.76	60.57	62.92	64.23	52.11	17.32	35.16	65.88	85.94	82.09	72.12	58.09	67.10	52.86	55.74	63.94	74.70	77.90	66.41	50.18	76.12	69.05	77.17	93.53
QG37_07396	94.02	102.80	63.67	50.32	93.24	103.88	86.44	93.06	104.46	83.75	70.53	91.04	70.56	76.93	60.41	71.17	109.88	87.02	97.46	87.17	84.73	84.01	106.83	73.17	98.82	132.80	79.99	92.73	94.81	36.27	43.41	92.80	120.39	71.27	67.70	67.81	68.33	74.10	80.92	80.59	101.53	98.38	65.57	73.07	89.78	89.01	84.40	133.15
QG37_07397	137.19	137.20	92.06	74.99	109.04	97.88	118.00	111.00	116.87	99.25	80.30	92.73	78.08	100.18	91.30	108.44	121.51	134.88	134.48	125.00	98.76	111.46	120.70	76.81	117.80	150.37	108.33	117.64	100.48	23.73	66.95	117.81	126.72	94.35	103.20	83.04	93.18	84.32	82.30	103.11	138.49	122.13	74.95	81.94	102.59	89.85	99.69	149.12
QG37_07398	143.87	135.33	81.42	73.15	123.54	125.85	122.10	115.85	128.22	106.63	105.87	106.98	104.61	107.22	107.24	115.34	153.50	152.25	145.02	139.75	115.06	131.37	126.48	105.25	132.12	146.31	106.98	131.73	116.86	33.86	68.51	126.63	148.48	123.60	119.97	102.35	114.01	112.96	96.07	130.31	149.40	128.63	95.48	96.77	115.22	111.33	100.93	152.03
QG37_07399	103.05	87.79	55.64	48.29	99.08	96.84	84.92	102.58	77.91	74.54	73.89	67.30	78.05	93.35	81.20	84.74	108.53	109.67	98.81	90.11	85.59	88.27	93.23	90.82	108.84	117.21	65.87	103.11	67.43	19.24	41.57	80.18	103.26	93.07	89.09	53.39	60.62	63.23	61.19	105.58	108.59	101.09	59.29	88.94	95.97	94.69	74.23	104.16
QG37_07400	91.06	89.83	54.03	50.80	81.79	78.24	83.63	87.38	97.44	74.99	59.64	69.54	59.62	72.50	76.11	82.99	105.61	108.29	78.45	79.50	80.69	82.53	93.26	69.93	94.18	100.16	71.96	88.35	64.60	20.72	53.74	75.35	97.27	78.58	74.85	57.99	62.24	68.07	48.42	89.58	108.52	80.82	62.02	77.83	97.97	91.11	78.41	116.83
QG37_07401	119.40	108.04	59.97	68.20	105.03	100.29	111.58	106.28	113.44	87.04	79.34	70.05	70.04	87.64	99.16	102.04	103.68	133.77	109.87	90.32	103.89	107.93	130.56	101.34	113.22	125.36	97.99	121.79	80.70	22.20	64.49	102.54	129.05	95.10	92.35	77.49	86.20	88.31	74.56	117.81	119.21	104.94	82.63	80.81	90.80	103.18	86.23	114.42
QG37_07402	108.88	110.68	57.40	62.86	84.84	95.73	113.42	110.27	98.44	97.91	67.47	90.21	71.43	82.90	93.90	99.40	114.81	138.79	115.00	110.86	85.54	99.10	123.31	102.14	109.78	136.65	96.10	110.99	82.93	25.94	59.35	120.37	125.70	93.44	76.49	71.58	86.75	94.89	85.57	103.65	119.96	103.85	70.34	74.94	100.29	102.85	89.71	129.97
QG37_07403	137.12	153.38	68.24	47.36	123.47	98.86	106.90	97.87	124.35	108.71	100.38	102.44	100.21	107.53	92.63	114.46	132.47	159.63	126.85	121.95	105.94	122.32	135.72	104.27	101.65	149.81	88.02	150.09	111.48	25.19	68.87	118.71	118.25	100.92	89.71	90.37	88.26	128.87	72.69	124.13	131.04	124.72	92.98	81.21	107.81	113.09	93.17	123.69
QG37_07404	124.67	103.38	56.88	58.63	112.41	85.14	99.58	102.73	114.49	90.52	76.77	84.01	98.06	79.70	87.19	109.87	125.70	131.86	112.45	90.60	101.46	109.45	113.99	93.27	122.32	135.03	90.68	122.56	108.52	20.79	63.10	106.06	118.41	113.78	90.56	73.25	98.61	96.67	76.03	104.71	123.45	122.92	93.31	64.01	92.83	100.34	86.35	125.92
QG37_07405	119.76	101.80	61.37	60.41	113.06	83.93	100.35	104.41	105.82	94.12	82.95	77.83	85.39	90.32	85.38	95.50	117.07	126.85	117.90	98.99	118.10	114.27	112.13	82.56	109.24	128.53	97.55	115.00	95.68	21.52	54.88	111.17	115.89	106.72	103.02	80.25	85.85	94.39	75.83	110.78	118.49	114.11	87.75	90.45	99.22	103.00	87.25	117.75
QG37_07406	116.58	104.40	67.65	79.57	95.48	86.22	120.47	92.79	81.30	100.06	64.04	88.78	78.01	90.87	97.63	88.72	133.04	156.65	125.73	113.79	114.22	127.05	131.55	84.44	109.04	136.17	98.35	145.50	92.30	28.91	55.16	116.28	94.49	101.96	88.02	81.28	75.06	112.02	78.44	100.82	112.17	137.71	74.65	91.48	100.99	113.78	98.96	136.03
QG37_07407	129.51	130.05	77.87	79.37	115.60	123.64	128.34	120.42	131.54	117.69	97.87	99.64	97.19	115.38	102.82	120.71	147.14	165.54	140.08	126.41	127.12	121.69	131.81	110.43	127.11	154.46	101.62	134.00	100.16	31.38	67.83	128.71	133.47	117.59	117.36	98.76	107.74	115.01	97.82	125.64	146.24	127.28	98.41	91.55	112.66	115.27	103.43	137.42
QG37_07408	143.10	123.99	87.31	72.63	103.18	125.16	120.10	106.71	121.18	121.58	107.34	92.70	95.03	110.83	93.60	127.00	132.70	175.87	156.35	118.43	117.96	117.81	146.20	90.11	133.17	168.12	105.02	134.93	104.00	33.27	60.96	132.44	149.95	112.87	107.13	97.46	109.46	111.15	95.71	119.27	146.59	137.00	83.04	91.38	109.56	114.05	106.05	164.61
QG37_07409	146.46	136.38	79.51	74.38	121.57	108.79	118.81	132.09	112.36	100.86	93.91	107.39	112.71	102.36	101.16	110.61	136.33	157.05	118.40	112.67	123.75	117.07	136.34	110.89	126.13	160.91	107.12	121.73	96.39	31.08	82.58	113.48	139.83	118.15	112.72	91.50	113.74	113.30	99.71	133.07	163.56	126.66	89.07	89.74	104.55	104.96	88.38	148.14
QG37_07410	117.51	131.88	59.35	70.59	104.89	106.17	108.92	111.84	121.56	106.78	83.73	99.12	94.56	102.04	102.46	110.79	128.10	168.38	137.55	125.35	120.13	117.37	119.81	95.27	116.02	146.25	90.33	120.75	106.52	27.20	72.33	101.25	133.87	119.25	108.50	99.22	110.40	102.46	100.00	117.57	142.34	123.59	81.59	87.09	105.01	103.97	89.48	137.62
QG37_07411	118.92	128.70	86.50	66.10	109.66	116.87	94.08	102.32	129.38	109.96	106.09	89.20	90.39	96.41	87.31	112.24	116.48	151.99	133.90	126.32	101.42	122.73	118.47	104.85	120.94	142.90	82.24	140.40	111.79	35.40	68.61	126.10	108.80	129.42	106.96	98.65	102.25	101.13	75.48	123.08	150.95	135.23	87.99	79.30	89.82	114.97	85.77	134.46
QG37_07412	118.92	108.42	67.71	62.75	92.51	112.31	91.43	93.20	98.71	99.45	82.06	84.84	90.98	87.10	84.66	86.60	109.85	133.11	113.21	97.60	99.66	96.21	110.18	85.97	92.82	123.49	79.63	113.17	85.34	28.58	51.71	104.25	99.32	103.91	85.43	76.20	81.10	89.22	79.85	92.06	121.09	101.32	85.74	60.79	79.18	79.39	69.98	120.73
QG37_07413	116.71	118.54	72.35	68.99	107.92	108.35	116.13	106.06	116.17	98.44	83.08	86.15	92.88	100.95	96.80	106.12	125.64	132.53	127.10	109.93	107.28	108.83	121.64	94.75	109.74	129.44	90.79	121.51	95.84	24.90	67.15	104.50	117.79	107.43	95.41	82.84	99.49	95.08	84.41	110.64	133.40	116.41	85.44	81.84	101.18	104.36	95.89	130.57
QG37_07414	131.04	142.88	74.59	82.50	119.14	126.32	127.36	123.56	139.95	122.06	99.15	110.50	113.13	109.22	107.47	123.46	135.35	135.40	129.11	118.05	109.87	126.26	131.93	103.79	123.46	143.38	93.45	145.23	120.38	32.80	66.72	136.42	150.88	123.55	110.47	88.37	114.71	116.37	99.50	120.96	146.19	128.54	101.15	86.22	123.67	114.01	99.02	142.45
QG37_07415	152.93	142.72	78.89	73.39	121.89	114.43	123.39	120.81	138.92	129.29	108.18	107.16	107.72	110.33	94.93	120.54	147.90	149.33	139.03	127.49	124.33	142.75	138.94	120.34	128.03	135.82	102.98	143.48	110.82	37.21	77.45	139.54	136.71	111.88	119.08	96.78	109.62	119.39	86.79	131.07	156.87	130.66	108.17	82.93	107.21	120.61	101.63	139.59
QG37_07416	119.14	116.38	60.77	69.02	92.91	109.14	104.32	102.73	115.52	102.82	80.94	81.06	95.98	91.40	97.32	105.83	122.33	138.89	129.19	117.99	117.90	105.86	121.32	98.21	105.80	128.28	81.76	102.41	89.62	22.22	59.10	109.30	114.34	105.46	105.06	77.16	96.50	91.15	81.71	114.60	130.25	119.48	77.74	72.16	99.05	103.85	101.78	130.07
QG37_07417	136.20	123.98	74.06	69.11	109.44	126.02	121.50	108.12	135.17	106.44	105.66	83.47	110.72	87.47	95.00	115.16	131.71	143.67	128.42	121.71	107.06	124.54	116.16	102.54	118.32	132.80	83.74	139.51	99.05	26.08	62.57	115.48	114.14	85.61	98.22	69.46	98.59	112.00	69.60	96.70	129.05	120.02	83.35	86.63	112.82	106.97	96.67	149.19
QG37_07418	104.77	100.55	59.56	66.13	120.41	115.33	119.31	95.98	119.50	109.18	75.53	79.81	102.09	87.13	91.72	125.27	145.96	118.08	119.46	104.67	108.58	107.85	124.26	95.37	108.54	144.45	85.83	123.95	93.60	25.46	74.21	116.78	113.81	102.48	111.38	102.46	90.75	100.88	81.62	120.08	128.69	95.02	80.12	71.90	98.16	107.94	88.04	142.44
QG37_07419	129.57	112.13	70.45	71.58	124.39	106.98	117.03	115.10	112.14	105.56	89.71	93.72	101.84	106.74	96.30	117.19	148.49	143.79	136.28	115.34	120.35	112.72	120.70	103.12	115.75	138.10	90.53	123.02	101.09	27.27	70.02	120.95	125.36	123.22	107.88	83.76	104.22	110.54	87.57	109.46	136.18	105.93	85.18	88.22	104.54	112.65	95.84	131.94
QG37_07420	141.78	138.27	77.66	87.35	111.84	129.60	105.15	115.86	120.89	125.46	117.97	91.75	102.83	102.84	117.96	99.55	155.02	163.65	129.78	128.82	131.62	122.10	138.33	120.46	128.04	167.25	115.74	124.28	131.03	30.97	86.60	125.85	149.81	129.39	132.81	94.77	99.52	136.33	111.17	114.98	149.64	141.56	97.12	94.69	120.26	116.52	103.86	179.45
QG37_07421	112.08	117.39	66.86	69.19	108.42	107.37	112.89	117.95	116.45	109.35	91.26	89.31	105.79	116.29	103.00	115.55	153.04	143.04	119.60	112.72	106.88	109.98	124.31	95.60	118.06	128.43	94.74	115.00	88.01	26.21	72.42	121.82	124.43	106.97	95.60	87.32	102.03	101.91	82.88	119.69	133.20	123.44	90.43	93.37	102.17	110.67	96.34	132.29
QG37_07422	17.58	47.70	20.39	33.93	45.73	48.19	45.79	42.44	52.11	50.95	48.90	31.39	41.25	53.11	43.25	52.02	38.80	38.93	50.54	43.34	34.34	32.23	39.90	32.12	39.82	47.38	38.49	45.45	31.08	12.55	23.33	59.79	52.42	65.27	62.38	57.27	47.73	68.23	46.36	46.65	43.88	59.03	45.14	34.64	56.50	46.79	44.04	67.68
QG37_07423	112.87	97.13	50.72	53.58	77.67	89.17	79.71	98.56	100.30	63.26	69.54	61.22	76.42	83.40	72.05	92.17	97.70	89.96	97.91	100.06	79.45	81.17	87.79	59.92	91.50	90.77	70.44	82.27	70.92	26.85	41.45	97.62	93.60	85.40	99.48	77.72	76.33	83.70	70.95	104.33	97.94	87.57	69.87	51.77	79.81	93.62	72.25	105.64
QG37_07424	112.59	118.80	64.37	76.24	108.10	100.26	101.28	102.95	109.56	103.86	65.88	83.42	86.74	89.18	89.35	109.81	127.77	118.80	96.23	79.70	115.84	111.63	103.33	76.36	110.91	127.74	74.23	121.04	81.64	24.02	69.40	89.38	131.20	96.63	104.02	94.70	83.14	97.21	86.65	123.64	114.43	104.85	91.99	86.19	99.33	89.45	92.58	125.47
QG37_07425	120.87	117.27	66.72	68.64	109.58	108.69	100.35	109.63	124.33	115.99	92.94	91.64	97.04	104.46	95.45	105.81	130.34	140.21	121.41	116.32	119.03	113.86	125.66	98.98	123.22	138.40	95.36	118.51	91.58	25.54	63.41	105.02	127.14	106.22	103.79	84.08	90.88	97.63	90.70	111.06	135.27	122.32	83.97	86.26	109.28	112.14	97.54	137.33
QG37_07426	125.52	150.14	76.70	72.36	116.52	122.17	114.51	134.62	128.04	116.57	100.53	107.90	130.39	112.57	108.69	120.35	148.85	137.06	127.71	117.29	115.77	131.38	138.59	105.33	129.11	153.94	93.73	131.27	105.85	30.70	80.20	121.33	140.06	119.19	112.47	98.16	120.88	130.21	97.06	116.24	144.31	145.50	95.62	91.57	125.08	115.45	97.79	143.24
QG37_07427	116.84	116.81	67.54	72.38	106.22	101.92	99.34	100.00	95.58	99.36	104.01	90.59	102.79	113.64	96.01	99.70	107.75	144.41	108.36	113.35	114.34	108.08	105.16	101.58	95.78	110.50	82.95	132.63	101.00	21.76	57.18	104.37	121.08	100.80	99.61	75.56	107.46	111.07	82.10	113.88	115.98	116.90	100.77	74.86	108.05	100.60	104.61	147.10
QG37_07428	117.87	106.30	62.03	62.30	91.93	94.44	92.77	103.35	113.52	90.08	81.06	78.95	94.83	102.91	101.52	117.98	114.74	118.74	120.83	102.76	109.48	103.73	116.82	93.17	104.42	117.65	86.08	113.66	87.25	29.09	55.98	103.90	114.88	112.92	98.57	83.45	92.10	106.64	82.58	120.47	104.12	121.20	84.12	84.31	92.56	100.38	82.81	135.89
QG37_07429	117.93	115.42	64.73	69.48	101.24	112.86	109.80	106.57	117.94	101.99	92.22	96.10	91.26	99.21	98.19	113.03	130.46	140.05	133.79	110.98	120.10	113.71	115.30	94.63	105.62	131.52	94.26	115.96	94.50	26.59	68.67	112.67	127.83	113.94	107.92	90.02	99.38	102.94	80.44	124.47	131.08	114.13	89.79	87.31	104.57	103.25	93.99	125.72
QG37_07430	120.21	121.80	74.46	74.59	113.96	110.07	116.08	121.70	120.78	110.91	90.82	101.33	92.54	119.58	91.96	111.89	138.35	143.34	121.19	121.29	121.33	128.04	114.88	96.73	106.48	137.15	93.38	126.03	105.39	32.27	75.03	116.67	139.63	111.72	113.41	83.40	106.29	108.75	86.96	111.04	126.17	123.75	87.37	84.40	118.19	108.30	107.43	136.52
QG37_07431	96.34	125.12	62.41	56.54	122.85	102.84	94.38	104.72	116.95	100.71	73.28	73.79	87.66	89.59	92.76	92.39	122.56	131.53	108.40	91.52	103.00	108.06	111.24	88.20	110.08	138.21	83.27	103.79	79.99	24.52	58.02	103.99	121.22	103.13	89.52	83.08	91.27	101.76	82.11	107.79	133.04	107.17	73.00	79.65	102.05	90.46	92.37	141.88
QG37_07432	96.34	110.27	60.24	60.48	102.36	99.89	95.30	104.93	128.82	93.53	90.86	88.64	87.22	113.49	87.81	114.63	134.26	119.41	120.66	98.64	108.25	110.26	115.18	85.63	98.82	119.12	93.12	110.09	82.10	25.13	59.94	109.56	119.96	112.34	100.24	76.69	93.88	92.61	77.38	105.71	117.90	110.23	79.42	78.73	93.95	106.19	79.58	120.66
QG37_07433	123.40	121.55	74.34	71.37	105.84	88.45	109.06	104.31	94.29	91.90	96.02	86.84	99.44	102.56	113.91	96.94	131.22	121.25	127.77	100.01	114.65	113.75	117.33	91.35	94.49	123.20	103.48	115.79	91.42	27.11	57.86	131.41	114.45	98.29	105.94	83.57	102.56	101.32	85.86	128.41	126.80	107.31	84.89	78.04	112.39	112.85	100.03	134.16
QG37_07434	103.25	100.54	65.11	54.01	85.03	96.28	91.89	102.74	102.85	83.20	86.19	70.26	77.65	88.53	82.02	96.00	126.55	113.69	109.37	102.30	114.07	103.38	106.96	82.90	103.64	114.58	87.96	109.50	77.51	22.52	51.32	112.48	109.55	96.01	95.81	81.97	91.88	93.93	73.75	94.78	121.90	98.16	80.52	72.11	95.03	94.92	87.26	122.16
QG37_07435	199.57	138.21	77.13	72.38	117.98	104.03	117.06	130.45	126.95	99.92	85.65	89.77	81.14	124.03	93.71	122.01	159.19	158.15	147.81	118.85	108.02	108.67	135.41	118.69	139.10	137.65	113.08	129.70	106.57	35.43	70.40	123.77	129.14	125.97	116.51	107.72	104.30	119.63	95.29	138.11	144.96	133.18	110.36	102.42	96.05	111.75	105.99	137.67
QG37_07436	125.60	122.75	64.37	72.72	119.30	125.05	127.77	112.95	127.80	113.34	89.79	100.07	105.81	111.45	99.74	120.84	132.91	155.40	150.56	110.04	117.41	121.45	126.80	104.00	113.84	150.86	101.62	129.06	107.80	31.31	72.35	115.69	135.93	104.73	111.37	91.85	108.29	112.65	96.28	120.78	143.43	131.14	90.55	85.19	111.28	116.91	95.06	138.11
QG37_07437	110.31	119.07	68.02	74.33	107.82	96.16	112.75	113.30	130.24	102.76	97.98	96.67	107.38	99.14	102.26	111.32	125.99	159.21	125.49	94.14	127.93	124.13	122.76	93.68	116.29	150.88	104.38	113.24	106.24	29.71	64.46	109.79	131.35	126.24	103.20	78.19	107.15	109.56	89.05	113.77	144.34	111.19	87.28	85.28	104.11	107.29	94.63	130.08
QG37_07438	106.78	107.50	64.99	54.90	97.93	95.92	110.65	111.78	139.84	103.21	90.47	105.58	112.65	113.10	96.96	123.28	130.21	142.84	133.01	111.09	135.21	126.40	133.30	99.14	129.03	128.73	100.98	114.31	104.24	25.18	69.27	120.10	129.33	111.72	106.71	99.21	104.87	108.84	87.37	118.33	128.33	115.94	91.10	83.31	108.11	100.97	101.23	128.81
QG37_07439	118.01	115.63	67.05	79.99	107.59	103.08	102.81	116.14	109.40	99.64	97.69	89.59	96.93	105.49	107.04	113.78	136.63	155.35	135.05	114.69	113.27	126.81	116.35	102.88	114.69	134.85	89.04	114.74	99.83	27.76	69.88	119.94	121.89	120.27	111.04	86.80	110.44	103.16	83.39	115.49	131.59	117.09	89.67	94.51	119.02	110.45	104.70	153.41
QG37_07440	104.44	109.59	62.61	68.04	84.78	100.30	90.49	91.43	104.89	89.39	82.54	74.70	85.15	91.73	94.89	92.14	121.44	121.54	113.20	91.50	122.32	98.41	120.80	88.07	107.08	130.93	73.97	111.71	83.45	24.73	52.28	105.78	109.88	104.18	94.32	82.49	84.74	99.67	74.99	116.07	128.28	103.42	87.59	79.87	89.48	105.77	83.54	128.40
QG37_07441	127.65	131.14	76.47	78.70	102.68	118.97	119.33	96.95	130.54	97.20	97.48	104.49	84.28	108.70	100.60	117.45	147.95	165.82	142.18	120.21	127.82	120.75	135.53	109.39	133.96	141.02	105.30	123.00	101.84	35.30	68.63	127.36	123.65	119.36	106.15	79.02	96.89	106.54	87.03	127.32	156.07	134.43	85.12	97.43	117.06	109.92	100.18	138.36
QG37_07443	100.45	101.46	58.37	64.29	84.36	106.93	88.84	100.96	108.47	89.97	73.36	83.11	83.56	93.75	88.06	100.63	123.17	125.31	122.56	120.32	107.51	103.94	111.87	91.06	107.28	126.08	88.06	105.56	90.67	26.60	60.49	110.58	108.82	108.58	92.60	82.75	82.80	90.79	83.75	113.92	117.20	103.30	82.60	85.07	92.15	103.92	87.53	120.66
QG37_07444	104.91	108.65	61.72	61.06	98.35	92.15	105.90	110.54	115.22	98.82	76.30	87.27	92.62	101.66	96.33	106.79	129.50	142.02	127.76	105.82	103.88	110.05	120.98	95.83	114.27	136.56	96.75	106.58	91.25	26.70	61.12	110.00	119.38	109.37	105.76	81.54	92.58	97.18	86.85	115.55	131.76	115.04	85.61	84.50	109.64	111.88	90.17	142.34
QG37_07445	124.89	130.96	72.25	66.96	115.38	109.76	106.42	118.92	124.16	110.68	90.76	98.61	101.92	101.96	109.50	103.04	136.52	150.94	135.82	123.62	117.57	116.87	125.67	109.53	119.71	147.77	95.48	122.49	101.05	27.52	75.23	118.72	141.39	116.52	106.32	95.88	106.09	112.90	93.21	122.59	146.40	130.82	95.64	98.10	122.09	120.71	111.15	156.32
QG37_07446	121.89	143.16	75.02	74.75	110.63	120.44	107.34	99.92	125.92	124.76	107.40	103.10	123.11	105.80	113.39	117.00	157.06	153.98	130.24	114.23	134.63	126.91	136.71	112.40	127.65	155.39	106.62	150.57	126.65	32.27	82.53	134.29	147.58	131.99	120.93	100.12	106.96	126.66	89.55	120.82	148.59	139.29	87.78	100.40	121.51	127.27	109.81	154.42
QG37_07447	116.38	133.22	66.48	62.83	114.44	106.36	107.42	112.78	117.83	112.88	103.90	88.97	91.04	114.81	89.66	103.02	144.10	141.34	128.36	109.35	105.07	121.51	146.10	106.75	116.40	143.77	88.89	120.92	103.27	23.02	74.57	125.01	129.55	114.67	111.71	84.26	106.53	123.90	73.72	125.65	134.16	128.28	99.55	88.21	111.22	125.66	89.45	146.66
QG37_07448	109.38	125.32	56.68	68.76	122.88	103.77	114.96	107.47	118.93	106.63	88.49	88.28	88.47	93.26	104.44	121.16	132.04	146.55	144.75	116.48	113.60	117.05	124.63	95.45	126.46	146.62	95.62	123.73	96.49	25.07	71.22	121.86	125.84	102.71	113.11	83.67	99.14	100.39	83.17	115.81	119.68	108.72	94.59	86.49	111.06	117.73	96.17	139.07
QG37_07449	123.47	125.98	76.37	66.15	111.75	113.79	108.88	102.89	132.69	116.17	87.24	113.39	97.75	100.37	100.91	122.24	145.12	154.83	132.37	110.32	118.46	113.42	130.80	113.43	126.92	160.98	118.80	117.58	94.99	29.46	63.93	122.65	155.53	124.49	99.11	86.67	100.04	111.59	101.05	118.90	141.07	122.64	102.15	88.59	110.82	117.41	107.89	147.06
QG37_07450	142.61	128.26	71.33	73.98	118.38	95.76	114.49	113.33	150.14	105.29	112.26	104.25	110.20	90.93	84.60	107.04	129.94	176.67	150.45	126.76	138.28	94.22	135.20	105.06	120.12	153.80	101.17	136.23	108.52	27.72	74.21	128.11	152.25	120.32	112.84	96.38	120.50	120.95	93.33	140.62	156.78	144.36	97.90	82.15	92.11	99.20	97.75	116.14
QG37_07451	126.69	129.40	60.16	65.54	125.27	98.56	106.68	122.45	140.65	116.24	100.91	108.36	105.38	96.51	88.52	111.94	142.36	166.02	171.38	122.66	127.96	112.25	136.06	108.58	133.74	153.72	102.21	139.27	115.55	28.34	70.15	121.55	148.76	118.91	114.59	92.58	118.82	121.24	93.43	137.19	139.42	150.38	94.83	21.82	29.12	32.35	25.53	39.01
QG37_07452	119.08	118.91	63.72	73.00	110.89	102.74	104.31	121.13	129.68	102.57	79.44	102.59	97.34	110.75	98.85	111.35	148.17	149.89	140.51	118.52	116.39	124.64	125.68	113.84	123.58	143.84	106.92	119.24	100.37	30.64	71.50	119.03	131.40	115.65	108.16	94.17	100.39	107.47	95.09	124.43	141.42	130.94	100.27	92.30	109.64	105.02	101.67	146.52
QG37_07453	113.74	99.13	53.26	63.85	91.89	100.43	88.09	101.52	101.50	90.85	77.63	81.70	78.17	86.86	87.09	96.43	121.32	116.87	124.81	102.09	101.84	99.10	110.82	93.92	110.21	111.53	82.20	108.32	83.68	27.17	56.22	94.13	105.25	101.61	92.01	79.72	84.36	92.93	76.78	109.17	111.06	110.00	81.35	82.86	98.67	93.51	95.05	118.18
QG37_07454	117.54	116.19	70.31	76.54	108.26	98.87	110.52	111.47	136.24	107.52	90.67	92.27	99.46	100.94	93.48	114.80	134.95	150.03	135.79	119.84	111.49	110.78	125.80	111.33	113.69	134.78	95.75	104.77	86.32	29.59	69.39	127.79	126.93	109.80	109.74	85.01	104.22	112.26	90.84	116.48	152.15	128.18	93.00	97.01	115.95	118.97	110.67	152.89
QG37_07455	107.25	100.67	52.67	68.44	97.28	104.15	94.21	103.35	115.89	97.86	74.38	95.79	91.91	93.08	95.19	97.98	139.84	131.27	121.97	111.60	105.16	118.76	111.37	102.22	124.62	134.52	102.88	115.24	99.15	27.66	61.73	106.40	120.73	113.18	105.40	84.50	99.23	112.96	84.49	118.14	129.21	118.57	98.28	83.39	107.71	117.85	96.12	128.18
QG37_07456	109.06	102.95	65.91	78.04	105.49	90.04	102.66	102.40	107.44	92.09	76.60	89.54	79.20	97.35	91.27	102.87	130.76	143.50	128.41	102.67	120.52	104.76	125.22	102.76	111.09	137.85	96.32	120.33	96.69	23.15	74.02	120.97	120.13	98.96	98.83	87.31	96.01	111.61	89.78	130.16	131.56	111.82	83.85	91.14	109.91	110.61	105.58	122.63
QG37_07457	119.46	124.12	61.37	69.31	119.04	109.35	106.67	93.78	118.71	115.97	97.29	100.27	90.22	117.06	103.93	110.92	129.67	160.68	134.22	115.35	104.90	118.52	130.88	91.58	125.14	114.89	93.12	110.98	92.44	21.25	72.99	109.65	141.72	125.48	104.63	90.77	99.34	105.76	90.80	114.09	136.98	114.00	93.45	86.66	106.39	101.81	79.61	153.35
QG37_07458	118.98	108.46	67.01	63.24	107.21	101.62	99.58	99.85	114.78	103.56	89.69	96.88	89.81	105.02	99.89	112.74	135.81	154.14	130.63	108.34	104.84	122.39	131.94	100.83	110.94	132.42	93.20	124.57	107.81	28.51	61.44	112.53	130.07	120.22	108.33	87.48	100.30	111.27	89.43	111.17	143.03	116.51	100.15	87.05	108.11	104.10	93.89	134.28
QG37_07459	107.27	129.28	53.50	71.35	111.22	112.76	98.42	111.35	110.51	110.07	86.88	99.72	94.24	96.35	93.62	109.47	123.27	152.28	127.89	111.01	113.60	120.50	127.74	114.57	112.54	141.13	97.70	130.11	97.03	26.11	65.99	108.67	121.63	99.99	92.26	87.75	96.16	104.57	82.43	111.84	117.23	122.67	79.59	84.89	100.53	113.89	101.62	149.70
QG37_07460	114.06	125.77	80.31	73.05	120.71	112.53	105.76	120.28	119.74	98.12	82.15	91.31	87.51	87.99	107.44	109.10	147.50	147.13	121.66	95.95	107.17	125.20	111.91	106.04	135.45	155.54	102.01	116.26	89.97	30.75	86.03	126.60	136.61	116.59	102.81	83.05	93.60	109.38	92.98	116.52	151.27	141.00	97.71	80.26	112.20	114.08	104.75	146.78
QG37_07461	117.02	125.76	79.86	56.16	106.53	102.32	109.35	112.03	120.43	105.88	86.35	92.35	101.69	108.31	104.28	103.86	134.50	160.97	130.16	107.58	122.30	125.63	132.34	100.39	127.90	147.11	99.97	122.89	101.00	29.41	78.01	117.82	129.27	113.80	111.00	91.09	104.03	107.57	94.39	125.47	139.56	132.97	99.58	97.02	113.78	122.99	105.48	154.60
QG37_07462	120.92	116.74	62.49	58.64	110.18	104.32	97.41	107.78	129.22	96.66	93.49	94.85	106.14	109.05	88.41	113.71	147.67	148.27	138.53	108.23	107.79	125.72	127.46	100.63	118.77	134.87	107.04	111.26	110.01	28.28	58.27	112.62	128.57	101.71	101.62	95.29	88.49	100.91	99.65	106.90	137.14	132.82	97.57	94.56	100.03	124.68	105.46	138.04
QG37_07463	145.20	128.09	52.32	57.70	102.60	96.39	121.25	108.13	122.39	103.37	94.30	91.20	98.77	117.08	101.13	120.17	131.69	139.43	138.32	120.89	130.92	102.81	125.78	92.03	128.74	126.65	110.87	114.26	102.62	15.07	68.11	124.50	136.83	92.55	109.12	80.88	104.31	99.83	92.17	104.46	130.56	123.51	93.39	70.67	107.80	108.46	101.78	129.25
QG37_07464	108.36	110.91	62.64	65.62	92.39	95.25	92.35	97.76	117.93	89.33	84.58	84.59	85.70	93.26	96.82	107.11	120.45	135.31	119.59	96.54	113.20	107.57	115.67	95.79	109.34	128.32	83.58	113.83	89.39	24.05	60.21	119.00	123.39	99.70	92.39	81.92	99.18	105.35	81.20	97.33	121.65	101.97	79.69	82.07	87.22	101.75	83.73	125.48
QG37_07465	123.59	116.31	70.77	74.54	109.89	105.99	101.88	104.60	109.79	101.96	78.50	81.12	92.37	99.25	97.86	114.23	133.46	145.43	122.10	109.33	110.74	115.76	130.00	102.17	119.37	136.51	93.85	118.79	95.83	29.91	71.90	111.23	122.55	107.05	111.61	84.12	99.61	110.10	98.98	111.51	136.55	122.77	99.91	89.17	111.31	108.43	99.14	135.68
QG37_07466	108.31	122.92	67.37	70.10	95.31	104.31	100.25	100.89	108.63	106.71	77.96	87.12	88.57	91.67	103.14	108.87	142.90	131.38	125.55	114.36	107.31	119.31	122.75	99.64	110.50	126.68	95.28	111.29	101.59	31.71	66.06	115.87	125.52	105.19	106.91	77.95	99.39	118.22	81.00	111.76	133.80	119.71	95.40	87.98	106.41	109.14	92.04	137.48
QG37_07467	175.21	122.13	64.83	73.13	111.71	121.41	116.41	115.78	127.40	131.40	97.10	113.10	101.27	107.98	112.26	111.47	151.55	140.41	143.88	120.53	126.21	139.33	143.03	119.90	120.49	139.13	100.66	124.60	106.11	35.67	84.13	124.08	147.40	115.95	111.05	89.14	124.38	131.75	87.50	151.42	121.91	138.25	107.91	83.33	126.15	120.71	113.15	152.66
QG37_07468	106.64	109.36	63.55	67.65	100.64	92.88	95.84	95.43	112.19	103.52	70.07	89.48	85.37	101.37	97.20	107.70	120.46	134.05	116.65	87.76	108.64	109.16	112.49	91.40	106.14	128.12	91.76	110.88	90.67	27.57	61.14	109.85	121.31	107.08	93.95	81.90	99.44	92.87	77.64	106.80	121.01	102.77	81.37	81.91	111.78	102.38	85.09	127.95
QG37_07469	103.96	103.77	63.46	76.17	88.03	98.24	88.50	102.09	105.07	91.61	88.32	87.04	83.62	100.88	90.86	113.26	123.95	116.11	122.73	87.91	115.98	95.37	129.01	92.82	119.39	130.54	98.19	108.70	94.33	28.30	82.77	107.68	135.96	95.65	108.22	93.70	102.26	102.51	72.67	94.05	104.84	98.12	80.95	77.95	88.54	100.31	75.65	128.98
QG37_07470	107.13	121.45	70.94	80.91	100.45	100.94	101.16	115.40	120.65	94.71	91.38	109.94	93.99	105.65	92.20	107.39	110.09	119.57	98.75	91.66	108.17	113.54	116.27	104.92	116.91	127.65	95.62	117.19	106.85	20.48	81.05	107.19	124.52	99.78	92.86	91.52	90.75	74.94	72.82	100.49	124.72	111.52	88.08	77.52	93.91	98.52	72.23	143.31
QG37_07471	119.90	113.06	74.26	80.17	95.92	98.16	115.39	95.02	128.07	103.49	82.44	70.30	90.71	88.23	93.27	123.10	134.21	148.36	122.21	105.94	111.22	94.38	133.45	99.18	130.52	139.61	99.67	120.12	91.64	26.90	67.16	109.41	151.04	109.93	112.79	86.66	98.83	98.00	83.44	144.44	141.69	127.44	80.85	88.29	103.12	94.44	95.11	138.02
QG37_07472	117.35	112.28	73.48	66.00	91.67	99.33	106.05	101.67	114.55	96.05	84.74	82.34	85.13	101.54	93.88	100.41	135.95	124.76	118.52	92.22	117.48	115.06	121.50	92.31	113.86	118.94	87.30	102.21	95.84	23.36	59.28	100.30	131.23	112.29	103.78	77.00	92.42	100.05	80.72	110.40	140.99	111.00	89.03	92.82	97.42	111.26	101.12	139.21
QG37_07473	119.58	122.40	63.17	66.02	104.96	96.73	114.22	111.99	137.25	104.79	84.90	92.71	85.85	113.51	101.78	117.23	142.22	154.11	136.16	108.74	118.39	116.34	123.79	96.71	112.80	137.06	90.98	122.86	89.60	26.30	77.83	115.53	132.88	109.92	108.53	83.87	99.43	113.08	88.16	125.92	153.59	112.93	90.85	87.69	110.44	118.14	98.31	143.01
QG37_07474	122.06	130.68	77.36	69.03	117.00	104.22	121.12	124.02	136.69	110.78	98.52	103.62	109.20	114.50	93.20	126.47	140.95	170.14	135.63	119.43	119.41	123.20	137.64	100.01	133.45	144.72	102.32	132.65	104.88	37.26	76.35	121.02	128.14	114.91	118.47	94.53	111.08	103.65	94.94	131.92	140.08	128.67	95.86	97.37	122.60	114.79	97.75	144.12
QG37_07475	114.88	122.28	68.50	68.76	113.53	106.71	104.84	101.46	120.86	103.14	91.75	93.05	90.47	99.48	97.48	110.19	134.48	140.89	136.28	110.07	122.46	122.75	130.45	104.48	118.99	139.64	105.14	130.77	94.22	29.39	73.77	121.26	128.98	109.10	108.36	90.00	101.01	109.57	88.92	120.58	135.30	126.63	94.94	92.26	114.73	115.95	97.76	140.64
QG37_07476	140.43	123.97	75.67	72.84	112.61	129.61	109.84	102.97	125.50	106.76	85.24	100.60	93.09	85.40	110.25	112.85	134.68	181.33	144.11	114.31	110.34	120.63	133.59	108.57	120.89	131.19	106.25	135.86	108.58	42.80	66.75	138.13	151.28	3.32	3.50	2.96	3.03	3.15	3.35	3.24	4.04	5.16	2.83	101.94	131.58	131.17	95.20	175.37
QG37_07477	118.51	122.13	71.29	73.58	115.05	109.07	100.76	117.94	111.77	92.56	82.49	92.17	94.79	110.24	105.19	114.07	137.12	164.77	142.56	112.91	121.45	114.23	119.83	101.52	130.83	134.90	101.85	126.98	95.61	31.69	68.32	115.11	125.99	106.86	80.71	81.14	97.24	100.31	78.45	96.79	111.79	127.62	94.42	91.12	114.05	113.56	105.65	139.73
QG37_07478	118.54	123.47	79.99	61.85	130.33	116.77	105.57	99.04	133.04	112.97	95.55	101.56	99.24	126.62	111.29	108.87	131.43	175.36	111.14	106.38	116.13	115.78	134.79	108.27	127.92	146.57	106.75	120.98	124.28	28.84	74.88	132.37	131.57	0.00	0.00	0.00	1.27	0.00	1.05	2.21	0.00	0.38	0.00	104.97	130.20	111.81	91.54	131.71
QG37_07479	110.85	125.81	54.61	62.85	97.54	104.10	114.26	108.18	116.01	94.50	96.95	77.68	99.20	98.01	96.68	103.22	136.04	140.36	133.95	101.21	133.69	103.66	142.36	103.89	124.13	128.18	104.71	125.64	103.25	29.35	62.20	113.32	127.61	100.27	83.51	70.15	84.68	101.74	83.54	120.15	127.73	120.63	88.57	101.88	130.15	112.66	96.35	129.49
QG37_07480	109.33	109.36	60.64	62.94	98.24	98.91	107.98	94.40	104.43	97.45	76.64	82.28	97.86	101.95	99.07	100.61	118.92	136.75	127.63	87.31	99.17	96.58	134.95	100.46	114.79	123.35	100.36	104.46	94.32	24.18	62.33	116.31	106.25	98.74	114.98	87.17	87.04	97.30	83.44	115.55	115.21	112.24	89.55	76.62	115.92	101.60	99.41	128.06
QG37_07481	118.08	122.74	65.35	77.82	113.91	110.05	101.73	112.96	119.26	105.98	88.32	88.01	88.21	103.06	102.85	117.45	144.89	149.52	129.66	100.98	115.49	120.18	126.97	114.90	123.95	135.56	108.09	118.22	110.67	32.94	73.66	123.87	130.20	119.62	109.90	92.30	107.91	117.14	97.49	130.16	149.23	137.17	105.63	93.57	106.05	118.82	107.97	145.40
QG37_07482	151.24	114.97	73.96	77.19	112.62	96.64	97.70	99.79	127.20	113.96	91.84	107.10	72.98	102.96	116.52	115.69	135.26	164.04	179.40	116.26	114.77	123.66	137.90	109.06	139.80	151.04	84.67	117.50	105.34	33.45	85.87	109.27	148.78	107.76	123.16	87.84	108.54	121.57	89.44	139.63	136.10	128.93	93.79	84.30	133.13	109.16	105.47	157.96
QG37_07483	86.50	76.01	39.95	50.50	77.99	76.92	86.02	93.35	77.61	70.52	66.99	60.24	79.56	84.76	72.65	86.17	121.95	113.55	108.20	77.86	91.86	115.18	116.01	80.99	94.59	105.35	65.70	84.35	59.99	19.64	48.57	106.70	114.18	83.71	93.65	65.10	102.35	97.08	74.93	113.36	94.59	96.75	69.21	64.11	90.20	88.27	88.76	119.85
QG37_07484	78.49	81.55	50.90	49.35	72.33	78.16	77.76	90.12	98.72	69.40	58.04	82.18	65.34	71.05	74.09	90.02	96.08	108.30	104.39	74.31	75.58	80.39	109.95	82.58	84.43	105.21	69.07	90.62	66.93	21.22	55.01	95.51	98.50	92.76	92.26	62.96	76.07	98.33	71.86	76.66	95.13	86.60	69.03	74.97	77.40	92.87	82.94	117.24
QG37_07485	118.60	107.84	67.68	52.81	82.11	98.89	94.30	97.21	112.44	103.92	77.33	70.97	75.33	97.67	91.35	91.36	110.53	138.83	123.37	110.81	101.33	102.17	111.81	97.56	106.95	128.97	86.75	100.87	85.23	18.98	62.49	98.18	113.94	109.43	81.50	70.28	101.45	128.63	72.71	92.21	126.12	116.10	67.73	78.76	103.17	116.19	113.20	127.98
QG37_07486	115.78	117.14	63.35	65.03	104.90	99.17	113.33	104.34	109.37	100.48	86.18	94.99	90.03	109.19	94.17	113.74	132.39	146.82	131.89	100.18	114.14	109.00	133.69	105.75	110.78	144.00	99.07	121.46	89.90	26.12	77.35	109.70	120.33	113.95	105.27	92.15	92.27	116.41	80.88	113.59	126.54	132.20	96.20	84.83	119.43	106.67	100.41	143.63
QG37_07487	93.60	108.68	57.70	67.86	94.08	87.82	105.83	93.38	116.81	94.81	77.43	77.49	81.29	96.28	86.49	107.09	118.27	131.07	119.19	93.06	111.35	116.30	122.94	106.53	106.55	130.00	87.45	113.54	87.99	26.52	61.47	110.94	105.09	114.57	91.97	78.62	108.30	100.78	77.05	109.42	117.10	108.12	89.10	76.66	104.88	100.10	105.71	135.63
QG37_07488	94.52	84.83	62.89	65.56	74.03	93.84	87.03	92.72	112.24	94.88	72.95	85.25	80.69	82.76	89.17	104.11	93.52	115.86	98.83	82.13	84.92	95.99	111.56	88.67	90.61	98.39	85.12	113.03	80.33	23.63	63.16	120.49	100.58	113.80	107.05	78.52	91.51	108.33	68.57	94.31	105.35	102.48	82.54	49.88	67.47	63.07	76.08	82.75
QG37_07489	125.90	127.95	73.75	78.08	117.87	112.09	105.81	120.22	126.55	113.65	89.83	90.97	93.87	106.73	107.22	123.93	146.64	160.53	134.33	110.06	116.03	124.41	148.44	116.10	140.60	143.42	89.07	130.86	100.50	27.98	67.42	116.65	130.63	118.74	119.08	84.46	101.37	95.52	80.31	126.97	138.94	141.62	107.21	94.71	123.40	109.99	110.14	156.27
QG37_07490	103.18	133.03	71.95	66.23	117.15	95.26	103.46	100.54	136.88	105.92	83.11	101.91	104.68	89.46	109.87	111.21	149.79	169.41	162.36	116.40	117.78	109.32	162.67	99.26	121.53	155.91	83.04	124.95	104.16	29.92	73.62	120.09	113.62	111.37	90.09	83.06	97.85	103.27	87.68	115.03	137.22	122.40	101.07	98.94	117.68	122.40	90.13	135.86
QG37_07491	116.03	120.10	63.00	71.83	106.25	110.21	107.22	112.54	119.00	92.83	91.82	89.38	96.22	98.49	100.73	110.37	127.22	150.71	140.55	109.72	110.78	116.87	131.35	105.59	111.43	139.01	96.21	121.38	101.83	26.46	72.01	117.22	129.57	104.93	105.35	84.05	100.85	111.74	74.85	110.05	145.42	119.03	109.66	98.59	110.66	118.15	108.87	142.59
QG37_07492	105.38	116.10	70.62	69.36	97.87	118.16	95.99	99.28	117.30	106.54	80.57	82.47	85.15	97.67	101.12	110.52	136.92	143.71	136.92	95.75	99.70	105.57	116.14	102.15	114.27	127.33	83.26	109.53	89.86	24.96	73.04	111.73	126.78	107.36	109.63	84.15	97.49	115.61	93.67	103.04	118.73	111.57	84.67	78.09	100.06	91.63	91.01	137.83
QG37_07493	89.26	89.50	65.30	53.78	92.51	83.00	79.17	92.75	94.72	79.17	69.53	76.23	66.83	93.84	80.41	88.31	109.53	123.13	98.89	87.50	83.04	89.91	107.17	80.22	89.73	114.66	79.00	103.26	93.17	23.14	63.40	90.26	96.19	105.52	88.21	68.96	83.45	96.26	72.81	102.53	104.01	104.86	80.72	85.30	82.29	83.12	77.98	112.18
