GENE	CDC_B11096	CDC_B11097	CDC_B11098	CDC_B11099	CDC_B11101	CDC_B11102	CDC_B11103	CDC_B11105	CDC_B11112	CDC_B11113	CDC_B11114	CDC_B11115	CDC_B11116	CDC_B11117	CDC_B11118	CDC_B11119	CDC_B11200	CDC_B11201	CDC_B11205	CDC_B11206	CDC_B11207	CDC_B11208	CDC_B11209	CDC_B11210	CDC_B11212	CDC_B11213	CDC_B11214	CDC_B11215	CDC_B11216	CDC_B11217	CDC_B11218	CDC_B11219	CDC_B11220	CDC_B11221	CDC_B11222	CDC_B11223	CDC_B11224	CDC_B11225	CDC_B11226	CDC_B11227	CDC_B11228	CDC_B11229	CDC_B11230	CDC_B11243	CDC_B11244	CDC_B11245	CDC_B11246	CDC_B11247
QG37_05151	20.53	47.97	35.33	36.83	47.77	45.79	45.36	36.77	45.90	49.61	32.04	46.15	39.14	37.20	52.02	45.58	55.64	53.71	48.41	59.53	36.01	48.56	47.32	32.09	43.53	48.80	44.38	63.85	43.46	13.86	27.06	54.53	57.91	51.78	46.14	37.95	44.65	43.02	39.89	55.72	61.53	56.64	43.61	37.31	43.62	48.94	41.70	71.31
QG37_05152	107.78	112.39	65.13	68.58	97.48	101.14	101.67	106.52	99.65	106.37	78.08	90.71	94.39	104.26	96.60	96.72	135.98	139.61	123.17	107.13	92.72	104.16	115.76	94.27	115.19	115.09	93.74	109.69	92.89	24.53	59.73	110.37	124.51	87.60	101.42	80.33	97.10	93.34	86.77	110.22	116.33	106.24	90.90	82.19	101.97	103.86	105.68	129.56
QG37_05153	132.57	137.70	76.16	70.65	107.36	103.36	105.74	113.28	132.02	111.98	103.76	101.88	102.54	110.25	89.55	124.32	138.56	154.32	134.67	122.30	113.75	136.67	126.75	106.03	136.44	140.90	104.92	141.14	109.12	28.33	81.78	126.72	134.54	119.12	121.10	87.81	100.73	124.21	101.67	119.91	136.50	132.77	105.39	91.70	127.25	120.41	102.03	147.67
QG37_05154	127.81	131.75	65.80	72.51	118.80	107.35	103.39	106.05	121.80	106.27	87.78	99.97	100.71	93.82	106.39	111.93	137.41	153.93	134.21	116.26	117.98	121.13	130.09	107.33	125.39	139.65	98.65	121.75	106.47	27.02	69.17	118.19	133.58	120.78	113.66	89.55	107.15	114.73	89.16	127.27	136.04	131.68	88.69	90.09	109.22	112.55	95.85	140.95
QG37_05155	122.25	114.20	59.98	63.77	103.03	102.74	101.58	106.14	112.80	106.56	86.17	86.57	89.58	95.00	87.62	101.01	117.67	144.63	125.06	100.22	105.32	118.58	135.22	109.18	109.81	117.85	95.42	111.53	92.84	22.82	61.69	115.05	125.05	112.46	96.35	82.22	91.39	93.84	80.45	111.27	124.98	117.54	80.04	82.03	107.43	106.68	96.98	123.88
QG37_05156	112.65	121.09	77.57	70.60	108.38	99.80	89.74	103.74	110.70	100.91	79.96	91.48	99.75	106.50	92.98	108.26	138.45	144.94	140.92	118.58	112.54	113.74	118.85	101.04	113.02	135.63	94.52	126.54	100.11	34.72	72.23	123.41	122.06	109.74	118.31	94.64	102.73	101.10	79.91	117.54	126.73	117.23	96.42	80.57	100.28	113.04	90.36	132.93
QG37_05157	118.65	109.23	60.59	68.55	100.40	90.71	89.44	104.99	118.29	119.51	95.58	99.25	101.18	105.80	91.43	119.55	123.38	151.25	131.75	132.51	118.77	125.17	121.34	102.88	128.62	139.18	100.45	138.39	105.76	26.43	74.87	142.66	132.03	124.61	112.98	103.56	99.33	116.58	80.24	116.90	126.22	119.01	88.77	90.01	107.55	111.50	101.31	141.90
QG37_05158	111.75	90.85	69.59	65.43	106.91	99.29	91.49	105.89	113.85	101.33	88.34	85.95	84.87	90.33	96.25	102.80	138.16	133.82	115.62	112.21	98.06	106.84	118.48	91.37	118.41	134.99	92.56	115.02	103.89	54.39	92.42	118.98	124.81	107.06	106.22	86.15	91.48	103.09	90.83	111.15	138.86	111.91	88.07	75.35	103.57	107.87	82.74	126.38
QG37_05159	123.06	147.85	69.60	66.43	112.25	121.26	108.30	100.84	124.73	104.93	93.23	103.83	102.77	103.06	107.19	122.82	159.22	153.64	142.84	119.94	115.24	122.79	127.89	101.62	145.24	157.39	90.93	132.43	103.34	29.50	60.79	121.61	120.21	120.70	104.61	94.97	100.01	116.81	92.94	119.08	138.36	110.76	98.73	109.11	109.18	120.47	102.12	154.51
QG37_05160	124.79	119.47	59.29	76.43	104.45	115.59	103.86	110.48	126.25	100.55	94.51	87.19	90.77	122.79	97.82	99.81	127.94	155.66	121.83	118.51	102.26	123.90	125.14	95.69	119.50	148.17	95.74	123.42	90.92	27.26	68.19	110.67	136.21	109.69	111.17	85.96	91.97	101.52	81.75	109.20	129.23	122.76	84.02	92.71	107.84	106.41	91.04	140.46
QG37_05161	128.11	133.72	76.96	75.70	119.11	124.74	104.29	123.46	130.53	112.66	90.02	85.86	95.17	103.43	108.05	107.66	134.99	160.26	136.99	103.94	121.90	126.17	133.07	100.45	118.19	153.66	94.16	118.04	109.37	25.59	68.53	125.05	134.29	111.15	107.16	85.46	98.77	107.07	82.49	116.84	136.50	115.94	99.61	87.41	110.91	99.95	92.65	127.85
QG37_05162	140.15	125.59	72.97	72.25	115.12	107.34	122.45	105.43	124.47	115.28	93.38	86.94	114.99	104.45	93.48	110.37	136.22	152.09	144.48	127.49	117.51	117.76	139.78	101.12	119.08	149.68	101.58	123.25	97.76	28.14	71.84	126.00	136.67	116.42	110.52	87.91	109.91	108.88	89.12	122.29	150.10	124.40	93.69	97.97	108.78	106.71	93.81	142.78
QG37_05163	148.46	134.00	75.18	73.09	114.46	113.44	123.62	120.86	133.10	116.71	99.81	113.54	111.84	113.04	106.33	126.20	150.16	142.33	152.62	131.61	114.93	123.12	136.70	112.55	143.13	162.13	107.77	132.04	120.65	32.33	76.61	128.65	137.31	127.99	105.66	91.13	127.38	119.90	98.25	125.54	152.89	132.22	93.85	93.39	124.63	125.59	101.19	147.79
QG37_05164	162.78	167.84	62.56	74.66	148.97	122.38	117.17	131.59	155.51	129.66	104.74	123.51	124.16	125.40	112.06	132.38	164.79	185.37	184.61	162.69	137.23	140.52	136.89	96.37	143.52	177.42	104.17	150.19	130.99	50.82	108.52	145.72	157.21	146.42	136.78	95.57	125.93	147.24	118.43	145.53	132.79	149.72	119.78	115.14	131.07	132.67	127.27	144.97
QG37_05165	145.72	141.09	88.40	90.96	149.43	132.61	134.70	139.09	155.38	134.87	108.51	118.06	129.95	122.06	127.32	126.00	167.84	197.17	156.64	151.87	144.07	137.67	149.93	116.32	144.66	183.47	116.58	159.66	122.98	40.36	78.21	147.34	171.24	137.53	137.33	106.78	124.55	123.93	106.65	157.64	163.20	149.40	105.11	109.59	144.74	146.08	117.81	174.23
QG37_05166	138.50	135.66	87.85	89.68	129.89	131.65	127.32	130.65	151.53	124.09	100.12	116.33	125.03	108.32	105.50	117.31	159.66	165.34	138.48	126.29	132.54	123.70	141.01	110.97	133.20	167.47	111.03	160.47	135.61	35.70	88.76	140.95	155.31	132.05	115.83	96.38	116.18	115.49	103.33	153.16	151.07	129.95	105.27	105.74	140.75	143.02	111.26	169.19
QG37_05167	126.36	136.34	78.57	74.93	119.93	129.14	122.18	127.70	135.99	125.02	101.26	101.89	118.04	105.38	103.43	123.70	148.18	153.57	139.84	119.69	128.35	131.13	139.67	109.88	138.74	147.83	103.59	133.20	123.06	30.41	78.65	127.32	147.35	121.19	114.74	89.40	108.57	117.84	102.48	124.24	140.27	139.21	97.83	83.66	120.50	112.13	99.75	141.06
QG37_05168	145.82	127.35	87.71	73.28	121.73	134.77	110.88	120.00	127.36	115.62	94.53	102.65	115.02	96.12	100.90	107.59	156.25	152.98	142.63	120.35	113.43	124.88	125.87	106.43	125.76	153.48	101.55	137.11	109.29	24.55	78.79	124.25	144.10	99.38	98.51	90.89	106.96	109.12	91.63	122.24	143.13	129.57	84.55	73.89	117.34	118.00	112.48	143.95
QG37_05169	156.14	143.68	86.47	85.76	135.09	132.90	128.20	133.93	145.76	128.12	117.87	124.59	111.95	111.37	112.82	123.69	158.36	166.31	157.70	143.87	141.89	136.55	158.56	112.77	141.67	173.93	116.81	152.41	139.93	35.89	85.86	154.95	158.23	137.73	128.20	104.34	119.69	126.51	109.84	141.03	159.51	137.20	97.32	108.20	132.01	130.96	114.04	151.67
QG37_05170	151.47	158.26	89.60	87.89	140.58	132.03	128.41	134.75	143.17	131.66	111.96	115.78	117.26	117.98	108.17	133.84	168.43	168.69	154.34	136.21	132.46	139.14	142.76	113.98	136.16	167.96	116.78	164.41	128.48	31.46	82.94	149.31	156.31	129.88	125.41	101.64	115.92	125.89	99.44	132.21	148.45	144.27	106.94	97.72	120.15	128.05	115.16	161.55
QG37_05171	131.00	133.23	80.86	73.11	117.45	112.44	123.84	117.00	140.87	109.32	90.23	103.46	123.32	109.31	118.14	128.04	147.08	136.49	127.80	119.49	109.74	113.44	123.12	112.88	133.05	143.09	108.78	123.64	101.94	30.86	70.88	137.65	140.19	106.65	119.95	101.10	110.52	115.76	94.28	138.91	124.47	127.96	110.01	85.38	111.97	116.94	107.35	142.29
QG37_05173	108.56	128.33	74.54	74.17	113.23	107.23	105.44	121.70	132.38	111.36	85.93	95.96	103.25	99.40	102.57	112.41	135.92	135.44	128.31	112.37	110.59	109.23	121.54	96.70	120.96	146.37	93.96	125.16	103.72	31.27	71.69	121.85	131.25	126.68	115.82	92.81	99.99	107.69	89.44	111.60	115.27	121.27	83.36	82.71	113.21	108.02	91.66	140.84
QG37_05174	111.73	131.82	63.98	72.00	107.67	109.45	98.66	109.20	114.42	103.96	90.30	86.53	99.47	112.28	85.71	122.41	159.26	148.53	127.76	122.15	120.06	106.76	138.31	113.54	126.12	157.72	97.59	126.78	99.24	29.20	65.80	122.72	125.15	114.65	115.81	97.27	98.89	110.88	89.38	118.08	129.16	117.51	85.58	86.49	106.79	114.49	98.61	129.94
QG37_05175	122.81	121.97	69.19	65.08	97.62	105.42	103.84	96.23	112.26	85.95	84.85	77.05	105.67	100.58	105.13	117.82	136.24	155.86	115.13	100.09	109.67	95.51	108.57	103.99	119.82	160.72	88.46	100.75	107.69	32.18	74.39	121.73	131.85	101.18	122.76	97.39	94.05	106.33	82.41	105.77	118.70	108.05	89.48	81.93	103.92	113.05	93.80	140.78
QG37_05176	104.19	96.85	60.25	58.18	103.75	105.34	98.15	103.02	101.49	72.55	82.42	74.02	85.81	80.37	93.23	95.91	127.66	142.73	127.50	103.42	101.62	107.23	116.76	79.04	113.85	120.12	85.34	102.32	84.80	25.70	61.03	104.66	114.13	102.90	99.76	77.82	92.12	103.20	78.23	88.94	107.17	101.79	72.32	72.37	93.48	98.26	82.87	116.32
QG37_05177	127.90	108.89	73.46	64.51	101.49	124.76	104.60	118.07	125.45	116.85	102.88	94.41	102.66	85.11	114.46	119.79	157.09	159.51	136.39	127.51	122.24	125.47	118.79	106.57	107.57	150.35	82.00	113.88	106.34	31.01	59.65	118.29	110.66	118.43	104.93	97.39	103.18	108.69	87.65	99.62	128.37	102.73	91.12	78.67	110.82	98.49	107.52	127.57
QG37_05178	121.72	125.74	72.91	71.97	105.62	115.88	119.87	108.76	121.56	103.51	84.43	86.17	109.17	98.79	96.13	111.29	139.16	157.36	134.18	102.48	124.58	119.66	133.47	104.35	123.78	136.71	98.82	119.86	97.18	30.25	71.04	127.42	127.38	112.82	109.67	96.14	115.42	114.40	84.02	113.17	138.40	122.73	87.65	84.57	106.83	116.28	90.59	137.31
QG37_05179	125.26	118.83	69.48	66.51	102.50	117.91	115.15	110.55	118.32	110.81	99.19	91.81	105.62	108.42	89.58	122.88	131.82	141.00	113.08	109.49	110.68	137.15	143.93	102.16	121.27	141.69	111.33	113.16	98.03	20.52	90.31	118.56	154.48	102.59	112.10	103.00	124.45	128.19	91.29	111.14	155.00	104.09	92.77	82.77	101.36	115.21	81.28	133.60
QG37_05180	121.25	127.18	67.34	76.69	101.00	105.51	119.86	108.02	114.04	101.46	85.81	98.62	106.84	100.79	85.75	110.03	136.68	151.60	132.86	105.73	110.46	103.69	137.25	100.00	116.93	139.59	94.75	127.02	90.30	27.18	60.03	117.59	133.74	118.24	100.78	83.46	90.26	107.46	90.53	122.62	126.57	109.82	85.08	83.41	108.60	113.10	86.93	145.71
QG37_05181	133.12	138.57	73.18	74.63	120.72	107.43	120.07	118.34	138.92	114.64	81.80	94.68	102.35	108.78	103.77	115.89	151.12	145.08	137.38	117.78	125.15	112.15	119.57	99.70	123.41	146.66	93.47	135.70	106.83	43.35	83.00	120.16	132.43	125.54	117.94	91.38	110.47	104.40	98.09	124.57	127.82	117.81	97.91	80.35	109.45	109.93	89.70	128.16
QG37_05182	156.60	145.46	90.35	76.31	135.54	129.39	148.74	112.99	157.57	121.33	99.57	115.27	112.09	113.25	113.61	125.65	143.24	160.57	139.63	130.78	94.79	150.75	153.07	109.59	134.80	141.78	106.90	156.57	106.99	41.46	71.61	135.12	134.96	136.17	119.03	116.23	141.13	120.57	112.78	137.14	133.36	150.16	101.12	98.05	110.89	114.25	85.91	148.56
QG37_05183	144.52	134.18	82.72	85.41	124.10	114.87	117.09	109.73	148.10	130.34	94.85	117.93	104.02	106.55	98.16	107.37	114.85	161.10	120.58	131.29	92.89	134.82	127.02	101.59	129.83	147.72	112.87	145.13	113.74	43.24	72.77	140.18	136.46	122.38	112.79	97.53	111.55	116.09	120.16	139.97	142.22	132.30	90.65	86.97	101.66	101.12	95.77	111.08
QG37_08455	160.90	128.67	84.07	81.45	144.83	113.55	145.31	129.50	125.90	145.25	84.43	126.18	126.01	120.01	107.36	106.37	157.23	164.17	128.50	144.23	111.37	147.99	125.56	106.65	133.18	163.58	147.00	155.46	112.30	152.62	169.86	155.05	158.43	138.39	121.54	97.75	123.24	131.79	125.58	123.32	149.80	134.25	90.60	95.32	118.35	140.52	120.46	128.36
QG37_05184	156.68	151.15	86.99	85.42	137.17	134.88	132.82	135.80	141.04	132.68	113.09	116.05	123.49	124.10	114.16	133.78	159.86	172.72	152.95	141.27	131.47	136.87	146.20	120.87	131.83	174.19	121.43	164.82	119.45	36.16	77.68	137.26	159.92	124.77	116.62	112.85	118.76	125.11	108.09	138.05	169.55	147.77	110.13	100.18	125.02	127.74	113.15	144.64
QG37_05185	137.28	139.56	82.58	73.47	125.52	125.73	130.16	126.55	122.30	120.28	93.51	103.56	117.89	111.58	118.56	124.92	141.80	148.47	147.39	129.95	120.40	119.58	132.60	101.08	131.14	152.46	99.16	142.06	96.37	29.29	73.77	118.51	149.32	132.31	111.57	96.68	104.18	116.09	100.85	128.96	137.46	122.00	94.64	89.65	109.69	110.58	107.29	153.43
QG37_05186	110.26	124.31	72.55	86.62	122.81	130.71	105.38	115.09	134.22	106.57	89.84	108.84	99.09	82.09	107.07	129.55	141.00	140.60	125.37	133.71	116.73	131.84	118.92	103.69	121.38	133.27	98.78	114.14	86.91	23.31	63.94	103.11	118.12	117.56	111.96	104.40	114.03	106.08	89.35	114.40	132.82	132.44	93.22	67.35	114.62	93.57	101.43	124.47
QG37_05187	129.79	121.49	71.34	79.09	118.81	120.63	120.04	116.74	125.57	101.20	92.39	98.19	104.49	97.77	102.53	113.72	129.88	133.74	129.46	110.73	108.24	122.84	119.90	100.02	109.26	146.85	94.64	116.85	102.53	27.57	70.38	117.75	117.00	108.33	104.48	86.17	80.29	106.06	106.67	102.95	126.94	109.11	89.10	84.26	104.22	102.80	81.91	109.07
QG37_05188	124.33	144.17	73.54	90.88	130.49	127.95	131.54	123.57	131.55	135.11	96.53	110.29	103.77	91.16	90.16	127.64	147.74	146.68	150.35	124.29	133.80	140.68	139.09	116.70	145.47	147.95	113.23	152.95	110.47	36.79	83.64	136.62	124.98	118.45	127.76	90.89	107.05	121.33	98.44	123.32	135.20	134.38	99.82	86.36	112.09	114.49	100.68	136.19
QG37_05189	144.88	146.71	88.88	78.96	128.35	137.19	136.47	127.73	138.50	127.98	103.84	113.59	116.64	116.14	116.40	126.16	173.96	170.99	141.52	131.74	128.36	130.80	147.81	106.08	127.95	172.34	98.98	151.40	121.10	36.00	76.10	139.23	147.48	133.54	117.70	100.02	117.48	118.75	101.90	127.89	156.09	138.92	101.73	95.57	117.99	116.29	102.07	149.97
QG37_05190	118.67	131.24	71.53	72.00	118.11	117.02	112.97	126.16	119.42	119.13	87.95	99.46	113.52	100.38	99.81	112.44	135.92	149.32	125.59	121.46	106.49	110.23	117.89	95.70	110.16	147.26	100.07	130.35	95.47	27.00	72.25	115.22	131.08	120.62	105.18	90.96	111.61	97.25	81.07	117.76	146.56	127.59	84.68	90.14	105.07	100.63	94.58	125.96
QG37_05191	77.19	67.72	29.57	39.95	61.68	62.78	48.48	46.08	58.30	51.03	47.12	36.90	41.58	44.44	43.61	47.93	50.92	57.85	46.34	52.99	37.84	48.68	45.85	41.99	63.63	58.97	53.44	72.12	39.45	14.00	26.93	59.03	54.92	56.22	55.64	32.75	48.37	42.80	36.21	60.86	52.42	40.26	34.99	41.23	35.57	32.13	30.41	48.18
QG37_05192	133.42	141.12	80.55	75.51	123.96	118.29	123.85	117.75	133.52	115.78	97.43	106.11	116.21	114.42	113.73	114.87	149.29	149.17	140.90	121.73	125.16	124.07	135.38	104.74	123.21	146.49	106.35	145.45	104.40	32.18	78.29	130.83	142.89	123.42	112.99	91.13	108.67	112.13	96.02	117.83	146.11	129.85	96.35	95.60	117.89	117.48	105.54	154.46
QG37_05193	149.08	135.16	79.17	79.11	120.61	122.61	119.55	122.84	141.89	118.64	106.91	106.74	105.68	108.87	111.60	110.20	138.38	159.23	134.19	130.21	125.83	123.56	143.61	106.33	136.66	156.20	104.80	141.48	120.04	35.78	74.76	136.40	142.49	117.46	119.11	97.21	118.91	120.52	96.86	133.80	146.01	134.60	100.64	100.99	121.56	113.90	101.94	139.60
QG37_08456	136.83	154.93	79.32	78.35	142.00	159.29	107.04	137.75	153.82	141.68	112.96	98.60	115.69	153.10	117.88	115.85	133.43	161.88	158.38	119.46	132.60	151.97	150.14	127.99	153.14	169.40	99.94	172.12	129.06	33.75	98.89	148.08	169.60	145.83	125.47	123.82	129.97	130.72	95.90	157.78	153.69	141.88	109.04	108.26	120.81	129.03	115.88	158.82
QG37_05194	112.68	116.49	66.92	77.70	108.20	128.38	99.56	103.48	101.75	108.80	77.85	88.38	96.82	103.18	95.21	115.59	125.55	136.40	116.39	104.89	112.20	101.01	121.65	91.62	108.41	136.21	81.65	117.61	101.83	29.40	60.23	116.75	115.64	106.90	106.85	72.81	78.96	105.38	86.47	110.45	141.09	107.14	82.55	94.35	96.78	98.31	91.42	130.62
QG37_05196	105.35	128.81	72.08	76.56	109.25	102.21	109.02	99.56	126.08	117.15	84.64	101.17	99.41	93.17	108.43	113.51	133.97	135.07	138.79	126.67	123.16	116.95	119.46	114.85	117.92	139.89	93.69	125.71	118.53	28.79	65.71	149.90	134.70	130.67	113.70	102.89	117.13	110.80	104.43	117.62	132.77	118.50	77.96	88.47	112.75	112.31	86.46	132.54
QG37_05197	109.80	95.54	63.49	64.21	96.63	100.92	101.35	106.28	92.73	101.67	76.90	82.04	77.26	92.65	94.27	108.84	123.17	124.09	125.28	102.88	110.62	113.71	107.54	85.03	111.86	137.14	83.72	114.02	92.84	28.86	56.95	111.61	120.19	109.41	105.11	73.71	111.68	104.25	88.33	102.60	119.67	106.32	70.25	73.84	91.33	82.64	87.01	114.82
QG37_05198	133.75	127.89	70.23	75.32	108.06	119.00	114.77	113.88	115.61	115.13	91.96	99.98	104.81	108.06	102.89	121.10	140.75	153.33	131.06	115.19	116.18	118.12	128.05	96.98	130.54	155.91	101.01	128.82	115.55	33.04	70.07	125.20	134.81	120.72	103.99	91.20	101.59	106.30	97.48	121.84	140.11	118.56	95.81	91.26	108.83	103.95	93.98	134.90
QG37_05199	147.70	147.30	89.18	77.89	124.14	133.23	121.42	132.87	142.22	131.36	106.39	103.40	117.70	104.33	110.15	131.54	158.52	170.79	148.26	135.41	121.03	134.17	140.92	108.82	127.82	163.64	115.55	155.50	119.55	31.48	81.89	141.58	149.31	125.12	123.49	95.28	113.02	123.19	94.59	131.08	154.75	135.52	102.95	95.55	115.72	125.16	109.09	156.74
QG37_05200	139.62	146.72	90.49	87.79	133.05	136.57	139.85	127.00	133.76	136.27	100.96	110.34	122.86	113.08	119.48	134.15	156.59	178.39	149.83	150.64	134.16	139.40	152.27	121.63	133.65	165.37	110.04	158.20	118.22	34.56	84.11	150.40	149.38	142.36	123.99	98.13	119.41	120.81	105.14	124.47	156.47	128.94	103.27	90.73	122.04	118.84	109.33	161.30
QG37_05201	136.15	133.73	69.58	76.51	116.47	120.64	116.02	113.92	128.47	118.03	104.71	107.61	104.64	99.01	108.57	117.70	140.47	146.88	133.21	127.59	132.79	124.61	138.79	93.57	116.43	143.43	104.71	135.95	111.68	27.67	67.77	118.23	129.41	121.71	124.51	91.95	104.10	107.72	87.48	122.57	160.47	119.85	87.38	91.87	110.21	117.14	103.85	145.79
QG37_05202	131.69	129.68	78.44	72.84	120.84	108.25	122.27	116.19	120.62	110.71	91.66	96.24	104.32	102.25	104.39	108.75	134.91	142.29	132.07	123.72	116.22	130.03	138.96	100.31	109.20	136.64	93.59	122.23	93.30	27.75	64.67	108.68	137.68	119.75	114.26	89.67	102.57	117.13	100.42	114.23	137.04	124.42	90.18	95.09	101.96	109.31	90.43	138.85
QG37_05203	133.05	134.39	81.12	74.96	122.47	115.60	117.60	112.66	136.97	118.58	97.53	105.44	90.00	108.98	110.41	102.41	147.47	139.99	140.88	117.19	116.76	136.03	136.73	109.33	124.89	155.18	101.78	137.48	116.82	28.39	71.29	144.34	134.49	120.13	111.61	101.94	117.02	118.92	98.73	134.42	147.61	128.48	88.00	89.61	121.15	121.21	97.94	139.98
QG37_08457	155.86	130.14	64.44	53.01	109.22	104.15	79.56	104.32	109.71	135.85	84.38	109.29	84.49	102.25	84.11	76.67	101.69	129.07	120.85	94.54	109.21	106.07	110.99	100.68	101.56	135.17	104.10	141.12	100.44	26.54	64.64	101.46	97.61	109.29	107.33	72.78	107.00	114.31	95.93	124.08	150.86	128.44	81.76	49.57	75.76	79.07	61.43	93.90
QG37_05204	145.44	137.09	81.12	75.23	113.94	122.70	120.80	132.93	136.39	121.88	101.06	104.45	110.02	103.77	110.84	112.16	147.63	150.50	135.90	131.00	123.74	127.53	135.75	112.74	123.67	150.17	105.61	141.35	112.39	28.90	67.22	134.84	148.65	117.32	115.39	96.12	105.74	115.24	94.73	120.75	145.28	139.97	104.86	101.18	120.85	111.58	106.39	143.65
QG37_05205	145.88	151.59	87.67	75.91	127.47	102.89	136.00	130.66	129.53	131.73	113.52	118.06	96.40	128.23	118.03	92.81	147.03	172.86	143.90	141.53	118.31	141.69	143.83	125.65	113.73	165.63	112.68	158.75	120.19	28.27	86.19	121.41	152.02	124.25	99.75	95.21	121.52	112.53	107.85	125.74	153.87	126.40	105.61	101.18	95.88	112.74	115.00	158.27
QG37_05206	112.05	142.74	68.22	70.18	113.16	110.54	127.79	107.19	134.54	115.38	107.08	103.68	102.13	115.44	108.95	116.13	147.93	148.77	149.01	137.42	131.03	114.57	140.50	110.32	120.05	148.75	114.57	151.08	100.49	22.86	76.28	111.49	132.61	141.87	97.07	96.59	112.82	104.99	94.18	135.87	135.46	135.27	89.54	88.93	105.61	121.40	114.45	139.98
QG37_05207	126.45	124.73	66.20	59.54	88.62	101.67	101.98	103.62	119.61	112.33	98.79	76.24	103.03	106.94	107.71	107.15	128.72	131.15	118.24	105.35	115.53	110.92	132.78	107.84	119.01	130.96	106.68	117.30	92.67	51.10	85.27	114.32	134.99	98.94	85.35	96.71	103.67	109.58	80.93	116.87	136.51	118.99	88.49	95.50	122.96	117.85	95.55	125.94
QG37_08458	124.95	107.67	63.05	67.09	75.80	90.17	88.34	105.70	108.95	107.29	95.83	78.98	89.27	101.17	96.35	103.78	121.71	121.84	91.57	109.34	111.80	108.35	120.38	101.20	115.63	102.20	97.77	105.69	81.20	21.90	60.00	102.70	127.84	85.14	69.13	77.52	92.73	95.14	75.49	106.34	120.13	100.17	91.05	89.27	93.71	93.97	99.00	103.73
QG37_08459	125.18	119.58	70.51	58.49	76.89	83.81	90.26	112.77	116.25	101.38	87.32	81.07	83.40	102.45	99.66	101.88	128.14	121.25	102.30	107.60	106.64	111.51	116.29	91.44	109.22	104.92	98.86	100.16	70.07	25.86	60.23	104.05	119.89	95.11	67.70	81.88	86.77	88.03	71.62	118.14	114.79	94.62	100.11	85.49	82.82	88.01	104.95	125.23
QG37_05208	53.74	95.17	63.42	34.22	69.73	79.02	76.13	78.18	94.76	75.07	59.24	56.72	60.97	62.54	75.22	74.09	90.33	80.99	89.21	81.69	58.33	62.76	73.79	82.80	74.43	86.49	61.61	84.99	66.60	23.95	48.90	74.31	126.07	85.97	80.61	61.54	71.48	63.50	63.65	90.66	103.02	82.56	70.29	58.23	88.68	78.33	66.50	117.61
QG37_05209	92.19	99.64	52.85	51.04	76.86	87.46	81.66	85.10	112.07	87.38	55.09	67.59	72.23	75.75	80.02	78.44	122.60	115.10	97.70	75.41	67.90	93.07	92.69	67.77	87.95	96.21	73.74	119.31	80.32	22.65	50.02	91.67	112.36	111.70	78.17	70.45	83.82	104.05	71.23	101.77	96.71	108.30	86.24	71.67	89.76	94.57	79.22	126.68
QG37_05210	97.95	71.63	50.88	38.02	54.17	68.36	69.28	62.10	79.20	59.55	37.76	44.17	47.09	52.40	53.37	60.75	64.25	61.76	68.51	64.43	50.27	60.79	60.81	51.38	56.96	73.40	50.33	61.67	45.18	20.27	31.02	59.95	89.23	75.04	57.20	47.17	55.78	64.75	50.86	76.66	77.45	58.58	51.57	46.80	56.13	75.32	59.71	89.39
QG37_05211	108.26	67.31	45.44	44.64	65.92	89.35	62.76	63.96	70.25	53.65	50.15	61.60	58.43	68.88	42.25	67.17	78.68	70.57	64.45	64.40	60.97	78.90	82.56	58.52	60.02	80.31	55.95	80.67	53.52	15.72	34.41	74.18	93.29	80.43	56.62	58.72	53.56	69.31	51.09	73.37	59.00	66.83	54.57	67.73	71.18	56.26	52.44	83.74
QG37_05212	127.17	97.42	40.27	53.51	96.97	93.60	89.44	86.94	86.77	68.98	69.71	77.80	77.52	91.71	55.06	93.47	99.26	106.25	116.02	96.56	77.68	108.94	109.37	93.49	84.90	115.97	76.20	109.93	77.04	21.53	57.95	95.28	127.56	102.53	90.99	71.46	82.86	91.81	83.79	95.98	83.41	77.11	75.36	65.92	83.46	79.43	72.73	101.87
QG37_05213	133.41	104.42	53.27	67.17	100.41	111.91	95.24	100.44	89.47	93.85	66.71	77.63	90.28	93.52	76.26	98.50	105.53	116.29	109.61	102.72	98.13	96.88	109.66	82.27	90.77	111.53	87.35	111.87	89.53	19.27	52.76	108.06	123.53	121.25	92.06	73.05	81.75	112.07	97.06	93.15	104.75	83.77	62.77	67.25	97.83	73.87	72.88	100.76
QG37_05214	113.08	101.31	62.08	78.56	98.16	106.92	115.11	103.33	97.66	103.85	71.62	69.35	68.73	89.62	89.44	109.76	113.76	143.17	104.98	96.13	109.98	103.80	105.65	88.46	104.99	140.89	88.39	119.77	99.13	16.70	61.42	106.63	119.27	117.56	86.75	85.96	80.37	108.76	83.02	101.20	115.81	110.44	93.98	67.44	98.68	74.97	82.08	102.92
QG37_05215	112.71	116.38	63.28	60.27	101.42	114.37	115.30	110.28	108.60	95.15	87.12	87.16	104.56	92.57	86.38	102.70	113.56	122.56	104.96	109.41	111.52	118.69	128.30	84.84	110.38	134.13	88.37	112.87	97.01	28.94	62.23	110.96	119.98	111.87	101.70	88.80	84.35	106.09	75.70	121.51	128.15	101.31	84.86	84.33	95.80	105.44	90.68	124.87
QG37_05216	139.32	142.15	77.43	78.22	124.69	122.75	127.93	126.61	127.22	119.57	101.56	104.74	115.82	114.49	108.74	121.62	149.52	165.88	144.26	132.74	131.43	127.98	145.38	114.76	130.47	161.01	111.41	142.80	109.95	34.34	82.93	136.78	146.95	122.54	113.49	100.45	113.02	119.84	98.84	131.06	150.12	141.35	94.78	102.67	113.60	116.20	112.77	143.14
QG37_05217	137.78	125.47	80.24	75.68	129.77	119.78	115.90	122.45	133.19	122.03	91.99	108.80	103.63	106.78	98.86	125.06	157.45	142.79	144.97	127.46	112.15	130.37	142.48	112.50	113.20	150.74	107.85	138.67	107.25	25.07	82.65	131.99	141.85	127.69	116.00	88.64	110.55	120.12	93.88	128.36	145.18	135.67	94.22	90.13	118.60	125.89	107.21	149.29
QG37_05218	107.43	129.94	64.42	62.10	112.48	104.84	114.08	103.76	128.34	111.18	85.88	99.45	98.76	101.65	86.64	100.25	130.26	122.47	108.87	110.40	105.03	127.37	130.19	92.94	105.73	127.66	97.74	112.93	96.21	23.89	75.16	134.25	130.91	102.03	92.95	80.98	92.74	100.49	79.67	101.82	119.46	112.05	86.09	85.65	102.34	106.79	105.34	132.17
QG37_05219	134.08	132.66	81.35	81.65	111.70	112.23	105.50	121.94	141.86	117.07	99.72	104.76	104.31	101.01	108.33	120.75	135.26	145.11	124.15	121.10	118.26	131.37	135.07	110.12	116.42	158.22	100.62	142.19	127.28	27.00	77.71	130.26	127.32	111.18	111.21	86.04	96.22	114.06	93.79	111.96	125.22	117.82	104.83	92.24	101.93	127.15	106.19	146.31
QG37_05220	146.51	155.80	77.94	95.94	139.09	119.20	143.29	115.02	145.37	120.97	100.50	99.74	112.94	99.24	117.47	128.07	163.66	180.18	150.19	144.54	135.62	143.85	153.35	116.73	125.49	171.66	113.86	144.04	111.21	35.98	90.18	156.75	157.22	131.74	119.04	116.58	124.63	125.91	114.53	128.74	173.53	141.31	96.83	89.49	104.44	115.93	95.55	128.95
QG37_05221	131.16	130.43	78.81	84.99	116.30	100.90	125.97	111.31	125.16	140.73	86.31	99.48	108.58	104.26	121.51	104.82	154.77	158.00	146.04	131.09	135.00	132.47	125.77	105.30	143.16	175.21	102.60	152.97	122.47	48.06	88.97	143.29	149.50	125.73	126.21	93.66	114.16	119.35	110.02	142.55	146.37	154.04	92.79	104.89	109.49	122.68	117.38	144.99
QG37_05222	149.97	148.85	85.26	83.15	125.97	124.90	131.68	140.73	143.00	125.77	102.42	107.38	117.95	114.24	118.66	127.35	165.36	160.11	150.14	139.12	139.75	136.41	155.75	119.32	143.71	164.65	111.24	154.72	121.68	33.77	81.22	145.60	153.50	135.62	124.70	100.24	111.92	117.90	109.51	127.92	154.08	145.73	104.45	101.11	133.18	125.75	108.59	161.69
QG37_05223	146.15	152.72	81.02	79.70	128.97	119.65	139.14	125.70	141.82	131.16	97.15	112.06	122.52	117.03	101.70	107.00	149.05	152.92	153.28	124.21	123.30	133.15	132.90	100.98	124.13	162.36	108.52	147.83	117.32	27.12	84.18	140.80	154.53	125.93	106.24	87.79	114.07	115.41	97.19	117.64	142.53	129.82	105.80	92.80	121.77	119.02	101.00	135.90
QG37_05224	151.92	128.24	94.28	78.16	107.36	133.50	123.03	134.96	125.30	120.68	104.90	96.37	106.56	110.39	84.55	127.86	143.13	164.40	133.15	127.96	122.90	118.34	135.63	94.72	129.88	162.25	107.07	151.36	123.63	27.32	61.59	129.94	132.69	124.90	104.20	112.97	100.39	103.82	96.44	125.37	144.57	130.85	101.31	99.70	120.88	111.86	109.32	154.17
QG37_05225	119.60	120.96	67.87	70.87	114.77	94.73	111.81	114.98	135.43	110.93	83.06	89.10	103.23	89.77	95.35	116.97	123.43	119.21	127.73	102.26	106.61	114.41	122.84	82.94	100.79	131.10	82.80	126.66	100.75	28.54	52.50	113.19	112.64	106.06	100.85	72.93	100.50	111.57	87.79	108.20	141.80	119.75	87.07	81.21	105.70	93.16	89.39	141.83
QG37_05226	148.29	151.02	87.37	82.08	138.00	134.09	139.85	133.14	136.59	137.28	112.95	108.21	121.36	112.77	117.75	145.89	157.79	169.07	167.94	130.19	132.78	133.59	141.94	118.88	138.10	169.69	112.55	158.42	124.10	30.15	79.22	146.91	152.95	132.21	123.60	105.60	124.15	125.59	111.48	137.63	157.85	146.04	105.43	95.50	121.50	133.04	115.04	160.04
QG37_05227	154.19	154.10	77.19	87.63	121.72	129.05	134.08	118.19	138.91	125.71	107.82	114.67	111.62	105.64	114.57	122.66	154.03	162.06	150.26	138.92	124.47	131.66	140.24	116.57	125.56	151.89	98.62	141.90	111.09	30.97	80.61	135.98	148.14	126.93	122.78	103.92	113.98	115.77	104.42	129.50	148.02	141.17	97.25	93.93	124.72	113.36	108.14	147.77
QG37_05228	140.86	123.38	77.22	84.40	123.21	130.35	133.35	138.47	134.13	118.52	97.78	107.34	133.89	118.69	100.77	121.18	143.15	161.21	153.90	125.27	128.49	123.82	138.26	111.64	137.75	158.07	115.22	143.24	98.39	25.76	74.80	129.23	150.54	123.74	119.85	100.52	111.26	128.96	98.31	121.79	156.29	142.37	85.54	91.05	110.65	111.09	107.63	150.61
QG37_05229	126.25	134.98	79.24	80.89	107.76	113.24	131.17	134.08	117.98	128.25	108.91	111.34	120.69	117.79	123.31	127.41	133.77	140.50	146.02	133.70	114.56	121.65	131.31	112.95	129.62	166.93	103.06	155.28	120.13	30.45	74.26	129.38	147.45	129.42	109.01	104.53	120.67	123.87	102.50	119.40	142.11	130.97	101.16	96.93	118.26	117.39	85.98	155.89
QG37_05230	153.76	145.14	93.26	75.04	125.35	136.14	123.01	131.69	138.80	142.50	117.08	115.76	128.01	123.33	116.18	126.23	154.20	180.21	147.45	129.55	131.29	133.17	149.78	108.01	143.73	162.81	112.69	172.69	123.19	40.41	78.63	143.01	152.32	136.76	123.07	107.08	118.56	139.43	89.17	138.35	141.38	143.73	107.71	86.79	112.50	126.66	105.84	130.56
QG37_05231	167.42	156.73	74.07	82.65	144.74	140.43	141.21	129.54	151.40	132.06	120.46	113.72	110.76	123.08	107.57	124.08	163.69	176.69	161.55	137.06	143.65	136.85	166.06	110.26	128.43	179.91	120.88	143.12	126.42	30.65	78.87	139.57	167.99	136.30	128.62	101.34	124.06	132.94	97.66	136.93	160.27	147.08	111.99	108.15	129.27	128.54	114.40	165.14
QG37_05232	156.58	151.28	93.81	78.98	147.56	143.65	138.56	143.58	161.71	132.87	101.98	119.84	121.69	121.15	108.72	134.08	154.61	177.02	151.62	137.87	125.25	144.83	147.57	128.27	136.02	187.25	126.50	157.30	121.31	27.77	84.02	138.26	166.39	132.60	121.35	96.93	118.98	124.79	110.99	135.70	151.83	146.06	105.75	99.14	113.23	119.13	114.36	177.68
QG37_05234	144.71	155.19	85.73	78.66	138.96	139.50	124.58	137.78	144.08	129.13	105.69	99.31	111.53	113.25	103.97	113.74	164.40	165.91	149.95	132.75	123.71	122.65	142.61	121.51	136.26	156.66	115.69	140.93	138.36	29.80	70.50	130.12	153.20	138.80	120.53	99.32	119.77	125.56	104.76	137.66	147.36	141.75	101.97	100.06	107.73	112.22	114.40	154.69
QG37_05235	133.24	142.49	76.37	76.81	119.66	117.82	116.18	124.91	139.13	117.53	107.86	101.86	109.66	113.22	95.49	116.22	143.82	164.96	136.58	129.74	123.90	125.65	122.29	108.28	129.88	156.62	96.44	138.09	120.62	28.76	78.26	123.44	140.60	123.59	119.92	91.45	117.27	115.29	91.11	118.93	147.25	135.22	110.76	98.28	117.35	133.95	99.49	134.98
QG37_05236	109.63	120.54	64.63	66.57	104.04	97.25	113.27	104.76	124.43	117.02	88.22	81.20	90.84	103.47	88.68	107.57	137.00	125.90	126.86	109.16	116.11	113.18	117.10	93.16	110.85	126.96	87.90	124.49	97.49	24.86	60.42	100.24	124.25	105.93	96.98	88.89	96.46	85.84	86.20	117.94	133.68	104.78	80.69	80.84	101.69	96.31	94.28	133.30
QG37_05237	144.57	126.44	66.02	70.11	105.74	107.08	92.66	111.97	120.22	110.34	93.27	90.32	111.90	113.03	115.11	108.86	134.84	151.71	133.72	113.08	124.87	114.22	146.65	109.50	126.75	159.01	106.56	132.41	101.20	27.93	66.25	128.42	127.29	123.94	116.78	88.13	110.10	122.63	92.89	119.29	144.23	117.61	98.06	96.76	103.02	120.07	96.75	139.80
QG37_05238	127.08	121.66	67.00	63.14	108.93	113.96	99.10	113.31	113.95	106.28	89.65	99.09	102.32	106.61	88.89	116.03	145.73	136.99	123.00	115.41	104.16	115.15	125.72	93.28	113.76	141.01	97.99	124.70	97.03	31.68	69.44	126.17	121.44	107.24	108.09	79.12	95.39	100.85	83.60	117.71	132.89	122.09	90.63	83.69	104.61	108.88	90.96	127.00
QG37_05239	136.50	107.20	69.81	69.12	104.84	122.63	110.56	127.09	117.05	100.30	103.21	96.21	120.74	120.79	92.32	120.44	132.48	163.77	133.23	107.46	113.87	105.48	134.60	101.21	118.56	133.72	88.88	115.70	91.41	26.29	68.83	114.72	117.93	109.57	94.35	80.79	122.26	98.11	97.49	120.31	127.79	109.20	84.35	91.08	105.74	111.89	80.28	154.06
QG37_05240	109.58	111.14	66.26	69.82	94.31	108.24	109.08	109.83	105.12	94.17	84.81	88.38	93.76	93.53	92.54	101.90	135.54	141.83	119.13	111.53	108.08	105.45	121.88	99.19	116.97	122.75	94.43	131.45	96.86	28.17	67.69	108.74	126.15	99.77	84.36	89.32	86.97	94.16	78.18	118.04	136.78	111.01	84.88	75.95	91.27	86.88	87.22	123.01
QG37_05241	120.47	117.89	67.57	75.90	111.21	106.79	104.45	113.66	119.68	113.05	90.27	89.17	102.01	108.88	102.47	107.65	127.41	138.22	137.85	115.65	111.53	111.15	126.93	97.72	105.41	137.22	97.56	122.04	89.00	30.67	63.21	109.19	125.88	114.74	112.79	92.59	96.44	97.39	87.82	112.85	133.21	126.14	93.70	96.03	111.53	101.61	99.30	141.78
QG37_05242	164.10	150.13	78.27	89.72	157.98	107.02	121.71	134.54	167.89	141.62	108.97	126.33	134.79	112.42	113.58	114.14	145.32	158.45	157.39	138.01	126.15	145.95	141.70	115.84	131.92	170.33	109.03	160.24	138.74	36.77	74.93	157.34	168.60	150.60	129.38	110.40	123.68	145.49	123.51	117.56	171.84	145.52	126.87	105.11	143.08	138.58	126.49	172.58
QG37_05243	165.51	161.35	84.76	87.20	142.35	126.87	138.68	147.93	158.23	139.68	112.92	120.17	131.78	113.63	116.14	106.76	174.63	149.51	179.94	144.74	149.58	151.57	148.82	125.72	147.96	186.09	118.60	160.14	135.50	42.84	77.32	147.60	166.53	151.07	120.94	87.42	118.11	140.11	121.82	132.49	168.85	149.57	134.08	109.88	142.46	133.83	106.39	177.87
QG37_05244	133.77	134.22	78.03	75.53	122.06	129.67	129.78	122.57	134.05	118.28	101.87	104.51	108.32	112.95	108.72	124.22	153.17	159.49	154.12	134.24	134.75	129.02	139.15	113.15	131.95	166.03	113.37	146.61	116.10	34.70	76.96	135.37	144.45	127.05	120.19	100.14	110.11	121.49	105.67	123.39	152.85	135.10	104.36	97.45	131.74	119.30	110.90	146.67
QG37_05245	115.65	129.27	66.44	73.35	100.14	111.49	104.50	113.95	120.97	113.08	86.14	88.97	91.96	100.50	96.96	107.32	129.35	142.57	142.51	107.71	115.62	100.25	120.69	96.09	119.04	133.81	82.77	114.88	104.00	22.04	57.96	118.11	123.09	106.17	100.94	93.79	95.82	113.12	86.13	104.73	122.09	116.09	93.53	74.10	99.84	91.63	78.96	111.50
QG37_05246	92.22	128.22	66.64	69.92	81.88	92.78	101.71	102.91	117.41	93.74	85.02	104.68	93.57	99.54	99.97	104.57	146.03	122.18	133.88	109.17	106.78	100.72	102.92	89.52	115.79	120.27	78.79	107.97	107.45	29.47	58.95	118.31	121.67	121.65	112.65	86.18	95.45	119.21	80.02	98.15	132.62	120.34	87.96	98.30	123.68	105.69	102.51	143.88
QG37_05247	88.49	81.74	38.94	50.62	61.18	55.62	67.28	60.24	80.75	60.08	48.62	62.32	57.65	76.08	56.28	64.71	84.76	83.46	84.31	65.21	69.11	66.99	63.29	59.47	79.39	79.91	59.75	72.75	60.65	16.23	43.88	82.06	70.73	85.82	71.74	47.80	80.72	63.13	58.57	82.69	91.60	82.08	69.72	54.58	59.55	58.00	58.42	75.90
QG37_05248	129.50	119.02	80.34	71.08	113.60	115.75	125.23	116.10	118.40	111.70	94.41	94.97	97.75	104.28	106.77	112.50	139.48	137.80	127.60	111.74	117.51	113.99	125.88	111.10	111.76	140.70	106.33	125.74	99.87	22.63	83.56	118.78	122.50	116.32	106.65	87.26	101.49	110.88	92.88	118.71	140.85	117.49	94.75	96.63	114.99	119.70	105.18	133.42
QG37_05249	110.03	106.37	57.38	57.67	107.37	105.86	100.80	117.35	111.21	102.52	71.85	79.84	102.06	105.50	92.11	111.69	146.04	126.78	135.32	104.47	109.13	102.50	120.23	97.12	99.35	123.07	87.63	105.02	99.27	27.37	66.00	105.95	102.94	113.37	110.37	88.29	103.25	94.46	79.70	107.20	120.64	109.31	78.36	82.49	96.36	92.56	92.59	117.61
QG37_05250	130.54	134.06	76.23	72.81	127.47	107.71	108.73	116.51	132.03	115.14	92.63	103.14	108.46	100.48	107.37	113.78	148.59	145.32	126.91	112.53	114.84	127.28	128.23	106.87	121.33	151.05	116.71	130.95	116.56	30.52	78.59	130.26	145.90	119.96	111.57	95.61	110.35	113.17	94.45	121.31	136.41	134.85	97.80	88.19	115.48	115.74	111.56	146.92
QG37_05251	114.56	159.95	80.37	96.43	119.04	112.62	127.91	136.24	157.79	128.24	96.61	96.23	115.57	141.56	109.08	120.51	152.05	168.01	144.09	147.43	141.89	133.10	151.09	112.38	154.27	169.06	115.03	141.16	137.64	33.49	87.36	144.45	159.70	128.84	107.00	97.83	122.26	106.04	99.57	134.98	130.63	126.33	91.77	96.96	119.71	129.18	107.04	172.59
QG37_05252	126.25	134.71	76.72	78.02	123.85	118.83	110.02	140.07	147.18	121.25	99.21	106.25	112.89	102.06	120.58	136.22	136.99	175.08	132.13	116.13	123.77	124.57	172.26	109.99	141.47	155.92	101.63	133.98	112.74	31.79	89.99	143.49	143.44	139.64	128.56	103.88	110.32	140.15	107.58	148.77	146.47	138.00	99.30	99.85	136.56	130.00	117.17	155.37
QG37_05253	118.23	118.88	68.18	72.64	103.70	114.84	92.94	103.75	116.81	114.95	81.44	96.86	101.99	104.04	100.74	104.69	132.30	135.01	125.86	96.10	114.11	112.62	124.22	96.77	108.11	142.68	103.99	133.04	91.17	27.55	72.19	117.58	118.96	108.54	111.33	90.30	99.85	100.80	89.50	120.96	136.86	135.24	97.52	90.00	107.27	94.81	94.79	129.09
QG37_05254	122.83	132.90	72.50	75.60	116.62	112.04	108.22	113.95	125.70	105.66	91.47	105.47	100.02	103.81	104.90	106.00	136.59	146.62	147.56	111.19	121.96	119.85	133.58	106.38	132.21	150.35	106.59	118.24	110.09	29.05	68.31	120.91	134.96	109.59	107.74	90.96	102.60	108.74	93.09	124.76	140.98	137.07	103.55	101.85	112.33	120.85	103.44	142.21
QG37_05255	116.78	109.39	65.67	68.42	103.96	104.31	106.75	104.54	121.21	100.18	79.94	88.62	94.36	97.52	103.31	105.78	134.08	148.52	121.93	116.00	122.22	124.30	114.91	101.93	120.08	146.70	89.03	123.18	106.27	24.46	67.65	114.79	126.88	107.78	103.01	93.15	95.25	104.71	85.48	121.95	137.81	113.88	97.85	79.58	114.18	103.11	99.82	132.16
QG37_05256	127.41	138.58	58.42	65.66	107.80	107.74	120.36	113.37	134.22	108.41	92.92	102.95	94.35	119.74	99.12	126.75	139.64	154.40	147.19	114.95	124.30	128.30	144.51	110.81	124.68	156.35	106.55	143.78	110.73	29.65	81.97	114.89	148.84	118.19	104.29	100.55	103.23	134.00	99.37	137.80	115.21	146.43	92.94	94.87	115.57	128.90	104.22	145.71
QG37_08460	103.78	133.88	74.81	68.42	113.81	106.40	110.83	116.26	135.28	96.15	85.81	95.88	106.35	91.67	104.99	112.71	147.43	148.36	132.44	128.58	106.76	120.31	129.57	118.93	119.54	124.88	109.15	143.40	118.67	34.85	60.78	123.04	117.72	108.36	98.24	91.18	110.10	112.64	100.32	119.15	119.78	125.25	90.29	94.56	67.57	78.78	77.42	104.92
QG37_05257	113.64	145.09	48.68	57.81	117.79	132.33	98.43	109.06	132.39	110.18	79.01	80.25	103.97	109.52	97.15	97.35	168.67	139.61	135.58	113.90	111.41	112.59	128.50	105.88	156.58	139.38	95.50	118.24	91.39	24.77	46.93	122.70	128.60	111.96	121.55	80.78	100.56	96.67	76.13	133.34	145.48	122.92	101.09	85.55	124.38	125.20	93.26	130.23
QG37_05258	101.93	103.06	64.83	66.16	104.36	94.05	103.43	100.24	120.82	95.43	77.30	88.52	84.96	98.00	81.08	99.28	119.90	127.50	119.81	102.25	107.38	103.60	121.07	87.83	102.53	127.66	87.23	114.76	87.54	25.32	61.57	106.89	105.85	95.73	91.22	80.23	93.05	99.07	74.20	115.33	120.87	100.66	84.66	89.71	96.20	106.51	86.75	134.17
QG37_05259	120.44	128.04	72.48	67.22	102.03	97.28	103.51	99.34	110.33	109.94	80.45	89.99	90.51	92.43	97.23	109.83	128.00	154.40	133.25	103.76	104.52	118.99	114.60	99.49	123.93	108.80	97.74	111.42	99.03	34.81	64.24	114.75	119.85	110.97	106.76	81.44	100.49	108.61	73.96	117.84	132.47	111.95	85.71	94.66	92.06	114.46	90.39	119.44
QG37_05260	96.98	116.79	74.75	54.15	97.76	105.51	98.94	98.17	132.56	115.14	71.77	84.66	111.14	101.76	113.19	118.84	122.11	127.91	120.03	107.78	130.15	123.75	123.84	99.37	125.58	145.90	102.39	130.84	96.19	32.29	60.38	123.82	131.55	110.42	86.17	76.07	91.95	108.71	91.07	105.90	114.91	125.34	81.43	88.41	105.36	110.24	94.16	136.43
QG37_05261	105.09	82.88	47.67	58.03	77.62	86.96	76.87	86.29	95.03	87.57	69.00	75.62	84.44	74.70	75.28	80.70	102.11	110.02	97.17	91.64	96.40	84.35	92.57	88.49	111.19	95.18	76.87	106.36	82.55	25.31	48.36	94.82	97.66	96.10	77.76	59.81	76.49	79.10	61.21	95.07	113.17	101.63	66.09	56.22	59.17	85.97	66.57	104.16
QG37_05262	121.98	143.15	73.97	79.52	113.46	126.21	110.86	104.62	115.61	110.73	97.43	100.41	109.05	96.53	111.62	127.10	145.45	136.29	136.24	124.57	108.20	125.93	140.37	101.61	118.49	148.72	93.00	123.03	84.83	37.36	73.72	127.20	140.06	126.58	107.49	89.72	111.07	114.88	103.60	126.49	134.35	136.23	102.07	95.62	124.93	98.74	108.16	152.34
QG37_05263	136.53	128.12	71.29	74.38	119.86	120.74	110.50	113.95	126.67	102.80	94.36	106.60	106.26	106.21	105.79	117.93	151.22	153.11	142.81	119.86	121.78	119.70	120.76	101.33	118.61	151.37	96.56	133.91	104.68	28.50	71.38	116.33	138.73	121.66	105.34	84.60	101.03	112.30	92.35	122.09	141.07	131.39	101.88	91.58	110.85	110.57	100.75	138.34
QG37_05264	149.79	150.83	83.86	80.51	134.34	136.67	126.75	130.30	145.02	130.60	106.21	123.58	121.72	120.02	114.88	125.17	156.66	163.87	146.85	140.59	127.12	132.26	144.11	113.68	141.58	175.43	112.08	161.06	124.64	35.87	83.74	142.86	155.73	132.37	123.53	99.76	117.69	123.59	101.67	138.56	158.98	149.25	102.81	102.75	128.40	124.70	114.76	156.72
QG37_05265	123.84	143.73	85.75	81.57	135.00	122.48	125.20	114.72	147.59	123.83	104.10	109.38	126.00	100.40	116.17	131.12	144.68	133.01	143.43	156.66	130.36	129.21	140.73	113.66	134.92	137.91	117.11	151.15	119.17	42.51	65.69	115.00	160.97	119.87	111.16	93.70	118.59	100.88	94.27	129.54	150.71	110.04	91.58	80.86	104.50	109.79	102.39	151.04
QG37_05266	139.16	153.44	84.47	74.60	136.41	130.37	135.70	132.53	136.50	134.37	107.05	124.17	118.32	108.73	106.87	129.91	160.52	176.97	143.17	138.56	123.10	136.82	143.53	112.80	126.20	152.25	116.84	144.20	130.21	32.30	76.79	138.65	155.05	135.43	115.57	91.78	125.03	126.29	97.47	131.67	172.93	140.63	95.06	109.66	123.25	125.09	112.91	161.73
QG37_05267	150.16	162.65	76.42	84.48	121.53	148.29	138.32	141.11	144.68	127.04	107.31	116.59	142.41	121.95	122.68	137.66	155.64	167.87	162.73	130.79	128.42	134.11	148.07	126.95	140.63	148.01	102.31	155.25	113.81	30.20	78.97	149.90	153.90	125.07	124.39	101.77	118.19	118.94	106.25	137.87	156.12	131.40	95.77	94.42	124.38	126.26	97.87	144.93
QG37_05268	145.45	181.79	85.04	75.01	135.43	149.66	131.46	132.40	171.99	129.62	105.40	107.44	115.13	118.82	139.25	130.04	144.66	153.12	158.99	132.55	124.64	120.99	150.62	111.99	119.98	159.52	114.96	166.49	138.87	31.26	74.99	124.77	167.80	145.64	132.91	111.55	115.75	141.19	92.15	148.55	159.13	142.40	97.37	107.10	124.99	139.26	104.61	151.34
QG37_05269	175.62	179.08	88.57	88.18	155.72	153.52	143.15	157.18	158.80	148.47	128.63	132.90	126.10	135.22	121.13	131.90	194.02	172.12	182.76	140.80	135.16	174.06	161.07	134.71	158.97	198.31	138.71	175.70	136.91	52.99	88.02	174.11	173.50	169.65	139.10	130.11	142.11	129.05	113.26	179.63	160.49	162.97	125.62	145.95	164.74	177.93	147.36	210.89
QG37_05270	156.92	136.00	76.75	73.59	119.47	122.25	105.74	111.99	135.87	100.36	92.21	108.30	118.45	109.21	96.27	104.66	114.77	133.04	125.02	99.10	94.65	99.12	101.27	98.82	125.41	130.77	95.11	140.18	107.48	26.86	65.29	122.91	137.12	113.22	108.72	84.53	116.48	102.33	83.64	129.49	132.73	130.45	79.40	113.12	135.62	129.47	106.81	137.98
QG37_05271	147.51	145.94	83.24	70.44	123.01	129.91	118.32	129.58	131.27	119.91	102.25	106.25	111.82	103.48	114.91	119.78	151.28	172.40	156.62	125.89	141.25	117.67	142.92	106.23	132.20	168.11	111.82	146.14	116.32	34.11	75.14	141.39	148.17	126.01	111.67	90.65	106.78	108.79	97.94	136.44	155.41	137.55	105.67	98.95	125.70	116.87	109.58	153.39
QG37_05272	136.78	138.57	80.51	70.65	123.72	119.77	117.35	119.12	130.42	120.98	97.46	97.31	108.76	105.18	101.08	105.27	142.47	140.43	134.23	126.88	114.30	114.44	127.77	101.76	115.50	148.09	105.45	125.81	110.62	28.61	66.35	123.20	129.57	120.94	98.31	90.95	102.50	117.03	94.02	123.98	139.13	126.52	97.28	75.16	108.07	107.18	100.60	147.84
QG37_05273	154.50	169.52	96.71	81.02	148.34	139.25	130.98	125.50	147.85	149.90	109.38	125.14	131.87	114.73	131.46	139.58	172.34	177.49	157.57	149.38	138.68	147.03	149.60	121.73	141.52	166.74	123.46	159.21	127.83	35.96	83.63	145.26	171.41	133.63	122.10	100.65	124.94	123.50	114.42	131.54	166.57	146.80	104.77	91.29	123.00	130.20	123.02	171.66
QG37_05274	133.56	119.22	73.50	71.65	107.83	111.58	112.99	114.58	109.77	111.60	85.83	100.72	105.21	104.10	94.11	113.70	143.81	150.32	124.87	108.01	118.42	111.29	133.95	97.23	113.42	147.05	93.55	123.71	103.89	27.10	66.41	116.14	113.81	113.04	109.17	94.30	100.61	104.34	83.42	118.64	127.88	120.07	90.18	87.46	108.48	107.66	102.11	138.25
QG37_05275	139.27	140.46	70.07	80.58	108.63	105.52	119.58	120.86	123.62	116.64	94.53	98.15	117.02	101.68	108.22	126.47	148.05	164.46	137.53	128.13	116.48	133.22	130.05	102.60	125.90	135.82	108.63	136.74	108.30	28.34	75.88	127.78	155.48	120.83	101.52	102.21	121.72	123.41	95.78	128.68	142.65	140.23	99.06	91.17	117.11	116.84	111.17	153.14
QG37_05276	152.11	150.67	80.16	79.84	125.60	136.32	116.37	140.03	132.61	121.62	106.17	114.47	126.08	110.14	140.43	140.73	161.08	156.82	162.59	131.39	128.70	152.32	152.40	122.79	142.29	161.27	108.15	157.61	112.67	39.53	77.71	145.78	173.48	150.47	118.37	112.23	123.78	129.38	108.61	144.33	152.69	146.02	101.22	112.01	117.76	131.67	116.16	155.87
QG37_05277	140.30	133.57	77.61	80.49	113.84	119.90	130.14	126.83	130.70	118.19	100.49	118.47	105.86	110.11	118.26	123.31	153.79	184.32	151.67	135.81	129.67	133.96	127.96	100.99	134.44	154.35	114.60	141.36	112.39	34.85	85.40	135.13	130.98	119.65	108.68	100.89	121.17	121.47	87.63	131.98	164.90	135.73	99.59	90.42	118.63	133.18	108.53	149.68
QG37_05278	117.42	135.54	62.67	66.17	110.31	99.00	125.69	114.55	111.00	111.22	93.75	91.41	112.46	94.40	117.38	109.78	132.81	135.83	139.32	112.13	110.45	106.55	110.93	100.02	130.22	158.92	105.27	147.39	130.77	31.02	91.71	132.19	129.99	104.43	117.04	97.46	104.38	115.94	79.69	128.99	124.46	136.12	98.77	99.36	134.87	133.14	101.45	136.38
QG37_05279	120.17	123.20	75.81	56.06	105.54	101.91	117.38	105.91	121.67	96.43	85.68	92.05	95.98	91.83	93.79	109.01	121.17	137.79	111.32	112.24	113.03	113.30	115.50	95.86	127.12	124.38	110.84	121.74	80.92	28.61	66.41	127.48	121.93	110.84	106.71	84.46	91.38	97.40	82.83	117.06	127.39	123.73	93.74	77.06	101.10	103.29	69.81	139.60
QG37_05280	92.65	114.82	50.61	66.70	85.69	92.81	108.38	109.93	94.53	95.88	80.79	72.43	84.00	89.30	74.11	93.90	105.14	131.89	99.49	106.71	113.83	111.13	110.01	80.35	110.21	123.56	93.00	107.38	95.87	27.40	62.06	113.32	121.54	95.43	88.55	78.47	77.91	98.50	78.29	113.91	114.41	118.04	82.69	74.90	108.12	106.90	75.41	118.33
QG37_05283	138.69	147.68	86.36	82.75	122.65	122.32	122.38	117.78	126.08	127.33	99.80	101.18	110.77	106.19	103.33	113.38	150.29	160.00	140.42	122.41	116.03	118.93	138.37	104.58	129.81	159.15	107.20	145.53	115.22	31.29	80.88	133.66	143.87	123.45	114.51	95.81	108.66	123.99	100.95	128.66	145.21	126.64	102.35	94.66	122.84	124.18	92.30	151.28
QG37_05284	139.55	142.05	83.90	71.48	116.03	121.28	121.40	113.34	132.22	115.40	88.73	113.50	118.59	118.71	108.32	117.79	151.64	157.64	144.48	131.05	104.91	139.17	137.24	120.08	139.28	154.72	99.53	127.91	112.80	27.67	69.47	133.52	130.89	133.98	111.33	97.04	112.84	119.33	99.03	138.19	141.92	140.24	111.48	92.68	133.74	132.25	100.79	147.84
QG37_05285	141.19	123.11	81.39	74.61	116.84	106.58	113.01	120.86	137.58	116.91	91.54	102.67	108.09	107.90	94.99	113.74	141.11	148.43	140.06	122.15	120.84	118.56	117.96	108.27	116.65	152.39	98.96	135.94	108.62	27.93	70.44	121.71	142.27	118.07	111.01	97.33	102.17	112.74	86.07	120.98	145.98	125.50	91.67	92.17	119.59	109.39	97.56	136.86
QG37_05286	135.72	132.45	75.73	80.30	107.60	117.50	127.09	109.17	141.24	131.09	87.24	99.33	97.60	101.09	110.14	115.47	138.12	149.75	142.01	117.40	112.00	113.90	126.78	100.48	128.28	140.33	97.72	143.80	118.74	36.83	66.62	126.01	133.95	123.56	107.82	100.29	106.33	117.27	96.73	120.07	130.86	134.19	98.74	87.95	105.64	121.61	95.17	123.24
QG37_05287	126.45	128.94	66.44	69.63	110.02	111.23	113.07	121.01	132.48	113.83	90.95	105.70	95.73	96.95	98.03	110.95	141.63	154.46	130.57	113.34	122.05	123.87	129.59	106.05	120.75	144.74	97.58	131.62	96.94	30.86	67.59	128.12	124.98	119.17	105.89	88.35	96.71	113.88	96.00	115.06	136.42	126.11	94.22	93.12	110.58	109.42	100.24	140.17
QG37_05288	117.13	109.79	62.58	67.85	104.56	103.39	105.96	104.51	107.19	85.53	69.68	83.27	93.61	106.20	82.12	105.54	132.81	140.42	116.95	106.72	114.71	98.19	124.05	97.18	112.89	126.74	95.96	110.27	89.81	35.66	75.51	122.78	134.20	84.59	102.05	74.50	96.67	90.46	76.37	127.71	128.59	125.63	80.90	71.85	99.57	104.47	90.46	129.31
QG37_05289	136.52	145.71	63.85	69.23	106.52	124.06	113.80	116.57	113.41	95.50	82.89	100.49	102.02	113.02	104.87	133.93	158.49	142.60	119.78	131.89	120.04	121.43	136.85	105.09	139.49	161.51	107.49	134.88	110.61	30.02	83.37	117.59	143.94	114.51	117.03	84.55	124.01	110.64	99.64	130.73	145.91	150.61	89.35	68.64	106.36	114.50	100.21	161.13
QG37_05290	113.04	131.17	66.25	68.21	113.82	105.02	113.01	116.67	132.97	115.58	88.09	105.04	109.80	113.78	109.46	106.46	142.45	159.36	144.62	122.01	122.14	133.70	138.09	114.53	132.68	152.95	105.98	145.55	116.15	32.12	79.84	137.41	141.65	117.19	114.34	96.32	105.02	121.15	87.86	129.43	141.62	136.57	94.02	100.49	122.21	115.20	103.47	154.98
QG37_05291	140.75	132.28	74.64	78.50	123.09	111.10	111.06	113.08	120.90	107.77	96.35	90.71	112.38	111.67	119.85	116.78	134.04	148.13	135.67	128.31	120.32	110.57	135.62	116.68	104.65	138.08	106.37	123.42	113.79	33.02	78.01	134.11	130.46	118.47	113.79	90.59	108.31	114.27	82.01	126.02	149.69	131.61	97.15	91.54	117.55	107.90	103.70	132.18
QG37_05292	108.18	106.25	58.80	64.89	94.99	98.57	95.43	87.40	91.94	90.81	82.07	72.42	86.59	82.64	85.14	81.96	108.17	95.66	107.59	100.56	88.23	99.12	113.45	87.21	110.04	106.67	83.99	104.90	75.82	24.70	61.32	102.33	80.59	86.61	93.99	74.73	71.32	77.73	58.09	96.81	111.95	106.74	71.15	76.97	107.72	92.69	82.94	127.00
QG37_05293	106.50	124.28	76.87	83.18	115.77	104.73	116.00	111.55	102.72	104.38	86.72	89.88	100.25	99.18	104.77	112.13	138.02	145.06	133.32	125.86	103.48	131.86	144.98	107.49	125.71	132.75	104.23	143.51	108.62	30.80	78.85	119.96	128.09	112.46	119.27	94.28	95.74	101.27	93.66	132.91	139.60	124.32	93.67	96.24	110.10	112.10	91.33	143.95
QG37_05294	132.13	157.09	96.53	88.73	108.02	114.56	131.93	119.34	139.53	97.80	88.51	97.87	95.36	120.20	114.12	113.57	163.88	155.53	145.94	129.29	123.35	131.22	148.86	115.13	142.56	169.62	107.75	141.91	113.31	40.24	80.28	124.28	146.02	133.96	125.56	80.26	97.57	119.22	102.47	146.31	148.09	121.80	104.56	97.08	111.01	125.39	127.82	129.87
QG37_05295	80.96	75.81	49.33	59.74	79.62	84.74	92.05	81.40	95.89	99.47	66.31	72.63	79.58	102.33	71.91	90.31	118.63	115.49	110.89	98.16	110.67	94.07	123.77	100.29	92.82	113.88	87.42	116.47	96.47	31.56	63.55	134.53	96.98	80.26	75.18	67.55	75.97	74.97	72.87	108.16	127.44	95.85	82.89	73.41	88.19	89.25	75.75	108.53
QG37_05296	121.68	104.99	70.24	64.99	87.71	89.11	110.57	110.80	96.73	116.73	81.61	70.23	101.32	113.54	91.60	122.57	139.45	142.26	126.38	114.07	99.45	102.80	137.36	104.70	131.67	139.02	108.96	124.70	131.77	32.69	57.91	109.98	132.65	102.43	122.36	77.31	96.57	138.55	79.60	119.82	145.36	128.48	102.89	105.98	105.55	110.45	99.12	132.10
QG37_05297	149.79	160.84	79.00	74.98	123.84	112.79	118.89	120.34	135.96	134.07	95.42	95.08	116.30	114.56	114.07	117.60	156.34	162.02	155.65	119.21	127.06	134.06	139.85	102.74	140.22	168.00	106.43	141.11	118.01	36.23	80.61	134.57	148.01	129.86	126.87	94.99	111.38	118.29	100.10	136.78	165.31	149.67	93.76	110.77	129.21	118.66	116.03	139.94
QG37_05298	135.04	132.50	75.86	79.07	111.13	111.24	118.96	130.62	146.00	122.21	101.93	116.53	103.43	94.12	94.91	113.24	154.93	160.26	140.93	130.47	117.11	136.71	137.44	103.97	121.99	152.00	91.40	150.45	108.11	31.12	69.87	129.42	154.05	122.20	109.13	88.04	102.61	104.65	89.79	127.44	129.60	115.80	90.12	93.34	105.51	114.50	97.03	153.06
QG37_05299	140.84	129.06	79.99	68.88	124.48	128.38	125.13	127.73	134.73	120.66	99.18	105.20	106.37	103.53	102.22	107.56	155.99	162.45	133.38	122.46	131.51	129.49	144.83	102.22	126.33	181.17	102.94	140.11	109.55	28.72	64.04	121.25	160.40	132.44	110.50	88.55	107.23	124.34	100.53	121.68	137.12	113.03	91.28	97.76	125.54	102.85	97.90	151.02
QG37_05300	126.12	132.34	86.63	76.00	128.81	123.16	125.76	134.13	134.50	110.63	105.13	110.79	115.16	118.23	108.34	119.96	167.80	158.38	140.31	125.52	128.26	126.92	143.15	119.06	128.44	158.18	98.72	130.58	95.85	33.10	82.69	137.10	155.77	127.29	116.92	88.97	110.41	122.76	104.98	124.60	143.62	128.55	105.55	114.48	130.53	128.86	123.36	159.44
QG37_05301	152.57	146.21	94.32	86.13	120.46	135.41	135.26	130.27	135.49	128.54	101.97	116.09	120.65	117.56	119.78	137.71	129.52	151.06	140.12	123.78	130.12	131.69	142.76	112.90	138.12	155.90	106.24	150.34	117.27	30.50	78.67	139.91	144.29	130.87	121.78	112.20	122.65	110.59	103.82	113.31	143.41	134.26	98.91	100.78	122.73	115.08	100.61	158.28
QG37_05302	156.80	143.20	72.83	74.02	126.75	123.84	123.58	131.82	125.01	125.06	102.40	98.77	104.58	117.19	107.99	129.36	160.46	153.87	139.56	136.96	117.64	134.83	132.38	111.90	117.63	170.22	112.41	150.40	140.09	24.96	63.39	147.83	152.12	133.66	115.26	86.19	109.56	104.09	108.03	124.35	147.31	135.62	98.21	98.99	116.42	112.82	111.83	154.39
