GENE	CDC_B11096	CDC_B11097	CDC_B11098	CDC_B11099	CDC_B11101	CDC_B11102	CDC_B11103	CDC_B11105	CDC_B11112	CDC_B11113	CDC_B11114	CDC_B11115	CDC_B11116	CDC_B11117	CDC_B11118	CDC_B11119	CDC_B11200	CDC_B11201	CDC_B11205	CDC_B11206	CDC_B11207	CDC_B11208	CDC_B11209	CDC_B11210	CDC_B11212	CDC_B11213	CDC_B11214	CDC_B11215	CDC_B11216	CDC_B11217	CDC_B11218	CDC_B11219	CDC_B11220	CDC_B11221	CDC_B11222	CDC_B11223	CDC_B11224	CDC_B11225	CDC_B11226	CDC_B11227	CDC_B11228	CDC_B11229	CDC_B11230	CDC_B11243	CDC_B11244	CDC_B11245	CDC_B11246	CDC_B11247
QG37_03112	0.0567	0.3680	0.3623	0.2845	0.3712	0.4153	0.4419	0.3522	0.3457	0.2869	0.4219	0.3721	0.4003	0.3820	0.3498	0.4231	0.3383	0.2723	0.3753	0.3716	0.3316	0.3259	0.3603	0.3706	0.3053	0.2738	0.4142	0.3332	0.2544	0.2076	0.2533	0.4057	0.7212	0.3422	0.3615	0.3534	0.3193	0.3687	0.3633	0.3371	0.3007	0.4324	0.3584	0.5541	0.3655	0.3555	0.3646	0.3449
QG37_03113	0.4414	0.6249	0.6799	0.6740	0.6541	0.6193	0.6131	0.5873	0.6626	0.5955	0.6986	0.6396	0.6370	0.6266	0.5649	0.6134	0.5930	0.5332	0.7085	0.6176	0.6400	0.5646	0.7400	0.6522	0.7045	0.5514	0.6359	0.6209	0.5410	0.4644	0.4973	0.6527	0.7854	0.6317	0.6791	0.6991	0.5540	0.5772	0.6580	0.5267	0.5562	0.7023	0.7083	0.7584	0.6918	0.6726	0.7150	0.6511
QG37_03114	0.7784	0.7179	0.8261	0.8818	0.7092	0.7975	0.7666	0.7921	0.8108	0.6760	0.8436	0.7117	0.7916	0.8557	0.8238	0.8250	0.8168	0.7966	0.7805	0.7848	0.7991	0.7653	0.8226	0.8383	0.8093	0.7742	0.7411	0.7574	0.7194	0.6669	0.7716	0.7351	0.7827	0.7736	0.8040	0.7561	0.7897	0.8167	0.8914	0.7490	0.8530	0.7721	0.8306	0.8499	0.7718	0.7539	0.7805	0.8190
QG37_03117	0.9334	0.8291	0.9146	0.8368	0.8210	0.8622	0.9433	0.8732	0.8766	0.9089	0.8343	0.8585	0.8884	0.8519	0.8793	0.9380	0.9201	0.8988	0.9645	0.8678	0.8910	0.9097	0.8979	0.9204	0.9113	0.8932	0.8275	0.8834	0.9543	0.8430	0.8319	0.7947	0.9171	1.0007	1.0111	0.9779	1.0257	0.9611	0.9434	0.9405	1.0261	0.9363	0.9142	1.0314	0.9594	0.9578	0.8065	0.9501
QG37_03118	0.8941	1.0112	1.0149	1.0110	1.0709	0.8931	1.0325	0.9208	0.9960	0.9742	1.1979	1.3200	0.9319	0.9092	1.1089	1.0317	1.0252	1.0880	1.1073	0.8616	0.9677	0.9547	0.9792	0.9932	1.0757	0.8746	1.0074	1.0173	0.9657	1.0779	1.0023	0.9273	0.9001	0.9405	0.9310	0.8402	0.9695	0.9009	0.9243	1.1883	1.1763	1.1397	0.9645	0.9740	0.9329	0.8787	0.9647	0.9941
QG37_03119	1.0119	1.0175	0.9708	0.9538	1.0097	0.8706	0.9130	1.0836	1.0475	0.9427	1.0679	1.0665	0.9416	1.0035	1.0473	0.9700	1.0119	1.0578	1.1115	0.9823	1.1350	1.1419	0.9744	0.9346	0.9420	1.0388	1.1543	0.9895	0.8198	1.0294	1.0220	0.8856	1.0032	1.1565	0.8259	1.0706	1.0338	1.1136	0.9486	1.1140	1.1159	1.1478	1.1083	0.9576	0.9408	0.9201	0.9865	0.8378
QG37_03120	1.0528	0.9666	0.9226	1.0335	1.0345	0.9558	0.9613	1.0282	0.9925	1.0150	0.9876	0.9692	0.9866	0.9820	1.0675	1.0506	1.0020	1.0251	1.0369	0.9910	1.0429	1.0721	0.9598	1.0730	1.0483	1.0139	1.0041	1.0139	1.0039	0.9088	1.0309	0.9110	1.0414	1.0590	0.9488	1.0564	1.0488	1.0378	1.0559	1.0092	1.0871	0.9589	0.9781	1.1039	1.0672	1.0738	1.0250	1.0648
QG37_03121	0.9453	0.9466	0.9089	0.8489	0.9634	1.0033	0.8935	0.9994	0.9492	0.9204	0.9804	0.9612	0.9536	0.9417	0.9637	0.9634	0.9181	1.0017	0.9880	0.9380	1.0082	0.9897	0.9249	0.9114	1.0171	0.9434	0.9415	0.9448	0.8881	0.8885	0.9554	0.8646	0.9751	0.9937	1.0056	0.9491	0.9282	0.9865	1.1109	0.9579	1.0433	0.9407	0.9534	1.0522	0.9990	1.0109	1.0488	0.9405
QG37_03122	0.8638	1.0020	0.9249	1.0065	0.8057	0.9473	0.8808	0.9290	0.9093	0.9411	0.8964	0.8698	0.8807	0.8022	0.9938	1.0072	0.9098	0.9691	1.0052	0.9194	0.8489	0.9303	0.8543	0.9837	0.9230	0.8573	0.9497	0.9453	0.9766	0.8718	0.8516	0.8476	0.8925	0.9803	0.9727	0.8695	0.9775	1.0005	1.0787	0.8821	0.9478	1.0701	0.9650	1.0265	1.0046	0.9611	0.9815	1.0150
QG37_03123	1.1374	1.0358	1.2511	1.0689	1.0817	1.1588	0.9588	0.9701	1.2704	1.0998	0.9064	1.3748	1.2729	1.1315	0.9589	1.1069	0.9385	0.9797	1.1237	1.0237	1.0804	1.2745	0.9704	1.1490	1.0720	1.2045	1.2836	1.2456	1.2287	1.0355	0.9851	1.0571	1.0087	1.0544	1.1964	0.9654	1.1216	1.0304	0.9867	1.0116	1.1406	0.9279	1.0868	0.9598	1.1699	0.9990	1.1217	1.1052
QG37_03124	0.8021	0.8656	0.8152	0.8436	0.8274	0.7733	0.9368	0.8919	0.8512	0.7420	0.8262	0.7735	0.8308	0.8998	0.9297	0.9679	0.7910	0.8942	0.8386	0.7415	0.9401	0.9135	0.8391	0.8709	0.7810	0.7715	0.9312	0.8126	0.7034	0.6114	0.7572	0.8921	0.8604	0.8296	0.9361	0.8403	0.8789	0.9287	0.8569	0.8646	0.8965	0.8384	0.8404	0.8857	0.8655	0.7957	0.8939	0.9827
QG37_03125	0.8104	1.0157	0.9851	0.8053	0.9806	1.1233	0.8706	0.8712	0.7931	0.7537	0.9164	0.8825	0.9216	0.9522	1.0348	0.8805	0.8563	0.9615	0.9438	0.9393	0.8213	0.8463	0.9232	0.8736	0.7927	0.8417	0.9700	0.9248	0.8842	0.8885	0.9566	0.8559	0.9479	0.6825	0.7577	0.8397	0.7968	0.8442	0.6978	0.8541	0.7663	0.8257	0.6535	0.9717	0.9454	0.9708	0.9575	1.0764
QG37_03126	0.9186	1.0359	0.9636	0.9324	0.8542	1.0178	0.9239	1.0486	0.9945	0.7721	0.9373	0.8872	0.8552	1.0003	0.9227	0.9277	0.9049	0.8441	0.9476	0.7815	0.9142	0.8819	0.8737	0.9082	0.8448	0.8204	0.8856	0.8320	0.9619	0.7881	0.7580	0.8269	0.9581	0.7915	0.7829	0.6788	0.8450	0.8093	0.7028	0.7638	0.7284	0.7600	0.6620	0.7846	0.7380	0.8166	0.9221	0.8814
QG37_03127	0.9351	1.0015	0.9790	1.0009	0.9772	1.0540	1.0360	1.1102	1.0392	0.8130	1.0682	0.9506	0.8362	0.9864	0.9747	0.9972	0.8545	0.9382	1.0539	0.8631	0.8753	0.9616	0.8601	0.8583	0.9377	0.9010	0.9745	0.9434	0.8974	0.6790	0.6472	0.7932	0.9686	0.8417	0.8151	1.0307	0.8440	0.9829	0.9991	0.7610	0.9581	0.7807	0.9417	0.9308	0.8289	1.0567	0.8906	1.0427
QG37_03128	1.0320	0.8987	0.8173	0.9553	0.8837	0.9476	1.0612	0.8952	1.0450	0.8772	0.9560	0.9079	0.8873	0.9940	1.0109	0.9933	0.8600	0.8859	0.8489	0.9400	0.9367	0.8408	0.9129	0.9510	0.9554	0.9106	0.8464	0.9421	0.9594	0.9324	0.9332	0.9782	1.0261	0.9931	1.0403	1.0325	0.9820	1.0121	0.9617	0.9645	1.0119	0.9567	0.9913	0.9906	0.9014	0.9933	1.0731	0.9138
QG37_03129	0.8574	1.0075	1.0419	1.0980	0.9271	1.1210	1.0124	0.9215	1.0601	0.9499	1.0324	1.0601	0.9417	1.1457	0.9700	1.0538	0.8568	0.7948	0.8994	0.9665	1.0593	1.0171	0.8924	1.2208	0.9657	1.0698	1.0367	0.9468	1.0909	0.8321	0.9651	1.0359	1.0118	1.1604	1.1060	1.3199	0.8566	1.2730	0.9773	1.1078	0.9628	0.9017	0.9696	0.9827	0.9881	1.0672	0.9479	1.0644
QG37_03130	0.8403	0.9991	1.0151	1.0501	0.9732	0.9359	0.9740	0.9163	0.8488	0.9555	0.9358	1.0040	0.9901	0.9741	0.9574	0.9364	0.9907	0.9379	0.9709	0.9299	1.0172	0.9612	0.9646	0.9695	0.9786	0.9488	1.0725	0.9516	1.0159	0.7272	1.0232	0.9145	1.0110	1.0770	1.1366	1.0419	1.0241	0.9581	1.0974	0.9972	0.9556	1.0068	0.9347	0.9820	0.9324	1.0807	0.9980	0.9792
QG37_03131	0.9131	0.9114	0.8995	0.9734	0.9767	1.0176	0.9985	0.9252	1.0051	0.8977	0.8898	0.9125	0.9468	0.9932	0.9875	1.0023	1.0054	0.9293	0.9558	0.9296	0.9478	1.0022	0.9784	0.9416	0.8786	0.9152	0.8688	0.9137	0.8521	0.8303	0.8568	0.9144	0.8866	1.0355	0.9859	0.9955	0.9360	1.0360	0.9985	0.9070	0.9459	0.9605	0.9213	0.9853	0.9599	1.0121	1.0117	0.9999
QG37_03132	0.8646	0.8431	0.7390	0.7926	0.8092	0.8792	0.7807	0.9220	0.8072	0.7526	0.7345	0.7479	0.7399	0.9553	0.8225	1.0218	0.8713	0.9325	0.8695	0.8424	0.8821	0.8595	0.8029	0.8748	0.8549	0.8470	0.8471	0.8247	0.8005	0.8193	0.9608	0.7358	0.7868	0.8858	0.8567	0.8020	0.8882	0.9650	0.8947	0.8969	0.9301	0.8265	0.8886	0.8964	0.8493	0.8972	0.8721	0.8036
QG37_03133	0.9904	0.9710	0.9636	0.7462	0.9106	0.9715	0.9474	0.9990	0.9860	0.8841	1.0037	1.0182	0.8902	0.9792	0.9754	0.9914	1.0571	0.9791	0.9957	0.9738	0.9977	1.0828	1.0626	1.0566	0.9142	0.9612	0.9311	1.0414	0.7717	0.9554	0.8155	0.8763	0.9735	1.0946	1.0289	0.9448	1.0682	1.0484	1.0872	0.9348	0.9666	1.0080	1.0371	1.0518	0.8931	1.0239	1.0039	0.9822
QG37_03134	0.8806	0.8511	0.7648	0.7898	0.8882	0.9219	0.8476	0.8893	0.9845	0.8115	0.9471	0.8225	0.8536	0.8929	0.8837	0.8868	0.8094	1.0294	0.7721	0.7315	0.8803	0.9146	0.9757	0.9756	0.8945	0.8287	0.7395	0.7447	0.7841	0.8312	0.8117	0.8765	0.8451	0.8556	0.8350	0.8625	0.9577	0.9141	0.9383	0.8382	0.8369	0.8411	0.9253	0.9004	0.9503	0.9756	0.9192	0.9926
QG37_03135	0.9166	0.8578	1.0037	0.7888	0.9962	0.9100	0.9050	1.0176	0.7630	0.9256	0.8403	0.8784	0.9430	0.9858	0.8563	0.8494	0.9303	0.9488	0.9296	0.8449	0.9102	0.9866	1.0149	1.0264	0.9025	0.9860	0.9601	0.7691	0.9071	0.9139	0.8751	0.9484	0.8721	0.8373	0.8866	0.7551	0.9728	1.0267	0.8941	0.8808	0.8833	0.8890	0.8857	0.9189	0.9828	0.9011	0.9074	0.9638
QG37_03136	0.8373	0.8136	0.7925	0.8420	0.8017	0.8071	0.7597	0.9411	0.8036	0.7433	0.8747	0.7153	0.8993	0.7905	0.8316	0.8235	0.8931	0.8850	0.9686	0.8037	1.0135	0.8423	0.7901	0.8542	0.8804	0.9577	0.9334	0.7784	0.8628	0.7757	0.8729	0.8273	0.7753	0.9251	0.9770	0.9002	0.9291	0.9882	0.9446	0.8658	0.8662	0.9556	0.8456	0.8869	0.7893	1.0192	0.8231	0.9408
QG37_03137	0.6770	0.6772	0.8013	0.6981	0.7648	0.7571	0.7570	0.8269	0.8146	0.9014	0.9373	0.7554	0.6976	0.8495	0.8133	0.8279	0.9226	0.8047	0.7651	0.7191	0.8406	0.8870	0.7268	0.9489	0.7407	0.7371	0.8420	0.8102	0.7708	0.8903	0.7583	0.6555	0.8825	0.9728	0.8451	0.6864	0.8960	0.8687	0.8083	0.8115	0.7352	0.7487	0.8076	0.9542	0.8112	0.7738	0.8661	0.7521
QG37_03138	1.0554	1.0891	0.8910	0.9525	0.9136	0.9752	1.0382	0.9891	1.1506	0.9699	0.8497	1.2089	1.0179	1.0410	1.1350	0.8989	0.9282	0.9766	0.9559	1.0196	1.0135	0.9995	1.0892	0.9404	1.1154	1.0601	1.1540	1.1308	0.9758	1.0155	1.1592	1.0871	1.0437	1.1731	0.9753	1.0254	1.0379	1.1221	1.0694	1.1187	0.9628	1.0139	1.1852	1.0959	1.1417	1.1435	1.0776	1.0446
QG37_03139	0.9402	0.9149	0.9318	0.8998	0.9975	0.9383	0.9151	0.9749	0.9486	0.9433	1.0106	0.9686	0.9063	0.9819	0.9790	0.9383	0.9606	1.0192	1.0362	0.9587	0.9878	1.0137	0.9846	0.8703	0.9453	0.8771	1.0342	0.9194	0.9276	0.9851	0.8739	0.8876	0.9837	1.0124	0.9373	1.0281	1.0161	1.0004	0.9937	0.9956	0.9684	0.9867	0.9679	1.0788	0.9406	1.0225	1.0857	0.9672
QG37_03140	0.9778	1.0113	1.0338	1.0189	0.9590	1.0528	0.9006	0.8898	0.9178	0.8852	0.9826	0.8879	0.9170	1.0227	0.8947	1.0411	1.0068	0.9930	0.8958	0.8799	1.0763	0.9147	0.9632	0.9911	0.8888	0.9333	0.9220	0.8775	0.9206	0.8612	0.8623	0.9258	1.0310	0.9206	0.9788	1.0149	0.9022	0.9942	1.0583	0.9238	0.9857	1.0340	0.8929	0.9403	1.0636	1.0469	0.9056	1.0260
QG37_03141	1.0964	0.8769	0.6884	1.1687	0.8761	1.0236	0.9777	0.9214	0.9100	0.9151	0.9084	0.9515	1.0748	0.8770	1.0527	0.9230	0.9076	0.9990	1.0143	0.8930	1.0022	1.1067	1.1591	0.8924	0.9330	0.9878	1.0329	1.0654	1.0610	0.9227	0.9774	0.8422	0.9511	1.0654	0.9972	0.8330	0.9217	0.9747	0.9767	1.1227	1.1053	1.0496	0.9691	0.9143	1.0474	0.8979	1.0911	1.0966
QG37_03142	1.1076	0.9517	0.9115	0.8815	0.8588	0.9332	0.9490	0.8896	0.8840	0.9489	0.8644	0.8597	0.8439	0.9174	0.8933	0.9330	0.9110	0.9552	0.9009	0.9028	0.8459	0.9604	0.9774	1.0178	0.9272	0.9104	0.8654	0.9300	0.8590	0.9597	0.8622	1.0123	0.8430	0.9175	0.9487	0.8420	0.9142	0.9141	0.8055	0.8485	0.9134	0.9708	0.9994	0.8937	0.9364	0.9510	0.9617	0.9945
QG37_03143	1.0718	1.0529	1.0108	1.1760	0.9459	1.1090	1.1404	1.0591	1.0482	0.9396	1.2414	0.9508	1.0240	0.9235	1.0282	0.9832	0.9779	0.8433	1.0296	0.9682	1.2300	1.0650	0.9026	1.0961	0.9705	0.8776	0.9012	1.0757	0.8770	1.0264	0.8790	0.9819	0.9017	1.0948	1.0783	0.9471	1.0429	1.0956	1.0414	1.0482	1.1059	0.9592	1.0958	0.8350	0.9530	1.0241	1.0923	0.9670
QG37_03144	1.1134	1.1012	1.1618	1.0304	0.9755	1.0548	0.9362	0.9430	0.8307	0.8423	0.9309	0.7567	0.9182	1.0219	0.9165	0.9256	0.8851	0.9640	1.0319	0.9114	1.0253	0.9665	1.0044	0.9419	0.8673	0.7955	0.7680	0.8477	0.8689	0.7366	0.9061	0.7563	1.0413	0.8243	0.8943	1.0129	0.9357	0.8444	1.0022	0.9985	1.0619	0.9652	1.0068	1.0353	0.8546	0.9117	0.9329	0.9283
QG37_03145	0.9812	0.9048	1.0042	0.8220	0.8742	0.9331	0.8447	0.9281	0.8836	0.8244	0.8999	0.8457	0.8584	0.8055	0.9267	0.9139	0.9256	0.9543	0.9722	0.8718	0.9807	0.9483	0.8819	0.8784	0.8957	0.8903	0.8905	0.8883	0.8467	0.8869	0.9610	0.8550	0.9573	0.8805	0.8704	1.0671	1.0044	0.8837	0.9267	0.9720	0.9915	1.0053	0.9036	1.0376	0.9299	0.9258	0.7580	0.8754
QG37_03146	0.8982	0.9464	0.8130	0.9798	0.9798	0.9766	0.9301	1.0017	1.0354	0.9297	1.0215	0.8808	0.9507	0.8838	0.9128	1.0090	0.9926	0.9372	0.9383	0.8191	0.8951	0.9378	0.8912	0.8985	0.9935	0.8907	0.9173	0.8890	0.8939	0.7796	0.9492	0.8795	0.9525	0.9880	0.9182	1.0089	0.9769	0.9613	0.9911	0.9009	0.9782	0.8669	0.9357	0.9342	0.8671	0.9062	0.9151	0.9683
QG37_03147	0.9867	0.9358	0.8944	0.8205	0.8345	0.8882	0.8901	0.9239	1.0041	0.8478	0.9917	0.8904	0.8478	0.9107	0.9617	0.8178	0.8758	0.9456	0.9442	0.9296	0.9270	0.9423	0.9187	0.9331	0.9600	0.8624	1.0064	0.8722	0.8770	0.6935	0.8512	0.8461	0.8570	0.8329	0.9161	0.8825	0.8400	0.9653	0.9120	0.9302	0.9551	0.8390	0.9086	0.9553	0.9304	0.8441	0.9062	0.9927
QG37_03148	0.8533	0.8307	0.5994	0.6207	0.7203	0.8021	0.6312	0.6913	0.6646	0.7489	0.7107	0.7651	0.6543	0.6991	0.6210	0.7486	0.6169	0.6868	0.7438	0.6675	0.8005	0.8572	0.6810	0.6637	0.7980	0.7200	0.7998	0.6935	0.5922	0.8202	0.6802	0.7102	0.5625	0.9964	0.9807	1.0621	1.1209	1.1196	1.0570	1.0748	1.1166	1.0294	0.9420	0.6953	0.6269	0.6196	0.7543	0.5945
QG37_03149	0.6782	0.7593	0.8446	0.7406	0.7570	0.6808	0.7291	0.7819	0.8074	0.7514	0.8711	0.8890	0.8317	0.8680	0.8694	0.7660	0.7780	0.7628	0.7587	0.7035	0.6861	0.8292	0.8265	0.8371	0.7751	0.8370	0.8598	0.7745	0.7953	0.7393	0.6030	0.7442	0.7646	0.8280	0.8555	0.6991	0.9343	1.0265	0.9071	0.7731	0.8068	0.9267	0.6813	0.5294	0.4333	0.5283	0.5149	0.4783
QG37_03150	0.9474	0.8987	0.9532	0.8858	0.8286	0.9183	0.8087	0.9535	0.8888	0.9911	0.9253	0.8107	0.8593	0.8758	0.8640	0.9985	0.7685	0.8723	0.7327	0.8235	0.8628	0.8137	0.8026	0.7859	0.7888	0.8623	0.9150	0.7661	0.8004	0.7833	0.7954	0.8116	0.8821	0.9040	0.8654	1.0393	0.9539	0.9513	0.8488	0.9059	0.8186	0.7570	0.8473	0.8367	0.7344	0.6663	0.8802	0.7547
QG37_03151	0.9863	0.7920	0.9357	0.8566	0.8673	0.9439	0.9030	0.8462	0.8323	0.8209	0.9338	0.7318	0.8285	0.7857	0.7658	1.0590	0.8686	0.9023	0.7731	0.9350	0.8886	0.9235	0.8936	0.8292	0.8051	0.7710	0.8225	0.7536	0.8292	0.5917	0.7306	0.7672	0.8155	0.8709	0.9181	0.8850	0.8613	0.8600	0.7173	0.8399	0.8251	0.8190	0.9393	0.7651	0.8379	0.7758	0.9354	0.8148
QG37_03152	1.0621	0.9456	0.9435	0.7856	0.9736	0.9359	1.0193	0.9661	0.9145	1.0225	1.0283	0.8604	0.9941	0.9256	0.8520	0.9128	0.9301	1.0497	0.8716	0.8135	0.9198	0.8812	0.9460	0.8942	0.8565	0.9570	0.9466	0.9420	0.7253	0.8606	0.9548	0.8066	0.8445	0.9701	0.8456	0.9088	0.9303	1.0217	0.8544	0.8290	1.0931	0.9531	0.8940	0.9019	0.9585	0.8783	0.9325	0.9116
QG37_03153	0.8684	0.7643	0.8784	0.7662	0.8143	0.8291	0.7858	0.8370	0.8963	0.8794	0.9292	0.7463	0.8701	0.8643	0.7791	0.9093	0.8297	0.9222	0.7616	0.7453	0.8829	0.8293	0.7847	0.8404	0.7671	0.7173	0.7830	0.7747	0.7402	0.9066	0.7808	0.7919	0.7630	0.7993	0.7691	0.8157	0.7878	0.8467	0.9160	0.8591	0.9774	0.8466	0.8002	0.8618	0.8418	0.8109	0.8035	0.8711
QG37_03154	0.6259	0.8533	0.9720	1.0806	0.7790	0.8187	0.7443	0.8367	0.8386	0.8585	1.0618	0.8256	0.8254	0.7706	0.7841	1.0248	0.9904	0.8401	0.8206	0.8764	0.9734	0.7676	0.8057	0.7068	0.8672	0.7558	1.0129	0.8447	0.8026	0.5089	0.9952	0.8052	0.7347	0.7409	0.8619	1.0325	0.9416	0.8251	0.8067	0.8538	0.9038	0.8105	0.7342	0.9890	0.9528	0.8623	0.8242	0.9445
QG37_03155	1.0843	0.9182	0.8995	0.9413	0.8702	0.9275	0.9147	0.9972	0.8668	0.8793	0.8025	0.9870	0.9881	0.9018	1.0060	1.0001	0.7312	0.9442	1.0244	0.9283	0.9692	0.9065	0.9370	1.0672	0.9710	0.8937	0.9464	0.8758	0.9752	3.2507	1.8132	0.9072	0.9015	0.8870	0.8893	0.8504	0.8337	0.8860	0.9966	0.7665	0.8948	0.8718	0.7729	0.8070	0.8543	0.8101	0.8848	0.9008
QG37_03156	1.0702	1.0199	1.0981	1.0373	1.0656	1.0803	1.0460	1.0722	0.9821	1.0482	1.0174	1.0734	1.1354	0.9928	1.0067	1.0373	0.9888	0.9693	1.0849	1.0339	1.0840	1.0026	1.0264	1.0610	1.0521	1.0425	1.0037	0.9801	1.0454	0.8712	1.0528	1.0322	1.0744	1.0036	1.0561	1.0283	1.0641	1.0828	1.0490	1.0518	1.1123	1.0168	0.9910	1.0216	1.0641	1.0174	1.0150	1.0644
QG37_03157	1.0278	0.9352	0.9215	0.9636	0.9213	0.9493	0.9286	0.9568	0.8823	0.8292	0.9337	1.0066	0.9403	0.9395	0.9589	0.9727	0.9404	0.9739	0.9489	0.9582	1.0197	0.9252	0.9462	0.8621	0.8891	0.9507	1.0020	0.8501	1.0004	1.0009	0.9432	0.9445	0.8951	0.9911	0.9657	0.9816	1.0210	0.8776	0.9680	0.9168	0.9930	0.8345	0.8325	1.0182	0.9183	1.0281	0.9478	0.7804
QG37_03158	1.0175	0.8909	0.9154	0.9819	1.0446	0.9578	0.9617	0.9772	0.9858	1.0747	0.9240	0.9319	0.9764	0.9127	1.0468	0.9616	0.9616	0.9223	0.8612	0.9810	1.0603	1.0144	0.9188	0.9354	0.8580	0.8917	0.8684	0.9337	0.8988	0.8609	0.8608	0.8728	0.9438	0.8869	1.0077	0.9803	1.0019	0.9153	0.9862	0.9634	0.9030	0.8308	0.9597	0.9480	0.9716	0.7780	0.8923	0.9097
QG37_03159	1.0877	1.1485	1.0931	1.0608	1.1084	1.0954	1.0865	1.0450	1.1026	1.0590	1.1302	1.0957	1.1085	1.0316	1.0647	1.0793	1.0270	1.0746	1.0657	1.0934	1.1241	1.0777	1.0761	1.0641	1.0873	1.0899	1.0623	1.0726	1.1049	0.9115	1.0501	1.0406	1.0940	1.0836	1.0945	1.1509	1.0319	1.0470	1.1143	1.0489	1.1301	1.0700	1.0768	1.0469	1.0252	1.0739	1.0138	1.0833
QG37_03160	0.9323	0.9089	0.9254	0.9598	0.9626	1.0052	0.9752	1.0913	0.8763	1.0233	0.9098	1.0742	1.1627	1.0293	1.0625	0.8927	0.8710	1.0576	0.8182	0.9941	1.0719	1.0192	1.0464	0.8476	0.7927	0.9439	0.9910	0.8917	1.0007	0.9418	1.0469	0.9270	0.9218	1.0766	1.0644	0.8991	1.0073	1.1108	1.1402	1.0890	0.8890	0.9358	1.1243	1.1121	1.0266	1.2173	1.0911	0.9851
QG37_03161	1.0249	1.0495	0.9043	0.9207	0.9360	1.0341	0.9957	0.9435	0.9779	1.0124	0.8078	0.9566	1.0687	0.8972	1.0186	0.9655	0.9055	1.0772	1.0312	1.0003	1.0164	1.0578	0.9574	0.9244	0.9444	0.8888	1.0215	0.9148	0.8793	0.7830	0.8699	1.0196	1.0112	0.9946	1.0402	0.9499	1.0214	1.0037	0.9150	0.9216	1.0314	1.0197	0.9277	1.0945	0.9657	1.0615	0.9959	0.9924
QG37_03162	1.0397	0.9339	0.9531	0.8748	0.8540	0.9789	0.9918	0.9390	0.9956	0.9121	0.9407	0.8381	0.8800	0.9621	0.9401	0.9607	0.9071	0.9026	0.9276	0.9572	0.9390	0.9651	0.8644	0.9196	0.9077	0.9207	0.9128	0.8603	0.8138	0.9930	0.9005	0.7989	0.8863	0.9458	0.9107	0.9239	0.9409	0.8870	0.8968	0.9452	0.9741	1.0230	0.9622	0.8608	0.9372	0.9352	0.9821	1.0246
QG37_03163	0.9992	0.8829	0.9769	0.7423	0.7823	0.8234	0.9319	0.8383	0.8618	0.9322	0.9474	0.8706	0.9459	0.8824	0.9565	0.8328	0.9633	0.8316	0.9867	0.9271	0.8882	0.9291	0.7669	0.7926	0.8044	0.8259	0.7223	0.7309	0.9023	0.8199	0.8167	0.8727	0.9660	0.7946	0.8538	0.8911	0.8947	0.9289	0.8658	0.8058	0.8624	0.8707	0.9050	0.8624	0.8432	0.8308	0.9301	0.8960
QG37_03164	0.9505	1.0666	0.9468	1.1142	0.9870	0.9195	1.0526	0.9313	0.8413	0.9144	0.9632	0.9590	1.0503	0.8753	1.0315	0.9177	1.0220	0.9968	1.1056	0.9534	0.9625	0.9918	0.8852	0.9629	0.9946	0.9971	0.9311	0.8715	0.7899	0.9588	1.0604	1.0441	1.1618	0.9244	0.8740	0.9499	0.9566	1.0007	0.8656	0.9335	0.9667	0.9971	0.9813	1.0634	0.9550	0.9470	0.9805	0.9466
QG37_03165	1.0403	0.9905	0.8811	1.0607	0.9448	0.9327	1.0521	0.9761	0.9088	0.9013	0.9944	0.8717	0.9322	1.1074	0.9267	0.9797	0.9942	0.9780	1.0098	0.9305	0.9333	0.9710	0.9093	1.0009	1.0034	0.9163	0.9168	0.9695	0.8583	0.8521	1.0339	0.9995	1.0453	0.9236	0.9888	0.9918	1.0072	0.9496	0.9892	1.0621	0.9985	0.9909	0.9171	1.0041	1.0021	1.0506	0.9884	0.9393
QG37_03166	0.9189	0.9000	0.9363	0.9615	0.9609	0.9100	1.0558	0.9572	1.0846	0.9518	0.9384	0.9816	0.8643	0.9238	0.9687	1.0526	0.8868	1.0067	0.9527	1.1015	1.0489	1.0553	1.0096	1.0194	1.1064	0.9913	0.9532	1.0593	0.9508	1.0436	0.8096	1.0678	0.9057	1.1263	0.8922	1.0584	1.0025	0.9452	0.9469	1.1652	1.2162	0.8787	0.9497	1.0925	1.0534	0.9961	1.0166	1.0632
QG37_03167	1.0076	1.0122	1.0037	0.8801	0.9684	0.9640	0.9767	1.0171	0.9897	0.9405	0.9798	0.9114	0.9486	1.0013	1.0681	1.0046	1.0727	0.9824	1.0028	1.1631	0.9305	0.9731	1.0404	0.9631	1.0867	0.9182	0.9367	0.9794	0.8783	0.9597	0.8941	1.1097	1.0041	0.9837	0.9743	1.0217	1.0169	1.0643	1.0191	1.0477	0.9617	1.0090	0.8616	1.0544	1.0768	0.9293	0.9740	1.0624
QG37_03168	0.9848	0.8510	0.9909	0.8240	0.8610	0.9100	0.9126	0.8885	0.7796	0.9747	0.8822	0.7130	0.8630	0.9661	1.0214	0.8712	0.8994	0.8117	0.9275	0.8141	0.7882	0.8869	0.9710	0.7750	0.8195	0.8059	0.8698	0.8753	0.8199	0.6978	1.0031	0.8093	0.8975	0.9205	0.9470	0.8583	0.8165	0.9302	0.8803	0.8872	1.0308	0.8511	0.8783	0.9191	0.7887	0.7945	0.9440	0.7873
QG37_03169	0.9974	0.9058	0.9468	0.9766	0.9486	1.0417	0.9922	0.9052	0.9522	0.9907	0.8471	0.9070	1.1091	0.9100	0.9167	0.8716	0.9640	0.9529	0.9514	1.0652	1.0380	0.9470	0.9107	0.8460	0.9632	0.9813	0.9969	0.9249	0.8067	0.9109	1.0261	0.9437	0.9574	0.9183	0.9301	0.9939	1.0534	1.0542	1.0256	1.0945	0.9391	0.9068	1.0758	1.0740	1.0745	1.0209	0.9961	1.0347
QG37_03170	0.8998	0.9841	0.7635	0.8898	0.9709	0.9315	0.9899	0.9379	1.0174	0.8795	0.8421	0.9286	0.9418	0.8601	0.7985	0.8088	0.9695	0.9166	0.8797	1.0324	0.8937	0.9024	0.9924	0.8539	0.8692	0.8867	0.8582	0.8556	0.9096	0.9079	0.8338	0.8240	0.8030	0.8171	0.8594	0.8010	0.7665	0.9005	0.8688	0.9849	0.9328	0.9144	0.9436	1.0659	1.0204	0.8969	0.9264	0.9820
QG37_03171	0.9534	0.8734	1.0536	0.8715	0.9014	0.9277	0.9196	0.9362	1.0126	0.7989	1.1003	0.9245	1.0416	0.9154	0.9971	1.0777	0.9202	0.9062	1.0160	1.0116	1.0028	1.0116	0.9002	0.8765	0.9260	0.9408	0.8251	0.9221	0.7777	0.8093	0.8441	0.7942	0.7849	0.9941	0.8836	1.0186	0.8145	1.0804	0.9706	0.9040	0.9716	0.9151	0.8126	0.9987	1.0010	0.9881	0.7611	0.8191
QG37_03172	0.9292	0.8900	1.0729	1.0403	0.9548	0.9846	0.8630	0.8755	0.9945	0.8083	0.8499	0.7579	0.7595	0.8367	0.8252	0.8369	0.9287	0.9279	1.0273	1.0026	1.1199	0.9001	0.8426	0.8057	0.9046	0.9430	0.9199	0.8651	0.8758	0.8121	0.7449	0.9279	0.7604	1.0202	0.9639	0.8464	0.8150	0.8503	0.9497	1.0391	0.8586	0.9276	0.8565	0.8746	0.9363	1.0266	0.9018	0.8644
QG37_03173	1.1434	0.9416	1.1338	0.9362	1.0427	1.1027	0.8963	0.9792	0.9521	0.8690	0.9330	0.8565	0.7730	0.9674	0.9079	0.9607	0.9114	0.8589	0.9350	0.9247	0.9736	1.2523	0.9828	0.9910	0.9518	0.9670	1.0292	0.8562	1.0187	0.8739	0.9389	1.0450	0.8702	0.9630	0.9869	0.9215	0.9496	1.0206	1.0313	1.0473	0.7475	1.0543	0.9066	0.9820	0.9569	1.1021	0.9828	0.9315
QG37_03174	1.0441	0.9287	1.0735	0.9052	0.9197	0.9563	0.9894	0.9249	0.9717	0.9794	0.9599	0.8545	0.9465	0.9902	0.9695	0.9443	0.9871	0.9904	1.0028	1.0479	1.0194	1.0285	0.9226	0.9799	0.9319	0.8495	0.9053	0.8927	0.9716	0.8036	0.8437	0.8518	0.9291	0.8541	0.9358	0.8976	0.9481	0.9033	0.9040	0.9045	1.0464	1.0441	0.8367	0.9035	0.9109	0.9372	0.9146	0.8695
QG37_03175	1.0870	0.9123	1.1719	1.1440	0.9623	0.9688	1.0344	1.0363	1.0487	0.9826	0.9855	0.9804	1.1368	0.9688	1.0487	0.9416	1.0912	1.0277	0.9933	1.1073	1.0057	0.9912	1.0653	0.8806	1.0507	1.0017	1.0834	1.1073	0.9585	1.0576	1.0083	0.9232	0.8363	1.0078	1.0308	0.9885	0.9303	1.0114	0.9204	1.0611	0.9998	0.9403	0.9386	0.9081	0.9816	0.9105	0.9582	1.1087
QG37_03176	1.0501	0.9822	0.9260	0.7378	0.8905	0.9445	0.9978	1.0642	1.2255	0.8576	0.9269	0.9902	1.0420	1.1882	0.8674	0.8040	0.9552	1.0146	0.9973	0.9579	1.0562	0.9963	0.9910	0.8785	0.9291	0.9378	0.8770	0.7623	0.9050	0.6084	0.9266	0.7895	0.9370	0.8741	0.8226	0.8246	0.7307	0.9807	0.8869	0.8549	1.0057	0.8633	0.9026	1.0724	0.9760	0.9380	1.1022	1.0198
QG37_03181	0.5922	0.7127	0.6656	0.7457	0.7194	0.7150	0.8158	0.6438	0.7550	0.6924	0.6123	0.8527	0.6464	0.8034	0.6944	0.6367	0.7548	0.7498	0.7162	0.6942	0.6580	0.7708	0.6876	0.6823	0.8538	0.6544	0.6185	0.7347	0.6385	0.6347	0.6990	0.7497	0.7815	0.7006	0.7686	0.7673	0.7124	0.6961	0.6539	0.7592	0.7794	0.6305	0.7302	0.7419	0.7559	0.8375	1.1073	0.9296
QG37_03182	1.0058	0.8378	1.0124	0.9525	0.8077	0.8658	0.8932	0.9157	0.8194	0.9289	0.8475	0.9999	0.8267	1.0560	0.8396	0.7720	0.7676	0.9661	0.8123	0.8923	0.9016	0.9298	0.8975	0.8200	0.9703	0.9147	0.9992	0.8048	0.9161	0.7199	0.8411	0.8480	0.7032	0.5672	0.5285	0.4675	0.5155	0.5623	0.5031	0.5179	0.5188	0.5145	0.5300	0.7694	0.8894	0.9182	0.8470	0.8721
QG37_03183	0.9168	0.8449	0.8314	0.8758	0.8286	0.8938	0.8613	0.9053	0.8723	0.7990	0.8407	0.8096	0.8520	0.9209	0.8676	0.9131	0.8733	0.9420	0.9173	0.8474	0.9453	0.8889	0.9132	0.8292	0.9131	0.8634	0.8671	0.8578	0.7892	0.8024	0.8608	0.8202	0.8474	0.8815	0.8946	0.9015	0.8966	0.8970	0.8716	0.8917	0.9129	0.8798	0.8958	0.9275	0.8706	0.9442	0.8929	0.8919
QG37_03184	0.8905	0.7516	0.7051	0.9065	0.6762	0.7869	0.8984	0.8526	0.7024	0.6352	0.6619	0.5816	0.7712	0.8429	0.9834	0.7368	0.8191	0.7691	0.8685	0.7028	0.8721	0.8239	0.7950	0.7974	0.7943	0.7307	0.8689	0.7265	0.7244	0.6781	0.6532	0.7095	0.6672	0.7647	0.7202	0.8345	0.9391	0.9914	0.7092	0.7940	0.8699	0.8865	0.7547	0.7241	0.6638	0.7638	0.7785	0.8043
QG37_03185	0.8372	0.8429	0.8096	0.9907	0.9536	0.8707	0.9307	0.9515	0.9811	0.6895	0.8134	0.8244	1.0079	0.9878	0.8751	0.7512	0.8708	0.9425	0.9662	0.9432	1.0118	0.8894	0.9379	0.9374	0.8380	0.8543	0.9465	0.8199	0.7187	0.5744	0.8784	0.7597	0.7061	1.0063	0.8363	0.8007	0.9354	0.9906	0.9217	0.8683	0.9110	0.8389	0.8786	0.9082	0.8087	0.9784	0.9426	0.9194
QG37_03186	0.9877	1.0137	0.8786	0.8068	0.8697	0.9801	0.9373	0.9326	0.9476	0.9736	0.8350	0.8021	0.9239	0.9610	0.9601	0.8973	0.8353	0.9523	0.8643	0.9217	0.9410	0.8764	0.8573	0.9103	0.9417	0.9161	0.8573	0.8043	0.9575	0.6572	0.8292	0.8098	0.9905	0.9852	1.1507	1.0047	0.9608	0.9970	1.0219	0.9085	0.9387	0.8573	0.8925	0.9167	0.9527	0.8252	0.8999	1.0074
QG37_03187	0.8806	0.9009	0.9406	0.9503	0.8292	0.9488	0.8944	0.9612	0.9239	0.8864	0.8969	0.9121	0.9668	0.9665	0.8746	0.9726	0.8908	0.9192	0.8973	0.8995	0.9540	0.8900	0.9023	0.9589	0.9031	0.8919	0.8699	0.8786	0.8419	0.8281	0.8348	0.8873	0.9155	0.9865	0.9402	0.9513	0.9634	0.9406	0.9305	0.9036	0.9254	0.9629	0.8606	0.9663	0.9447	0.8629	0.8899	0.9640
QG37_03188	0.9327	0.6065	0.5249	0.5168	0.5813	0.5461	0.5208	0.6199	0.5581	0.6016	0.6423	0.6309	0.5329	0.5183	0.5540	0.6473	0.5167	0.5247	0.6047	0.5561	0.4369	0.5296	0.4931	0.5476	0.5162	0.4741	0.4606	0.6104	0.4489	0.7536	0.5069	0.5215	0.5553	0.5979	0.5087	0.4759	0.5706	0.6010	0.5139	0.6301	0.5446	0.5740	0.4646	0.3630	0.5505	0.4785	0.5403	0.4763
QG37_03189	1.0818	1.0508	1.0468	0.9948	1.0357	1.0316	1.0622	1.0368	1.0087	1.0861	1.0131	1.0854	1.0911	0.9559	1.0121	1.0314	1.0059	1.0122	1.0147	1.0589	1.0788	1.0709	0.9846	1.0110	1.0155	1.0419	0.9811	1.0629	1.0132	0.9048	1.0000	1.0138	1.0824	1.0222	1.0366	1.0546	0.9895	1.0304	1.0864	0.9718	1.0189	1.0432	0.9838	1.0600	0.9745	1.0726	1.1021	0.9917
QG37_03191	0.9581	0.8181	0.8495	0.9492	0.8967	0.9202	0.9724	0.8830	0.8601	0.7813	0.7983	0.8054	0.8895	0.9334	0.9364	0.9992	0.8965	0.9495	0.8646	0.9777	0.9919	0.8816	0.9249	0.8155	0.9788	0.9400	0.9691	0.8332	0.8082	0.8248	0.8108	0.8377	0.8549	0.8690	0.9453	0.9096	0.9102	0.9123	0.8575	0.8902	0.9501	0.8690	0.8164	0.9842	0.8715	1.0281	0.9190	0.8840
QG37_03192	1.1212	0.9650	0.8618	0.9616	0.9156	0.9991	0.8977	1.0027	0.9068	0.9275	1.0222	0.8723	0.9143	0.8585	0.9490	0.9367	0.9538	0.9351	0.9448	0.9568	1.0400	0.9714	0.9298	0.9533	0.9247	0.9914	1.0161	0.9096	0.8888	1.0782	0.8804	0.8485	0.9065	0.8520	0.9981	0.9529	0.9608	0.9640	0.9590	0.9154	0.9089	0.9354	0.9228	1.0267	1.0220	0.8171	0.8709	0.9581
QG37_03193	0.8975	0.8994	0.8166	0.9782	0.8962	0.8816	0.8864	1.0089	1.0390	0.8197	0.9845	0.7878	0.9648	0.9467	0.8505	0.8681	0.8408	0.7864	0.9320	0.8678	0.8105	0.9316	0.8632	0.9296	0.8671	0.8278	0.8493	0.8280	0.8499	0.8439	0.8452	0.7871	0.8382	0.8485	0.9179	0.9402	0.9235	0.9649	1.0067	0.9260	0.8677	0.8047	0.8453	1.0047	0.8283	0.8873	0.8511	0.9619
QG37_03194	0.9725	0.8735	0.7853	0.7178	0.7486	0.7900	0.8495	0.8284	0.8749	0.8924	0.9747	0.8313	0.7481	0.8516	0.8933	0.9195	0.9947	0.8200	0.8648	0.7864	0.9742	0.9845	1.0117	0.9839	0.9522	0.8945	1.1071	0.9038	0.8866	0.7733	1.0231	0.9325	0.9776	0.9621	1.0361	0.8721	0.9160	0.9285	1.0218	1.0262	0.8859	0.8690	1.1223	1.0483	0.9464	1.0305	1.1273	0.8948
QG37_03195	0.9241	0.8089	0.8868	0.7953	0.8425	0.8728	0.8463	0.9807	0.9330	0.8075	0.7703	0.8167	0.8329	0.8763	0.8067	0.8307	0.9545	0.8722	0.8646	0.9076	0.9093	0.9643	0.9345	0.9485	0.9318	0.9896	0.9950	0.8476	0.9432	0.7369	0.9641	0.8323	0.9292	0.8773	0.9337	0.8610	0.9689	0.8774	0.8830	0.9715	0.8974	0.8407	0.9290	0.9745	1.0359	1.0140	1.0594	0.9519
QG37_03196	0.9252	0.7233	0.7247	0.8568	0.8595	0.9071	0.7734	0.8571	0.8431	0.8736	0.8516	0.8672	0.7552	0.8942	0.8159	0.8863	0.7887	0.9794	0.9655	0.8323	0.8390	0.9414	0.9277	0.9805	1.0195	0.8137	0.8234	0.9010	0.9063	3.7654	1.8845	0.8231	0.8908	0.8056	0.8819	0.7731	0.8060	0.8123	0.9007	0.7832	0.8786	0.8861	0.9077	0.8487	0.8508	0.8862	0.9355	0.8378
QG37_03197	0.8784	0.8658	0.8265	0.9233	0.8707	0.8228	0.8468	0.9229	1.0092	0.6839	0.8945	0.8364	0.9046	1.0060	0.8004	0.8613	0.8399	0.8991	0.9831	0.7954	0.8719	0.8357	0.9143	0.8345	0.9650	0.8904	0.8633	0.8020	0.8517	2.1440	1.2261	0.9383	1.0394	0.8636	0.7489	0.7468	0.8777	0.8670	0.8980	0.8058	0.9218	0.9110	0.7290	0.8208	0.9690	0.8603	0.9257	1.0753
QG37_03198	1.0070	0.9682	0.9919	1.2797	0.9408	0.9021	0.9211	1.0686	1.0676	1.1090	0.9400	0.9276	1.0150	1.1277	1.0293	0.9043	1.1014	1.0658	0.9216	0.9576	1.0147	1.1408	1.0459	0.9594	1.0745	1.0861	1.1112	0.9896	0.8807	1.1549	1.1128	1.1389	1.1129	0.9610	0.9557	1.0289	1.1175	1.1219	1.0651	1.0847	1.0734	1.0767	0.9049	1.1118	1.1009	1.0564	1.1454	1.0198
QG37_03199	0.6692	0.8720	0.8934	0.9018	0.7958	0.7817	0.6284	0.6603	0.7945	0.7781	0.8968	0.7857	0.9942	0.8742	0.9968	0.8192	1.0463	0.8957	0.7700	0.8548	0.9501	1.1004	0.8716	0.7512	1.0609	0.8692	1.0451	0.7993	0.9278	0.9085	0.9512	1.0362	0.8137	0.8692	0.8886	0.9089	0.9580	0.9684	0.8389	0.9447	0.9573	0.8573	1.0023	0.8361	0.8474	0.9891	0.8422	1.0649
QG37_03200	1.0008	0.9594	0.8383	0.8793	0.7806	0.8791	0.7257	0.8870	0.8580	0.8033	0.9399	0.8688	1.0371	0.9790	1.1822	0.9218	1.0231	0.9416	0.9932	1.0183	1.0283	1.1064	1.0258	0.9931	1.1460	0.8470	1.0691	0.8936	0.9107	0.7811	1.0688	1.0863	0.8570	1.0926	0.9304	0.9865	0.8530	0.9271	0.9909	0.8451	1.0659	0.9070	1.0527	0.9349	0.9573	1.0058	0.9466	1.1794
QG37_03201	0.8624	0.7863	0.8452	0.9306	0.7845	0.8468	0.8280	0.8142	0.9452	0.8127	0.8944	0.8349	0.9117	0.9145	0.9635	0.9670	0.8427	0.8967	0.8856	0.8571	0.9388	0.9587	0.8907	0.9583	0.8370	0.8117	0.8632	0.8355	0.8190	0.8745	0.9424	0.8089	0.8531	0.8744	0.8958	0.9043	0.8754	0.8282	0.8963	0.8925	0.9686	0.8539	0.8441	1.0209	0.9128	0.9106	0.9297	0.8806
QG37_03202	0.9305	0.8837	0.8165	0.8594	0.9681	0.9162	0.8668	0.8836	0.9373	0.8516	0.8106	0.8034	0.9162	0.8737	0.9810	0.9784	0.8907	0.9212	0.8836	0.9198	0.8509	0.9325	0.8795	0.9622	0.9549	0.9597	0.9475	0.8198	0.8363	0.8621	0.8357	0.8808	0.9190	0.9602	1.0396	0.8919	1.0457	0.9290	0.9620	0.9434	1.0281	0.9115	0.9380	0.9615	0.8901	0.9076	0.9201	0.8875
QG37_03203	0.8708	0.9328	0.9664	0.8915	0.8069	0.9408	0.9375	0.8904	0.9031	0.9192	0.8363	0.9797	0.9390	1.0287	0.8706	0.9315	0.8320	0.9936	0.8771	0.9154	0.9299	0.9986	0.9631	0.9807	0.9438	0.9304	0.9309	0.9838	0.8869	1.0273	0.9201	0.9608	1.0081	0.9199	0.9799	0.9809	0.9760	0.9536	0.9068	0.9751	1.0036	0.9031	0.9658	0.9375	0.9113	0.9397	0.9728	0.9423
QG37_03204	1.0889	1.0927	1.0824	1.0698	1.0313	1.0616	1.0637	1.0995	1.0535	1.0730	0.9851	1.0556	1.0152	1.1583	1.0008	1.0259	1.0573	1.0697	1.0930	1.0671	1.0469	1.0607	1.1314	1.0358	1.0329	0.9927	1.1572	1.0446	0.9847	1.0446	1.0605	1.0092	1.0572	1.0969	1.1230	1.1182	1.0303	1.0314	1.1230	1.0305	1.1101	1.0782	1.1321	1.1351	1.1052	1.1195	1.2447	1.0946
QG37_03205	1.1487	1.1161	1.1000	1.0765	1.0569	0.9427	0.9478	0.9593	0.8987	0.9295	0.9944	0.9495	0.9729	1.0728	0.8871	1.0063	1.0553	1.0166	1.0475	1.0923	0.9432	1.0161	0.9793	0.9657	1.0442	1.0035	1.0139	0.9756	0.8437	0.8366	1.0003	0.8805	1.1005	0.9822	1.0292	0.9370	0.9584	0.9600	0.9498	1.1009	1.1715	1.0015	0.8863	1.0327	1.1046	1.0573	1.0883	1.0321
QG37_03206	1.1089	1.0937	1.0141	1.0626	1.1793	1.0986	1.0318	0.9939	1.0040	1.0240	1.0771	1.0590	1.0595	1.0320	1.0614	1.0701	1.0754	0.9910	1.1039	1.0733	1.0666	1.0365	1.0777	1.0265	1.0922	1.0120	1.0618	1.0252	0.9657	0.9609	0.9498	1.0037	1.0222	1.0224	1.1147	1.1538	1.1201	0.9603	1.0648	0.9812	1.0718	1.1115	0.9616	1.0045	1.0704	0.9923	1.1319	1.0790
QG37_03207	1.1008	1.0762	1.0387	0.9626	1.0779	1.0033	0.9636	0.9786	1.0551	1.0221	0.9616	0.9939	1.0189	0.9545	0.9912	0.9873	0.9832	1.0379	1.0546	1.0149	1.0756	1.0229	0.9707	1.0217	1.0431	1.0099	1.0263	1.1030	1.0457	0.8518	0.9923	0.9169	1.0988	1.0619	1.0862	1.0049	1.1688	1.0459	1.0215	1.0088	1.0876	1.0914	1.0143	0.9956	1.1210	1.0801	0.9992	1.0302
QG37_03208	1.0066	0.9435	1.0837	0.9628	0.9170	0.9473	0.9845	0.9847	0.9954	0.9584	0.9651	0.8804	1.0244	0.9267	0.9403	0.9318	0.9157	0.9560	0.8873	0.8763	0.8975	1.0035	0.9648	1.0085	0.9227	0.9076	1.0272	1.0516	0.9556	0.7393	0.9617	1.0018	1.0031	0.9946	0.9145	0.9579	1.0684	1.0721	0.9464	1.0512	1.0115	1.0168	0.9289	1.0385	0.8648	0.9760	0.8267	1.0139
QG37_03209	0.7617	0.9009	0.9371	0.8547	0.8207	0.9462	1.0034	0.7283	1.0072	0.7324	1.0701	0.7492	0.8765	0.9722	0.9483	0.7420	0.7771	0.8280	0.7356	0.8724	0.9303	0.7148	0.8344	0.8769	0.8352	0.8466	0.8072	0.8108	0.7650	0.8272	0.8963	0.8543	0.9867	0.8762	0.7821	0.8663	0.7729	1.1210	0.9934	0.7980	0.9178	0.7957	0.9143	0.9123	0.9187	0.8669	0.8348	0.7865
QG37_03210	0.9694	0.9474	0.9550	0.9131	0.9750	1.0371	0.9904	1.0360	0.9410	1.0521	0.9924	0.9655	0.9441	1.0335	0.9353	0.9755	0.9429	1.0301	0.9312	1.0294	1.0050	0.9689	0.9618	0.9460	0.9515	1.0648	0.9530	0.9377	0.9555	0.8345	0.9707	0.8807	0.9976	0.9545	0.9892	0.9576	0.9616	0.9350	0.9106	0.9920	1.0364	0.9686	0.9332	1.0033	0.9764	1.0417	0.9854	0.9372
QG37_03213	0.9731	0.9520	0.9984	0.9717	1.0261	1.0071	1.0392	0.8798	0.9529	0.8799	0.9509	0.8519	0.8079	1.0970	0.8712	0.9078	0.9785	0.8843	0.9477	0.9099	0.8557	0.8526	0.8960	0.9135	0.8346	0.9118	0.8771	0.8294	0.8895	1.0582	0.8216	0.8683	1.0284	0.9852	0.8624	0.9167	1.0028	0.9285	0.9881	1.0445	0.9460	0.9370	0.7716	0.9328	0.8423	0.9028	0.8320	0.8832
QG37_03214	1.0726	0.9505	0.9343	0.9802	0.9902	1.0115	0.9823	0.8872	0.8915	0.8791	0.9659	0.9313	0.8794	0.9412	0.9051	1.0093	0.9503	1.0028	0.9755	0.9607	0.9504	0.9124	0.8449	0.9767	0.9408	0.8922	1.0242	0.8765	0.8710	0.9269	1.0192	0.8825	0.9489	0.9549	0.8728	1.0213	0.9582	1.0085	1.0679	0.9259	1.0041	0.9204	0.8848	0.9931	1.0338	0.9112	0.9697	0.8411
QG37_03215	0.8159	0.8960	0.8527	0.9498	0.7295	0.9649	0.9493	0.8811	0.7724	0.7541	0.7489	0.6776	0.7196	0.7767	0.8259	0.7767	0.8696	0.8984	0.8372	0.8228	0.8742	0.9080	0.8765	0.8785	0.8714	0.7344	0.7597	0.6478	0.7483	0.4835	0.7136	0.6865	0.7672	0.7747	0.8174	0.7072	0.9217	0.9115	0.9442	0.7128	0.8887	0.8283	0.8833	0.8560	0.8358	0.9472	0.9926	0.8268
QG37_03216	0.8263	0.9119	0.8441	0.9614	0.8689	0.9343	0.9257	1.0217	0.9715	0.9472	1.0268	0.8830	1.0320	1.0331	0.8941	1.0426	0.9190	0.8057	0.7395	0.7651	0.8299	0.8967	0.9014	0.8832	0.7738	0.7458	0.7787	0.9706	0.9561	0.8269	0.8389	0.7574	0.6684	0.8523	0.8250	0.8626	0.9683	0.8283	0.8433	0.9021	0.8021	0.7134	0.8285	0.9343	0.9640	0.9327	0.7253	0.9071
QG37_03217	0.8297	0.7837	0.7928	0.9538	0.8285	0.9583	0.7500	0.8242	0.8713	0.9057	0.8346	0.8984	0.6723	0.8118	0.7153	0.7174	0.8329	0.8302	0.9839	0.7808	0.8309	0.8546	0.8180	1.0613	0.8314	0.8049	0.7526	0.7642	0.8578	0.8154	1.1140	0.8790	0.9146	0.7730	0.8393	0.9011	0.9074	0.7901	0.8968	0.7741	0.9359	0.9467	0.8607	0.9560	0.9363	1.0521	0.7819	0.8681
QG37_03218	0.8543	0.8303	0.7141	0.7880	0.8555	0.7941	0.8150	0.7895	0.8786	0.7852	0.8756	0.8547	0.8802	0.8906	0.9115	0.9328	0.8393	0.8546	0.8635	0.8111	0.9445	0.8664	0.8715	0.9331	0.8660	0.8520	0.8423	0.8242	0.7879	0.7272	0.8630	0.8173	0.8209	0.8343	0.8638	0.9321	0.9877	0.9150	0.8759	0.8494	0.9156	0.8276	0.7737	0.8675	0.8184	0.8171	0.8245	0.8408
QG37_03219	1.1269	1.0112	0.9344	1.0237	1.0082	0.9499	1.0738	1.0641	1.0471	1.0123	1.0207	0.9916	0.9737	1.0687	0.9630	1.0121	0.9831	1.0048	1.0091	1.0409	1.0126	1.1208	0.9415	1.0216	1.0683	1.0269	0.9640	1.0601	0.9831	0.9773	0.9621	1.0445	1.0851	1.0405	0.9974	1.0789	1.0391	1.0656	0.9649	1.0299	0.9466	1.0122	0.9774	1.0278	1.0653	0.9814	0.9773	1.0405
QG37_03220	0.8539	0.9508	0.8850	0.8301	1.0008	0.9622	0.9070	0.9111	0.8897	0.8853	0.9727	0.9506	0.9454	0.9686	0.9913	0.9344	0.9314	0.8280	0.9566	0.9279	0.9601	0.8991	0.8895	0.8723	0.9435	0.8563	0.8832	0.8469	0.9177	0.7023	1.0295	0.9698	0.9149	0.7632	0.9170	0.9417	0.9797	1.0035	0.8693	0.9130	1.0174	0.9272	1.0773	1.1634	1.0017	0.9246	1.0900	0.8698
QG37_03221	0.9698	0.8515	0.8825	0.7853	0.8867	0.8833	0.9466	0.9358	0.8289	0.8922	0.8984	0.8365	0.8611	0.9644	0.9024	0.8741	0.8674	0.8495	0.9048	0.9101	0.8056	0.8014	0.9007	0.8263	0.7990	0.8058	0.8578	0.8715	0.8531	0.8584	0.8524	0.8585	0.8599	0.7848	0.8649	0.8258	0.8324	0.9285	0.8644	0.8450	0.9574	0.8979	0.8554	0.9306	0.8937	0.9074	0.9377	0.8897
QG37_03222	0.7506	0.7910	0.7601	0.7456	0.7637	0.7498	0.7042	0.7939	0.8398	0.7665	0.8598	0.7654	0.7023	0.8309	0.6784	0.7814	0.7515	0.8558	0.8307	0.8744	0.8588	0.8623	0.7642	0.8116	0.8439	0.8566	0.8474	0.8029	0.6965	0.7387	0.6709	0.7606	0.7723	0.7189	0.9010	0.8468	0.7805	0.7428	0.8471	0.8933	0.8557	0.7624	0.7366	0.8329	0.8996	0.8284	0.8009	0.8126
QG37_03223	1.0655	0.8808	0.9499	1.0410	0.9725	0.9376	1.0724	0.9022	1.0757	0.9021	0.9327	0.8817	0.8325	0.9398	0.8943	0.9460	1.0565	1.0137	0.9904	0.9564	0.9953	0.9222	0.9401	0.9906	0.9521	0.8904	1.0334	1.0075	0.9983	1.0215	0.8877	0.9597	0.9327	0.9325	0.9202	0.9558	0.9786	0.9741	0.9699	1.0179	1.0504	0.9353	0.9902	1.0568	0.8961	0.9759	0.9090	1.0595
QG37_03224	0.9059	0.8998	1.0288	1.0115	0.7553	1.0384	0.9333	0.9949	0.8989	0.8870	0.9950	0.7920	0.8458	0.8737	0.7435	1.0215	0.9162	0.8950	0.8436	0.9864	0.9198	0.9189	0.9357	0.8411	0.9337	0.8046	0.9132	0.8948	0.9105	0.6487	0.8112	0.8887	0.8901	0.6615	0.7727	0.7989	0.7558	0.6864	0.7553	0.7034	0.7084	0.7382	0.8366	0.9727	0.9956	0.9723	0.8923	1.0407
QG37_03225	1.0226	0.7982	0.9335	0.9329	0.9814	1.1013	0.9123	1.0707	0.9480	0.9721	0.9191	0.8567	0.8857	0.9906	0.9841	1.0153	0.9678	0.8661	1.0559	0.9271	0.9414	0.9460	0.8961	0.9302	0.8346	0.9656	0.9463	0.9274	0.8243	0.5577	0.8437	0.9460	0.9441	0.8426	0.8296	0.8023	0.7540	0.8300	0.8185	0.8494	0.7198	0.9745	0.8279	0.9882	0.9847	0.9106	0.9833	0.9850
QG37_03226	0.9622	1.0050	0.9517	0.9170	0.9326	1.0384	1.0732	0.9863	0.9390	1.0468	1.1130	1.1458	1.0567	1.0879	0.8857	1.0047	0.9724	0.9390	1.1067	1.0046	1.0169	0.9028	0.9017	0.9763	0.9948	0.9562	1.0658	0.9071	0.9098	0.9809	1.0841	1.0972	1.1401	1.0328	1.0462	0.8713	1.0514	0.9046	0.9953	0.9311	0.8744	1.1310	1.0286	1.0265	0.9102	0.8339	1.1835	1.0065
QG37_03227	0.9289	0.9387	0.8482	0.8635	1.0853	0.9018	1.0579	1.0552	0.9321	1.1639	0.9350	1.1569	0.9823	0.9744	1.0108	0.9477	1.0684	1.1447	1.1579	1.1573	1.0840	1.0039	0.9881	1.0519	1.0773	1.0850	0.9011	0.9589	1.1285	0.8839	1.0223	1.0101	1.0265	1.0789	0.9022	0.8619	1.1716	1.0882	0.9433	1.0886	1.2716	0.9702	1.2723	0.9806	1.0592	0.9672	0.9511	1.0757
QG37_03228	0.8121	0.9620	0.8912	0.8960	0.9844	0.9817	0.9374	0.9628	0.9423	1.0335	0.9453	0.9818	1.1359	0.9844	0.8796	0.8725	0.9720	0.9242	1.0180	1.0328	1.0613	1.0021	0.9707	1.0084	1.2045	1.0481	1.0956	1.0261	1.0180	1.0734	1.0821	1.0026	1.4614	1.0283	0.8683	0.8872	1.0116	1.0571	0.8687	0.9994	1.1099	1.2023	1.1261	0.8168	0.9791	0.9617	0.9204	0.9231
QG37_03229	0.8811	0.8401	0.7754	0.8690	0.8248	0.9221	0.9069	0.7664	0.8488	0.8028	0.7938	0.7704	0.7317	0.8489	0.7738	0.8205	0.8446	0.8517	0.8379	0.8048	0.9165	0.8622	0.8524	0.7971	0.8284	0.7560	0.8418	0.8108	0.7119	0.8775	0.8641	0.7840	0.8590	0.7764	0.9561	0.8113	0.7841	0.8446	0.8380	0.8219	0.8439	0.8626	0.7329	0.9322	0.8469	0.8527	0.8691	0.9002
QG37_03230	0.8348	0.9691	0.9607	0.9957	0.9814	0.8320	1.0504	1.0738	1.0256	0.8833	0.8709	0.9133	0.9728	0.9826	0.9197	0.9949	0.9467	0.9295	1.0562	1.0225	1.0248	1.0327	0.8804	1.0325	0.9481	0.9595	0.9652	0.9390	0.8941	0.8875	0.8872	0.9671	0.9544	0.9880	0.9548	0.9005	1.0408	0.9111	0.9685	0.9321	1.0304	0.9224	0.9209	0.9814	0.9179	1.0452	0.9935	0.9678
QG37_03231	0.8085	0.7329	0.7512	0.6942	0.7902	0.8579	0.7963	0.7190	0.7287	0.7335	0.7884	0.7349	0.7434	0.8996	0.8230	0.8833	0.7546	0.8479	0.7639	0.7178	0.8226	0.8081	0.8318	0.8539	0.8153	0.7231	0.7629	0.7140	0.7276	0.6593	0.8327	0.7398	0.7280	0.8132	0.7573	0.8490	0.7522	0.8586	0.8384	0.7966	0.8379	0.7454	0.7985	0.8252	0.8142	0.8310	0.8158	0.8706
QG37_03232	0.5960	0.4351	0.4221	0.4004	0.4281	0.4463	0.5109	0.5131	0.4106	0.4111	0.4691	0.3846	0.4527	0.4160	0.4950	0.5447	0.4301	0.5360	0.5460	0.4473	0.5318	0.3965	0.3802	0.5201	0.4593	0.4848	0.4383	0.3991	0.3653	0.5968	0.4143	0.4808	0.3598	0.4722	0.4805	0.4668	0.4623	0.4867	0.4048	0.5366	0.4966	0.4257	0.4442	0.4547	0.3445	0.4655	0.4648	0.3920
QG37_03233	0.8397	0.7258	0.6981	0.7298	0.7826	0.5887	0.7529	0.7401	0.8615	0.7214	0.7744	0.5927	0.6040	0.6692	0.7794	0.6805	0.6294	0.8195	0.8982	0.7750	0.6999	0.5934	0.6123	1.0135	0.8401	0.7080	0.6863	0.6450	0.5997	0.8563	0.7531	0.7639	0.7307	0.6462	0.7722	0.6732	0.7957	0.7193	0.6327	0.7182	0.7495	0.6773	0.6546	0.8819	0.6036	0.7939	0.7043	0.7805
QG37_03234	0.8273	0.7671	0.7268	0.8455	0.8032	0.7579	0.8229	0.8094	0.7694	0.6937	0.8775	0.7081	0.7500	0.8475	0.7983	0.8701	0.7395	0.7737	0.8228	0.8072	0.8572	0.8083	0.7990	0.8623	0.7802	0.7277	0.8325	0.7708	0.7245	0.7145	0.8445	0.7678	0.7989	0.8691	0.7870	0.8561	0.8552	0.8139	0.8021	0.7923	0.8004	0.8190	0.7663	0.7823	0.7597	0.8167	0.8227	0.8070
QG37_03235	1.0618	0.8605	0.8227	0.7808	0.9580	1.0768	1.0866	1.1333	0.9755	0.9413	0.9940	1.0457	1.0573	1.0733	0.8645	0.8875	0.8255	0.9953	0.9878	0.9676	1.1211	1.1194	0.9667	1.2083	0.9337	0.8876	1.0633	1.0324	1.0657	0.9539	0.9213	0.9166	0.9113	0.9616	1.1046	1.1127	0.9805	1.1071	1.1536	1.1051	1.0215	0.9528	1.0500	1.0472	0.9148	1.0317	0.9792	1.0441
QG37_03236	0.7936	0.8998	0.7917	0.8997	0.9258	0.9160	0.9534	0.7920	0.8307	0.8311	0.8142	0.9208	0.8232	0.8565	0.9660	0.8936	0.8501	0.8608	0.9535	0.7777	0.9201	0.8102	0.8529	0.8908	0.7800	0.8247	0.9556	0.8770	0.8864	0.8303	0.8389	0.8379	0.8218	0.9819	0.9826	0.9967	0.9942	0.9651	0.9816	0.7999	0.9206	0.8972	0.9972	0.9360	0.9762	1.0244	1.0075	1.0025
QG37_03237	0.9517	1.0199	1.0037	0.9949	0.9238	0.8885	0.9118	0.9266	1.0129	0.9699	1.0041	0.9437	0.8446	0.9158	0.8972	1.0444	0.9151	1.0313	0.9653	0.9567	0.9085	0.9416	0.8807	0.9440	0.9581	0.9765	1.0004	0.8853	0.9138	0.8945	0.9574	0.8603	0.9327	0.9272	0.9874	0.9190	0.8715	0.9459	0.9647	0.9837	1.0090	0.9241	0.9913	0.9721	1.0159	0.8877	1.0152	0.9467
QG37_03238	0.9143	0.9971	1.0130	0.8355	0.8185	0.8721	0.7760	0.9695	0.9012	0.9274	0.8796	0.9272	0.8727	1.0491	0.7671	0.8787	0.7916	0.6791	0.8501	0.9284	0.9545	0.9602	0.8693	0.9945	0.8125	0.8188	1.0251	0.7959	0.8193	0.6156	0.8831	0.8291	0.9555	0.7495	0.8563	0.6847	0.8390	0.8657	0.8889	0.9293	0.8683	0.9906	0.8595	0.8858	0.7895	0.7801	0.9257	0.8724
QG37_03239	0.8481	0.7169	0.7348	0.6604	0.7276	0.6901	0.6532	0.5934	0.7941	0.6938	0.7041	0.7415	0.7498	0.7095	0.6817	0.6359	0.7634	0.5896	0.7077	0.7364	0.6853	0.6584	0.6756	0.7015	0.7184	0.6771	0.7554	0.6531	0.7925	0.9739	0.6673	0.6895	0.7930	0.6795	0.6866	0.6688	0.8677	0.7720	0.6777	0.7857	0.7186	0.7338	0.8922	0.8487	0.9478	0.8504	1.0169	0.9585
QG37_03240	1.0059	1.0090	0.7017	0.6908	0.9351	0.8734	0.8524	0.9095	0.8348	0.8849	0.8661	0.9562	0.8240	0.7775	0.7451	0.9231	0.8364	0.8132	0.8893	0.8751	1.0317	0.9501	0.8826	0.9372	0.8923	0.6838	0.8013	0.9117	0.8733	0.7760	0.7551	0.8072	1.0594	0.8513	0.8381	0.6732	1.0074	0.9063	0.8878	0.8449	0.8709	0.8370	0.9663	1.1038	1.0412	1.0541	1.1760	1.1166
QG37_03241	1.0153	0.8536	0.7531	0.7780	0.8622	0.8972	0.8696	0.9275	0.9073	0.8322	0.9846	0.9734	0.9312	0.9203	0.8715	0.9451	0.8463	0.9024	0.9760	0.9085	1.1734	0.8778	0.9914	0.9283	0.8730	0.7836	0.9283	0.9118	0.7752	0.8572	1.0055	0.7811	0.9885	0.9020	0.9152	0.7593	0.9360	0.8678	0.9131	0.9251	0.8587	0.8162	1.0076	1.0359	0.9316	0.8951	0.9705	1.0513
QG37_03242	0.8699	0.7860	0.8737	0.8902	0.8012	0.8618	0.8744	0.8436	0.8401	0.8729	0.8486	0.8709	0.9087	0.9715	0.8328	0.8875	0.8734	0.7476	0.8743	0.9706	0.8906	0.8936	0.8937	0.8557	0.8113	0.8148	0.8878	0.8124	0.7924	0.9221	0.8716	0.7889	0.8443	0.8249	0.8482	0.8847	0.8824	0.9279	0.8733	0.9348	0.8599	0.9058	0.9415	0.8954	0.8935	0.9161	0.9020	0.9941
QG37_03243	1.0513	0.9506	0.9409	0.9012	0.9912	0.9413	0.8790	0.8977	0.9664	0.9559	0.9354	0.8872	0.9600	0.9518	0.9272	0.9232	0.9123	0.9661	0.9914	0.9068	0.9523	0.9404	0.9301	0.9665	0.9079	0.9198	0.9103	0.8769	0.9193	0.8694	0.9167	0.9412	0.9379	0.9612	0.9956	0.9620	0.8987	0.9709	0.9952	0.9526	0.9696	0.9837	0.9916	0.9798	0.9900	0.9968	0.9891	1.0036
QG37_03244	1.0388	1.0157	0.9815	1.0849	1.1307	1.0502	1.1153	1.0701	0.9958	0.9644	0.9415	1.0187	1.0458	0.9761	1.0117	1.0630	1.0215	1.0143	1.0139	0.9656	1.0242	0.9877	0.9635	1.0547	1.0198	1.0296	1.1492	1.0101	0.9490	1.0103	0.9902	0.9795	0.9749	1.0979	1.0869	1.1287	1.0617	1.1255	1.1356	1.0716	1.0498	1.0207	0.9243	1.0962	1.0530	0.9999	1.0111	1.0830
QG37_03245	0.9831	0.9772	1.0582	0.8762	1.0333	1.0226	0.9743	1.0334	1.0067	0.9879	1.0721	1.0587	0.9296	0.9733	0.9559	1.0640	1.0104	1.0030	0.9739	0.9580	0.9758	0.9805	1.0311	1.0433	1.0322	0.9908	1.0127	0.9939	0.9221	0.9209	1.0078	0.9210	1.0112	1.0013	0.9876	1.0675	1.0082	1.0280	1.0216	0.9941	1.0754	0.9746	1.0737	1.0470	1.0645	1.0771	1.0099	1.0558
QG37_03246	0.9660	1.0117	1.0350	0.9658	1.0134	1.0797	1.0163	0.9127	0.9760	0.9765	0.9800	0.9529	0.9517	0.9594	0.9559	0.9518	1.0305	0.9467	1.0005	0.9865	1.0381	1.0065	0.9901	0.9339	0.9851	0.9716	0.9650	0.9580	0.9851	0.9739	1.0927	1.0132	1.0125	1.0485	0.9699	0.9765	1.0524	1.0318	1.1035	0.9951	1.0539	0.9840	0.9473	0.9623	0.9226	0.9433	0.9842	0.9722
QG37_03247	0.9962	1.0536	0.9047	0.9743	0.9496	0.8312	0.8585	0.8204	0.9161	0.9111	0.9074	0.9300	0.8401	0.9316	0.8581	0.9667	0.9976	0.9846	0.9254	0.9792	0.9272	0.9663	1.0074	0.9245	0.8882	0.9273	0.9013	0.9606	0.9354	0.7799	0.9598	0.9399	0.9189	0.9013	0.9698	0.8764	1.0282	0.9864	0.8285	0.9543	0.9781	0.8873	0.9789	0.9732	0.9887	0.9297	0.9287	0.9288
QG37_03248	0.8843	1.0090	0.9668	1.0920	0.8680	0.9147	0.9124	0.8480	0.9838	0.8671	0.8101	1.0333	0.8957	0.9649	0.8882	1.0595	0.9045	0.9348	0.7719	0.8718	0.8950	1.0331	1.0299	0.9762	0.8920	0.8660	0.8966	0.9365	0.9753	0.8563	0.9106	0.8527	0.9964	0.9534	0.8184	0.9961	1.0143	1.1520	0.7437	0.8670	0.9027	0.9228	0.8450	1.0164	0.7948	0.9973	1.0912	1.0813
QG37_03249	1.0681	0.8738	0.9241	0.9796	0.9224	0.9929	1.0321	0.9103	1.0631	0.9098	0.9379	0.9325	0.9638	0.9262	0.8725	0.9050	0.8945	0.8957	0.8455	0.8205	0.9821	0.9262	0.9662	0.9219	0.8539	1.0166	0.9943	0.9282	0.9299	0.8430	0.8400	0.8624	0.9776	0.7750	0.9824	1.0936	0.9900	0.9863	1.0029	0.8706	1.0386	0.9838	0.9163	1.0558	0.9081	0.8919	1.0776	1.0541
QG37_03250	1.0357	0.9656	0.9746	0.9766	1.0885	0.9856	1.0320	1.0400	1.0641	0.9997	1.1312	1.0120	1.0045	0.9496	0.9140	0.9384	0.9070	0.8474	1.0723	0.9520	1.1433	0.9122	0.8890	0.8662	0.8658	0.9165	0.9486	0.9105	0.8281	0.8760	0.8040	0.8020	0.9499	1.0497	1.0768	0.9696	0.9901	0.8604	0.9669	1.1247	0.9335	1.0577	0.9515	0.8624	0.9015	1.0455	1.0413	1.0125
QG37_03251	0.9907	0.9267	0.9896	0.9780	0.9478	0.9456	1.0322	0.9932	1.0333	0.8689	0.8580	0.9228	0.9202	1.0100	0.9212	0.9120	0.9352	0.9284	0.9796	0.9843	1.0447	1.0051	1.0346	0.9477	0.9322	0.8982	0.9064	0.9360	0.9311	0.8321	0.9433	0.8458	0.9216	0.9831	0.9830	0.8630	0.9617	1.0006	0.9563	1.0491	0.9811	0.9726	0.9320	0.9721	1.0045	0.9444	0.9526	0.9668
QG37_03252	1.0312	0.8100	0.8432	0.8617	0.8905	0.8740	0.8319	0.9889	1.0869	0.9584	0.6538	0.9775	0.8982	0.9784	0.8424	0.8590	0.7853	0.9588	1.0418	0.8192	1.1161	0.8597	1.0749	0.9612	0.8778	0.9202	0.9887	0.9861	0.7732	0.9121	0.9978	0.8760	0.8439	0.8749	0.8642	0.9600	1.0143	0.9335	0.8216	1.0696	0.8326	1.1241	1.1046	0.8510	1.0564	1.0056	1.0933	1.0449
QG37_03253	0.8707	0.7605	0.9655	0.6099	0.9271	0.8027	0.8532	0.8431	0.7853	0.8583	0.8717	1.0577	0.8130	0.9302	0.8357	0.8637	0.9125	0.8669	0.8996	0.8546	0.9628	0.9376	1.0261	0.8206	1.0173	0.9310	0.9448	0.8998	0.7072	1.0073	0.9540	0.9505	0.9122	0.8124	0.8659	0.9535	0.8817	0.7854	0.7759	0.9404	0.8041	0.7861	0.9462	0.7376	0.7337	0.9733	1.0202	0.9808
QG37_03254	0.8728	0.7654	1.0878	0.7084	0.9493	0.9278	0.9291	0.9431	0.8766	0.8552	0.9467	0.9567	1.0416	0.8857	0.7985	0.9313	0.9786	0.9207	0.8281	0.8927	0.9594	0.8896	0.9783	0.9212	0.9872	0.8951	0.8721	0.8476	0.6910	0.9979	0.8340	1.0932	0.8615	0.9323	0.8767	0.9024	0.9693	0.9182	0.8070	0.9226	0.9290	0.8427	1.0791	0.8224	0.7764	1.0214	0.8991	0.9113
QG37_03255	0.9397	0.9166	0.8766	0.9101	0.8128	0.9177	0.8118	0.8445	0.9506	0.7815	0.9463	0.8303	0.9684	0.9397	0.9689	0.8911	0.8923	0.9645	0.9936	0.8895	0.9160	0.9069	0.8850	1.0503	0.8934	0.8658	0.8401	0.8704	0.9021	0.8788	0.8411	0.9329	0.8670	0.9209	0.9315	0.8955	0.8977	0.9786	0.8745	0.9262	0.9554	0.8710	0.9212	0.8797	0.9285	1.0405	0.9078	0.9610
QG37_03256	1.0153	1.0296	0.8240	1.0965	0.9071	0.7959	0.8920	0.8734	0.8808	0.8351	0.8042	0.8161	0.8809	1.0181	0.8034	0.7695	0.9227	1.0692	1.0476	0.9104	0.9319	0.9422	1.0229	0.9524	0.9110	0.8934	1.0319	1.0023	0.9024	0.9309	0.9293	0.8693	0.9087	0.9567	0.8884	0.9698	0.9499	0.9502	0.9765	0.9279	0.9860	0.9248	0.8525	0.7989	0.8050	0.9515	0.9956	0.9196
QG37_08415	1.0362	1.0108	0.9327	0.9892	0.8941	0.9549	1.0724	0.7362	0.8277	0.9128	1.0136	0.8730	0.8525	0.9211	0.9314	0.9506	0.8691	1.1271	0.9860	0.9090	0.8833	0.9924	0.9845	0.7970	1.0277	0.9366	1.0028	0.9742	0.9144	0.8963	0.8494	0.9846	0.7972	0.9665	0.9825	1.0297	0.7703	1.1228	1.1676	1.0358	0.8968	1.0179	1.1974	0.8039	0.7472	0.8934	0.9998	0.7523
QG37_03257	0.7427	0.7637	0.7313	0.6077	0.7763	0.6922	0.7604	0.5972	0.8130	0.6895	0.7679	0.7886	0.7283	0.7041	0.8211	0.8130	0.6894	0.8039	0.7910	0.7080	0.7597	0.7853	0.6415	0.7387	0.6931	0.6946	0.6907	0.7413	0.7291	0.4601	0.6733	0.7449	0.7282	0.7975	0.7615	0.7579	0.6177	0.7288	0.8414	0.8193	0.6924	0.8714	0.8009	0.5984	0.7066	0.6417	0.7228	0.6342
QG37_03258	0.8998	0.9529	0.8638	1.0491	0.9062	1.0576	0.9446	0.9869	0.9389	0.9130	0.9394	0.9418	0.9477	1.1373	1.0697	1.0358	1.0053	1.0923	1.1015	0.9745	1.0187	0.9003	1.1000	1.0045	0.9771	1.0187	0.9472	0.9247	0.8881	0.9576	1.0940	1.0191	0.9676	0.9634	1.0866	1.0250	1.0873	0.9703	1.0185	1.0040	1.0862	1.0524	1.0380	1.0182	1.0134	1.0712	0.9937	0.9773
QG37_03259	1.0622	1.0642	1.2093	1.0150	0.8548	0.9501	1.0420	0.9871	0.9185	0.8131	0.8974	1.0363	0.7012	0.9077	1.0084	0.9032	1.0026	0.9114	1.1450	1.0280	1.0001	1.0365	0.8085	0.8957	1.0983	0.8658	1.0175	0.9789	1.0966	0.7908	1.0229	1.0476	0.8681	1.0219	0.9327	1.0331	1.0444	1.0003	1.0253	1.0658	1.0159	1.1766	0.9385	0.9118	1.1699	1.1350	0.8896	0.9898
QG37_03260	0.8358	0.9280	0.8481	0.8674	0.9621	0.8676	0.9079	0.8786	0.9110	0.8873	0.9707	0.8667	0.9578	0.8996	0.9800	1.0427	0.9289	0.9928	0.9247	0.8801	1.0421	0.9473	0.9840	0.9327	0.8634	0.8781	0.8307	0.7794	0.8147	0.8791	0.8365	0.9050	0.9415	0.9616	0.9407	1.0337	0.9364	0.9801	0.9717	0.9518	0.9806	0.9757	0.9149	0.9866	0.9588	0.9513	0.9156	0.9348
QG37_03261	0.8955	1.0592	1.0488	1.0962	1.0580	0.9866	0.9184	1.0032	0.9850	1.0996	1.1559	0.8316	0.9513	1.1914	1.1131	1.0106	1.1150	1.0779	0.8917	0.8570	1.0733	1.1176	1.1252	1.1094	0.9309	0.9787	1.0570	1.0574	0.8878	1.1485	0.8817	1.0882	0.9994	1.1866	1.1205	1.1534	0.8892	1.1023	1.0193	0.9998	1.0856	1.1118	1.1227	1.2468	1.2627	1.2341	1.1942	1.0168
QG37_03262	0.7424	0.6903	0.6168	0.8155	0.7840	0.7963	0.7411	0.6854	0.7834	0.7901	0.8155	0.7199	0.7194	0.7807	0.8237	0.8343	0.7795	0.8289	0.8087	0.7079	0.8060	0.7592	0.7692	0.7765	0.7607	0.7255	0.7224	0.7192	0.6686	0.7448	0.7656	0.7251	0.7456	0.7662	0.6894	0.7646	0.8106	0.7902	0.7676	0.7710	0.7935	0.7736	0.8350	0.8036	0.7515	0.8076	0.7999	0.7977
QG37_03263	0.8903	0.8924	0.9002	1.0237	0.9072	0.9417	0.8234	0.9978	0.8127	0.8790	0.8971	0.8055	0.8579	0.9717	0.9643	0.9928	0.8659	0.9764	0.8948	0.9332	1.0628	0.8887	0.9657	0.9588	0.9850	0.9403	0.9410	0.8839	0.8203	0.9036	0.9039	0.8843	1.0226	0.9365	0.8835	0.9704	1.0191	0.9306	1.0537	1.0079	0.8239	0.9177	0.9251	0.9199	0.8676	0.8668	0.8371	0.8679
QG37_03264	0.8619	0.8424	0.8917	0.9854	0.8810	0.9370	0.7682	0.8579	0.9073	0.7112	0.8478	0.8917	0.8088	0.8442	0.8749	0.8123	0.7983	0.9373	0.9076	0.8739	0.9230	0.9166	0.8306	0.9884	0.9817	0.7562	0.8930	0.7848	0.7872	0.6729	0.8022	0.8888	0.8958	0.8195	0.9881	0.9616	0.9645	0.9915	0.9799	0.8831	0.7374	0.9317	0.7796	0.9043	0.7999	0.9287	0.9545	0.9704
QG37_03265	0.8430	0.7747	0.7143	0.8104	0.7538	0.7682	0.8494	0.8770	0.8341	0.7711	0.7995	0.7688	0.7948	0.7857	0.7818	0.8243	0.7954	0.8646	0.8353	0.7555	0.8385	0.8305	0.8615	0.8366	0.7654	0.7994	0.7817	0.7613	0.7352	0.5993	0.7654	0.7461	0.8257	0.8495	0.8808	0.8821	0.8428	0.8028	0.8245	0.8215	0.8557	0.8282	0.7911	0.9180	0.8570	0.8325	0.8567	0.8732
QG37_03266	0.7231	0.8592	0.9015	0.9055	0.9579	0.8017	0.8735	0.8189	0.8349	0.8725	0.7688	0.7639	0.8474	0.8755	0.7682	0.9365	0.7673	0.8962	0.7463	0.7957	0.9210	0.8048	0.8752	0.8744	0.7948	0.8150	0.7512	0.7557	0.9681	0.6387	0.9587	0.8093	0.7351	0.7963	0.8110	0.9262	0.8183	0.9787	0.7248	0.8317	0.8098	0.8970	0.8954	0.4295	0.5617	0.4265	0.6778	0.4294
QG37_03267	0.9839	0.8779	0.7765	0.9410	0.8440	0.7701	0.8881	0.9186	0.9087	0.9024	0.9166	1.0059	0.9085	0.9648	1.0406	0.9591	0.8879	0.9583	0.9224	1.0105	0.8606	0.9993	0.9231	0.9495	0.9747	1.0080	1.0493	0.8439	0.9301	1.0321	0.8917	0.8907	0.8718	0.8952	0.8613	1.1692	1.0547	0.9845	1.0075	0.8938	0.8338	0.8027	0.8205	0.9396	0.9866	0.9869	1.0141	1.1386
QG37_03268	0.9103	0.8401	0.8497	0.9339	0.7954	0.8468	0.8855	0.8335	0.8816	0.8663	0.9054	0.7968	0.8267	0.9470	0.9606	0.9117	0.8891	0.7996	0.8200	0.7213	0.8044	0.8533	0.8537	0.8103	0.8473	0.8466	0.8270	0.8087	0.8657	0.6860	0.8863	0.8416	0.9525	0.9356	0.9712	1.0148	0.8114	0.9275	0.9651	0.8864	0.9010	0.9072	0.8669	0.8673	0.8651	0.8672	0.9419	0.9521
QG37_03269	1.1381	0.8143	0.8637	0.8681	1.0039	0.9172	0.9987	0.9499	0.9523	0.9068	0.9207	0.8129	0.8000	0.8702	0.9218	0.9206	0.8993	0.9005	0.9644	1.0158	0.8473	0.8785	1.0651	0.9431	0.9648	0.9740	0.8979	1.0212	0.9106	0.8454	0.9016	0.9405	0.9276	0.9385	0.9386	1.0449	0.8536	0.9587	0.8880	0.8855	1.0508	0.9452	0.8199	1.0639	0.8330	0.8064	0.9899	1.0560
QG37_03270	1.0494	1.0674	0.9037	1.1542	1.0131	1.1934	1.1211	1.0688	1.1548	1.0366	0.9301	0.9316	1.2059	1.1507	1.0370	0.9453	1.0156	0.8768	1.2679	1.1010	1.0481	1.0109	0.9375	1.2562	1.0897	1.0890	1.0140	1.0991	0.8125	1.0130	1.0927	0.9213	1.0360	1.0167	1.0522	1.0839	0.9292	0.8833	1.0313	0.9784	1.0776	1.0789	1.1004	1.1865	1.0767	1.0206	1.1304	1.0907
QG37_03271	0.9161	1.1143	0.8489	1.0364	1.0858	1.0141	1.1089	1.1161	0.9899	0.9706	1.0332	0.9671	0.8624	1.0308	0.9306	0.9945	1.0002	0.9472	0.9889	0.9723	1.0091	1.0774	0.8886	1.0060	0.9747	0.9598	0.9188	0.9254	1.1371	0.7730	1.1549	0.9331	1.0984	0.9411	1.0329	0.9461	0.9873	1.0100	1.0848	1.0324	1.0854	1.1294	1.0155	1.0240	1.0744	1.1368	0.9966	1.1208
QG37_03272	1.1650	0.9464	0.8995	0.8360	0.7996	0.8272	0.9465	0.9246	0.8967	0.8908	0.9337	0.9316	0.8434	0.7354	0.9206	0.7999	0.7832	0.7571	0.8366	1.0299	0.9049	0.9704	1.1410	0.8994	1.0092	0.8122	0.9390	0.8845	1.1142	1.0364	0.6990	0.9305	0.9865	0.8792	0.9019	0.8052	0.9741	1.1168	0.8843	1.0784	0.9607	0.8552	0.8899	0.8767	0.9524	0.9086	0.8895	1.1064
QG37_03273	1.0667	0.9831	0.9068	1.0076	0.9839	0.9821	1.0040	0.9242	0.9145	0.9171	1.0398	1.0052	1.0413	1.0427	0.9278	0.9010	1.0997	0.9673	1.0248	1.0073	0.9776	0.8802	0.9960	0.9905	0.8690	0.8947	1.0148	0.8867	0.8077	0.9166	0.9309	0.9459	1.0411	0.9714	0.9605	0.9902	1.0283	0.9760	1.0379	0.9507	1.0261	1.0427	0.8148	0.9521	0.9027	0.9723	1.0813	0.9256
QG37_03274	1.1711	1.1602	1.1171	0.9239	0.9679	1.0342	0.9895	0.9012	0.9817	0.9884	1.1010	1.1283	1.1408	1.2149	1.1075	0.8889	1.3163	0.9940	1.0821	0.9083	1.0710	0.9291	0.9925	1.0309	1.1215	1.1274	1.1017	1.1165	1.0082	1.0521	1.1080	1.0359	1.0041	0.9513	1.1229	1.0389	1.0954	0.8995	0.8943	0.9924	1.1532	1.1468	0.8974	1.0249	1.1045	1.0428	0.9895	1.0861
QG37_03275	0.9187	1.0185	0.9802	0.8046	0.8977	0.8653	0.9711	0.9886	0.9848	0.9151	0.9612	0.9826	1.1079	1.0501	1.1679	0.8074	1.1025	1.0090	0.9932	1.0469	1.0135	0.9131	0.9739	0.9874	0.9948	0.9887	1.0134	0.9194	0.8682	0.9197	0.8870	0.9647	1.0402	0.9487	1.1385	1.0093	1.0218	0.9407	1.0007	0.9908	0.9753	1.0074	1.0160	0.9835	1.0315	1.1611	0.9540	1.1658
QG37_03276	0.8400	0.9434	0.7697	0.8648	0.9465	0.9553	0.9791	0.9425	0.9250	0.8189	1.0075	0.7845	0.8607	0.8456	0.8402	0.9066	0.9550	0.8975	1.0101	0.8268	0.7901	0.8566	0.8826	0.9422	0.8229	0.9547	0.9285	0.8777	0.8752	0.8721	0.8486	0.8415	0.9409	0.9164	0.8928	0.9434	0.7957	0.9201	0.8770	0.9295	0.8641	0.9811	0.9466	1.0078	1.0292	0.9819	0.9699	0.9015
QG37_03277	1.1340	1.0998	0.9900	0.8744	1.0009	1.0461	0.9567	1.0126	0.9484	0.9450	0.9803	0.9117	0.9703	0.9847	1.0235	0.9218	0.9766	1.0082	0.9924	1.0499	0.9426	1.0246	0.9506	0.9911	0.9785	0.9712	0.9303	1.0268	1.0208	0.9130	1.0501	0.9663	0.9337	0.9641	1.0056	0.9484	0.9236	1.0439	1.0016	1.0260	1.0706	1.0104	0.9508	1.1049	1.0410	1.0301	0.9754	0.9804
QG37_03278	1.1541	1.1188	0.9145	0.9401	0.9397	0.9997	0.9320	1.0705	1.0551	1.0631	1.0848	0.9537	1.0442	0.9607	0.9734	1.0527	1.0556	1.0239	1.0577	1.1344	1.0335	1.0894	1.0927	1.1511	1.0720	1.0012	1.0161	1.1002	0.9681	0.9203	1.0339	1.0405	1.0609	0.9980	1.0128	1.0347	0.9906	1.0557	1.0944	1.0854	1.1310	1.0478	1.1586	1.0864	1.0789	0.9580	0.9611	1.1032
QG37_03279	1.1113	1.0635	1.0504	1.1028	1.0855	1.0783	1.1248	1.0846	1.0659	1.0294	0.9951	1.0733	0.9914	0.9813	0.9767	1.0508	1.1153	1.0088	1.1203	1.0582	1.0831	1.1145	1.0524	1.0062	1.1509	1.0415	1.0299	1.0078	1.0130	1.0879	0.9936	0.9437	1.0928	1.0615	0.9204	0.9620	1.0560	1.0437	1.0469	1.0336	1.0816	1.0647	1.0340	1.0529	1.0437	1.0677	1.0620	1.0673
QG37_03280	1.1415	1.1681	1.0481	1.0688	1.2005	1.0931	1.0730	1.1554	1.1743	1.1525	1.1807	1.0294	1.0992	1.0442	1.1049	1.0204	1.0816	1.0979	1.0880	1.0848	1.1050	1.0848	1.0781	1.1069	1.0511	1.0645	1.1642	1.1256	1.0526	1.0142	0.9565	1.0568	1.1637	1.1491	1.0727	1.1434	1.1170	1.1595	1.0858	1.0958	1.1321	1.1147	1.0885	1.0887	1.0797	1.0743	0.9287	1.0841
QG37_03281	0.8933	0.9472	0.9045	1.0545	0.9192	1.0040	0.9394	1.0266	1.0677	1.1142	0.9430	0.8712	0.9738	1.0823	1.0150	1.0682	0.8844	0.9032	0.9928	0.8843	0.9909	0.9124	0.9266	0.9008	1.0585	1.0133	1.0396	0.9233	0.8854	0.8045	0.9851	0.8310	0.9770	0.9885	1.0058	1.0689	0.9525	0.8591	0.9708	0.8729	0.9899	0.8851	0.9390	0.9209	1.0133	0.9287	0.9677	0.9346
QG37_03282	0.8794	0.8961	0.7795	0.8087	0.8302	0.9397	0.9537	0.9092	0.9953	0.8018	0.8301	0.8849	0.8062	0.8224	0.9056	0.8178	0.8194	0.7625	0.8712	0.7890	0.8317	0.8098	0.8342	0.8092	0.8840	0.8076	0.7790	0.8043	0.8295	0.7721	0.8134	0.7756	0.8711	0.9380	0.9231	0.8459	0.9572	0.8484	0.8758	0.8941	0.8386	0.9096	0.8918	0.9082	0.8319	0.8817	0.9227	0.9689
QG37_03283	0.8108	0.7966	1.1153	0.8848	0.9278	0.8640	0.8824	1.0723	0.9336	1.1126	0.8009	0.9584	0.8588	0.9033	1.0604	0.9212	0.9236	1.0475	0.9281	1.0150	0.8547	0.9707	0.9457	0.8391	1.1001	1.0355	1.0416	0.9354	0.8281	1.1922	0.9250	0.8979	0.9610	0.9184	0.9879	0.9388	0.7981	0.8147	1.0520	0.9044	0.9411	0.9018	0.9543	1.1263	0.9546	0.9451	1.0549	0.9283
QG37_03284	0.8769	0.8861	0.8769	0.9229	0.9112	0.8657	0.9477	0.9074	0.9153	0.8898	0.8968	0.8681	0.8534	0.9150	0.9538	0.9066	0.8614	0.8602	0.8961	0.9033	0.9046	0.9566	0.8922	0.9218	0.9330	0.8997	0.8987	0.8802	0.8846	0.9269	0.8871	0.9251	0.9114	0.9130	0.9479	0.9711	0.9505	0.9650	0.9235	0.9537	0.9657	0.9063	0.8649	0.9198	0.9686	0.9841	0.9276	0.9167
QG37_03285	0.8636	0.8555	0.8122	0.8677	1.0165	0.9547	0.8556	0.8652	0.9366	0.8476	0.9216	0.8284	0.8393	0.7762	0.6434	0.9347	0.9399	0.9402	0.7300	0.8082	0.9363	0.9234	0.9442	0.8610	0.8406	0.6740	0.8891	0.8958	0.8342	1.0815	0.8845	0.7605	0.8045	0.7958	0.8127	0.9100	0.7639	0.7981	0.8452	0.9047	0.9186	0.9443	1.1002	0.6983	0.8909	0.9627	0.8997	0.9729
QG37_03286	0.8240	0.8149	0.7514	0.6791	0.7244	0.7776	0.8548	0.8729	0.7734	0.5526	0.7284	0.7337	0.6897	0.6340	0.7556	0.7499	0.8824	0.7042	0.9050	0.7339	0.9122	0.8242	0.7916	0.7182	0.7890	0.7116	0.8291	0.7836	0.7477	0.8481	0.7823	0.6364	0.8520	0.7478	0.7290	0.8696	0.8021	0.7614	0.7744	0.7176	0.7968	0.6369	0.8507	0.8882	0.8896	0.8112	0.7947	0.7869
QG37_03287	0.8361	0.9458	0.8436	0.8607	0.7806	0.9031	0.8236	0.9321	0.9099	0.8902	0.8579	0.8520	0.8690	0.8996	0.8711	0.8462	0.9175	0.9094	0.8175	0.8381	0.9017	0.9203	0.8529	0.9171	0.9000	0.8981	0.8679	0.8064	0.8197	0.8066	0.8648	0.7800	0.9254	0.9058	0.9928	1.0215	0.8494	0.9044	0.8774	0.9004	0.9082	1.0023	0.9521	1.0248	0.9299	0.9999	0.8500	0.9413
QG37_03288	1.0054	1.0126	1.0218	1.0153	1.0309	0.9905	1.0082	1.0493	1.1003	0.9781	0.9968	1.0124	1.1319	1.0475	1.0715	0.9939	1.0127	0.9976	1.1378	0.9270	0.9662	0.9633	1.0811	0.9106	0.9639	0.8886	1.0130	0.9761	0.9648	0.9403	1.0892	0.8858	0.9451	1.0380	1.0015	1.0901	0.9179	1.1005	1.0545	1.1504	1.0268	1.0609	0.9916	1.1239	0.9656	1.0393	0.8383	0.9344
QG37_03289	1.0241	1.0026	0.9137	0.9915	0.8600	0.8942	0.9879	1.0574	0.9031	0.8483	0.8613	0.9882	0.9902	1.0332	0.9368	1.0011	0.9491	0.9195	0.8487	0.9941	0.9306	1.1042	1.0479	0.9094	0.9560	0.9741	0.9969	1.0149	0.9276	0.9627	1.0412	1.0102	0.9347	0.9795	0.9699	1.0970	1.0395	1.0408	1.0789	0.9465	0.8571	0.9790	0.9493	1.0654	0.9857	1.1738	0.9983	1.0615
QG37_03290	0.9428	0.8804	0.9281	0.8749	0.8436	0.8368	0.9213	0.9945	0.9400	0.9950	0.9557	0.9152	1.0563	0.8557	0.9747	0.8392	0.9540	0.9820	0.8945	0.9538	0.9415	1.0623	0.9615	0.8688	0.9296	0.9727	1.0219	0.9808	0.9338	0.7087	0.8653	1.1161	0.9280	0.9704	0.8601	1.0022	1.0060	0.9887	1.0232	0.8660	1.0018	0.8218	0.9691	1.0008	0.9485	0.9332	0.8849	0.9692
QG37_03291	0.9631	0.9108	0.9007	0.9521	1.0881	0.9665	0.8584	1.0476	0.9437	1.0193	1.1267	1.0196	0.9415	0.9394	1.0610	1.0347	0.9398	0.9834	0.8889	0.9740	1.0560	1.1322	0.9477	1.0838	1.1568	0.9890	1.0399	1.0102	1.0136	0.7081	1.0598	1.0320	0.9464	1.0321	1.0360	1.0903	1.0435	1.0213	1.0964	1.0091	0.9324	1.1088	1.0132	1.1283	1.1730	1.0344	1.1704	1.1859
QG37_03292	0.9449	1.2261	0.9687	1.1485	1.1112	1.0865	1.0843	0.9910	1.0428	0.7979	1.2123	1.0520	1.1624	0.8737	0.8716	1.0024	0.9962	1.0547	1.0291	1.0750	1.0892	1.1163	0.9701	1.0064	1.2279	1.0169	1.0658	1.1055	0.8823	0.7948	1.2877	0.9702	1.0380	1.0970	1.0686	0.9203	1.0652	1.1643	1.0264	0.9221	0.8402	1.0395	1.0250	0.9746	1.0515	1.1226	1.0496	1.0981
QG37_03294	1.0551	0.9902	1.0075	0.9693	1.0574	0.9655	1.0069	1.0248	0.9258	1.0209	1.0170	1.0129	1.0648	1.0201	0.9500	1.1003	0.9607	1.0084	1.0302	0.9216	0.9722	0.9052	0.9999	0.9180	0.9905	1.0522	1.0320	1.0113	0.9999	0.9106	0.9613	0.9478	1.0555	1.0966	1.0477	0.9743	1.0600	1.0251	0.9989	1.0125	1.0517	1.0305	1.0588	1.0612	1.0855	1.1439	1.0010	1.0715
QG37_03295	1.2419	1.0864	1.2098	1.2553	1.1887	1.2367	1.1521	1.2339	1.1953	1.0918	1.0912	1.2122	1.1976	1.2768	1.0754	1.2136	1.1100	1.1347	1.0498	1.1657	1.0200	1.0611	1.1155	1.1032	1.0599	1.0311	1.1462	1.0953	1.2227	1.1279	1.0143	1.0638	1.1360	1.2149	1.1892	1.0389	1.2333	1.2213	1.2166	1.0988	1.1466	1.1618	1.3404	1.1835	1.1787	1.0493	1.1281	1.3210
QG37_03296	0.9174	0.9452	1.1018	1.1339	1.1494	0.9377	1.0068	0.8993	1.0071	0.8987	1.0344	0.9719	1.0212	1.0459	0.9590	1.0091	0.8027	1.1376	1.0571	0.9712	0.8360	0.9972	0.9057	0.9634	1.0203	0.9466	1.0757	1.1101	0.8971	1.1249	0.8318	1.0265	1.0516	1.1957	0.9879	1.1388	0.9830	0.9074	1.0804	1.0678	0.9364	1.1024	1.0004	1.0237	1.0083	0.8803	1.0527	1.0835
QG37_03297	1.0117	1.0405	1.1017	1.0153	1.0533	1.1005	1.0307	1.0275	1.0814	1.1225	1.0568	1.0434	1.0964	1.0188	1.0641	1.0462	1.0762	1.0187	1.0560	0.9879	1.1119	1.0403	1.0542	1.1041	1.0521	1.0170	1.0572	1.0187	1.0275	1.0164	1.0317	0.9624	1.0324	1.1133	1.0083	1.0827	1.0979	1.0295	1.0269	1.0789	1.0368	1.1009	1.0105	1.0736	1.0904	1.0744	1.1162	1.1117
QG37_03298	0.9786	0.9935	0.9369	0.8742	1.0958	0.9943	0.8873	1.0081	1.0638	1.0434	0.9492	1.0354	0.9328	1.0605	1.0615	0.9882	1.0171	1.1153	1.0434	1.0810	1.0154	1.0981	1.1065	1.1670	0.9966	0.9866	0.9698	0.8230	0.9276	0.8227	0.8778	0.8724	1.0791	1.0168	0.9968	1.1226	0.9635	1.0366	1.1387	1.0891	1.0422	1.0357	0.9422	0.9683	1.0120	1.1163	1.0450	1.1679
QG37_03299	1.0544	1.0222	1.0670	0.9151	1.1244	1.1182	0.9963	1.0778	1.1073	1.0872	1.1556	1.0195	1.1142	1.0295	1.0792	1.0594	0.9844	1.0100	1.0349	1.0589	1.1389	1.0910	1.0698	0.9902	1.1015	1.0327	1.0813	1.0882	1.0925	1.2352	1.0575	0.9868	1.0597	1.1457	1.0362	1.1989	1.1909	0.9748	1.0581	1.0732	1.0467	0.9449	0.9672	1.0450	1.0858	1.0691	0.9307	1.0149
QG37_03300	0.9513	0.9824	1.0612	1.0825	0.8927	1.0499	1.1414	0.8306	1.0254	0.9412	0.9317	0.9445	0.9851	1.0407	1.0461	1.0033	1.0291	1.0159	1.0036	1.0154	1.0840	1.2666	1.0229	1.1084	1.1260	0.9436	1.0015	0.9191	0.9734	1.0931	1.0713	1.0137	1.1474	1.0504	1.1987	0.9683	1.1432	1.0269	0.9582	1.0500	0.9076	1.0679	1.0594	1.0991	1.0467	1.1634	0.9754	1.1597
QG37_03301	1.0063	0.9818	0.9623	1.1292	1.0367	0.8714	0.9640	1.0148	0.9539	0.9568	0.9839	1.0283	0.9573	1.0299	0.9518	1.0143	0.9598	1.0019	1.0550	1.0385	1.0314	1.0162	0.9426	1.0046	1.0372	1.0223	1.0008	0.9103	1.0618	1.0033	0.9918	0.9907	1.0292	0.9580	1.0925	1.0229	0.9959	1.0563	0.9193	0.8921	1.0164	1.0609	0.9903	0.8570	1.0020	1.0218	1.0517	0.9593
QG37_03302	1.0517	1.0136	0.9063	1.2207	0.9433	0.9838	0.9781	1.0096	0.9875	1.0399	0.9851	1.0021	0.9378	1.0257	1.0466	1.0537	1.0377	1.0146	1.0078	0.9782	0.9752	1.0442	1.0190	0.9908	1.0298	0.9879	0.9982	0.9684	0.9988	0.9882	0.9433	0.9780	0.9717	0.9654	1.0702	0.9604	1.0708	0.9994	0.9999	0.8753	1.0666	0.9566	0.9417	0.9190	0.9607	0.9735	1.0223	0.9524
QG37_03303	0.8187	0.8700	0.9133	0.9624	0.8278	0.8734	0.8962	0.9178	0.8032	0.8718	0.8282	0.8693	0.9014	0.8681	0.9722	0.8150	0.7722	0.8906	0.8970	0.9146	0.8167	0.8131	0.9565	0.8392	0.7994	0.8462	0.8815	0.7990	0.8298	1.0533	0.9046	0.8320	0.8085	0.8648	0.7958	0.8456	0.9591	0.9547	0.9132	0.8706	0.9523	0.9020	0.8775	1.0107	0.9131	0.9992	0.9254	0.8102
QG37_03304	1.1953	1.0855	1.0554	0.9875	1.0993	1.1717	0.9572	1.1903	1.0359	1.0453	1.2358	0.9900	1.0221	1.1984	1.1615	1.0352	1.1438	1.0352	1.0091	1.0275	1.1215	1.1695	1.0560	1.0796	1.0998	1.1335	1.0288	1.1140	1.0792	0.8969	1.0060	1.1207	1.0234	1.2010	1.1055	0.9770	1.1959	0.9775	1.2216	1.1679	1.0111	1.0461	1.0475	1.0376	1.1816	1.2864	1.1541	1.0692
QG37_03305	1.0157	0.9754	0.9437	0.9358	0.8663	0.8775	0.9247	0.9459	0.9238	0.9155	0.9805	0.9516	0.9576	0.9202	0.9734	0.9595	0.8802	0.8853	0.9162	0.9253	0.9250	1.0065	0.9751	1.0144	0.9385	0.8923	0.9588	0.9077	0.9331	0.7742	0.9478	0.9254	0.9436	0.9215	0.8755	0.8790	0.9708	0.9721	0.8985	0.9044	0.9556	0.9566	0.9714	1.0076	0.9330	0.9806	1.0220	0.9447
QG37_03306	1.2015	1.0877	1.1653	1.0053	0.9000	0.9969	0.9721	0.9632	0.9371	0.9046	0.9593	0.9600	0.9775	0.9657	0.9514	0.9688	0.9965	1.0620	1.0987	1.0622	1.0414	1.1755	0.9230	0.9570	0.9522	0.9194	1.0554	0.9096	1.0350	1.1946	0.9563	1.0528	1.0323	1.0131	0.9872	0.9512	1.1014	1.0294	1.0821	1.1057	1.0621	1.0864	1.1450	1.0516	1.1035	1.0806	1.1394	1.0887
QG37_03307	1.0619	1.0072	0.9921	0.9371	0.9805	0.9998	0.9416	1.0087	1.0407	0.9790	0.9321	0.9686	0.9873	1.0634	1.0080	0.9038	0.9448	1.0587	0.9583	0.9578	1.0404	1.0190	0.9326	0.9652	0.9522	0.9410	1.0130	0.9481	0.9771	0.9360	0.9619	0.9527	1.0340	0.9622	0.9968	0.9364	0.9962	1.0191	1.0025	0.9766	1.0066	0.9891	0.9556	0.9611	0.9522	0.9763	1.0002	1.0201
QG37_03308	1.0244	0.7385	0.8802	0.8311	0.7917	0.8725	0.8038	1.0102	0.7976	0.7292	0.7235	0.7410	0.9371	0.8821	0.9313	0.7608	0.8014	0.8114	0.8533	0.8331	0.8724	0.7152	0.7312	0.7151	0.8440	0.8436	0.9039	0.7733	0.8023	1.0027	0.8181	0.7940	0.8013	0.8370	0.9344	0.9169	0.8501	0.7690	0.6614	0.7718	0.7174	0.8256	0.6371	0.6894	0.7210	0.7595	0.9275	0.8439
QG37_03309	1.0042	1.0292	1.0350	0.8918	0.9631	1.0215	0.9001	1.0453	0.9559	0.9566	0.8669	0.9286	0.9174	1.0096	0.8898	1.0080	0.9786	1.0933	1.0463	1.0260	1.0520	0.9763	0.9309	0.9113	0.9835	1.0555	0.9968	0.9443	0.9622	0.8672	0.9996	1.0170	0.9840	1.1109	1.0106	1.0684	0.9884	0.9239	0.9395	1.0495	1.0888	0.9489	1.0722	1.0086	1.0073	0.9776	1.0071	1.0177
QG37_03310	0.9881	1.0430	0.9543	1.0551	0.9254	0.9209	0.8666	0.9129	0.9884	0.9246	0.9114	0.9535	0.9771	0.9814	0.9673	0.8849	0.9736	1.0099	1.0088	0.9188	1.0374	1.0350	0.9180	0.9055	0.9547	1.0646	0.9371	0.9856	0.9679	0.7248	0.9945	0.9336	1.0359	1.0323	1.0523	0.8781	0.8974	0.9272	1.0234	1.0553	1.0114	0.9391	1.0243	0.9761	0.9909	0.9541	1.0870	1.0048
QG37_03311	1.0307	1.1084	1.0617	1.0228	1.1242	1.0031	1.1496	1.0463	1.0683	1.0895	1.0322	1.0323	1.1683	1.2110	1.0142	1.0089	1.0360	1.0345	1.1315	0.9980	1.0502	1.0933	1.0583	1.0107	1.0910	0.9898	1.1142	1.0301	1.0732	1.0464	0.9443	1.0395	1.0892	1.0445	1.0732	0.9922	1.0979	1.1240	1.1322	1.1743	1.0503	1.0686	1.0655	1.0157	1.1608	1.0984	1.1439	1.2422
QG37_03312	0.5663	0.7270	0.5007	0.4894	0.6043	0.4401	0.5823	0.6975	0.5661	0.7105	0.7084	0.5992	0.6028	0.7329	0.5473	0.5722	0.5218	0.5295	0.5250	0.5984	0.4870	0.6352	0.5620	0.6973	0.5598	0.5087	0.6526	0.6819	0.5247	0.9124	0.7425	0.5659	0.4374	0.7525	0.5432	0.5438	0.6081	0.5201	0.5929	0.5855	0.4803	0.5445	0.5494	0.4347	0.4666	0.5422	0.4638	0.5185
QG37_03313	1.0009	0.9755	0.9590	0.9506	0.9199	0.9699	0.9499	0.9034	0.9222	1.0316	0.9650	1.0857	0.9696	0.9746	0.9463	0.9576	0.9641	0.9780	0.9177	0.9852	0.9487	1.0120	0.9768	1.0092	0.9831	0.9575	0.9397	1.0034	0.9807	0.8809	1.0197	0.9006	0.9817	0.9443	0.9596	1.0149	1.0491	1.0819	0.9466	0.9450	1.0126	0.9563	0.9528	0.9250	0.9203	0.9305	0.9742	0.9267
QG37_03314	1.3009	1.1858	1.2942	1.0951	1.1485	1.1159	0.9851	1.2015	1.0902	0.9638	1.2024	1.1584	1.1878	1.0691	1.0031	1.0151	1.0595	1.2196	1.2387	1.0709	1.0279	0.9904	1.0699	1.3009	1.0850	1.0601	0.9827	1.0290	1.0613	0.9818	1.0551	1.0094	1.1285	0.9197	1.0073	1.1426	1.2355	1.3230	1.2795	1.1649	1.0793	1.1627	1.4189	1.2466	1.2197	1.0911	1.1145	1.1555
QG37_03315	1.0007	1.0585	1.1259	0.9717	1.0191	1.0694	0.9708	1.0276	1.1881	0.9886	1.0912	1.0496	0.9389	0.9509	1.0053	1.0507	0.9991	0.9655	1.1798	0.8862	1.0240	0.9137	0.9391	1.1310	1.1956	0.9687	0.9726	0.9900	1.2333	0.8063	1.0435	1.1405	1.0676	1.0355	1.0606	0.9794	1.0763	1.0963	1.1602	0.9553	1.0559	0.9560	1.1281	1.2107	1.0513	1.1292	1.0933	1.0936
QG37_03316	1.0460	0.9789	1.0058	0.9499	0.9416	0.9374	0.9416	1.0472	0.9787	1.0384	1.0079	1.0154	0.9259	1.0161	0.9635	0.9915	0.9702	1.0423	0.9695	1.0179	1.0318	0.9101	0.9848	1.0611	1.0903	1.0482	0.9788	0.9142	0.9929	0.8415	0.9591	0.9586	1.0124	1.0334	0.9479	0.9738	0.9892	1.0460	0.9852	1.0152	0.9690	0.9573	1.0429	0.9964	0.9622	0.9848	0.9536	0.9421
QG37_03317	1.0881	1.0448	1.0475	0.9856	0.9771	1.0906	0.9672	1.0045	0.9798	1.0126	0.9879	1.0332	0.9595	1.1159	0.9658	1.0625	1.0395	1.0081	0.9850	1.1156	0.9703	1.0828	0.9898	1.0532	1.0636	1.0317	0.9480	0.8973	0.9845	0.9991	0.9326	0.9878	1.0284	1.1129	1.0126	0.9886	0.9153	1.0338	1.0137	1.0217	1.0349	1.0509	1.0023	1.0981	1.1021	1.0721	0.9508	0.9945
QG37_08416	1.0036	1.2104	0.9249	1.0147	1.0103	1.0249	1.1822	1.0613	1.0031	1.1554	1.0738	0.9922	1.0598	1.1959	0.9893	1.0714	0.9610	1.0469	1.0065	1.0731	1.0776	1.0883	0.9615	1.1562	1.1001	1.1093	1.0540	0.9150	1.1282	0.9103	0.9949	1.0530	1.0339	1.0376	1.1547	1.0129	0.8292	1.0414	0.9448	1.0585	1.1104	1.1616	1.0474	1.0938	1.1727	1.2339	0.9997	1.0293
QG37_03319	1.1193	1.3039	1.0254	1.0954	1.1115	1.1590	1.0404	1.1409	1.0944	1.0024	1.0296	1.0731	1.0024	1.2267	0.9368	0.9965	1.1194	1.0765	0.9950	1.0804	0.8960	1.0890	1.0785	1.0498	1.0498	0.9731	0.9800	1.0102	1.1254	1.2070	0.9245	1.0404	1.1018	1.1564	1.0603	1.0401	0.8960	1.0579	0.8403	0.9223	1.0376	1.0145	0.8868	1.0251	1.0508	0.9654	1.0613	1.0222
QG37_03320	1.0366	0.9489	1.0260	0.9173	1.0280	0.8934	0.8926	1.0404	0.9044	0.9194	1.0508	1.0212	0.8228	0.8185	0.9525	0.9359	1.0304	0.8550	0.9912	1.1275	0.6999	0.8900	0.9871	0.8860	0.9877	0.9913	0.9243	1.1791	0.9397	0.7166	0.9370	0.8902	1.0216	1.0963	1.1489	1.1174	1.1846	1.0579	1.1092	0.9625	0.9614	1.0231	0.8992	0.8921	0.9450	1.0077	1.1315	1.1449
QG37_03321	0.9634	1.0699	1.0143	0.9425	0.9814	0.9852	1.0459	1.0128	1.0212	0.9868	1.0852	0.9689	0.9944	0.9481	0.9512	1.0044	0.9472	0.9764	0.9605	1.0575	0.9342	0.9408	0.9474	0.9961	0.9102	0.9908	0.8288	1.0446	0.9902	0.7208	0.9173	0.9787	1.0122	0.9562	0.9894	1.0381	1.0006	1.0360	0.9689	0.9732	1.0834	0.9360	0.8920	1.0571	0.9778	1.1538	1.0468	1.0346
QG37_03322	1.1448	1.1901	0.9740	1.0057	1.1544	1.1363	1.0534	1.0957	1.1480	1.0024	1.1293	1.0530	1.0965	1.0245	0.9697	1.0887	1.0636	0.9878	1.0118	1.1246	0.9960	1.0362	1.0852	1.0111	1.0459	1.1064	0.9752	1.0257	1.1172	0.9160	0.9362	1.0590	1.1096	1.1964	1.0774	1.0685	1.0373	1.0833	0.9671	1.0821	1.0474	1.0745	0.9953	0.9850	1.0532	0.9533	1.0093	1.0767
QG37_03323	1.1558	1.0471	0.9930	1.1451	1.1480	1.1641	1.0755	1.0228	1.1155	1.2275	1.1138	1.1376	1.0771	1.1011	0.9944	0.8947	1.1232	1.0475	1.1399	1.0381	1.0440	1.0756	1.0499	0.9000	1.2095	1.0529	0.9456	1.2555	1.2929	1.0206	1.0991	1.1140	1.2331	1.0911	1.0900	0.9583	1.1431	1.2126	0.9288	1.1172	1.0635	1.1815	0.8433	0.9085	0.8696	0.9692	0.8808	0.9783
QG37_03324	0.9112	0.8484	0.7000	0.8621	0.8295	0.9778	0.8490	0.7405	0.9581	0.9297	0.8223	0.8579	0.8727	0.7755	0.7911	0.7090	0.7366	0.7467	0.8743	0.8631	0.6509	0.8385	0.7162	0.7893	0.6690	0.6760	0.6892	0.8166	0.8062	1.1491	0.8317	0.8693	0.9582	0.7661	0.9762	0.7502	0.8739	0.6813	0.7647	0.8199	0.7569	0.9078	0.8541	1.2502	0.9615	1.0940	1.0827	1.0613
QG37_03325	1.0494	0.9501	0.9323	1.0083	1.0808	1.0530	1.0872	1.0776	1.0129	0.9798	1.0712	1.0661	1.1136	0.9896	1.0295	0.9963	1.0520	1.0556	1.0493	0.9951	1.0286	1.0272	0.9368	0.8805	0.9579	0.9378	0.9546	1.0372	0.9910	0.9473	0.9106	0.9418	1.0631	1.0251	1.1408	1.0658	1.0396	1.0169	1.0643	1.0069	1.1266	0.9780	0.9455	1.0560	1.1045	1.0174	1.0309	0.9870
QG37_03326	1.1918	0.8514	0.9026	0.8590	0.9662	0.8644	1.0754	0.8718	0.8679	1.0222	0.9216	0.8830	0.8567	0.9821	0.8837	0.8345	0.7740	0.8157	0.8587	0.9681	0.8264	0.8738	0.8615	0.9467	0.9056	0.7922	0.8056	0.8932	0.9955	0.8945	0.8790	0.8634	0.9197	1.0054	0.9095	0.8766	0.8442	0.8939	0.9303	0.8797	0.8304	0.8485	0.8160	0.9694	0.9647	1.0591	1.0261	1.0571
QG37_03327	1.6456	1.1396	1.0413	1.0762	1.1449	1.3045	1.2369	1.1438	1.1693	1.3394	1.3586	1.1348	1.1393	1.0740	1.0461	0.9480	1.1734	1.0759	1.1137	1.1585	1.2311	1.1567	1.0463	1.0614	1.1934	1.0351	1.1081	1.2736	0.9796	1.0921	1.2421	1.1760	1.2228	1.2152	1.1628	1.2060	1.1682	1.0856	1.1852	1.1326	1.0788	1.1693	0.9706	1.1967	1.1621	1.1705	0.9239	1.0241
QG37_03328	1.2634	1.2090	1.2734	1.1400	1.1798	1.2571	1.2187	1.2025	1.1666	1.2485	1.2494	1.1833	1.3137	1.1422	1.0756	1.0939	1.1646	1.1406	1.1414	1.2577	1.1564	1.1585	1.1018	1.1158	1.1179	1.2098	1.1285	1.1692	1.2355	1.0676	1.0810	1.1326	1.1241	1.1416	1.1618	1.1304	1.1721	1.1085	1.1495	1.1084	1.1684	1.1394	1.0553	1.1365	1.1359	1.0767	1.1153	1.0666
QG37_03329	1.2650	1.2392	1.2097	1.1280	1.1067	1.1153	1.1275	1.1805	1.3136	1.2147	1.2598	1.2126	1.1419	1.1477	1.0868	1.1642	1.1323	1.0998	1.1327	1.2145	1.1375	1.1142	1.1141	1.0515	1.0225	1.1765	1.0379	1.1729	1.0720	0.9858	1.1286	1.0633	1.1409	0.9737	1.1774	1.1016	0.9802	1.0463	1.1041	0.9668	1.0541	1.0257	1.0933	1.0448	1.1976	1.1279	1.0566	1.1335
QG37_03330	1.2235	1.1103	1.0337	0.8472	1.1597	1.0942	1.1224	1.2719	1.0433	1.0137	1.2338	1.1375	1.1912	1.0259	1.0125	0.9619	1.0518	1.1114	1.0117	0.9979	1.0942	1.1140	1.1474	0.9419	1.0200	0.9809	1.0824	0.9920	0.9924	0.9485	0.9335	0.9032	0.9329	1.1710	1.0382	0.9380	1.1030	1.0714	1.1440	0.9908	1.0216	0.9764	0.9370	0.9278	0.8789	0.9893	1.0016	1.1197
QG37_03331	1.1953	1.1383	1.0370	1.1995	1.0614	1.1270	1.0739	1.0307	1.1381	1.0702	1.1509	1.0428	1.1321	0.9639	0.9423	0.9452	0.9247	1.0914	0.8159	1.1755	1.0726	0.9650	1.0346	0.9318	1.1384	0.8893	1.0798	1.0048	0.9420	0.9060	0.9948	1.0928	1.0496	1.0186	1.1043	1.0134	1.1121	1.0717	1.0406	0.9630	1.1644	1.0153	0.8332	1.0793	0.9891	0.8866	1.0093	1.0317
QG37_03332	0.6397	0.6412	0.6393	0.6810	0.6301	0.5919	0.6400	0.5995	0.6100	0.7290	0.6128	0.5184	0.7653	0.6296	0.6865	0.6949	0.6054	0.6168	0.5737	0.6658	0.6354	0.6515	0.6430	0.6980	0.6247	0.6504	0.5976	0.6622	0.5894	0.8369	0.5662	0.6034	0.3394	0.4996	0.5710	0.7464	0.6165	0.5601	0.5356	0.6969	0.6234	0.5938	0.5943	0.6840	0.7550	0.6441	0.7244	0.7500
QG37_03333	1.1489	1.0796	1.1600	1.0757	1.0262	1.1114	1.2011	0.9888	0.9965	1.0447	1.1228	1.1029	1.0722	1.0808	1.0401	0.8817	1.0659	1.0225	1.0035	1.0652	1.1295	1.0236	0.9386	1.0725	0.9937	1.0452	0.9973	1.0878	1.2066	1.0964	0.9522	0.9714	1.0499	1.0497	0.9244	0.9739	0.9682	0.9221	0.9816	0.9790	1.1309	1.0371	0.8891	1.0002	1.0275	0.9321	0.9467	1.0762
QG37_03334	1.1543	1.2488	0.9915	0.8677	1.0393	1.0612	0.9008	0.9363	0.9995	0.9112	1.0150	1.0832	1.1034	0.8937	0.9023	0.8943	1.0455	0.9163	1.0390	0.9348	0.9272	0.8723	0.8648	0.8345	0.9646	1.0322	1.0415	0.9303	0.9955	0.9373	1.1476	1.0343	1.0737	0.9139	0.9704	0.9367	1.0575	0.8238	1.1148	0.8737	1.0040	1.0223	0.8951	0.8714	0.7832	0.7350	0.6598	0.8213
QG37_03335	1.2034	1.1912	1.1937	1.0558	1.0566	1.1768	1.0935	1.1011	1.0671	1.1404	1.1143	1.0591	1.1474	1.0267	1.0297	1.0811	1.0382	1.0857	1.0473	1.1275	1.0768	1.1536	1.0948	1.0553	1.1055	1.1530	1.0235	1.1120	1.0997	0.9560	1.0703	1.0744	1.0850	1.1699	1.1306	1.1789	1.1399	1.1002	1.0926	1.0490	1.1699	1.1066	1.0780	1.1060	0.9731	1.0075	1.0003	1.0574
QG37_03336	1.1901	0.9928	0.9261	0.9846	1.0410	0.8686	1.0078	0.9760	0.8632	1.0596	1.0731	0.9561	0.9049	0.9792	0.8608	0.9857	0.9923	1.0298	0.8358	1.1275	0.9900	0.9651	0.9468	1.0102	0.9287	0.9698	1.0598	1.0632	1.0106	1.0152	0.8635	0.7773	1.0038	1.0670	0.9354	1.1660	0.6969	0.8013	0.9945	1.0516	0.9792	0.9706	0.9564	1.0031	0.8392	0.8087	0.8574	0.9847
QG37_03337	1.3119	1.0296	1.1169	0.9224	1.0498	0.9362	0.8723	0.8584	0.9651	0.9943	1.0272	0.9415	0.9152	1.1099	0.8023	1.0900	0.9839	0.9974	0.9682	1.0396	0.9359	0.9760	0.8225	1.0626	1.0681	1.0896	1.0699	1.0572	1.0692	0.9524	0.9355	0.9562	1.0288	0.9730	0.8745	1.1192	0.9257	0.8086	1.0123	0.8947	0.9459	1.0617	1.0271	0.9699	0.9434	0.8630	0.9345	0.9975
QG37_03338	1.2470	1.3300	1.1780	1.0758	1.1963	1.1620	1.0997	1.2507	1.0547	1.2736	1.0500	1.0800	1.3074	1.0502	1.0508	1.0909	1.2044	1.0479	1.2382	1.2095	1.1708	1.0461	1.1151	1.1824	1.2686	1.1910	1.2347	1.0865	1.2314	1.2089	1.0838	1.1544	1.2982	1.2203	1.0905	1.1400	1.1925	1.0084	0.9508	1.0595	1.1815	1.1911	1.1325	1.2170	1.0659	1.2011	1.1877	1.2209
QG37_03339	1.2809	1.2304	1.1027	1.0204	1.1334	1.1855	1.1364	1.0606	1.1661	1.1719	1.1736	1.1744	1.1645	1.1381	1.0224	1.0519	1.0804	1.0490	1.0592	1.2025	1.1304	1.0874	0.9999	1.1837	1.1219	1.1991	1.1457	1.2082	1.1804	0.9730	1.0566	1.0374	1.1522	1.1033	1.0387	1.1236	1.1211	1.1569	1.0469	0.9987	1.1011	1.0568	1.0646	1.0601	1.1457	1.0478	1.0301	1.0398
QG37_03340	1.3108	1.1414	0.9461	1.1511	1.2064	1.1800	1.2107	1.1607	1.1334	1.0839	1.1563	1.2183	1.2482	1.0153	1.0446	1.1212	1.0315	1.0964	1.0393	1.2923	0.9924	1.0350	0.9312	1.0185	1.1231	1.0842	1.0438	1.1387	1.0619	1.1758	0.9831	1.1037	1.0233	1.1289	1.0363	0.9995	0.9807	1.0211	1.0470	1.0427	1.1125	1.1437	1.1310	1.1416	0.9943	1.2119	0.9597	1.0230
QG37_03341	1.0941	1.1119	1.3558	1.1455	1.2129	1.2645	1.1796	1.1258	1.1936	1.2948	1.1319	1.1536	1.2054	1.2440	1.1199	1.1782	1.1759	1.2612	1.2654	1.2460	1.0894	1.0220	1.0957	1.1929	1.1314	1.1555	1.2851	1.0021	1.0972	1.1243	1.0546	1.1869	1.0814	1.2570	1.2856	1.1993	1.1561	1.2559	1.1108	1.1730	1.1808	1.0826	1.0751	0.9157	1.2444	1.0232	1.1988	0.9875
QG37_03342	1.1896	1.1866	1.1247	1.1091	1.1661	1.0581	1.1845	1.0589	1.1106	1.1909	1.1449	1.0620	1.1003	1.1111	1.0166	1.0489	1.0454	1.0156	1.1048	1.1467	1.0689	1.0666	1.0633	1.0634	1.0824	1.1127	1.0967	1.0775	1.1338	1.3146	0.9742	1.0311	1.1222	1.1378	1.1622	1.0597	1.1061	1.0667	1.1004	1.0870	1.1407	1.1048	1.0904	1.0553	1.1512	1.1555	1.0997	1.0461
QG37_03343	1.1819	1.0159	0.9142	0.9442	1.0216	1.0691	1.0084	0.8821	0.8662	1.0028	0.9225	0.9520	1.0617	0.9744	0.6832	0.8367	0.8046	0.9178	0.8332	0.7993	0.8395	0.8357	0.8986	0.8841	0.8688	0.7927	0.9178	0.8417	0.8106	1.0079	0.8755	0.7922	0.8712	0.9550	0.8904	0.9971	1.0889	0.9204	0.9450	1.0257	0.9165	1.0202	0.9028	0.8653	1.0306	1.0603	1.0927	0.9461
QG37_03344	0.9287	0.8872	0.8873	0.8750	0.8242	0.9388	0.9441	0.8986	0.9528	0.9333	0.9615	0.8601	0.9943	0.9488	0.8951	0.8779	0.8974	0.8240	0.8342	0.9435	0.8268	0.8583	0.9009	0.8480	0.8779	0.8376	0.8427	0.9475	0.9284	0.7936	0.8107	0.9139	0.9246	0.8924	0.9479	1.0436	0.9319	0.9389	0.9716	0.8887	0.9409	0.9511	0.8911	0.8105	0.9497	0.9859	0.9590	0.9208
QG37_03345	1.2233	1.1025	1.1153	1.0163	1.1722	1.1989	1.1153	1.0478	1.0584	1.2193	1.0068	1.1327	1.1160	1.1242	1.0707	1.0637	0.9748	1.0043	1.1087	1.1123	1.1350	1.1455	0.9732	0.9692	1.1284	1.0325	1.1552	1.1215	1.1335	1.1331	1.0362	0.9874	1.0554	1.0158	1.0622	0.9881	1.0778	1.0998	0.9860	0.9394	1.1272	1.1740	1.0787	1.0292	0.9897	1.1059	1.1196	1.0502
QG37_03346	1.0821	1.0634	0.9442	1.0249	1.0507	1.1087	1.0629	1.0735	1.0712	1.1823	1.0230	1.0540	1.2181	0.9924	1.0986	0.9913	1.1079	0.8511	1.1339	1.0956	1.2346	1.1419	1.0659	1.1522	1.0478	1.0315	1.1044	1.1121	1.1499	0.9915	0.9871	1.0630	1.1269	1.0318	1.0068	1.1957	1.1819	1.0613	0.9258	1.1053	0.9582	1.0225	0.9217	0.9835	1.0403	1.1308	0.8624	0.9142
QG37_03347	1.1180	1.0345	1.0558	1.1102	1.1067	1.0440	1.1241	1.1903	1.0313	1.1189	1.0100	1.0441	1.1022	0.9323	0.9627	1.0212	1.0100	1.0100	1.0404	1.1988	1.0530	1.0511	1.1053	0.9962	1.0869	1.0891	1.0848	1.0790	1.0844	1.1316	0.9919	1.0490	1.0944	1.0601	1.0377	1.0355	1.0710	0.9886	1.0591	1.0599	1.1366	1.0641	1.0452	1.1099	1.1311	1.0454	0.8732	1.0343
QG37_03348	1.0141	0.9697	1.2560	0.9935	1.0675	1.0909	1.0719	0.9265	1.0886	1.1133	1.1089	0.9863	0.9599	0.9159	0.9506	1.0117	0.9137	0.9650	1.1174	0.9321	0.9630	0.9986	1.1171	1.0130	0.9555	0.9053	0.9562	0.9524	0.9819	0.9606	0.9130	0.9389	1.0760	1.0378	1.0516	0.9356	1.0376	0.9418	1.0140	0.9338	0.9144	1.0356	0.9895	1.0830	0.9533	1.0157	0.9963	0.9738
QG37_03349	1.1531	1.3887	1.2012	1.3456	1.2979	1.2471	1.2272	1.2192	1.4524	1.3412	1.3091	1.4181	1.3114	1.3011	1.1279	1.1380	1.2771	1.2832	1.4071	1.4387	1.1694	1.2042	1.0983	1.3494	1.2844	1.2345	1.4087	1.2088	1.2463	1.5859	1.4197	1.2676	1.6401	1.3091	1.3179	1.1922	1.2981	1.4882	1.3271	1.2504	1.0124	1.2863	1.1347	1.5041	1.5864	1.5637	1.6509	1.5363
QG37_03350	1.2468	0.7105	0.7049	0.7072	0.8859	0.6449	0.6740	0.6003	0.8324	0.7197	0.7054	0.7152	0.6792	0.6784	0.6503	0.6774	0.6891	0.7073	0.7529	0.7643	0.6548	0.7379	0.7338	0.6761	0.7553	0.6353	0.7554	0.7323	0.7383	0.6017	0.5947	0.7075	0.8134	0.7439	0.7799	0.6451	0.8536	0.8155	0.7779	0.8752	0.6359	0.6699	0.6452	0.7745	0.7764	0.7487	0.6961	0.7906
QG37_03351	1.1263	1.1378	1.1802	1.0698	1.1373	1.1364	1.0231	1.0972	1.0839	1.1467	1.1233	1.1737	1.1619	1.1217	1.0828	1.0154	0.9958	1.0240	1.1230	1.1400	1.0190	1.1113	1.1329	1.0674	1.1462	1.1529	1.1048	1.1839	1.1433	1.1440	1.0133	1.1093	1.1118	1.1666	1.1346	1.1159	1.1352	1.0665	1.0692	1.0485	1.0869	1.1404	1.1410	1.1087	1.1579	1.0945	1.1342	1.1438
QG37_03352	1.2854	1.0650	1.0245	1.1894	1.1115	0.9669	1.1505	1.0212	1.1956	1.1778	0.9714	1.1512	1.2544	1.2573	0.9738	0.9417	0.9844	0.9883	0.9924	0.9065	1.0509	1.0555	1.0201	1.1559	1.1137	1.2395	1.2031	1.1562	1.1325	1.1270	1.0619	1.0905	1.0446	1.1086	1.0675	0.9894	1.3825	0.9519	1.0679	0.7661	1.1387	1.1576	1.1419	1.0007	1.1071	1.0433	1.1481	1.2760
QG37_03353	1.0376	0.9763	0.9141	0.9490	1.0264	0.9831	0.9785	1.0595	0.9883	1.0639	0.9985	0.9852	1.0147	0.9288	0.9342	0.9881	0.9244	1.0016	0.9635	0.9454	1.0663	1.0241	1.0038	1.0392	0.9794	1.0559	1.0307	1.0246	1.1356	0.8384	0.9136	1.0071	0.9668	1.0798	0.8951	1.0272	0.9586	1.0485	1.0439	1.0185	1.0372	1.0088	0.9865	1.1058	0.9926	1.0252	1.0337	1.0019
QG37_03354	0.9892	0.9527	1.0555	0.7886	0.9439	1.0536	0.9293	0.9349	1.0589	0.9976	0.9510	0.9379	0.9451	1.0011	1.0195	0.9206	0.9726	1.0332	0.9655	0.9541	1.0351	0.9357	1.0155	1.0157	0.9355	0.9619	1.0302	0.9047	1.0849	1.1091	1.1141	1.1227	1.0288	0.9458	0.8268	0.8728	1.0510	0.9424	1.0130	0.9071	0.9381	0.9667	0.8218	1.0220	1.0985	1.0007	0.9652	1.0565
QG37_03355	1.1805	1.1643	1.1624	1.0531	1.0965	1.1419	0.9883	1.1339	1.0549	1.1335	1.1547	1.1267	1.1837	1.1224	1.0771	1.0794	1.0319	1.1235	1.0655	1.0811	1.0821	1.1540	1.0682	1.0684	1.0396	1.1081	1.0900	1.2186	1.1081	0.9867	1.0670	1.0403	1.0319	1.0014	1.0354	1.0766	1.0986	1.0192	1.0347	1.0645	1.1620	1.0923	1.0988	1.0611	1.1379	1.0071	1.1503	1.0053
QG37_03356	1.1200	0.9496	0.8834	0.8988	0.8786	0.8787	0.8545	0.8605	0.8226	0.9971	0.9682	0.8797	1.0013	0.8128	0.8290	0.9509	0.8080	0.9051	0.7627	0.9924	1.0047	0.8994	0.8115	0.8130	0.9014	0.7538	0.9746	0.8646	0.9276	1.0470	0.7793	0.9364	1.0541	1.0084	0.9757	0.9470	0.9198	0.9674	0.8779	0.7991	0.8931	0.9477	0.7916	0.8906	0.8945	0.6949	1.0111	0.9373
QG37_03357	0.9432	1.0457	0.9831	0.9148	0.9906	1.0101	1.0079	1.0111	0.9756	0.9965	1.0858	0.9968	1.1317	0.9463	0.9542	0.9842	1.0065	1.0325	0.9468	0.8694	0.8715	0.9966	1.0058	1.0464	1.0471	1.0472	0.9229	0.9634	1.0536	0.9964	1.0377	0.9354	0.9633	1.0498	1.0351	1.0536	1.0534	0.9894	0.9964	0.8871	0.9159	1.0214	1.0091	1.0929	1.0107	1.0127	1.1413	1.1037
QG37_03358	1.2997	1.0666	1.0705	0.9903	1.0298	1.1543	1.0088	0.9595	1.0956	1.1078	1.1716	0.9909	1.0429	0.9663	1.0908	1.0732	1.1667	1.0596	0.9817	1.2363	1.1407	1.0853	0.9852	1.0653	1.1615	1.0347	0.9820	1.1025	1.1229	1.1852	1.0112	1.1033	0.9873	1.0619	0.8939	0.9098	1.0264	1.1975	0.9636	0.9892	1.1019	1.1540	0.9321	0.9959	1.0257	1.0978	0.9495	1.1038
QG37_03359	1.3124	1.0386	1.3380	1.1096	1.0819	1.1493	1.1914	1.1944	1.0563	1.2588	1.2208	0.9876	1.2011	1.2323	1.1342	1.2459	1.1827	1.1002	1.0775	1.3058	1.3434	1.1710	1.0408	1.1157	1.4388	1.0606	1.2045	1.1734	1.0780	1.1494	0.9434	1.0618	1.1578	1.0681	0.8660	0.9633	1.0482	1.1447	1.2104	0.8820	1.0469	1.1912	1.0269	1.1715	1.0811	0.9765	1.0710	1.2359
QG37_03360	1.0928	1.0622	1.0607	0.9546	1.0308	1.0558	1.0580	1.0166	1.0550	0.9845	1.1995	1.0292	1.0632	1.0395	1.0573	1.0102	0.9973	1.0544	0.9958	1.0379	0.9918	1.0469	0.9649	1.0352	0.9566	1.0359	1.0187	1.0296	1.0906	0.9185	0.9819	1.0648	1.0754	0.9731	0.9649	1.0573	0.9611	1.0153	1.0515	0.9408	1.0071	0.9908	0.8578	0.9370	0.9297	0.9076	0.9391	1.0403
QG37_03361	1.1513	1.0733	1.0763	1.0321	1.1662	1.0690	1.0408	1.0515	1.0347	1.2089	1.0543	1.1185	1.2095	1.1342	0.9376	0.8544	0.9738	1.0666	0.9859	1.1909	0.9576	1.0113	1.0080	0.9701	1.0631	1.0673	1.0360	0.9456	1.1449	0.9891	0.9868	1.1213	1.0139	1.0250	1.1712	1.1679	1.0105	1.1728	0.9770	1.0034	0.9544	0.9799	1.1088	1.0297	1.2347	0.8979	1.1952	1.0076
QG37_03362	0.8869	0.9179	0.9433	0.8729	0.8759	0.9773	0.8878	0.8738	0.9477	0.9190	0.9751	1.0316	1.0019	0.9196	0.8854	0.7548	0.8204	0.9018	0.8494	1.0398	0.8587	0.8468	0.8374	0.9575	0.8044	0.8824	0.8941	0.7814	1.0508	0.8403	0.8322	0.8065	0.8497	0.9481	0.8131	0.9229	0.8327	0.9329	0.8976	0.8474	0.9296	0.6913	0.7355	1.1007	1.1359	1.0529	1.1171	1.0357
QG37_03363	0.3842	0.5843	0.5432	0.7619	0.6798	0.7462	0.6057	0.5933	0.7085	0.6843	0.6459	0.8213	0.6961	0.6096	0.6079	0.5720	0.5278	0.6318	0.6276	0.7695	0.5992	0.6233	0.6277	0.6085	0.6039	0.6442	0.7892	0.6406	0.7555	0.7242	0.7316	0.5767	0.6387	0.6804	0.6078	0.7112	0.6338	0.6198	0.6313	0.6145	0.7120	0.6418	0.5154	0.9158	1.1106	0.8933	0.9388	0.9491
QG37_03364	0.7873	1.0087	1.0342	0.8618	0.8190	0.7944	0.8469	0.8486	0.8913	0.9918	0.9187	0.8739	0.9881	0.8934	0.8301	0.6501	0.8017	0.7766	0.6851	0.9191	0.7758	0.7033	0.8394	0.7958	0.9680	0.7955	0.8278	0.9990	0.9077	0.9151	0.7877	0.8729	0.7103	0.8706	0.7866	0.8331	0.7768	0.8638	0.8081	0.7867	0.9144	0.8775	0.7559	0.6167	0.8214	0.7344	0.8347	0.8847
QG37_03365	1.1946	1.0692	1.1923	1.1336	1.1545	1.1107	1.0726	1.0449	1.0251	1.2136	1.0292	1.0380	1.1757	1.1550	0.9170	0.9201	1.0377	1.0773	0.9871	1.0843	0.9127	0.9324	0.9887	0.9657	1.0125	1.0160	1.0790	1.1671	1.1740	0.9912	0.9874	0.9405	0.9739	0.9705	0.9230	0.9924	0.9535	1.0228	0.9997	1.0344	1.1130	0.9806	0.9613	0.9231	1.0227	1.0312	0.9699	0.9654
QG37_03366	1.3165	1.1932	1.1142	1.2604	1.0971	1.1887	1.0707	1.1158	1.0672	1.0614	1.2208	1.1056	1.1523	1.1028	1.0874	1.0952	1.0734	1.1098	1.0920	1.1699	1.0885	1.1301	1.0165	1.1097	1.0986	1.1622	1.1259	1.0271	1.1825	0.8681	1.0005	1.0714	1.0808	1.0273	1.1930	1.0484	1.0548	1.0158	1.1543	0.9881	1.0775	1.0200	1.0137	1.0536	1.0528	1.1129	0.9978	1.0123
QG37_03367	1.2820	1.1865	1.2732	1.1383	1.1463	1.1437	1.1457	1.1908	1.1154	1.0738	1.2873	0.9580	1.1411	1.0805	0.8718	1.0178	1.1054	1.0294	1.0229	1.1639	1.1615	1.0653	1.0650	1.1473	1.0016	1.1677	1.0738	1.1378	1.0164	0.8178	1.1657	1.0078	1.1578	1.1403	1.0538	0.9872	1.0252	1.0705	1.0812	0.9912	1.3045	1.1545	1.1360	0.9352	1.0397	1.0258	0.9407	1.2445
QG37_03368	1.1550	1.1836	1.2073	1.2698	1.3201	1.1483	1.1595	1.2953	1.0572	1.1064	1.2527	1.3575	1.3328	1.2310	1.0389	1.2206	1.2340	1.1069	0.9522	1.3316	1.1335	1.1614	1.1232	1.0735	1.1686	1.1260	1.1275	1.2598	1.1994	0.9818	0.9050	1.0763	1.2817	1.1123	1.0881	0.9825	1.0932	1.0101	1.0444	1.0571	1.1156	1.1893	1.0837	0.9484	1.0576	0.9374	1.0121	1.1807
QG37_03369	1.2996	1.1261	1.1766	1.0192	1.2167	1.1055	1.0479	1.1700	1.0994	1.2816	1.1544	1.2889	1.1978	1.0505	1.0354	1.0900	1.1194	1.1080	1.1259	1.2211	1.1083	1.1434	1.0819	1.0417	1.1433	1.2084	1.0779	1.2686	1.2894	1.0673	1.0894	1.0375	1.1200	1.1219	1.1646	1.1523	1.0309	1.1070	1.1136	1.0428	1.1470	1.0544	1.0689	1.0968	1.0970	1.0889	1.1645	1.1255
QG37_03370	0.9081	0.8636	0.7432	0.8136	0.7504	0.7770	0.7975	0.7453	0.8004	0.7912	0.7264	0.7845	0.8047	0.6989	0.5890	0.5985	0.7203	0.6895	0.7418	0.7041	0.8069	0.7494	0.6392	0.6687	0.7721	0.6744	0.8176	0.7189	0.7465	0.9036	0.9256	0.7784	0.7461	0.8402	0.8530	0.7332	0.7022	0.6652	0.6208	0.6719	0.7529	0.7532	0.5584	0.7902	0.6890	0.6115	0.8547	0.7757
QG37_03371	1.2379	1.1891	1.1788	1.1520	1.1880	1.1619	1.1686	1.1549	1.1562	1.1906	1.1802	1.1673	1.2203	1.1150	1.0054	0.9863	1.0127	1.0371	1.0993	1.1355	1.0951	1.0935	1.0193	1.0328	1.0876	1.1338	1.0612	1.1146	1.0229	1.0164	0.9701	1.0114	1.1171	1.1603	1.0497	1.1121	1.0844	1.0932	1.0162	1.0296	1.0875	1.0439	1.0354	1.0526	1.0418	1.0917	1.1239	1.1447
QG37_03372	1.2348	1.1162	1.0820	1.0324	1.2707	1.0457	1.2462	1.1745	1.2566	1.2669	1.0156	1.2872	1.1743	1.2622	1.0927	0.9900	1.1560	0.9854	0.9778	1.3194	0.9446	0.9877	1.1348	1.0498	0.9617	1.3477	1.1051	1.1263	1.2004	1.0743	0.8622	1.1287	0.9560	0.9681	0.9902	1.1731	1.1184	1.1665	1.1293	1.0810	1.1547	1.1381	0.9739	1.1556	1.1400	1.0117	1.0681	1.0706
QG37_03373	1.0115	1.1061	1.0460	1.0125	1.0982	1.1515	0.9898	1.0239	1.1234	1.1999	1.0922	1.1473	1.2780	1.1056	1.0105	0.9790	0.9124	0.9927	0.9888	0.9652	0.9524	1.0206	0.9090	0.8538	0.9268	0.9938	1.0208	0.9608	1.0424	1.1131	0.9675	1.0439	1.0560	0.9410	1.0737	0.9882	1.0342	1.0579	1.0607	0.8646	1.0122	1.0644	1.1635	0.8144	0.8389	0.6734	0.8914	0.7782
QG37_03374	1.3296	1.2758	1.1445	0.9975	1.2454	1.0872	1.2850	1.1719	1.0925	1.3870	1.3284	1.1895	1.3164	1.1542	0.8304	1.1753	1.0947	1.1014	1.1434	1.2367	1.1592	1.2381	1.0926	1.0893	1.0736	1.2440	1.2123	1.1673	1.1224	1.0518	0.9958	1.1408	1.2897	1.1806	1.0503	1.0961	1.0985	1.1587	1.0505	1.0210	1.1652	1.1542	1.1220	1.1392	1.0613	0.9685	1.1043	1.1249
QG37_03375	1.2233	1.1771	1.1737	1.0798	1.1822	1.2039	1.1813	1.2299	1.1090	1.2018	1.2683	1.1355	1.2307	1.1323	1.0571	1.0893	1.1334	1.1317	1.1257	1.2252	1.0799	1.1227	1.0719	1.0544	1.1230	1.1900	1.1759	1.1586	1.1547	1.0176	1.0836	1.1257	1.1630	1.1390	1.0948	1.0932	1.1195	1.0854	1.1098	1.0833	1.2064	1.1668	1.0934	1.1744	1.1253	1.1158	1.0917	1.1060
QG37_03376	1.2557	1.1566	1.1823	1.0466	1.1346	1.1034	1.1492	1.0627	1.0803	1.1341	1.1454	0.9929	1.1111	1.0099	1.0358	1.0494	1.0435	1.0745	1.0716	1.1654	1.1147	1.0512	1.0951	1.0416	1.0508	1.1140	1.0094	1.1248	1.1327	0.7784	1.0235	1.1258	1.1149	1.0874	1.0442	1.0248	1.0804	1.1006	1.0522	1.0088	1.1502	1.0442	1.0109	1.0562	1.0619	1.0823	1.1235	0.9075
QG37_03377	1.0837	1.0906	1.0739	1.0911	1.0344	1.0574	1.1481	1.1075	1.0642	1.1538	0.9937	1.0597	1.1469	1.0247	1.0435	1.0044	1.0804	1.1041	1.0178	1.0008	1.0111	1.0460	1.0885	0.9643	1.0474	1.0802	1.0106	1.0708	0.9658	0.8299	0.9995	1.0659	1.0329	1.0391	1.0333	1.0646	1.1148	1.0096	0.9773	1.0520	1.0939	0.9842	1.0014	1.1437	1.0174	1.0559	1.0515	0.9430
QG37_03378	1.1761	1.0774	1.1354	1.1066	1.0722	1.0759	1.1721	1.0521	1.1055	1.1340	1.1554	1.1611	1.1175	0.9708	1.0312	1.0134	1.0701	1.0111	1.1694	1.1403	1.0661	1.1101	1.0360	1.2072	1.1558	1.0961	1.1294	1.2012	1.1288	1.1555	1.0875	0.9799	1.1153	0.9378	1.0396	1.0306	1.0390	1.0572	1.0633	1.0668	1.0766	1.1563	1.0093	1.0388	1.0095	0.9796	0.9627	1.0551
QG37_03379	1.0662	0.9727	1.1351	0.9345	0.9637	0.9972	0.9680	0.9818	0.9435	0.9780	0.9337	0.9150	0.9705	0.9827	0.9195	0.9555	0.9207	0.8946	0.9559	0.9405	0.9560	1.0002	0.9501	0.8737	0.9615	0.9664	0.8591	0.9805	0.9704	0.8081	0.9622	0.8951	0.9577	0.9810	1.0154	1.0082	0.9667	0.8976	0.9756	0.9107	0.9559	0.8621	0.9434	0.9150	0.8919	1.0117	0.8824	0.9343
QG37_03380	1.0298	1.0070	0.9171	0.9324	1.0305	1.0590	1.0395	1.1141	1.1512	1.2614	1.0504	0.9223	1.0554	1.0474	1.0055	0.9288	0.8620	0.9219	1.0168	1.0451	1.1826	1.0204	0.9969	0.9830	0.8599	1.0325	1.2369	1.0540	1.0212	0.9679	1.0219	0.9834	1.0988	1.1527	0.9100	0.8857	1.0713	0.7743	1.0322	0.9402	0.9865	0.9300	0.8905	0.8228	1.0035	0.8548	0.7723	1.0088
QG37_03381	1.0267	0.9859	0.8733	0.8784	1.0364	0.9359	1.0221	0.9435	0.9879	0.9767	1.0221	0.9469	0.9794	0.9993	1.0354	1.0073	1.0089	1.0081	0.9887	0.9869	1.0069	0.9509	0.8776	0.9361	0.9760	1.0094	0.9750	1.0052	1.0872	0.8500	0.9756	0.9865	0.9505	1.0090	0.9603	0.9661	1.0586	1.0068	1.0245	0.9061	1.0427	0.9830	0.9681	0.9895	0.9706	1.0565	1.0442	1.0281
QG37_03382	1.0997	0.9451	0.9326	0.8149	1.0154	1.0145	0.9463	0.9618	0.8927	1.0744	1.0304	0.8927	1.0330	0.9808	1.0172	0.9497	0.8872	0.9215	0.8971	0.8760	0.9419	1.0533	1.0171	0.8539	0.9182	1.0653	0.9607	1.0639	0.9650	2.4283	1.5179	0.9916	0.9249	0.8772	0.9257	1.1201	0.8441	0.9002	0.9174	0.9028	1.1144	0.9731	1.0257	0.9796	0.9946	1.0076	1.0205	0.9705
QG37_03383	0.9272	1.1683	0.9652	0.9434	0.9356	1.0975	0.9232	1.1059	1.0683	1.0561	1.1262	0.9778	0.9481	1.0275	0.9945	1.0012	0.9856	0.9015	1.1423	1.1090	1.0859	0.9877	1.0179	0.9340	0.9281	1.0631	0.9206	1.0258	0.8485	0.9051	0.8824	1.0727	0.9952	1.0494	1.0189	0.9609	1.0693	1.0097	0.8921	0.9919	1.0885	1.1171	0.8407	0.7633	0.8306	0.7227	0.8692	0.8277
