GENE	CDC_B11096	CDC_B11097	CDC_B11098	CDC_B11099	CDC_B11101	CDC_B11102	CDC_B11103	CDC_B11105	CDC_B11112	CDC_B11113	CDC_B11114	CDC_B11115	CDC_B11116	CDC_B11117	CDC_B11118	CDC_B11119	CDC_B11200	CDC_B11201	CDC_B11205	CDC_B11206	CDC_B11207	CDC_B11208	CDC_B11209	CDC_B11210	CDC_B11212	CDC_B11213	CDC_B11214	CDC_B11215	CDC_B11216	CDC_B11217	CDC_B11218	CDC_B11219	CDC_B11220	CDC_B11221	CDC_B11222	CDC_B11223	CDC_B11224	CDC_B11225	CDC_B11226	CDC_B11227	CDC_B11228	CDC_B11229	CDC_B11230	CDC_B11243	CDC_B11244	CDC_B11245	CDC_B11246	CDC_B11247
QG37_07782	1.5195	1.2958	1.3136	1.0656	1.3606	1.1549	1.2726	1.0742	1.2374	1.0801	1.2396	1.2694	1.2239	1.1668	1.1762	0.9954	1.1933	1.1531	1.1226	1.2751	1.2274	1.0371	1.1963	1.0400	1.1679	1.2645	1.2145	1.2294	1.3713	1.1701	1.0875	1.2021	1.2356	1.1442	1.3171	1.2954	1.2517	1.1346	1.2920	1.0244	1.2267	1.2502	1.0253	1.0835	1.1822	1.0842	1.1758	1.1819
QG37_07783	1.2400	1.1054	1.1543	1.0488	1.1387	1.0706	1.1539	1.1483	1.1347	1.2113	1.0907	1.1044	1.1041	1.0406	1.0736	1.0561	1.0390	1.0895	1.1147	1.1268	1.0463	1.0220	1.1416	1.0649	1.0118	1.0646	0.9980	1.0607	1.1005	1.0239	1.0332	1.0860	1.0597	1.0049	1.1550	1.1049	1.1358	1.0166	1.0671	1.0780	1.0358	1.0947	1.0478	1.0300	1.0861	1.0908	1.1123	1.0806
QG37_07784	1.0839	1.1755	1.2499	1.0594	1.1242	1.1468	0.9775	1.0290	1.0623	1.0789	1.1271	1.0224	1.0541	0.9602	0.9942	0.8858	0.9298	1.0322	0.9925	1.1474	0.9568	1.0235	0.9931	1.0378	0.9622	1.0327	1.0407	1.0820	1.1969	1.0042	0.8588	1.0686	1.0443	0.9850	0.9350	1.0158	1.0448	0.9921	1.0924	1.0542	1.0343	0.9444	1.0052	1.0859	0.9561	0.9115	0.9704	0.9877
QG37_07785	1.1631	1.0945	1.2450	1.0742	1.1364	1.1722	1.0867	1.0353	1.0367	1.1243	1.1230	1.1034	1.1214	1.0334	1.0478	1.0690	1.0831	1.0748	1.0457	1.1309	1.1203	1.0335	1.0496	1.0823	1.0272	1.1070	1.0381	1.0889	1.1482	0.9606	1.0240	1.1407	1.0930	1.0379	1.0591	1.0592	1.0715	1.1303	1.0593	0.9783	1.1195	1.0311	1.0298	1.0364	0.9153	0.9797	1.0088	1.1136
QG37_07786	1.2321	1.0820	0.9660	0.8890	1.1111	1.0785	1.2843	1.0212	0.9695	1.0546	1.0855	1.0894	0.9800	1.1055	1.0095	1.1861	1.0073	1.0312	0.9256	1.1319	1.0206	0.9981	1.0790	1.0466	1.1416	1.0309	1.0350	1.0538	0.9179	0.8848	0.9128	1.0729	0.9477	1.0055	0.9877	1.2815	1.0442	1.1856	0.9111	0.9487	1.0714	1.0696	0.9926	0.9319	1.1434	0.9274	1.0434	0.9908
QG37_07787	1.1838	1.0433	1.1744	1.0367	1.0545	1.0833	1.1628	1.1039	1.1639	1.2065	1.1264	1.1581	1.2375	1.0868	0.9826	1.0317	1.0412	1.0898	1.1052	1.1434	1.0732	1.0458	1.0164	1.0166	1.0647	1.1286	1.0884	1.0289	1.1950	1.0361	0.9455	1.0434	1.0837	1.0643	1.0004	1.0464	1.0757	1.0248	1.1353	1.1165	1.1308	1.0815	1.0563	1.1067	1.2731	1.1068	1.0623	1.1049
QG37_07788	1.3351	1.1586	1.2491	1.0231	1.0632	1.1724	1.2632	1.2915	1.1482	1.1189	1.2843	1.3048	1.2062	1.0925	1.0155	1.1093	1.0888	1.1814	1.0745	1.2331	1.3105	1.1244	1.1421	1.1771	1.1701	1.1669	1.1154	1.2358	1.1574	0.9527	1.0911	1.2063	1.2070	1.0087	1.1885	1.1689	1.1660	1.0847	1.1260	1.1353	1.3124	1.1978	1.2326	1.1146	1.2282	1.1373	1.2030	1.2626
QG37_07789	1.2086	1.1795	1.2159	1.1906	1.1515	1.2010	1.2582	1.1838	1.0903	1.1793	1.1651	1.1986	1.2269	1.1200	1.1215	1.0986	1.1500	1.0906	1.1975	1.0891	1.1279	1.1628	1.0683	1.1141	1.0425	1.1555	1.1069	0.9641	1.0289	1.1588	1.0589	1.1741	1.2088	1.0937	1.1887	1.1644	1.2233	0.9713	1.1579	1.1581	1.0716	1.2344	1.1101	1.1129	1.0604	1.0208	1.1129	1.1220
QG37_07790	1.1163	1.1246	1.0463	1.0213	1.1053	1.1154	1.0446	1.0235	1.0358	1.0322	1.1049	1.0928	1.0434	1.0024	1.0010	0.9486	1.1016	1.0686	1.1561	1.1142	1.1025	1.0508	1.0135	1.0832	1.0204	0.9758	1.0529	0.9832	1.0276	0.8727	1.0259	1.0892	1.1380	0.9454	0.9453	0.9196	1.1206	1.0660	1.0910	1.0449	1.0377	1.0212	0.8719	1.0022	1.0202	1.0738	1.0890	1.0823
QG37_07791	0.3653	0.5355	0.5649	0.5765	0.5333	0.5537	0.6057	0.5547	0.5969	0.5988	0.5208	0.4307	0.5695	0.4550	0.5762	0.6574	0.5495	0.4728	0.5980	0.5499	0.5304	0.5424	0.5775	0.5864	0.6189	0.6020	0.6273	0.4650	0.5541	0.3395	0.4832	0.4629	0.4698	0.6088	0.4656	0.5398	0.6312	0.5087	0.4869	0.5240	0.5385	0.5017	0.5840	0.5213	0.5892	0.5925	0.5421	0.5139
QG37_07792	1.0339	1.0519	1.2076	0.9785	1.0580	1.0125	1.1005	1.0485	0.9784	0.9984	1.2066	0.9711	1.1564	0.9497	0.9885	0.9785	1.0560	1.0381	1.0197	1.0105	0.9884	0.9974	1.0349	1.0112	1.1100	0.9528	0.9975	1.0842	1.0958	0.9269	0.9807	0.9897	1.1175	1.0633	1.0240	0.9704	1.0227	0.8720	1.0826	0.9880	1.0622	0.9879	0.9840	1.1537	0.9100	1.0340	1.0384	1.0544
QG37_07793	1.0295	1.1497	1.0259	0.8741	0.8730	0.9922	1.0639	1.0801	0.8380	1.0274	0.9941	0.9543	1.0590	1.0611	0.9851	0.8956	0.8257	0.9532	0.9573	0.9029	1.1249	0.9446	0.8957	1.0147	0.9388	0.9346	1.0308	0.8452	1.0260	1.0264	1.0245	0.9881	0.9615	1.1147	0.9956	1.0550	1.0362	1.0822	0.9944	1.0532	1.1049	0.9752	1.0498	0.8575	0.9570	1.1045	1.0321	0.9888
QG37_07794	0.9288	0.9846	0.9933	0.9044	0.9595	0.9738	0.9719	0.9416	0.9017	0.9634	0.9466	0.9111	0.8949	0.9057	1.0031	0.9594	0.9669	0.9760	0.9896	0.9441	0.9745	0.9699	0.9173	0.9437	0.9063	0.9654	0.8623	0.9456	0.8839	0.8721	0.9465	0.9273	0.9015	0.9512	0.9891	0.9123	0.9611	0.9976	0.9213	0.9165	1.0602	0.9440	1.0156	1.0055	0.9453	0.9018	0.8753	0.9483
QG37_07795	0.8781	1.1909	0.8010	0.7997	0.8023	0.8670	0.8907	1.0144	1.0488	0.9867	1.0230	0.9479	0.8816	0.9172	0.9957	0.9841	0.8386	0.9427	0.9198	0.8636	0.9509	0.9680	0.7381	0.9159	0.9291	0.7841	0.9138	1.0462	0.7905	0.9679	0.9454	0.7723	0.9469	1.0735	0.6852	0.8529	0.9042	1.0106	0.7257	0.8297	0.9911	0.8762	0.7763	1.0687	0.7715	0.8755	1.0740	0.9273
QG37_07796	0.8456	0.8977	0.9412	0.8378	0.8921	0.8716	0.9720	0.9715	0.8960	0.8292	0.9543	0.9455	0.9888	0.9396	0.9267	0.9792	0.9260	0.8869	0.8473	0.8947	0.8670	0.9842	0.9803	0.8160	0.9688	0.9381	0.8636	0.9435	0.8687	0.8509	0.8546	0.8767	0.8946	0.9851	0.7881	0.9397	0.9989	0.9881	0.9311	0.9432	1.0300	0.9336	0.9170	0.9997	0.8812	1.0599	0.8610	0.9320
QG37_07797	1.0146	0.9700	0.9654	1.0806	0.8784	1.0127	0.8946	0.9780	0.9540	0.9865	0.9803	0.9049	0.9985	1.0132	1.0507	1.0709	0.9261	0.9739	0.9470	0.9348	1.0405	0.8616	0.9150	0.9335	0.8179	0.8761	0.8082	0.9489	1.0159	0.9024	0.8420	0.9495	0.8842	1.0685	1.0007	0.9895	0.9914	0.9658	1.1272	0.8062	0.8759	0.7650	0.8796	1.1415	0.8190	0.8721	0.8380	0.9769
QG37_07799	0.8656	0.8872	0.9442	0.9987	0.8764	0.9367	0.9051	0.9139	0.9851	0.9369	1.0040	0.8249	0.9610	1.0876	1.0143	0.9919	0.9427	0.8267	0.9099	0.9685	0.8440	0.7868	0.7863	0.9346	0.9120	0.9653	0.8433	0.9149	0.8724	0.8296	0.9785	0.9120	0.9705	0.9667	0.9370	1.0708	0.9610	0.9857	0.9772	0.9566	0.9157	0.9349	0.9499	0.8938	0.8363	0.9635	0.9592	0.9862
QG37_07800	1.1025	0.9809	1.0016	0.9525	1.0101	1.0370	0.8803	1.0784	0.9828	1.0272	0.9088	0.9762	1.0957	1.1868	1.0157	1.0669	0.9799	0.9980	1.0245	0.9814	0.9393	1.0060	1.0276	0.9351	0.9865	1.0150	1.0378	1.0421	1.0144	1.0624	1.0246	0.9602	1.0457	1.0902	1.0019	1.0412	0.9886	0.9784	0.9210	0.9704	0.9431	0.9649	0.9983	0.9019	1.0098	1.0226	1.0311	0.9975
QG37_07801	1.0910	1.0240	1.0520	0.9098	1.0158	0.9943	1.0514	1.0490	1.0494	0.9295	0.9810	0.9643	1.0476	1.0255	1.0696	1.0693	0.9995	1.0144	0.9986	1.0594	0.9660	1.0643	1.0068	0.9695	0.9629	0.9689	0.9977	0.8951	1.0162	0.8309	1.0538	0.9325	1.0894	0.9774	1.0141	1.0033	1.0060	1.0043	1.0318	1.0722	1.0423	1.0306	1.0480	0.9635	0.8882	0.9954	1.0023	1.0611
QG37_07802	1.0767	1.0311	1.0931	1.0618	1.0481	1.0428	1.0327	1.1158	1.0430	1.1030	1.0981	1.0676	1.0270	1.0578	0.9733	1.0788	1.0262	0.9697	1.0980	1.0256	0.9542	1.0620	0.9904	1.0097	0.9319	1.0777	1.0270	1.0075	1.0050	0.9500	1.0336	1.0047	1.0189	1.0051	1.0379	1.0586	1.0417	1.0868	1.0704	1.0860	1.0625	1.0697	1.0070	1.0562	1.0699	1.0150	1.0445	1.0699
QG37_07803	1.1097	0.9677	0.9799	0.8719	1.0112	0.9613	1.0193	1.0257	0.9538	1.0236	0.9476	0.9421	0.9374	1.0531	0.9008	1.0625	1.0686	0.9914	1.0296	1.0234	0.9896	1.0565	0.9990	0.9741	0.9494	0.9982	1.0398	0.9570	0.9856	0.9339	0.9193	0.9317	0.9741	0.9793	0.8971	0.9550	0.9432	0.8763	0.9171	1.0004	0.9991	0.9895	0.9507	0.9754	0.9583	0.9318	0.9734	1.0357
QG37_07804	0.7373	0.8289	0.9096	0.6903	0.8434	0.9562	0.8583	0.9281	0.8481	0.7664	0.9256	0.7273	0.8110	0.8245	0.7591	0.7893	0.8363	0.8050	0.8741	0.7817	0.7299	0.9097	0.8735	0.7881	0.7813	0.6850	0.8147	0.7418	0.8505	0.8296	0.6143	0.8404	0.7000	0.7770	0.8192	0.7557	0.7955	0.7998	0.8642	0.8457	0.7164	0.8067	0.7777	0.6379	0.7599	0.7570	0.6731	0.6962
QG37_07805	1.0218	0.9438	0.8772	0.9361	0.9060	0.9140	0.8625	0.9655	0.9026	0.8522	0.8495	0.7787	0.8989	0.9208	0.9352	0.8505	0.8410	0.9019	0.8771	0.9505	0.8838	0.8758	0.8290	0.9661	0.8679	0.8692	0.8728	0.8955	0.8887	0.8536	0.8841	0.9122	0.8530	0.8976	0.9115	0.9497	0.9593	0.9431	0.8733	0.9118	0.8849	0.8690	0.8349	0.9683	0.8131	0.8996	0.9307	0.9309
QG37_07806	0.9453	0.7463	0.5894	0.7915	0.7102	0.7933	0.8731	0.8517	0.7705	0.8666	0.8036	0.7798	0.6631	0.8393	0.7859	0.8096	0.7499	0.7683	0.7379	0.7983	0.7338	0.9333	0.7342	0.8565	0.7502	0.6704	0.7603	0.5869	0.6946	0.8102	0.7319	0.7945	0.8923	0.9109	0.6823	0.7426	0.7016	0.8178	0.9443	0.8539	0.7685	0.7865	0.8163	0.7791	0.7634	0.7773	0.7973	0.9787
QG37_07807	1.0146	0.9347	0.9799	1.0248	0.9726	0.9705	1.0646	0.9834	0.9687	1.0303	1.0190	1.0072	0.9980	1.0419	0.9780	0.9543	0.9854	1.0055	1.0575	1.0423	0.9473	0.9199	0.9834	1.0020	0.9972	1.0075	1.0162	0.9665	0.9845	0.9215	0.9910	0.9510	0.9071	0.9534	0.9530	0.9856	1.0090	0.9865	1.0751	1.0010	1.0889	1.0267	1.0151	1.0285	1.0216	1.0304	1.0686	1.0268
QG37_07808	0.9722	1.0641	0.9910	1.0324	0.9213	0.8604	1.1698	0.9799	1.0303	1.1683	1.0366	0.9960	1.0646	1.1190	0.9377	1.0272	1.1096	0.9913	1.0866	1.0889	0.8906	0.9959	1.1082	0.8238	1.1729	0.9979	1.0453	1.0467	0.8243	0.8812	1.0235	1.0449	0.9333	1.0035	0.8412	0.9342	1.0593	1.0552	1.0511	0.9561	1.0608	1.0947	0.9641	1.0392	0.9454	0.8005	1.1803	1.0393
QG37_07809	0.8892	0.9992	0.8210	0.8244	0.8821	0.9007	1.0976	0.9129	0.8682	0.8713	0.9365	0.8298	0.9752	0.8728	0.8118	0.9657	0.9055	0.8184	0.9249	0.8626	0.9097	0.8612	0.9957	0.9148	1.0085	0.9518	0.9750	0.8281	0.7655	0.6987	0.9656	1.0316	0.9037	0.8769	0.9008	0.9125	0.8330	1.0919	0.9857	0.8147	0.9801	0.9124	0.8309	0.8214	0.9395	0.8226	0.9959	0.9095
QG37_07810	1.0812	0.9660	0.9770	1.0064	0.9467	0.9613	0.9448	0.9793	1.0002	0.9315	0.9681	0.9003	0.8935	0.9121	0.9009	1.0069	0.9289	0.9264	0.9775	0.9443	0.9614	1.0556	0.9367	0.9943	1.0318	0.9105	0.9865	0.8812	0.9091	0.8369	0.9150	0.8396	0.9379	0.9432	0.9262	0.8770	0.9001	0.9658	0.9136	0.9297	0.9589	0.9734	0.9651	0.9310	0.8795	0.9893	0.9895	0.8958
QG37_07811	0.5052	0.3676	0.3623	0.3680	0.3771	0.3893	0.3285	0.3194	0.3254	0.2848	0.3166	0.2853	0.2295	0.3648	0.3866	0.4744	0.2564	0.3175	0.3256	0.2966	0.2919	0.3477	0.2932	0.3154	0.4135	0.2671	0.3556	0.3817	0.3609	0.4647	0.5154	0.3789	0.3931	0.3993	0.3417	0.3475	0.3119	0.2176	0.3088	0.2550	0.3070	0.3551	0.3105	0.2701	0.2758	0.3332	0.3138	0.3011
QG37_07812	0.8555	0.8417	0.8561	0.9044	0.8564	0.9602	0.9601	0.9489	0.8664	0.9422	1.0056	0.8736	0.8494	1.0076	0.7284	0.9371	0.9169	0.9578	0.9624	0.8922	0.9911	0.9530	0.9737	0.9835	0.8305	0.9595	0.8363	0.8403	0.8785	0.7045	0.9138	0.8114	0.8932	0.8698	0.8065	0.9100	0.8700	0.9237	0.8889	0.9339	0.9381	0.9512	0.8882	0.9483	0.8838	1.0025	1.0928	0.9110
QG37_07813	0.8548	0.7864	0.8961	0.8351	0.8351	0.9287	0.8121	0.9088	0.8799	0.8088	0.9364	0.8042	0.9758	0.8721	0.8726	0.9741	0.8020	1.0091	0.8115	0.9499	0.9367	0.9858	0.9526	0.8577	0.9127	0.8351	0.8571	0.9066	0.8944	0.9003	0.8421	0.7874	0.8652	0.8094	0.8836	0.8954	0.8465	0.8874	0.9105	0.9008	0.9598	0.9125	0.8564	0.8329	0.9285	0.9051	0.8384	0.7977
QG37_07814	0.8298	0.8084	0.7780	0.8830	0.8169	0.8591	0.8658	0.8748	0.9128	0.9157	0.7666	0.8783	0.8428	0.8350	0.9015	0.9307	0.8946	0.8239	0.8788	0.8976	1.0879	0.9038	0.8391	0.8752	0.8616	0.9744	0.9128	0.8990	0.9441	0.7169	0.8772	0.8629	0.8286	0.8968	0.8580	0.9008	0.8737	0.8547	0.9076	0.9399	0.9886	0.9202	0.9482	1.0205	0.8083	0.8977	0.9144	0.9917
QG37_07815	1.0257	0.9232	0.9176	0.9417	0.9363	0.9181	0.9188	0.9179	1.0018	0.9213	1.0255	0.9372	0.8700	0.8420	0.9656	0.9998	0.9536	1.0636	0.9708	0.9044	0.9757	0.9807	0.9241	0.9797	0.8815	0.9568	0.8436	0.9508	0.9996	0.8672	0.8720	0.8521	1.0875	0.9850	1.0719	0.9152	0.8731	0.9250	0.9508	0.9460	0.8970	0.9143	0.9238	0.9170	0.9329	0.8745	0.9941	0.9385
QG37_07816	1.0611	0.8950	1.0074	1.0211	1.0323	0.9094	0.8869	1.0584	0.9290	1.0773	0.8549	0.9856	0.9610	1.0774	0.9549	0.8020	1.0587	1.0687	0.9332	1.0240	0.9423	0.9063	1.0752	0.9886	1.0768	1.1500	0.9683	0.9252	0.9145	0.7933	1.1626	0.9073	1.0284	1.1064	0.9121	0.8943	0.8986	0.9059	0.9472	0.9511	1.0595	1.0572	1.1370	0.7923	0.9286	1.0761	1.0812	0.9213
QG37_07817	0.8369	0.8762	0.7965	0.7729	0.8694	0.8758	0.7681	0.9577	0.8169	0.8827	0.8131	0.9510	0.8905	0.9007	0.9339	0.8906	0.9812	0.8258	0.8588	0.9288	0.9393	0.8576	0.9472	0.8932	0.8609	0.7981	0.7343	0.7878	0.8576	1.0242	0.8370	0.8986	0.9236	0.8604	0.8348	0.8201	0.9006	0.8698	0.8532	0.8918	0.8757	0.8403	0.8177	0.8595	0.8421	1.0011	0.8876	1.0293
QG37_07818	1.0453	0.8363	0.9652	0.9293	0.9381	1.0117	0.8827	0.9614	0.9413	0.8346	0.9736	0.9309	1.0818	0.8497	0.8303	0.9947	0.9333	0.8774	0.8805	0.9877	0.9014	0.9755	0.9466	0.8855	0.8150	0.9594	0.8023	0.8010	0.8340	0.9794	0.7566	0.9549	0.9713	1.0054	0.9656	1.0045	1.0260	0.9847	0.8727	0.8074	0.9929	0.7530	0.8438	0.8252	0.8502	0.9084	0.8666	0.9908
QG37_07819	1.0638	1.0972	1.1526	1.1746	1.0573	1.1330	1.0954	1.0561	1.0538	1.0397	1.0411	1.0423	1.0905	0.9754	1.0456	1.1550	1.0783	1.1577	1.1131	1.1153	1.0094	1.0886	1.1378	1.0953	1.1291	1.1572	1.0234	1.0328	1.0219	1.0488	1.0803	0.9977	1.0392	1.0604	1.0622	1.1000	1.1320	1.0677	1.0844	0.9751	1.0364	0.9807	0.8914	1.0872	1.0412	1.0138	1.1154	1.0959
QG37_07820	0.9224	0.9038	0.7981	0.7816	0.9498	0.9147	1.0396	0.9744	0.8904	0.8728	0.9835	0.8526	0.8251	0.9260	0.7700	0.9847	0.8924	0.9858	0.8259	0.9020	0.8649	1.0381	0.8737	0.8705	0.9446	0.8679	0.8448	0.9409	0.8385	0.8860	0.8216	0.9075	0.9561	0.8819	0.8956	0.8901	0.9376	0.8579	0.9654	0.8961	0.9491	0.9669	0.8399	1.0852	0.7979	0.9749	0.9301	0.9215
QG37_07821	1.0050	1.0250	1.0274	0.9402	1.0120	0.9575	1.0490	1.0805	0.9157	1.0224	1.0179	0.9332	1.0015	0.9572	1.0688	1.0119	0.9577	0.9250	1.0232	0.9849	0.9866	0.9614	1.0143	1.0275	0.9945	0.9692	0.9734	1.0019	0.9400	0.9667	0.9125	0.9627	0.9750	0.9677	1.0391	1.0304	0.9992	0.9865	1.1089	0.9492	0.9368	1.0047	0.9130	1.0024	1.0003	1.0482	1.0254	1.0097
QG37_07823	1.0534	0.9480	1.0061	0.9031	0.9305	1.0183	0.9946	0.9637	0.8306	0.9230	0.8553	0.7296	0.9302	0.9251	0.9493	0.9263	0.8506	0.8679	0.9531	0.9064	0.9992	1.0043	0.9263	0.8213	0.8644	0.9737	0.8849	0.9216	0.8426	0.7987	0.8429	0.8821	0.9948	0.9182	0.9513	0.9313	0.8691	0.9385	1.0292	0.8633	0.9328	0.8737	0.8687	1.0237	0.9943	0.9043	0.9610	0.8968
QG37_07824	0.9752	0.9588	1.0127	0.9696	0.9542	1.0333	0.9879	0.9506	0.9969	0.8833	1.0608	1.0027	0.9759	1.0115	0.9087	1.0415	0.9154	0.9393	0.9178	1.0177	1.0242	0.9655	0.9218	0.8988	0.8871	0.9839	0.8872	0.9018	0.8758	0.9370	0.9305	0.9744	0.9319	1.0433	0.9886	0.8664	0.9505	0.9476	1.0627	0.9410	1.0681	1.0564	0.8866	0.9761	1.0770	1.0430	0.9883	0.9654
QG37_07825	1.1863	1.2488	1.0321	1.0107	1.2208	1.1801	1.0571	1.0106	1.1027	1.1656	1.0867	1.1781	1.1927	1.1471	1.1602	1.0977	1.1053	1.1684	1.2095	1.2122	1.3455	0.9804	1.0570	1.3293	1.1414	1.1243	1.1837	1.2119	1.0653	1.1037	1.1279	1.1038	1.1384	1.0742	1.1020	1.0475	1.2268	1.1898	1.2178	1.2662	1.3080	1.1227	1.1953	1.1514	0.9274	0.9276	1.0873	1.0614
QG37_07826	1.2127	1.1941	1.0056	1.1446	1.1683	1.1513	1.1804	1.1136	1.1391	1.0251	0.9498	0.9400	0.9928	1.1724	1.2012	0.9684	1.0260	1.0482	1.0288	1.0854	1.1614	0.9306	1.0388	1.1409	1.0389	1.0882	1.0739	1.0842	1.0249	0.9870	1.1042	1.0021	1.1158	1.0609	0.9641	1.0789	1.0105	1.0783	1.1264	1.1569	1.1664	1.1052	1.0944	1.0626	0.8905	0.8829	1.0115	0.9820
QG37_07827	0.9494	0.8847	0.8573	0.9598	0.8583	0.8968	1.0387	0.8984	0.9312	0.8810	0.9352	0.9007	0.9495	0.9802	0.9817	0.9021	0.8931	0.9001	0.9536	0.9012	0.9400	0.8754	0.9451	0.8720	0.9273	0.8175	0.8808	0.8699	0.8466	0.8339	0.8117	0.9226	0.9697	0.8928	0.8597	0.9420	0.9395	0.9088	0.9197	0.9040	0.9336	0.8841	0.9590	0.9942	0.9286	0.9155	0.9802	0.9231
QG37_07828	0.8953	0.8880	0.8296	0.8849	0.9576	1.0338	0.8871	0.9333	0.9542	0.9542	0.9440	0.9156	1.0039	1.0619	0.9838	0.8171	0.9637	0.8788	0.9599	0.9777	0.8478	1.0942	1.0099	1.0450	1.0005	1.0531	0.9742	1.0016	0.8398	0.8603	0.9091	0.8534	0.9847	0.9199	1.0085	1.0686	0.7963	1.0598	0.9974	0.9877	1.0989	1.0160	0.9536	1.0063	1.1805	1.0953	1.1498	0.9782
QG37_07829	0.7729	0.7246	0.6546	0.8147	0.6688	0.6090	0.7425	0.7911	0.6913	0.7290	0.7991	0.7014	0.7517	0.7382	0.6316	0.8601	0.7000	0.7083	0.7175	0.7278	0.6998	0.7098	0.8126	0.7132	0.7205	0.7012	0.6879	0.6941	0.6247	0.6105	0.6544	0.6189	0.6989	0.7594	0.7017	0.7930	0.8098	0.8292	0.7213	0.7108	0.7219	0.7277	0.6470	0.7889	0.6954	0.7859	0.6719	0.8001
QG37_07830	1.1726	0.9149	0.6528	0.8668	0.8696	1.0090	1.0378	1.0528	0.8700	0.8373	1.0265	0.8809	0.7976	0.9302	0.8516	1.0009	0.8816	0.8571	0.9621	0.8492	1.0676	0.8764	1.0798	0.8757	0.9361	0.8464	0.9030	0.8261	0.7981	0.7899	0.6449	0.9828	0.9511	0.9168	0.8613	0.8523	0.9947	0.8803	0.9968	0.9204	0.7708	0.9328	0.8411	0.8024	0.9407	0.9738	0.7351	0.8900
QG37_07831	1.0248	0.9049	0.8875	0.8424	0.7066	0.7886	0.8917	0.8314	0.8294	0.7846	0.8393	0.8436	0.7947	0.8156	0.7584	0.9163	0.6887	0.7259	0.8373	0.8908	0.8197	0.8140	0.7967	0.7871	0.7965	0.8327	0.7576	0.7080	0.8334	0.7054	0.8696	0.8583	0.9663	0.9370	0.8508	0.8674	0.8487	0.8040	0.6932	0.7566	0.8536	0.8323	0.7602	0.8402	0.8890	0.8410	1.0200	0.7289
QG37_07832	0.7842	1.1231	0.8441	0.8943	1.0084	0.9591	1.1515	1.0046	0.8092	1.1764	1.0857	0.9389	1.0728	0.9421	0.9081	1.0677	1.0713	0.9954	0.9473	1.2470	1.2202	1.1965	0.9401	0.9440	0.9799	0.9687	1.0699	1.1592	1.1314	1.2398	0.8340	0.9168	1.0149	0.8794	1.0582	1.1591	1.0427	1.0651	0.9891	1.0202	0.9905	1.0889	1.0819	0.9795	1.0880	0.7838	1.0693	0.9337
QG37_07833	0.8213	0.8664	1.0093	0.9500	0.8989	0.8342	1.0675	0.8208	0.9577	0.9974	0.9403	0.9183	0.8903	1.0851	0.7819	0.9307	0.8015	0.8153	0.8663	1.0958	0.9039	0.8771	0.9146	1.1520	0.8555	0.8474	0.8360	0.8656	0.8888	1.1252	0.8709	0.7715	0.8461	0.7572	0.8083	0.8383	0.7198	0.7718	0.8445	0.8315	0.9274	0.8377	0.8477	1.0514	1.2528	0.9346	0.9002	1.0191
QG37_07834	0.9282	0.9472	0.9260	0.8937	0.8666	0.9717	1.0962	0.9481	0.8878	1.0402	1.0225	0.8641	0.9288	1.0697	0.7608	1.0225	0.9108	0.8977	0.9892	1.0092	0.8432	0.9428	0.8450	0.8867	0.8990	1.0043	0.8307	0.8909	0.8323	0.9269	0.9257	0.9628	0.8586	0.7586	0.8310	0.8850	0.9335	0.7741	0.9132	0.9812	0.8629	0.8527	0.7541	0.8479	1.1556	0.8555	1.1088	0.9012
QG37_07835	1.1674	1.2185	1.1444	1.0592	1.1289	1.1486	1.0677	1.0183	1.0785	1.2266	0.9891	1.0205	1.1621	1.0049	0.9443	1.0595	1.0721	1.0947	1.1270	1.1161	0.9627	0.9681	1.0766	1.0008	1.1445	1.0170	1.0424	1.0716	0.9407	0.9873	1.1711	1.0614	1.1422	1.0295	1.0345	0.8863	1.0483	1.0020	0.9982	1.1839	1.0851	1.1729	0.9206	0.9124	0.9523	0.9766	0.9121	1.0088
QG37_07836	2.7790	3.3583	3.0483	3.2022	3.3983	3.4114	3.5158	3.1564	3.5191	3.3713	3.0198	3.3764	3.2661	3.2270	3.1103	3.2678	3.0518	3.0564	3.4786	3.1832	3.1446	3.2306	3.1974	3.2291	3.3486	3.1091	3.1709	3.3201	3.2525	4.3534	3.6593	3.1265	4.2774	3.6068	3.3196	3.4767	3.7187	3.4841	3.2561	3.5897	3.3804	3.5100	3.1932	3.6490	3.8455	4.0379	3.8956	3.9041
QG37_07837	1.0570	1.0078	1.0022	1.1105	1.0338	1.0332	1.0338	0.9450	0.9864	0.9385	1.0758	0.9815	0.9515	0.9860	0.9646	1.0014	1.0267	0.9358	0.9735	1.0357	0.9593	0.9447	0.9376	0.9594	0.9098	0.9879	0.9111	0.9569	0.9679	0.7648	0.9661	0.9807	0.9152	0.9501	0.9830	1.0245	0.9107	0.9257	0.9989	0.9779	1.0909	0.9517	0.9282	0.9611	0.9454	0.9912	1.0251	1.0311
QG37_07838	1.0056	0.8350	0.8155	0.9468	0.9919	1.1436	1.0102	0.8700	0.8978	1.0363	0.7696	1.0197	0.9214	0.9352	0.8051	0.9614	0.8654	0.9577	0.9116	0.9342	0.9867	0.8146	1.0154	0.9955	0.9078	0.9294	0.8969	0.9221	0.7963	0.7305	0.9853	0.9785	0.9814	0.9487	0.8739	1.0438	0.8141	0.9348	0.9075	0.8596	0.9570	0.8324	0.9213	1.0487	0.9549	0.8817	1.0307	0.9738
QG37_07839	0.9555	0.8956	1.0102	0.9806	0.8422	1.0516	1.0522	1.0548	0.9821	1.0026	0.9351	0.8534	0.8684	0.8677	0.8591	0.9164	0.9647	0.9642	0.9320	0.9032	0.9328	0.9024	1.0763	0.8783	1.0134	0.9178	0.9059	0.9194	0.7811	0.8339	0.8901	0.9267	0.9199	0.8787	0.9597	0.9441	0.9608	0.9893	0.8933	0.9423	1.0122	0.8678	0.8878	0.8514	0.7954	0.8920	0.8113	0.8686
QG37_07840	0.8910	0.7694	0.8932	0.9075	0.7485	1.0277	0.9548	0.9495	0.9881	0.9255	1.0799	0.8673	0.9368	0.9212	0.8335	0.8157	0.8057	1.0070	1.0143	1.0047	0.9988	0.9169	0.8349	0.9527	0.8370	0.8959	0.8809	0.8496	1.0561	0.6323	0.8704	0.8163	0.8879	0.8498	0.9304	0.9150	0.9220	0.6623	1.0493	0.9572	0.9445	0.7815	0.8905	0.8383	0.9805	0.9885	1.0400	1.0161
QG37_07841	0.7699	0.4185	0.4525	0.3427	0.3451	0.5142	0.4268	0.5819	0.4991	0.5092	0.3871	0.3789	0.3806	0.4555	0.4776	0.3369	0.4602	0.5225	0.5034	0.5283	0.4462	0.4610	0.4131	0.4558	0.3424	0.4365	0.3690	0.4287	0.3972	0.3653	0.4297	0.3998	0.7441	0.4294	0.4346	0.4455	0.3595	0.4382	0.4495	0.4676	0.5141	0.4567	0.3851	0.6064	0.7137	0.7660	0.7399	0.6886
QG37_07842	0.9573	0.9039	0.9963	0.9178	0.9559	0.9571	0.9729	0.8832	0.8741	0.9420	0.9464	0.8622	0.8609	0.8997	0.8964	0.9374	0.8858	0.9702	0.8967	0.9889	0.9267	0.9501	0.9007	1.0159	0.9638	0.8756	0.8731	0.9148	0.8398	0.8618	0.8523	0.8997	0.9260	0.8585	0.9420	0.9600	0.8630	0.9600	0.9675	0.8664	0.9441	0.9225	0.9790	0.9854	0.8838	0.9011	1.0087	0.9229
QG37_07843	0.9964	0.9068	0.9722	0.9189	0.8464	1.0406	0.9629	0.8284	0.9003	0.9412	0.9439	0.9056	1.0992	0.9938	1.0596	1.0233	0.9014	0.9708	1.0022	0.9734	1.0655	0.9705	1.0497	1.0008	0.9828	1.0863	1.0210	0.9372	0.9651	0.7457	0.9681	0.9570	0.9224	0.9641	0.9771	0.9868	0.8663	0.9631	1.0211	0.9636	0.9152	0.9350	0.8874	1.0493	0.9194	0.9948	1.0806	0.9942
QG37_07844	1.0014	0.9347	0.8509	0.8095	0.8618	0.9671	0.8973	0.8443	0.8769	1.1380	0.9345	0.8965	1.0106	0.9146	0.8933	0.9070	0.8980	0.8821	0.8548	0.8938	0.9240	0.9505	0.9940	1.0284	0.8121	1.0805	0.8953	1.0002	0.9552	0.6538	0.9153	0.9890	0.9497	0.9424	0.9124	1.0878	0.8314	0.9826	0.8954	0.8839	0.8589	0.8653	0.8508	0.9718	0.8819	0.8227	0.9259	1.0721
QG37_07845	0.9165	0.8962	0.8596	0.8484	0.8372	0.8835	0.9634	0.8824	0.9750	0.8639	1.0296	0.8615	0.8217	0.9339	0.8267	0.8223	0.8316	0.8893	0.9175	0.8815	0.9764	0.9386	0.8334	0.8848	0.8712	0.8099	0.8602	0.8704	0.9022	0.9279	0.8807	0.8787	0.8334	0.8361	0.9014	0.8524	0.8712	0.9398	0.8985	0.8635	0.8601	0.8463	0.7575	0.8986	0.7939	0.9298	0.9269	0.8516
QG37_07846	0.8749	1.0121	0.7750	0.9551	0.9461	0.9161	0.8396	1.0133	0.9822	0.7875	0.7708	1.0119	0.9801	0.9433	0.9343	1.0339	1.0162	1.0509	0.8941	0.9702	0.8365	0.9808	1.0201	0.8941	0.7474	0.8505	0.9733	0.9054	0.9401	0.7151	0.9610	0.9811	0.8639	0.9342	0.9750	1.1307	0.9823	0.9582	0.9761	0.9894	1.0037	0.9969	0.9478	1.0042	1.0250	1.1531	1.0063	0.9272
QG37_07847	0.7974	0.9571	0.7816	0.9670	1.0628	0.8699	0.9377	0.9402	1.0084	0.8549	0.9745	0.9704	0.9935	0.9798	0.8141	0.8636	0.8614	1.1081	0.9683	0.9208	0.8706	0.9558	0.9982	0.8976	0.7515	0.8253	0.9951	0.9009	1.0137	0.5765	1.1098	0.9418	0.9029	0.9307	0.8305	1.1258	1.0081	0.9156	1.0374	0.9662	0.9466	0.9217	0.8962	0.9513	1.0802	1.1786	0.9527	0.9318
QG37_07848	0.6997	0.8097	0.7578	0.8086	0.8961	0.8574	0.9110	0.9118	0.8696	0.8404	0.8177	0.8121	0.7853	0.9302	0.8300	0.8443	0.8616	0.8056	0.8168	0.7924	0.9244	0.8072	0.7715	0.8680	0.7486	0.7662	0.8542	0.6181	0.8087	0.6726	0.7482	0.8174	0.7279	0.8908	0.8406	0.7626	0.8099	0.8857	0.8865	0.8533	0.9134	0.7975	0.8001	0.8813	0.7757	0.9513	0.8116	0.8303
QG37_07849	0.8318	0.7228	0.6033	0.8098	0.8468	0.6788	0.9012	0.7233	1.0585	0.8984	1.0461	0.7418	0.8779	0.9652	0.8487	0.9481	0.7274	0.8752	0.8259	0.7011	0.7245	0.7897	0.8183	0.7867	0.7719	0.8953	0.7369	0.8130	0.6861	0.7390	0.8993	0.8231	0.7370	0.8684	0.7829	1.0467	0.9026	0.7731	0.8633	0.8568	0.9151	0.8586	0.8596	0.6835	0.8121	0.7925	0.8593	0.8524
QG37_07850	0.8216	0.8714	0.8838	0.9984	0.7823	0.9160	0.9461	1.0057	0.8547	0.9566	0.8534	0.8171	0.9931	0.9019	0.9568	0.8905	0.9642	0.8329	0.9019	0.8031	0.8819	0.8228	0.8281	0.9659	0.8939	0.8666	0.8189	0.8248	0.7422	0.9939	0.8707	0.6728	0.9175	0.8640	0.9625	0.9434	0.8852	0.8862	0.8692	0.8593	0.8945	0.7949	0.8596	1.0350	0.8353	0.9040	0.9156	0.8905
QG37_07851	0.8534	0.8146	0.9523	0.8474	0.7615	0.8118	0.8527	0.7762	0.8589	0.8045	0.9261	0.8054	0.9427	0.9415	0.8325	0.9838	0.8678	0.8959	1.0202	0.9021	1.0383	0.8556	0.8229	0.8991	0.9135	0.9180	0.9282	0.9745	0.8455	0.7042	0.7570	0.8297	0.8411	0.9338	0.8355	0.9190	0.8488	0.7798	0.8826	0.8743	0.8311	0.9481	0.8547	0.9474	0.9120	0.9648	1.0589	0.8609
QG37_07852	0.9828	0.8810	0.9057	0.9235	0.8766	0.9275	0.9275	0.9687	0.9231	0.8508	0.9948	0.8576	0.9174	0.9802	0.8582	0.9168	0.9255	0.9355	0.9241	0.9118	1.0128	0.9610	0.9004	0.9143	0.9776	0.9220	0.9500	0.8738	0.9045	0.8403	0.8877	0.9462	0.9512	0.9648	0.9483	0.9720	0.9093	0.9840	0.9702	0.9577	0.9664	0.9922	0.9141	0.9803	0.9905	0.9024	0.9269	0.9719
QG37_07853	0.8414	0.7563	0.7603	0.8207	0.7768	0.8442	0.8297	0.8382	0.8438	0.7741	0.7620	0.6993	0.7855	0.8451	0.8408	0.8752	0.8233	0.8335	0.8097	0.7743	0.8492	0.8571	0.8327	0.8329	0.8160	0.7727	0.7682	0.8037	0.7837	0.7142	0.8249	0.7795	0.7448	0.8312	0.8902	0.8961	0.8742	0.8794	0.8804	0.8291	0.8572	0.7878	0.8120	0.8201	0.8392	0.8167	0.8808	0.8435
QG37_07854	1.0382	0.9161	1.0430	0.9692	1.1202	0.9873	0.8238	1.1240	1.0800	1.0522	1.0372	0.9964	1.0579	1.0140	0.9860	1.0046	0.8767	0.9983	1.1149	1.0805	0.8753	1.0722	0.9743	0.8128	1.0840	1.0286	0.9025	0.9803	0.9017	1.0937	0.9471	0.9571	0.9920	1.0199	1.0971	0.9530	1.0592	1.0524	1.1589	1.1108	1.1632	1.0819	1.0049	1.1472	1.0896	1.0976	1.0798	1.1917
QG37_07855	1.1321	1.0433	1.2930	1.1543	1.1073	1.0399	1.0405	1.0730	1.0128	1.0010	1.0764	0.9610	0.9943	1.0977	1.0796	1.1846	1.0318	0.9979	1.1092	1.0783	1.1713	1.0881	1.0479	1.0307	0.9989	1.0174	1.0104	0.9576	1.0010	1.3434	1.0561	1.0334	0.9218	1.1860	1.1563	1.0633	1.0491	1.1225	1.1430	1.1010	1.0328	1.0560	1.0399	1.2670	1.0712	1.1482	1.0385	1.1532
QG37_07856	1.0621	1.0311	1.0673	1.0701	0.9955	1.0010	1.0079	1.0696	1.1194	1.1217	1.0826	1.0150	1.0128	1.0780	1.0640	0.9891	1.0051	1.0379	0.9404	1.0671	1.0608	1.0446	1.0417	1.0363	1.0278	1.0363	1.1022	1.0893	1.0009	0.9039	0.8936	0.9462	1.0454	1.0725	1.0981	1.1225	1.0822	1.0540	1.0281	1.0189	1.0544	0.9928	1.0233	1.1256	1.0960	1.0896	1.0866	1.0757
QG37_07857	1.2452	0.9593	1.1171	1.0737	0.9645	0.9832	0.8752	1.1527	1.0373	0.9283	0.9299	1.0239	0.9645	0.9178	0.9480	0.8191	1.0227	1.0185	0.9511	1.0045	1.0853	1.1520	1.0524	0.8963	0.9341	0.9242	1.0382	1.0968	0.8313	0.8939	1.1085	1.0072	1.0134	0.8836	0.9535	0.7420	0.9873	1.0052	1.0318	1.0262	1.0090	0.9322	1.1425	1.0988	0.9631	0.9114	1.0663	0.8417
QG37_07858	0.8807	0.8975	1.0381	0.9093	0.8600	0.9555	0.8778	0.9472	0.7526	0.7822	0.8802	0.8389	0.8779	0.9814	0.9642	0.8806	0.7546	0.9372	0.9025	0.9172	0.9409	0.9431	0.9979	0.9520	0.8715	0.7979	0.8863	0.8680	0.8534	0.8002	0.9214	0.8898	0.9305	0.8354	1.0489	0.8495	0.8929	0.8553	0.9095	0.8761	0.9121	0.9230	0.7532	0.9864	0.9236	0.8967	0.9109	0.8981
QG37_07859	0.8608	0.8331	0.8458	0.8091	0.7630	0.9306	0.8759	0.8220	0.8518	0.8424	0.8934	0.8028	0.8568	0.8720	0.9492	0.9205	0.8774	0.8821	0.9192	0.9003	0.9084	0.8263	0.8649	0.8897	0.7960	0.8473	0.8567	0.8247	0.8626	0.8463	0.8550	0.8400	0.8291	0.8819	0.8436	0.8487	0.8355	0.8934	0.8569	0.8680	0.9114	0.9025	0.9140	0.9843	0.8608	0.9262	0.9629	0.8793
QG37_07860	0.8812	1.1078	0.9865	0.9650	0.8800	1.0664	0.9629	1.0058	1.1022	0.9282	1.0871	0.8492	1.0340	1.0716	0.8294	1.1222	0.9514	0.8338	1.0641	0.8141	0.9713	1.0187	0.9742	1.1319	0.9351	0.7762	0.9205	0.9051	0.8569	0.8739	0.8387	0.9613	0.9197	0.9136	0.9407	0.9427	1.1101	1.1461	1.0092	0.9453	0.9546	0.9992	0.9876	0.9235	1.0374	1.0953	1.0236	0.9421
QG37_07862	0.6891	0.7043	0.7520	0.7101	0.7271	0.7214	0.7785	0.6977	0.7477	0.6186	0.6517	0.6676	0.7263	0.7909	0.7720	0.7828	0.7990	0.7357	0.7412	0.7340	0.7590	0.6712	0.7366	0.7164	0.7230	0.6824	0.6831	0.6523	0.6122	0.7178	0.7016	0.7252	0.7140	0.7356	0.8051	0.7593	0.7285	0.7380	0.7723	0.7235	0.7306	0.7936	0.7331	0.8204	0.7447	0.7938	0.7990	0.7895
QG37_07863	0.8517	0.8178	0.7639	0.8941	0.7342	0.9629	0.8881	0.8880	0.9175	0.7346	1.0296	0.7453	0.8343	0.9713	1.0721	0.9918	0.9707	0.9617	0.8156	0.7864	1.0964	1.0562	0.8487	0.8439	1.0293	0.9587	0.9373	0.7638	0.9866	0.8263	0.9197	0.9497	0.8711	0.7896	0.7397	0.9587	0.9620	0.9507	0.9740	0.8808	0.9692	0.8561	0.9652	0.8537	0.8756	0.6941	0.8753	0.9076
QG37_07864	1.1233	0.9146	0.9535	1.0746	0.9901	0.9044	1.0971	0.8666	0.9128	0.8556	0.8571	0.9537	0.9184	1.1182	0.9223	0.9977	1.0082	0.9983	0.9345	0.8436	1.1044	1.0697	1.1454	1.0694	1.0881	1.1210	0.9907	0.9716	0.9425	1.0152	0.9318	0.9906	1.0125	0.9673	0.8719	1.2161	0.9215	0.9652	0.9411	0.9275	1.0789	1.1236	1.0129	0.9422	0.9654	1.0029	1.0275	0.9433
QG37_07865	0.7693	0.8032	0.8167	0.8800	0.8064	0.9111	0.8628	0.9513	0.9573	0.8898	0.7356	1.0322	0.8923	0.9555	0.8580	0.9033	0.8763	0.9050	0.8522	0.8557	0.7839	0.9931	0.9220	0.8037	0.8861	0.8769	0.9380	0.7868	0.7664	0.6793	0.9557	0.9708	0.9194	0.9107	0.8588	0.9972	0.9375	0.9350	0.8892	1.0343	0.8519	0.9753	0.7374	0.9161	1.0801	0.8939	1.0596	0.9112
QG37_07866	0.9968	1.0188	1.0060	0.9417	1.0311	0.9499	1.0264	0.9644	1.0209	0.9185	0.9456	0.9604	0.9288	1.0298	1.0005	1.0090	0.9833	1.0658	1.0038	1.0059	1.0463	1.0341	0.9654	1.0073	0.9745	0.9344	0.9780	0.9260	0.9596	0.9351	0.9875	1.0288	0.9380	1.0570	0.9664	1.1274	0.9525	1.0152	1.0462	1.0418	1.0722	0.9780	0.9188	0.9784	1.0101	1.0279	0.9779	1.0969
QG37_07867	0.8551	0.8401	0.9037	0.7923	1.0006	0.8407	0.9417	1.1121	0.8655	0.8853	0.8215	0.8729	0.8512	0.8858	0.9377	0.9930	0.8697	0.9224	0.9425	0.9114	0.8842	1.0113	0.8323	0.9346	0.9269	0.7855	0.8940	0.8480	0.9280	0.7827	1.0010	1.0422	0.9466	1.0539	0.9078	1.0770	0.9843	0.9643	0.9405	1.0499	0.7720	0.9871	1.0107	1.1329	0.9231	0.9940	1.0178	1.1318
QG37_07868	0.6445	0.5362	0.4468	0.5713	0.4364	0.4068	0.4170	0.4901	0.5217	0.3992	0.4304	0.5129	0.4125	0.5850	0.4372	0.4107	0.5127	0.5201	0.5001	0.4564	0.5588	0.5620	0.3872	0.4519	0.4646	0.4350	0.5485	0.4520	0.5053	0.2707	0.4887	0.4485	0.6218	0.9022	0.8209	0.9348	0.9112	0.9897	1.0334	0.9244	0.8509	0.9696	1.0793	0.7665	0.8184	0.8498	0.7874	0.7914
QG37_07869	0.8495	0.7944	0.8161	0.7311	0.6333	0.7256	0.7221	0.7432	0.8391	0.7700	0.7204	0.7943	0.8109	0.7959	0.6218	0.8131	0.8450	0.7416	0.8676	0.7803	0.8645	0.8509	0.7345	0.7977	0.7543	0.7985	0.8752	0.7203	0.7949	0.8839	0.7957	0.6805	0.9653	0.6859	0.9145	0.8989	0.8404	0.9340	0.9218	0.9103	0.9321	0.9038	0.9636	0.8193	0.7934	0.8050	0.9593	0.9473
QG37_07870	0.7929	0.7478	0.7621	0.7610	0.7287	0.8718	0.7147	0.8292	0.8442	0.8914	0.7468	0.8426	0.8236	0.8230	0.6883	0.9038	0.7978	0.8307	0.8952	0.8500	0.8537	0.9152	0.8626	0.7700	0.8595	0.7170	0.9335	0.8534	0.8043	0.8254	0.8565	0.7288	0.7281	0.8340	0.7842	0.8898	0.7647	0.8167	0.8791	0.9303	0.7649	0.8302	0.7894	0.8391	0.8500	0.7867	0.7847	0.9430
QG37_07871	0.9553	0.8719	0.7447	0.9331	0.7210	0.8269	0.9038	1.0149	0.8922	0.8244	0.8364	0.6708	0.8655	0.9741	0.8871	0.8700	0.8815	0.9281	0.9643	0.9368	0.8265	0.8166	0.7897	0.9548	0.7412	0.7950	0.9372	0.8278	0.9256	0.8242	0.7000	0.6880	0.8920	0.8243	0.9979	0.9815	0.7332	1.0502	0.9419	0.9173	0.9274	0.8323	0.7382	0.8445	0.9156	0.9695	0.9936	0.9045
QG37_07872	0.9259	0.8808	0.8319	0.9216	0.8856	0.8483	0.8878	0.9454	0.8886	0.8672	0.8456	0.8574	0.9374	0.9146	0.9679	0.9125	0.9223	0.9320	0.9632	0.8484	0.9787	0.8892	0.8784	0.9009	0.8318	0.8813	0.9484	0.9262	0.7789	0.6851	0.8751	0.9026	0.8371	0.9074	0.8723	0.8596	0.8692	0.9453	0.9548	0.9181	0.9136	0.9793	0.8367	0.9003	0.8608	0.8962	0.9334	0.9559
QG37_07873	0.6920	0.7724	0.7797	0.7395	0.8041	0.7222	0.8078	1.0194	0.9239	0.9128	0.9748	0.9082	0.9182	0.9355	0.9496	0.9746	0.8852	0.8579	0.9066	0.7712	1.0393	0.9166	0.8906	0.7792	0.8600	0.7387	0.9528	0.8834	0.8224	0.8378	0.8889	0.7638	0.7670	1.0071	0.8741	1.0147	0.9604	0.8441	0.9426	0.9084	0.9156	0.7774	0.7924	0.8016	0.8792	1.0341	1.0235	0.9995
QG37_07874	1.0157	1.0263	0.9076	1.0081	0.8127	0.9071	1.0884	0.8446	1.1157	0.7283	0.9275	0.9635	1.0300	0.9752	0.8287	0.8709	0.8847	0.8661	1.0432	0.8165	0.7889	0.9329	0.9667	0.8946	0.8998	0.8308	0.8017	0.8514	0.7951	1.0118	0.9348	0.8817	0.8072	1.0399	0.9665	0.8062	1.0228	0.9048	0.8888	0.8663	0.8339	0.7849	0.9190	0.9961	0.9340	0.9629	1.0629	0.9836
QG37_07875	0.8172	0.8371	0.8606	0.9058	0.8812	0.8843	0.9127	0.8800	1.0325	0.8808	0.7992	0.8937	0.8801	0.8324	0.8751	0.8528	0.9396	0.8761	0.8839	0.8512	0.8852	0.9254	0.8898	0.9466	0.9216	0.8267	0.8763	0.7983	0.8594	0.8648	0.8980	0.8763	0.9149	0.9248	0.8722	0.9336	0.9038	0.8597	0.9015	0.9397	0.8780	0.8892	0.8993	0.9905	0.9265	0.8532	0.9640	0.8912
QG37_07876	0.7861	0.7795	0.7104	0.6748	0.7422	0.7420	0.6790	0.6821	0.7864	0.7376	0.9315	0.7970	0.9318	0.7526	0.7196	0.8000	0.8457	0.8159	0.7802	0.7845	0.9282	0.9130	0.9083	0.8800	0.7570	0.7454	0.8359	0.7394	0.7321	0.6726	0.6837	0.8432	0.7544	0.6468	0.8383	0.7151	0.8265	0.9285	0.8550	0.9895	0.9833	0.8323	0.8126	0.9472	0.7690	0.6753	0.8712	0.8646
QG37_07877	0.6861	0.7503	0.7936	0.7268	0.7169	0.6690	0.6278	0.7037	0.6886	0.6308	0.8354	0.6241	0.7975	0.8363	0.6960	0.7291	0.7042	0.7701	0.7189	0.7542	0.7923	0.6914	0.7226	0.8723	0.7718	0.6706	0.8335	0.7320	0.6976	0.6232	0.7229	0.7955	0.7703	0.7872	0.8485	0.6785	0.6691	0.8270	0.8685	0.9058	0.8409	0.6967	0.7799	0.8417	0.7353	0.7132	0.7097	0.7005
QG37_07878	0.9524	0.7476	0.7970	0.7511	0.8805	0.6558	0.7335	0.9102	0.8236	0.8902	0.8700	0.8836	0.9211	0.7930	0.7882	0.8107	0.8126	0.9342	0.8502	0.8677	0.9179	0.9443	0.8231	0.8810	0.8161	0.8202	1.0029	0.7832	0.7216	0.7439	0.9679	0.7956	0.9060	0.8376	0.7639	0.7581	0.8729	0.8196	0.8337	0.7347	0.7204	0.8586	0.7901	0.8296	0.6699	0.7140	0.9401	0.9811
