GENE	CDC_B11096	CDC_B11097	CDC_B11098	CDC_B11099	CDC_B11101	CDC_B11102	CDC_B11103	CDC_B11105	CDC_B11112	CDC_B11113	CDC_B11114	CDC_B11115	CDC_B11116	CDC_B11117	CDC_B11118	CDC_B11119	CDC_B11200	CDC_B11201	CDC_B11205	CDC_B11206	CDC_B11207	CDC_B11208	CDC_B11209	CDC_B11210	CDC_B11212	CDC_B11213	CDC_B11214	CDC_B11215	CDC_B11216	CDC_B11217	CDC_B11218	CDC_B11219	CDC_B11220	CDC_B11221	CDC_B11222	CDC_B11223	CDC_B11224	CDC_B11225	CDC_B11226	CDC_B11227	CDC_B11228	CDC_B11229	CDC_B11230	CDC_B11243	CDC_B11244	CDC_B11245	CDC_B11246	CDC_B11247
QG37_04187	269.14	640.55	455.41	557.11	753.61	441.74	410.28	501.28	581.83	776.26	432.08	1043.57	639.65	366.76	730.61	485.48	885.26	795.87	563.90	608.76	434.76	706.50	806.44	659.94	799.05	1256.68	623.46	1272.30	1269.64	436.68	646.89	1274.68	1083.81	682.14	578.06	472.70	728.47	620.92	472.20	698.83	531.54	585.36	931.43	357.69	752.88	479.51	461.39	664.85
QG37_04188	909.55	2688.46	1515.36	2037.90	2325.00	1628.55	1726.30	1770.52	2784.81	2455.22	1525.94	2774.52	2188.29	1650.97	2415.94	1754.03	3627.63	3091.16	2398.97	1935.67	1753.12	2172.04	3030.36	2512.65	2708.28	4079.08	2715.42	3862.10	4019.71	1197.04	2093.94	4778.39	3951.66	2526.50	2085.24	1813.87	2207.19	2348.98	1505.77	2461.70	1952.28	2621.09	3270.56	1152.50	2313.25	1900.88	1686.65	2744.89
QG37_08430	935.17	1883.56	1167.22	1561.44	1725.22	1276.54	1298.88	1395.89	1991.87	1764.48	1160.10	1935.00	1496.56	1160.18	1804.96	1417.51	2717.96	2336.89	1872.15	1512.43	1285.30	1665.41	2272.74	1808.96	2076.83	3006.27	1827.51	2753.77	2782.30	821.66	1571.54	3322.30	2796.02	1811.27	1638.41	1330.12	1605.24	1761.11	1210.66	1772.27	1528.41	1887.90	2335.48	996.71	1671.82	1438.43	1298.56	1977.33
QG37_08431	870.86	2339.26	1533.65	2071.11	2227.32	1609.71	1652.32	1740.96	2536.54	2350.06	1444.25	2468.81	1974.36	1593.78	2301.17	1797.69	3345.35	2919.38	2115.85	1912.53	1576.56	2267.22	2826.60	2344.88	2682.85	3793.92	2259.01	3419.38	3300.71	1173.60	2003.60	4559.68	3624.62	2485.43	1925.11	1662.39	2044.42	2161.53	1454.94	2314.93	1856.78	2302.18	3109.03	1216.25	2045.00	1809.69	1675.88	2603.00
QG37_08432	880.17	2353.62	1565.96	2059.85	2235.03	1755.18	1775.51	1830.08	2634.72	2366.79	1465.07	2552.39	2021.01	1618.54	2313.10	1887.42	3497.65	2916.82	2139.18	1995.21	1619.17	2323.12	2885.00	2405.64	2602.69	3509.25	2321.58	3355.40	3413.60	1098.29	1946.01	4842.99	3730.54	2504.92	2057.24	1685.22	2036.32	2261.43	1543.99	2355.06	1830.14	2233.69	3259.86	1244.90	2133.58	1873.92	1730.78	2799.21
QG37_08433	879.72	2383.97	1542.21	2045.85	2274.99	1699.86	1775.72	1839.79	2720.17	2407.59	1475.96	2571.75	2043.35	1635.51	2317.79	1855.28	3510.03	3012.62	2120.49	1972.75	1636.54	2278.70	2853.30	2421.83	2640.34	3613.70	2402.93	3378.13	3457.46	1084.45	1990.13	4891.35	3792.77	2497.38	2093.18	1657.17	2061.18	2256.72	1529.58	2434.75	1843.68	2233.00	3296.07	1228.85	2179.06	1912.46	1757.10	2797.48
QG37_08434	866.73	2450.79	1540.06	2068.82	2290.00	1667.34	1751.01	1874.41	2759.13	2437.83	1521.27	2590.66	2061.38	1657.15	2354.41	1802.70	3521.38	3026.93	2147.56	1967.56	1659.17	2226.89	2858.76	2494.08	2641.55	3743.76	2451.18	3424.03	3586.48	1083.27	2048.49	4832.92	3841.58	2518.87	2110.65	1675.28	1991.92	2294.34	1537.41	2384.14	1920.52	2260.82	3316.76	1240.01	2160.37	1915.24	1784.49	2820.55
QG37_08435	867.14	2408.29	1461.75	2054.71	2274.51	1588.32	1737.38	1800.65	2671.32	2369.12	1496.88	2548.96	2014.42	1637.31	2308.78	1758.60	3449.18	2911.97	2180.14	1898.36	1682.68	2149.29	2834.22	2483.97	2640.69	3756.92	2371.51	3423.11	3603.38	1076.96	2071.89	4689.31	3814.60	2426.19	2060.89	1649.68	1961.61	2263.08	1510.89	2299.85	1956.21	2232.36	3297.17	1199.28	2087.88	1859.54	1791.97	2739.76
QG37_08436	907.30	2820.72	1688.41	2215.99	2442.91	1830.38	1791.76	1852.45	3087.54	2618.65	1736.61	2800.14	2148.61	1823.55	2616.32	2032.91	3807.51	3338.24	2442.74	2169.80	1857.50	2352.66	3136.34	2714.45	2873.80	4286.85	2684.89	3963.54	4203.35	1179.24	2225.76	5117.32	4018.91	2536.97	2073.61	1924.14	2181.08	2436.22	1648.55	2491.64	2084.99	2751.46	3579.26	1305.35	2459.22	2042.23	1871.00	3018.82
QG37_08437	919.31	2972.14	1771.72	2346.11	2536.08	1930.93	1966.82	2139.17	3119.38	2707.97	1829.96	2785.64	2336.85	1947.76	2708.75	2186.33	4061.01	3613.36	2600.44	2341.10	2071.56	2400.15	3411.31	2827.65	3068.99	4568.96	2792.62	4061.28	4270.32	1207.69	2412.86	5519.93	4187.47	2739.50	2245.54	1940.28	2212.57	2625.71	1721.10	2651.29	2220.56	2785.81	3763.14	1426.04	2534.56	2162.99	1996.69	3124.62
QG37_08438	911.77	2947.90	1721.87	2341.37	2597.59	1912.96	1942.06	2082.01	3072.48	2716.42	1833.97	2744.30	2298.89	1910.82	2696.56	2183.54	4059.52	3556.79	2623.54	2345.94	2040.52	2451.45	3374.48	2776.72	3138.86	4577.61	2752.25	4119.52	4185.86	1232.13	2412.15	5434.85	4199.52	2675.04	2287.52	1914.54	2239.04	2559.63	1755.94	2650.99	2266.28	2815.77	3739.70	1420.15	2539.62	2120.73	1954.45	3055.46
QG37_08439	926.68	3008.14	1813.30	2350.56	2639.70	1873.31	1815.83	2024.52	3082.23	2842.70	1741.17	3157.68	2510.46	1854.34	2901.63	2021.10	4109.35	3594.94	2590.66	2283.21	2068.55	2529.75	3385.49	2956.65	3256.35	4612.80	2968.28	4348.01	4422.23	1356.77	2486.86	5271.79	2091.00	2868.87	2235.89	1898.44	2395.46	2631.37	1774.20	2730.48	2165.10	2766.59	3906.14	1442.46	2721.45	2156.62	1930.89	3075.83
QG37_04189	905.69	2693.79	1552.77	2029.45	2446.82	1608.46	1760.18	1848.66	2718.48	2467.21	1552.39	2780.21	2104.07	1669.37	2515.29	1936.84	3775.16	3267.10	2389.25	1934.96	1793.10	2384.19	3017.51	2513.65	2922.37	4167.03	2596.32	3710.26	3626.88	1257.87	2166.56	4507.48	3924.94	2641.86	2045.07	1627.25	2167.55	2319.53	1648.80	2564.83	2007.34	2500.47	3198.03	1240.70	2403.20	1905.45	1725.37	2629.25
QG37_04190	883.21	2506.05	1504.22	1940.70	2410.15	1538.17	1645.96	1728.91	2614.71	2478.66	1486.26	2860.43	2068.48	1554.39	2438.08	1797.88	3547.04	3112.66	2273.13	1859.39	1682.50	2341.49	2863.54	2424.26	2776.00	3978.60	2462.84	3646.88	3581.56	1263.29	2117.85	4354.92	3683.81	2467.03	2018.80	1600.16	2162.40	2244.41	1608.82	2429.89	1859.70	2390.87	3168.69	1237.93	2369.30	1807.52	1723.41	2486.28
QG37_08440	850.25	2323.93	1440.39	1840.06	2339.82	1429.25	1499.70	1586.82	2379.94	2516.04	1383.34	2999.21	1996.99	1468.17	2364.62	1690.15	3261.23	2819.85	2163.80	1797.07	1549.58	2280.15	2648.08	2308.68	2625.66	3755.28	2315.72	3625.15	3620.06	1267.99	1997.27	4094.75	3350.55	2315.79	1877.06	1546.25	2276.68	2114.65	1453.17	2252.93	1672.58	2296.21	3110.03	1079.13	2346.06	1689.73	1623.54	2275.58
QG37_08441	794.47	1984.57	1308.71	1675.93	2210.38	1328.00	1289.17	1448.31	1794.65	2397.68	1298.31	2882.75	1916.94	1217.49	2185.14	1468.99	2973.14	2513.19	1822.31	1697.47	1350.71	2063.51	2394.51	2110.88	2393.29	3549.19	2032.60	3551.68	3686.04	1231.10	1847.54	3933.28	3085.39	2137.93	1749.18	1405.29	2123.47	1936.81	1339.24	2005.74	1483.93	1846.93	2834.10	833.06	2140.15	1341.15	1371.00	1864.28
QG37_08442	902.42	2389.89	1424.39	1855.10	2306.04	1428.52	1458.82	1656.66	2312.79	2468.13	1536.61	2934.06	2065.97	1462.07	2432.55	1691.89	3450.58	2924.04	2220.79	1849.61	1550.69	2239.03	2768.04	2355.77	2664.30	3988.62	2428.90	3853.52	3911.93	1212.59	2037.97	4444.70	3384.46	2417.00	1990.89	1624.41	2197.17	2223.93	1554.15	2364.68	1789.68	2305.32	3046.13	1125.70	2413.25	1722.69	1644.83	2406.96
QG37_08443	927.75	2545.04	1477.42	1992.72	2413.85	1502.51	1592.38	1742.40	2485.07	2544.57	1651.36	2962.89	2137.86	1539.19	2533.17	1798.76	3655.64	3056.51	2318.62	1919.26	1700.15	2320.36	2930.04	2458.08	2769.89	4115.78	2504.89	4021.07	4081.61	1219.19	2158.32	4702.06	3627.54	2490.54	2065.49	1728.97	2248.28	2285.07	1591.97	2463.68	1891.42	2398.22	3208.56	1186.71	2434.21	1782.04	1678.71	2546.74
QG37_08444	897.23	2590.10	1534.95	2052.14	2523.10	1647.42	1726.58	1848.75	2497.77	2672.11	1640.00	3101.85	2207.04	1576.53	2636.44	1740.15	3804.97	3136.12	2295.53	1921.55	1745.03	2450.58	2877.36	2579.03	2930.15	4321.78	2607.12	4155.78	3972.81	1290.15	2240.55	4600.04	3713.42	2561.07	2036.58	1716.70	2354.74	2341.89	1611.53	2503.12	1963.18	2467.32	3275.70	1201.86	2547.11	1983.90	1740.07	2563.21
QG37_04191	133.66	120.00	72.27	72.96	111.86	119.88	105.91	112.86	118.95	107.44	89.29	90.17	86.77	104.06	93.43	116.43	132.01	150.97	132.26	114.71	115.62	109.02	131.22	101.88	111.42	136.84	88.11	125.77	98.47	30.25	67.99	125.26	127.06	108.25	116.98	81.10	94.03	103.40	98.23	111.56	128.02	118.39	94.47	91.70	107.32	104.94	98.70	130.23
QG37_04192	130.65	132.78	80.52	74.24	128.00	137.58	125.81	109.05	147.95	120.83	89.45	105.08	104.41	117.35	116.45	135.41	153.82	160.49	145.75	126.82	132.94	125.55	142.65	102.11	130.12	157.23	101.41	131.79	115.19	40.67	77.02	130.44	137.35	128.12	126.83	97.39	118.33	110.97	103.18	135.76	143.34	143.78	102.04	106.70	99.99	117.06	103.58	147.60
QG37_04193	139.85	132.93	74.15	77.54	114.98	114.47	113.49	118.64	135.32	103.33	96.43	93.97	106.25	109.57	107.19	116.91	135.90	148.80	124.42	124.65	120.84	111.77	127.90	109.25	124.76	141.71	97.12	131.25	104.74	29.31	71.72	122.17	141.22	112.94	113.68	92.70	102.68	110.76	92.09	121.46	147.17	120.23	94.01	90.89	111.17	114.40	96.27	132.18
QG37_04194	133.60	129.05	75.01	71.83	115.05	109.76	127.57	115.06	140.27	110.98	96.20	102.13	104.72	114.09	98.32	111.89	153.10	161.18	139.73	127.71	118.36	129.13	128.42	105.64	139.16	135.03	94.29	136.49	105.97	27.99	63.70	126.11	137.32	116.46	111.93	91.46	111.83	115.97	99.78	123.97	144.79	139.56	94.56	94.89	113.39	111.92	105.19	141.91
QG37_04195	117.62	135.13	72.16	76.26	115.49	118.25	114.82	123.36	138.27	100.51	96.90	93.13	106.30	96.79	112.29	107.47	130.24	153.59	140.87	107.51	133.15	125.72	129.87	101.90	121.85	147.88	95.50	121.27	103.52	35.83	69.19	126.92	148.61	113.28	120.33	103.09	102.76	109.38	94.03	129.28	138.94	127.85	85.50	93.11	110.44	116.71	115.22	151.35
QG37_04196	148.55	140.58	76.28	82.07	132.98	128.51	130.42	130.90	158.48	133.99	100.29	115.34	117.76	115.33	94.08	111.54	166.54	156.21	137.71	118.97	144.84	137.38	151.42	114.03	151.79	157.18	118.50	156.47	147.34	37.79	86.97	141.78	140.67	138.74	132.99	105.65	132.99	130.99	108.18	136.89	144.28	146.33	101.55	102.52	120.27	119.66	112.51	160.88
QG37_04197	116.04	117.31	70.20	68.91	105.51	101.85	101.81	113.46	119.71	105.64	88.70	92.21	97.52	98.48	92.93	105.01	134.35	144.11	126.83	109.32	114.34	108.75	122.89	103.90	115.14	131.47	99.44	113.27	96.15	29.19	66.96	115.28	127.98	111.80	105.29	85.72	96.33	108.44	87.58	114.75	136.30	122.29	90.01	86.37	107.10	107.33	101.29	131.05
QG37_04198	118.33	106.53	70.94	62.13	104.83	97.90	118.61	109.48	108.20	104.68	84.95	89.71	101.03	91.75	95.67	108.32	132.80	146.48	129.20	119.03	118.30	112.41	128.38	100.82	120.20	141.31	99.84	128.83	94.91	24.59	63.34	116.17	126.70	109.21	100.35	86.44	93.47	111.57	90.83	113.35	131.39	118.00	91.08	78.53	110.01	100.01	95.83	130.24
QG37_04199	127.02	126.31	70.85	74.53	111.54	116.17	109.57	114.84	119.96	115.77	96.77	96.12	100.67	108.41	108.12	111.05	133.31	151.63	141.72	114.00	120.22	121.60	130.01	108.13	115.54	144.63	99.79	126.17	105.50	31.51	75.74	121.19	126.81	123.72	107.46	91.91	96.65	111.32	91.74	119.59	146.27	128.12	103.53	90.24	115.84	118.42	108.45	139.90
QG37_04200	125.99	127.17	68.76	67.95	101.20	103.19	96.96	113.26	131.04	94.21	91.28	93.31	95.34	102.27	98.94	96.96	119.14	138.99	140.46	111.40	108.05	108.90	108.35	78.17	106.42	125.84	93.13	110.85	94.30	27.51	60.84	109.36	123.32	105.81	102.51	83.72	97.94	104.44	88.89	105.26	128.40	110.89	95.17	92.97	99.80	100.47	84.20	132.98
QG37_04201	117.10	133.17	67.90	77.82	124.86	123.16	134.61	124.66	124.39	104.66	90.39	95.99	107.25	97.32	105.02	129.27	154.47	153.30	147.31	111.94	112.83	120.17	142.88	109.29	118.51	137.86	110.29	140.53	87.58	36.39	66.79	118.35	125.61	131.10	88.55	93.11	100.77	115.59	92.11	103.52	139.67	131.25	97.29	83.92	121.54	118.61	96.70	169.69
QG37_04202	134.00	135.08	79.90	91.68	105.63	121.07	125.61	129.96	153.04	136.96	96.27	103.19	126.33	107.03	110.01	118.05	152.29	184.80	152.84	135.14	141.73	130.75	154.40	115.83	128.91	145.37	110.98	161.74	120.55	36.99	82.95	141.25	169.31	133.96	114.71	98.01	98.18	141.83	89.59	116.83	157.13	126.28	93.65	95.14	128.27	124.43	114.58	140.85
QG37_04203	107.56	113.45	69.47	73.32	89.52	96.92	95.48	75.94	113.67	94.53	93.47	84.27	83.93	89.38	73.25	99.75	124.08	118.34	108.49	112.50	106.78	111.93	128.40	92.54	87.58	89.70	79.28	117.49	79.60	28.12	59.70	88.87	114.33	85.75	93.86	77.72	88.14	95.93	78.78	96.76	108.40	109.42	87.46	70.27	90.45	89.04	90.21	105.91
QG37_04204	133.41	114.48	66.53	69.04	113.90	107.95	115.64	109.23	131.97	99.02	89.19	86.95	88.88	101.32	103.87	114.19	134.10	131.93	127.91	116.93	121.04	115.96	128.14	94.89	120.78	149.62	92.20	109.76	106.30	24.70	70.50	117.58	124.12	115.51	112.98	88.03	105.66	111.66	77.10	121.74	119.24	112.09	88.08	76.86	96.13	107.58	92.49	128.76
QG37_04205	89.67	119.84	57.70	72.80	116.07	114.70	103.65	89.01	134.16	116.58	79.67	94.12	72.17	102.34	92.25	105.68	137.29	128.75	139.57	111.45	105.29	94.52	124.90	85.09	107.36	136.11	86.31	109.61	95.91	24.31	69.86	131.86	106.49	105.11	99.85	71.49	116.57	98.73	87.56	93.15	114.66	130.19	85.02	73.96	100.61	100.80	80.87	136.79
QG37_04206	134.21	135.41	74.10	75.80	118.87	116.67	117.41	122.02	130.21	122.65	100.22	109.59	111.50	109.14	103.23	113.55	144.08	145.65	146.10	122.98	111.21	118.83	120.12	112.14	123.75	153.33	110.91	126.21	100.55	30.65	64.91	112.89	145.25	129.71	112.64	104.49	111.22	116.20	97.23	130.14	141.27	137.86	100.99	96.25	111.82	118.55	99.07	143.13
QG37_04207	144.10	134.10	75.37	84.76	124.25	116.57	120.71	115.81	129.19	121.84	98.25	96.16	109.08	118.77	106.68	123.32	152.11	162.54	149.57	128.52	123.80	124.21	146.35	117.20	136.42	159.49	100.29	133.16	115.25	31.99	76.17	127.65	141.67	125.09	109.08	102.36	117.36	117.81	89.00	125.48	139.48	120.04	98.43	88.27	126.54	114.58	107.08	130.79
QG37_04208	140.00	136.91	92.65	78.65	120.08	113.46	121.93	120.15	153.48	126.06	116.08	106.05	115.61	111.65	100.81	130.52	159.63	170.13	136.09	128.48	136.88	137.66	153.68	110.11	133.38	149.51	108.20	169.48	123.94	34.03	76.96	114.33	140.43	123.15	102.34	97.60	119.03	122.01	95.29	136.03	158.32	135.23	100.76	96.23	135.61	132.61	103.81	142.68
QG37_04209	135.78	137.56	79.85	74.07	114.02	124.42	112.77	119.13	132.94	112.32	91.13	99.60	99.96	100.41	102.54	123.67	144.18	154.52	134.73	126.34	118.61	121.53	129.58	103.16	128.81	157.02	102.13	144.30	112.27	30.03	70.85	124.37	132.06	122.07	105.09	93.21	109.22	109.59	85.74	125.05	141.31	129.03	98.08	86.34	115.30	117.18	104.88	139.76
QG37_04210	135.77	145.64	78.54	54.67	112.18	96.78	110.89	95.09	150.00	106.23	84.98	99.34	114.56	94.15	86.43	106.48	151.27	137.78	114.66	123.21	113.22	107.12	121.57	80.49	123.06	141.23	101.21	129.77	103.18	28.50	60.30	130.48	133.37	129.68	109.04	73.43	110.06	101.99	80.32	108.18	131.72	127.94	90.67	31.55	58.06	47.75	40.59	60.72
QG37_04211	128.98	123.99	73.97	67.66	112.54	120.77	108.39	103.38	136.38	107.72	91.05	91.39	107.76	103.63	89.88	106.97	115.81	145.75	144.78	109.21	111.35	119.09	122.80	95.07	134.55	132.09	105.24	133.60	108.22	32.68	68.18	118.57	143.39	102.72	100.65	83.96	105.94	115.94	76.55	114.24	118.70	99.71	88.77	79.20	118.41	110.11	91.33	147.38
QG37_04212	148.97	130.83	79.01	75.98	109.47	116.25	125.58	112.73	135.17	117.09	96.71	109.90	100.40	119.17	107.76	121.88	150.90	157.56	140.45	122.63	122.82	122.99	142.36	107.86	138.71	155.10	102.66	126.84	103.73	30.72	62.65	128.98	131.90	107.69	109.56	97.00	99.26	122.77	81.51	125.60	155.85	137.78	97.52	94.59	116.35	110.99	102.21	135.18
QG37_04213	127.68	146.16	77.68	66.06	129.78	129.90	116.34	137.25	122.71	120.63	113.80	86.41	103.77	99.88	103.05	123.81	132.70	167.64	139.30	110.82	128.12	138.71	148.81	101.14	131.53	148.08	98.62	126.99	116.04	34.12	78.53	116.78	123.05	115.78	100.86	93.26	108.08	104.80	77.63	122.00	162.58	123.51	94.54	85.10	98.47	111.67	100.31	132.79
QG37_04214	313.18	279.78	150.95	137.65	236.91	211.15	220.03	234.33	266.63	238.16	172.12	229.59	212.10	206.60	198.18	217.19	308.65	255.67	296.86	235.57	215.67	241.48	269.79	200.62	261.82	286.85	200.40	264.83	228.47	86.14	171.54	265.14	353.25	287.98	247.78	185.45	253.90	257.74	201.04	286.30	273.88	287.31	219.26	211.05	261.33	256.19	215.09	334.94
QG37_04216	132.27	136.68	69.96	82.13	123.47	119.96	118.47	120.96	135.31	110.07	90.84	101.43	99.27	109.62	104.21	123.74	146.11	165.51	135.33	124.04	123.78	128.07	125.93	104.79	128.20	159.55	100.37	140.66	115.83	32.28	76.61	125.35	133.76	124.00	118.82	87.77	109.54	127.09	98.61	118.10	152.75	127.17	91.31	90.74	123.31	112.70	107.39	150.43
QG37_04217	143.73	132.08	80.03	89.96	119.19	132.51	119.30	110.32	137.08	111.38	93.50	96.56	94.67	111.99	110.07	127.37	140.09	150.90	152.48	121.16	132.72	123.38	132.33	110.68	134.35	147.19	94.91	137.05	104.80	35.08	68.52	115.61	142.55	125.30	107.34	109.05	106.92	136.42	102.54	113.80	141.70	127.86	86.76	91.29	107.17	115.07	97.18	141.52
QG37_04218	111.89	111.42	65.79	71.41	107.43	100.16	99.94	101.05	108.61	94.59	88.56	84.06	83.89	93.25	92.43	105.50	121.31	139.40	120.76	100.07	106.56	99.82	120.99	93.70	114.29	128.98	85.58	105.02	85.78	26.20	60.20	105.00	116.22	101.02	103.57	78.06	89.31	94.93	79.75	102.10	125.46	108.17	79.67	80.06	105.35	102.25	94.02	120.52
QG37_04219	79.01	66.13	37.48	29.94	61.03	55.20	54.22	58.01	58.51	53.88	39.81	40.84	53.25	46.41	52.22	50.80	71.51	72.76	68.34	55.71	53.39	61.73	53.92	45.93	84.14	61.84	42.91	62.47	38.29	12.70	35.83	48.75	67.69	58.07	55.69	42.42	42.26	48.40	44.39	47.73	70.64	66.58	44.71	54.28	52.70	47.35	49.67	62.70
QG37_04220	104.80	118.96	76.64	61.95	111.34	118.50	104.38	105.85	114.46	102.82	88.77	82.86	86.13	96.31	87.81	104.16	149.73	142.16	127.63	95.10	122.05	112.97	119.60	97.27	115.16	149.28	111.74	140.09	95.00	28.16	78.07	112.40	134.58	105.81	119.99	77.45	86.88	103.78	92.03	108.77	144.75	112.04	88.49	73.88	103.54	96.10	88.90	138.59
QG37_04221	125.15	125.76	80.57	66.77	112.48	115.11	122.25	112.74	119.16	122.56	86.81	79.94	102.12	104.82	92.93	102.96	117.70	134.27	130.70	89.38	125.36	98.82	147.56	99.38	117.73	137.41	106.55	135.18	94.12	29.95	77.35	122.27	133.83	103.36	117.53	83.77	90.10	104.64	95.70	100.51	149.93	124.64	89.13	77.70	103.49	88.76	88.35	131.73
QG37_04222	114.91	123.38	62.65	72.44	104.92	98.05	114.48	119.19	134.04	116.90	77.29	90.85	105.66	102.50	99.66	116.44	126.30	136.72	128.78	114.55	115.11	123.63	132.54	98.56	129.03	139.30	94.10	139.12	100.22	29.42	71.42	126.02	139.13	123.14	96.13	91.23	101.30	112.15	106.53	116.19	142.60	120.68	96.30	87.55	121.70	104.56	101.29	145.78
QG37_04223	134.09	139.14	81.78	71.59	113.60	107.26	101.14	123.10	132.02	127.05	83.57	108.60	104.27	106.77	113.03	131.91	120.08	146.22	138.24	107.99	127.57	132.29	139.19	103.24	123.71	121.03	101.16	125.78	107.79	38.44	69.49	125.68	123.77	114.76	124.71	92.01	108.49	94.89	105.56	117.49	156.31	128.11	96.78	76.40	129.58	108.23	102.52	144.63
QG37_04224	96.29	107.18	50.74	68.30	96.59	80.88	75.20	84.08	81.79	98.38	51.80	94.36	75.85	79.15	79.36	93.12	96.47	113.66	108.12	71.62	96.67	97.52	91.78	80.58	103.82	85.02	93.52	107.54	90.69	29.27	52.03	78.30	34.30	93.50	87.21	68.88	69.50	85.01	73.74	94.29	109.33	106.97	64.78	41.59	70.94	50.96	65.11	61.60
QG37_04225	118.03	128.15	70.96	59.15	111.93	105.67	110.47	107.20	128.53	104.29	89.16	90.42	94.12	106.54	95.70	111.45	145.07	150.69	133.39	117.00	125.72	106.35	125.28	104.55	115.11	131.48	93.81	111.15	106.04	32.58	64.10	123.43	128.09	113.38	107.92	87.53	104.36	119.85	82.31	116.66	129.39	125.40	98.75	92.33	115.01	111.58	103.27	131.17
QG37_04226	105.14	76.91	36.08	36.96	68.85	55.25	61.78	64.43	68.24	49.49	44.58	56.19	47.41	53.64	46.78	78.65	70.87	67.85	73.56	58.55	70.66	71.00	78.86	52.67	70.86	76.13	54.19	60.32	49.99	15.16	34.36	60.83	78.30	60.30	56.01	49.37	60.90	70.74	49.10	62.30	67.54	67.59	43.90	66.16	59.03	68.07	57.55	72.36
QG37_04227	103.33	113.10	80.02	60.29	97.64	98.04	95.23	98.37	86.13	96.20	71.84	67.69	92.62	95.47	87.98	96.21	110.39	124.68	104.33	93.07	86.80	96.69	122.10	85.25	97.51	119.94	88.95	119.59	81.44	21.81	72.82	82.75	109.62	95.07	97.67	84.46	80.62	104.74	77.34	95.99	112.25	121.71	78.59	80.47	100.48	107.40	97.92	95.33
QG37_04228	98.41	110.25	57.07	71.67	99.94	85.27	103.40	119.96	114.49	91.23	84.52	97.10	79.02	107.92	94.47	111.73	117.15	127.14	119.11	95.64	110.28	109.67	98.47	93.77	99.81	143.37	94.64	99.25	69.56	22.09	49.14	103.62	116.14	97.79	94.55	90.42	92.45	110.30	64.41	122.58	116.78	110.80	85.55	74.32	100.39	92.89	100.04	106.59
QG37_04229	105.35	117.66	64.22	62.72	100.39	88.83	103.71	87.31	100.74	94.52	74.10	76.30	88.94	89.90	96.67	102.54	115.23	116.91	113.76	100.17	100.60	97.71	107.82	86.28	103.40	118.08	88.58	97.17	82.03	23.54	60.88	88.00	108.54	100.76	90.85	80.89	84.48	100.76	79.15	108.62	123.62	101.05	86.48	85.77	94.88	102.75	83.05	102.20
QG37_04230	109.53	114.74	68.13	64.57	106.80	101.13	95.87	91.90	106.28	96.36	71.66	89.44	75.42	96.17	87.11	119.15	110.52	144.91	121.00	96.88	122.29	119.78	110.36	88.56	108.28	106.73	84.64	104.93	86.29	23.55	59.12	95.12	123.82	88.28	81.06	69.77	97.56	85.94	73.76	103.58	117.46	131.68	81.99	86.12	102.94	105.01	86.89	121.76
QG37_04231	85.11	89.51	51.71	44.95	82.64	73.33	75.32	69.42	103.52	85.39	61.48	81.14	72.71	77.66	75.12	90.64	112.44	120.68	104.29	90.69	101.30	93.89	104.82	72.91	94.16	95.63	74.59	78.77	55.66	17.22	49.92	85.46	112.79	79.22	71.72	55.00	63.75	78.68	62.70	84.95	104.57	90.64	56.68	58.99	83.65	98.15	80.72	112.68
QG37_04232	78.51	94.86	50.01	40.19	88.06	66.96	84.22	68.49	86.45	79.32	58.18	66.18	77.08	90.46	92.39	86.02	99.39	108.47	115.15	85.34	78.18	89.68	96.58	76.83	104.06	113.69	69.41	90.45	78.41	16.50	61.32	92.80	92.12	81.41	70.04	67.23	74.60	75.94	61.51	95.18	101.97	112.77	73.67	90.12	122.99	107.33	107.18	126.98
QG37_04233	85.07	70.75	45.43	46.33	75.30	59.67	70.88	74.91	83.94	60.82	60.51	60.44	72.70	71.56	70.87	73.60	80.13	85.93	87.91	82.43	63.70	73.74	93.85	65.07	76.12	76.37	67.05	85.63	75.46	13.26	46.44	76.07	93.88	75.48	63.33	49.99	59.30	57.34	52.42	92.21	84.78	84.60	69.17	77.83	103.71	96.90	80.93	121.52
QG37_04234	101.03	78.19	49.38	49.29	67.64	70.40	83.25	66.10	84.64	69.74	51.26	70.44	64.33	73.47	65.64	74.25	101.81	89.81	103.50	65.86	92.74	79.10	81.40	77.26	88.94	87.08	72.33	76.02	67.01	14.55	44.49	76.96	105.18	80.98	75.92	67.45	51.44	84.74	48.55	81.20	99.21	77.96	62.48	68.88	83.03	80.93	65.29	103.00
QG37_04235	51.79	38.55	24.85	17.62	37.13	26.71	36.89	26.76	33.60	27.88	24.53	26.80	17.64	33.21	28.93	31.26	45.21	31.93	35.32	28.15	28.11	26.11	38.61	33.78	37.16	30.51	32.92	34.97	25.24	5.34	20.56	40.15	43.81	38.10	27.36	26.63	27.98	38.99	22.65	29.21	41.14	28.88	26.85	27.37	28.39	33.59	26.09	42.91
QG37_04236	124.40	100.77	45.69	52.31	72.26	91.48	86.01	82.04	98.66	86.61	53.79	57.22	50.81	69.44	68.44	81.03	109.09	96.70	84.81	70.88	71.96	102.73	100.10	84.06	90.74	97.73	65.90	72.70	57.44	14.33	37.49	95.61	103.47	78.84	74.99	60.99	62.76	90.02	73.47	74.81	110.59	92.00	63.06	65.82	68.45	93.97	69.32	101.42
QG37_04237	105.74	86.24	64.08	65.68	90.94	99.02	93.92	100.45	112.61	79.07	73.82	79.91	85.70	89.72	84.38	96.63	122.24	126.08	113.88	99.50	98.44	102.37	109.02	97.17	104.39	113.77	74.92	102.35	76.24	20.46	56.88	93.21	107.17	100.27	95.82	75.34	93.34	90.62	80.69	102.74	129.44	101.19	71.45	78.76	86.62	94.83	78.29	115.05
QG37_04238	115.97	112.78	69.37	73.13	107.69	106.91	90.40	86.89	108.76	89.52	87.30	93.20	94.10	100.81	102.98	101.97	138.41	135.67	119.39	111.28	120.75	110.83	120.02	98.73	112.18	135.65	91.73	110.37	99.91	26.86	65.53	114.36	128.98	103.86	96.54	84.48	99.69	116.15	85.41	113.27	121.66	110.68	94.53	88.57	110.15	98.42	93.85	152.18
QG37_04239	126.85	124.99	76.21	71.69	117.36	108.29	108.79	113.49	140.55	111.28	95.11	100.63	90.83	108.93	107.96	116.78	144.65	156.77	142.74	124.51	123.08	127.18	132.75	110.37	128.38	147.76	101.28	124.57	107.34	27.91	67.33	122.17	132.04	124.84	114.10	97.45	101.71	116.37	99.39	134.75	139.03	138.94	95.17	90.00	122.27	115.89	108.99	140.51
QG37_04240	127.97	131.98	86.30	85.74	125.72	102.62	103.98	126.59	154.77	106.59	94.00	97.19	99.55	112.26	109.54	134.97	153.17	178.56	144.57	120.00	135.00	124.21	134.08	115.44	137.41	149.63	104.56	134.36	115.37	28.87	88.77	140.25	159.10	138.09	118.77	96.03	118.13	124.18	101.27	130.48	151.42	126.03	111.44	87.97	123.18	121.51	101.87	152.42
QG37_04241	107.13	113.12	59.33	65.04	96.31	96.32	94.57	103.39	112.04	88.39	88.54	89.20	84.46	95.64	94.71	104.56	124.95	137.49	123.77	98.04	113.70	110.00	115.42	97.71	106.17	122.06	94.85	114.04	85.70	25.42	60.09	108.70	111.97	103.87	95.98	81.68	91.92	96.93	78.30	105.96	130.40	108.81	78.82	84.28	103.81	102.04	93.85	116.02
QG37_04242	118.20	119.44	50.40	60.62	107.76	86.43	82.60	103.46	102.63	91.35	68.92	77.01	75.08	79.35	79.18	108.03	115.52	136.75	109.67	92.28	105.27	99.96	126.96	80.17	95.56	122.83	80.46	92.57	79.99	29.05	66.13	99.12	87.80	98.26	83.42	81.86	75.42	87.01	64.46	107.68	117.38	109.82	75.01	76.90	82.45	80.86	72.68	94.36
QG37_04243	104.60	110.93	59.73	66.22	90.49	97.67	106.88	94.29	107.42	79.27	75.89	74.97	90.77	98.17	97.01	93.96	129.04	150.54	144.52	90.09	91.02	107.26	123.57	96.93	118.36	134.72	92.93	96.89	82.34	25.35	61.32	110.55	109.74	82.85	94.66	83.64	114.82	92.60	85.42	98.21	104.87	116.94	80.10	80.66	97.66	110.67	92.48	118.00
QG37_04244	99.22	100.61	57.59	63.84	105.23	82.78	97.39	89.14	103.41	76.92	77.81	78.97	78.31	82.36	91.63	88.17	122.79	134.98	103.80	83.79	113.42	96.06	115.68	105.11	102.99	121.83	82.51	105.23	70.54	22.67	59.85	89.81	115.13	87.00	92.25	84.90	95.27	92.48	74.00	114.50	111.92	104.53	79.62	90.81	98.26	101.48	93.87	131.81
QG37_04245	97.29	106.08	56.59	61.44	82.37	92.56	101.64	94.49	115.74	90.40	77.22	80.54	78.41	89.03	93.72	104.18	97.18	125.84	112.17	88.42	98.25	95.19	115.83	93.57	103.36	112.64	89.65	91.29	70.73	37.03	71.40	89.91	101.35	91.93	92.11	86.35	80.02	105.26	78.37	114.49	131.33	113.51	94.92	84.90	99.83	97.87	85.49	122.22
QG37_04246	112.49	123.91	71.93	67.19	113.36	106.60	102.44	105.98	143.13	117.47	83.96	88.17	107.70	90.38	102.91	97.18	134.69	146.71	141.14	119.34	102.42	127.04	122.48	109.54	123.25	140.90	106.25	135.44	97.39	27.64	71.79	121.39	113.02	112.43	100.61	86.59	114.50	105.99	93.61	122.71	135.38	128.01	104.47	86.45	111.80	134.34	107.44	150.85
QG37_04247	113.08	117.92	69.78	74.29	109.85	111.62	104.11	111.67	125.70	104.50	81.28	100.27	99.25	102.65	103.48	105.54	136.66	138.79	139.14	107.20	111.27	125.99	127.95	101.85	125.82	145.48	99.79	122.07	102.94	25.04	82.75	122.71	133.01	115.31	113.61	83.84	103.45	111.98	94.30	125.31	134.57	123.23	99.30	88.08	105.69	113.89	111.23	145.26
QG37_04248	102.71	119.49	52.68	69.58	119.25	117.13	95.64	132.02	112.55	96.99	85.31	88.63	98.46	104.79	114.64	104.21	134.25	164.04	145.14	117.24	113.82	144.71	145.18	109.77	126.45	148.14	109.19	128.60	92.18	35.25	83.88	118.55	114.36	109.86	114.97	81.49	98.05	130.42	96.50	104.38	146.64	119.86	110.53	85.10	114.71	103.05	109.00	163.05
QG37_04249	125.72	119.34	72.54	74.29	118.15	115.61	108.34	112.64	122.22	104.54	86.19	94.45	99.84	107.37	99.13	116.28	142.47	152.02	134.77	112.53	118.25	122.08	128.87	108.22	124.85	138.11	98.74	134.05	101.47	27.66	70.67	114.51	123.33	111.96	109.13	91.64	99.03	106.52	94.06	118.51	140.82	129.88	92.40	91.32	109.49	116.12	98.60	133.73
QG37_04250	122.52	149.94	67.50	81.49	122.37	120.05	125.36	123.25	129.76	125.32	98.71	103.24	113.26	129.27	122.99	121.62	164.63	152.67	163.61	125.77	110.83	133.58	121.04	111.02	125.51	159.20	112.16	139.55	97.47	25.04	77.70	130.94	130.90	144.67	113.04	99.08	95.08	120.84	95.39	135.60	142.12	156.70	95.78	85.11	119.00	119.59	91.17	163.31
QG37_04251	118.89	113.55	65.36	77.56	101.05	104.65	110.11	118.88	126.67	103.08	74.87	83.55	95.45	101.94	92.98	116.91	137.10	142.14	136.52	113.50	116.48	116.75	118.71	97.79	120.04	138.65	84.44	114.94	96.00	28.46	65.70	111.54	111.50	113.22	108.80	84.25	90.92	96.39	92.55	107.22	128.38	110.56	89.03	82.49	92.11	97.37	95.50	144.79
QG37_04252	132.89	138.76	73.85	77.32	119.07	112.20	121.48	121.79	130.48	109.10	99.82	88.82	109.21	110.84	102.90	117.10	158.31	159.54	144.89	114.34	127.17	137.71	138.18	104.72	133.54	160.04	106.58	125.76	99.28	32.16	64.14	134.13	137.28	122.49	111.12	91.20	107.90	114.92	103.89	121.27	146.42	136.54	99.18	89.37	106.27	115.11	112.97	135.99
QG37_04253	116.02	126.77	74.84	74.65	106.03	105.86	121.96	112.79	122.55	112.14	103.19	107.13	99.73	115.88	99.13	123.96	148.22	152.00	151.92	121.18	122.29	130.39	138.72	108.44	146.74	158.99	105.56	129.38	108.25	30.07	68.56	130.60	158.32	121.26	125.39	99.55	111.59	117.83	90.17	130.70	139.28	133.63	105.39	94.85	106.18	117.63	107.73	152.05
QG37_04254	155.10	136.23	66.15	70.60	114.68	116.54	131.42	122.27	140.79	115.89	103.52	100.89	111.06	120.01	111.96	101.44	167.52	152.84	156.67	127.65	129.29	129.89	137.18	91.95	129.64	155.29	108.74	158.64	120.37	33.64	75.82	117.28	124.92	121.41	126.04	89.49	114.90	119.70	101.72	124.61	145.16	148.12	109.04	97.04	108.46	128.53	133.92	175.69
QG37_04255	131.30	123.36	65.24	73.42	102.13	114.59	132.56	107.87	140.73	110.58	86.15	84.86	108.92	106.01	97.53	108.56	131.50	164.56	147.86	132.00	113.13	112.94	144.04	98.85	115.54	135.60	96.26	145.89	98.60	25.31	70.27	119.92	130.20	106.71	115.60	88.03	104.94	111.50	92.71	128.60	142.32	132.27	102.79	86.38	97.47	114.29	116.81	149.64
QG37_04256	117.97	123.08	63.43	41.88	81.26	80.29	83.70	103.83	111.08	106.15	84.61	92.42	80.72	109.27	98.60	98.01	124.15	170.37	109.58	114.07	99.36	110.48	131.80	89.32	123.66	112.86	93.67	98.73	80.39	18.09	50.45	87.45	107.83	101.37	94.55	83.92	108.33	101.11	85.18	130.05	111.89	83.01	96.64	65.55	95.21	96.30	90.20	112.51
QG37_04257	97.76	97.61	58.98	48.88	95.57	89.81	85.83	96.94	102.35	81.69	73.88	85.25	83.77	91.31	92.12	99.13	126.14	116.14	106.31	92.30	94.80	96.10	107.57	84.27	99.41	107.97	76.48	88.73	78.45	19.50	52.63	97.15	107.86	98.13	102.15	73.90	90.67	95.12	73.24	95.85	98.69	110.67	74.85	76.32	88.48	89.26	68.69	105.53
QG37_04258	121.07	146.74	74.20	67.28	114.10	100.42	113.08	111.40	126.26	118.92	99.87	103.90	106.54	96.64	103.67	118.79	154.14	131.74	132.19	113.64	128.87	112.85	145.66	107.60	127.80	139.78	105.14	125.76	97.24	24.78	72.43	131.49	139.09	119.46	104.81	96.45	115.25	110.83	98.40	130.61	141.46	128.85	96.17	93.26	110.57	123.48	98.30	140.15
QG37_04259	115.03	122.34	71.97	64.84	108.57	96.40	109.81	102.38	118.61	109.29	84.73	102.44	95.26	110.72	104.27	110.27	136.19	161.89	140.75	109.60	132.21	117.35	131.04	109.10	125.82	141.00	89.12	118.81	103.64	28.31	73.22	125.08	140.46	113.46	122.00	97.91	103.04	106.98	100.30	125.08	141.83	113.65	90.61	98.70	110.65	110.47	110.77	137.57
QG37_04260	126.56	116.19	70.53	74.44	107.46	108.39	106.20	108.66	118.45	109.76	80.98	87.36	96.25	101.99	97.97	106.18	135.42	148.12	132.88	117.20	118.40	112.47	128.28	93.48	121.75	142.54	99.09	128.24	86.90	31.39	72.28	127.38	126.92	122.05	111.99	88.47	102.21	115.27	93.54	122.58	146.49	121.70	103.23	89.09	113.44	112.94	99.96	146.39
QG37_04261	128.15	128.78	70.64	73.88	117.00	119.64	119.71	115.50	121.45	110.86	99.93	97.86	111.37	104.32	110.67	113.24	149.04	153.43	140.62	130.52	121.78	122.23	127.50	102.39	121.79	143.71	98.49	130.80	109.37	31.38	70.13	129.35	135.47	125.40	109.99	91.41	99.68	111.74	91.54	116.08	132.71	127.39	92.05	95.27	102.98	116.11	109.87	144.88
QG37_04262	127.65	130.50	69.47	70.82	117.92	105.64	118.99	116.21	124.29	116.44	95.86	107.14	110.52	111.78	97.21	113.89	148.56	153.11	134.70	111.74	122.26	119.95	131.09	98.47	125.07	150.54	99.63	125.99	106.06	33.46	74.73	133.69	136.08	121.00	117.67	96.82	119.45	107.98	97.67	121.93	139.35	125.80	87.67	88.47	109.98	113.68	96.98	147.00
QG37_04263	137.97	146.97	73.95	72.21	125.17	119.41	118.84	116.45	137.83	113.83	99.58	108.95	103.13	106.20	102.84	123.15	134.39	154.52	142.66	125.45	119.95	126.61	144.73	105.99	126.06	142.69	97.88	139.42	103.58	32.86	70.34	142.49	126.15	120.47	110.41	86.37	106.36	116.55	98.84	129.35	150.38	128.80	90.16	94.09	119.91	120.18	104.70	140.53
QG37_08445	153.27	175.82	108.07	77.18	140.26	160.35	122.59	119.67	161.34	139.38	124.42	129.00	120.85	134.62	123.07	132.03	145.83	148.32	169.92	140.68	147.56	140.70	168.07	122.50	179.08	176.45	120.45	153.09	114.05	38.17	88.32	168.89	130.35	135.69	122.31	121.43	136.19	123.11	114.19	124.17	134.84	135.15	122.03	97.32	133.10	123.02	111.56	150.94
QG37_04264	139.58	139.39	81.97	69.82	130.32	125.32	118.93	127.14	144.01	131.47	100.44	110.09	116.34	110.45	113.94	125.19	152.55	164.82	145.71	134.97	127.62	128.70	139.91	116.45	140.01	154.19	107.19	146.88	120.66	32.93	81.90	137.33	144.34	128.32	117.59	104.79	110.04	118.41	102.79	132.77	149.98	134.40	104.48	97.52	118.35	117.61	109.95	153.24
QG37_04265	124.00	114.19	67.19	64.16	118.75	88.49	97.16	98.14	107.72	107.50	84.32	86.43	103.08	93.89	94.36	112.49	127.76	134.56	120.65	102.40	105.23	104.83	117.25	104.16	110.64	130.19	95.43	124.65	118.28	34.70	69.45	116.66	124.00	102.35	99.50	77.43	98.64	95.00	74.35	104.06	138.72	109.91	95.02	81.74	94.33	105.34	81.03	125.77
QG37_04266	143.77	139.35	75.30	76.35	117.16	120.70	128.09	123.48	136.76	118.60	95.85	107.97	108.67	109.52	105.72	119.54	145.47	152.58	144.78	124.83	131.40	126.04	130.79	109.30	135.43	148.67	106.02	142.56	111.09	30.90	74.40	127.84	147.39	123.03	117.81	93.09	108.06	112.09	91.96	125.48	151.96	123.29	91.84	92.00	113.01	121.27	100.78	148.39
QG37_04267	136.37	139.76	75.84	77.66	110.80	118.35	116.74	116.19	126.04	106.32	95.88	95.21	103.41	98.88	106.69	110.32	134.32	146.83	124.96	122.48	117.83	117.26	127.08	100.08	121.63	145.52	102.47	137.52	117.46	27.00	74.49	131.26	129.29	120.81	107.30	92.76	104.19	106.60	95.90	129.18	140.82	123.83	90.83	92.93	115.89	123.84	100.25	136.19
QG37_04268	148.62	148.01	72.53	80.94	120.10	111.52	136.38	127.44	126.42	115.60	112.21	102.98	116.34	118.53	119.63	120.88	152.26	149.64	132.67	111.28	108.59	107.93	103.39	113.78	109.39	135.56	101.50	135.42	100.76	26.09	74.87	127.25	120.07	122.44	98.70	95.37	124.29	125.34	96.48	146.78	139.69	120.85	86.50	95.52	117.76	129.48	123.35	130.82
QG37_04269	121.82	112.71	72.04	64.94	108.30	117.73	99.43	108.89	120.36	103.75	96.36	93.05	97.30	108.28	101.50	110.53	132.63	130.77	135.34	112.86	114.26	113.61	121.72	98.60	98.27	136.12	94.31	119.13	89.08	35.15	79.92	121.15	130.53	105.53	104.36	86.39	92.93	97.03	87.28	116.71	129.08	116.22	92.98	97.26	117.64	99.86	84.49	125.98
QG37_04270	134.18	138.27	80.96	66.83	121.16	123.90	120.39	115.86	133.71	126.65	89.20	103.53	109.16	106.77	107.23	115.49	150.38	152.83	142.85	134.15	126.69	130.05	150.21	102.82	132.98	164.90	107.27	149.12	119.42	32.64	64.73	127.90	140.18	127.55	111.74	97.10	100.24	101.57	91.49	115.60	136.80	124.23	102.46	95.92	119.02	114.70	107.53	153.75
QG37_04271	123.09	128.37	79.85	70.61	123.09	123.35	99.60	111.70	124.59	103.83	94.14	94.70	99.13	98.27	88.88	110.44	132.22	153.63	122.60	105.61	114.66	118.00	132.08	105.41	120.24	149.39	106.40	135.96	103.73	32.65	67.94	122.41	134.47	108.65	112.25	84.86	102.19	106.43	88.36	122.40	138.23	119.72	87.76	92.49	109.91	107.01	103.16	132.67
QG37_04272	122.81	124.34	71.68	64.21	102.45	101.67	100.10	116.61	120.22	92.21	87.58	95.20	104.21	96.60	85.15	115.93	133.47	137.35	126.33	119.87	116.04	124.07	120.78	99.86	113.83	145.53	88.53	117.17	98.90	24.67	76.02	116.85	128.20	105.00	107.87	84.22	87.02	109.77	87.88	110.10	128.59	117.76	82.17	79.45	116.11	116.93	97.78	139.74
QG37_04273	126.69	128.10	75.80	63.73	120.17	108.39	99.84	109.95	125.76	108.42	90.91	110.82	109.54	109.56	91.45	112.22	142.04	155.42	147.23	125.43	120.65	127.73	116.72	106.47	120.17	131.74	99.63	131.96	105.31	35.16	73.51	119.59	127.87	109.24	107.68	97.42	107.36	106.58	86.80	115.48	129.23	126.58	96.19	99.33	105.85	117.38	96.50	143.98
QG37_04274	123.66	121.74	55.40	60.90	86.47	105.40	116.25	117.97	126.07	97.45	89.97	87.87	109.66	102.82	108.58	99.73	126.26	130.41	126.19	112.45	104.61	100.86	115.94	95.61	126.27	118.13	100.44	133.80	98.65	31.69	64.75	127.67	122.64	104.22	94.94	105.60	98.39	99.11	84.02	112.72	131.12	120.37	92.94	74.73	117.61	100.47	103.07	122.97
QG37_04275	139.86	105.82	54.83	65.13	98.98	96.06	102.91	109.25	123.08	90.67	76.94	92.10	88.96	99.04	85.34	112.23	111.79	109.95	136.98	97.59	92.82	90.37	107.67	89.29	116.36	140.34	93.94	118.38	89.44	36.50	58.98	136.14	118.89	97.58	106.43	79.02	92.95	87.03	73.74	88.36	134.28	124.68	82.06	61.55	109.62	105.85	99.41	114.27
QG37_04276	44.32	75.28	35.10	39.56	60.16	50.31	65.29	62.27	67.14	49.64	44.50	67.06	59.22	51.48	45.83	66.16	72.56	68.22	73.69	61.76	62.71	58.49	73.24	45.33	60.20	68.52	57.36	70.72	58.16	18.28	44.70	79.36	96.98	64.46	70.61	46.40	54.06	62.80	50.61	64.72	71.24	77.23	48.44	48.69	63.68	63.56	60.94	87.96
QG37_04277	99.73	121.18	60.54	64.92	91.23	91.49	87.19	110.04	102.05	94.12	73.90	82.85	85.22	85.09	79.19	94.66	130.85	128.28	106.29	103.01	103.48	98.12	113.98	79.32	106.57	118.47	79.56	124.01	82.54	23.72	59.84	88.97	110.53	107.74	86.61	71.82	90.45	103.78	70.90	97.23	112.30	98.17	84.31	70.84	84.05	102.96	79.35	110.97
QG37_04278	121.66	129.42	78.56	69.48	113.55	118.18	121.80	123.46	131.63	127.48	90.38	99.84	99.74	117.87	101.44	118.40	149.07	164.09	151.08	115.85	124.32	120.12	124.44	115.93	143.01	161.06	103.56	136.43	114.20	31.52	86.02	123.96	152.51	113.10	104.77	88.20	108.22	107.95	91.80	137.41	165.81	124.62	97.58	104.30	128.78	130.38	105.21	164.78
QG37_04279	134.80	131.73	72.38	76.33	118.39	106.85	121.88	121.86	135.89	113.15	97.17	94.75	99.69	113.64	119.23	122.64	147.53	162.47	140.98	113.41	138.65	124.19	131.33	110.66	124.70	152.93	112.89	138.38	111.96	23.74	72.90	135.70	138.93	111.97	122.09	103.40	122.53	115.59	100.95	138.51	145.16	125.81	110.56	104.53	116.51	127.66	102.91	168.03
QG37_04280	140.68	127.67	61.22	64.00	110.89	107.11	104.85	122.16	120.23	104.43	95.59	96.75	89.64	118.55	106.42	107.96	158.26	140.13	110.35	90.71	123.87	112.04	122.41	100.51	108.28	114.56	88.61	126.27	94.17	21.99	66.80	125.97	132.25	114.15	126.18	93.28	115.07	114.14	82.03	114.74	134.07	113.34	79.12	89.93	90.25	117.24	90.46	138.41
QG37_04281	124.57	120.42	72.97	67.71	108.14	111.54	113.69	112.23	117.23	104.59	93.46	88.15	89.57	104.09	108.12	116.11	147.28	150.06	131.75	118.47	122.00	120.28	135.22	102.30	123.91	153.48	95.29	132.50	104.50	28.88	76.07	119.57	135.61	112.67	117.00	90.68	96.46	108.51	86.23	119.28	147.64	117.97	84.10	90.69	109.50	117.29	99.52	144.47
QG37_04282	127.41	119.09	80.86	66.80	106.30	121.94	109.57	141.11	131.72	116.49	93.50	100.37	103.95	92.23	95.14	134.47	152.83	164.40	135.50	113.44	118.73	124.10	155.92	103.09	148.86	152.27	109.03	123.04	108.59	26.52	71.27	131.27	134.94	119.88	121.34	96.20	117.95	121.61	84.11	120.24	161.18	129.20	87.39	92.37	101.68	120.19	88.66	154.22
QG37_04283	122.18	124.28	69.10	77.25	117.47	109.40	107.08	117.89	117.88	103.51	95.92	93.90	99.22	102.66	102.84	121.01	145.48	145.98	127.89	109.86	116.26	115.26	128.47	101.81	124.19	144.01	96.76	126.46	103.64	33.80	69.27	112.94	126.99	107.15	106.69	89.03	104.37	112.97	94.53	114.31	124.28	115.89	92.56	91.87	104.80	109.24	96.84	131.48
QG37_04284	112.80	109.35	67.46	62.19	91.99	97.92	107.97	107.12	102.93	99.33	95.89	91.12	89.72	97.49	95.35	109.56	137.84	135.41	131.88	113.25	116.14	111.36	123.09	85.58	112.66	128.70	86.69	111.87	83.01	30.49	60.45	108.28	120.76	109.94	97.32	86.69	96.78	105.96	92.27	119.40	126.42	114.85	88.90	87.30	97.61	103.87	84.73	139.94
QG37_04285	134.86	118.75	71.10	67.46	105.60	118.02	97.53	101.67	119.56	97.12	86.04	98.23	91.17	94.50	93.89	100.56	125.32	146.56	123.72	108.58	118.17	108.36	132.55	96.68	112.76	143.41	97.07	113.26	104.20	24.67	67.10	124.23	118.61	110.70	92.91	85.09	87.31	95.85	85.29	107.78	123.19	119.17	91.38	81.46	108.05	105.78	98.42	123.39
QG37_04286	131.12	132.32	77.64	77.01	119.65	112.68	118.00	122.98	131.71	116.27	96.82	102.50	106.80	108.42	107.16	125.52	147.69	157.91	136.69	126.82	123.26	122.40	130.52	109.49	130.02	150.15	113.02	130.26	112.70	33.02	74.30	125.89	139.58	123.90	116.78	98.51	116.72	117.99	100.98	115.83	137.03	130.60	96.70	93.04	117.81	112.67	100.08	150.75
QG37_04287	117.56	145.37	73.93	63.88	117.09	111.33	112.30	105.40	136.61	113.46	84.28	89.34	107.97	102.23	100.81	101.39	131.73	146.51	144.19	126.03	108.15	131.20	124.40	109.46	124.96	163.01	97.00	139.55	110.17	33.76	75.46	119.48	126.38	106.19	118.00	92.78	107.22	111.48	86.66	112.94	136.70	111.56	93.93	113.87	102.12	117.49	96.20	133.54
QG37_04288	133.85	127.03	78.32	78.87	121.88	118.48	125.11	112.95	121.72	111.11	85.68	99.04	89.45	113.78	111.77	107.41	141.12	142.96	138.18	123.86	114.26	127.05	119.04	120.59	112.53	142.00	103.60	120.20	99.60	26.89	73.67	137.00	135.34	120.92	107.62	99.31	104.35	119.12	98.37	126.61	138.05	140.43	99.66	88.71	110.89	125.92	104.71	142.45
QG37_04289	122.86	135.15	73.18	73.06	121.28	120.20	113.10	118.13	125.51	119.16	89.72	90.58	100.60	99.09	98.06	107.38	145.69	163.50	127.65	113.32	130.04	131.60	131.97	111.68	134.45	144.51	102.44	136.95	115.00	27.98	69.87	129.55	137.51	108.64	112.38	93.93	99.92	110.08	94.80	120.43	146.34	133.96	96.78	98.67	113.35	121.31	106.81	151.40
QG37_04290	120.62	122.34	63.64	70.16	104.66	114.75	106.62	121.09	128.44	113.05	93.70	98.88	98.41	97.24	101.96	119.40	133.59	141.16	133.73	111.19	118.72	116.41	123.98	108.94	116.40	139.51	94.37	121.21	114.48	25.12	65.74	120.99	117.18	119.49	106.67	91.83	100.21	114.88	85.20	118.38	132.67	110.84	94.93	89.59	101.51	103.93	88.97	141.10
QG37_04291	131.65	127.63	81.19	75.66	109.86	111.14	104.58	125.70	124.59	105.76	94.50	85.88	99.07	113.66	114.46	115.05	146.97	155.16	144.98	136.83	123.30	118.16	121.24	109.96	127.77	154.98	105.23	136.89	116.72	25.68	63.31	115.59	123.16	114.26	110.37	95.64	109.30	111.15	95.90	105.19	151.03	130.56	102.97	87.44	119.79	120.86	105.07	135.47
QG37_04292	99.67	93.57	57.06	61.62	99.66	102.61	97.94	93.29	102.91	80.35	70.58	92.06	84.70	89.86	106.72	103.86	132.35	116.28	107.05	94.68	97.89	108.24	124.05	89.12	106.52	126.99	92.65	108.45	83.01	25.10	66.61	110.87	112.64	96.67	95.77	87.29	87.97	98.63	70.85	104.30	114.69	99.26	82.45	81.10	98.26	98.69	88.43	129.03
QG37_04293	87.39	87.93	58.51	67.78	94.59	103.63	95.96	98.72	117.37	115.24	76.95	84.14	84.68	88.17	97.58	127.21	161.89	140.17	106.69	114.41	130.14	110.70	139.26	98.85	116.83	130.20	84.71	119.66	98.82	33.37	61.04	128.77	130.81	106.81	109.24	100.60	91.31	99.94	105.52	106.05	109.46	118.87	84.09	93.52	102.66	102.44	114.73	142.00
QG37_04294	114.75	110.76	69.50	61.59	103.07	101.88	107.40	113.86	116.25	93.39	85.24	86.44	92.86	102.63	100.49	111.08	132.55	139.85	116.49	115.50	116.14	117.64	129.19	108.46	113.38	130.47	89.08	117.97	83.90	27.74	69.07	115.16	124.72	107.35	105.81	81.75	99.49	96.01	95.70	117.90	127.07	113.34	82.35	94.78	115.33	115.23	101.20	138.53
QG37_04295	114.26	113.75	56.47	71.47	102.48	93.92	99.71	94.06	122.93	97.05	70.80	78.43	88.46	85.53	90.14	102.41	120.98	149.16	123.21	99.52	103.81	102.40	121.64	89.53	112.01	123.08	95.88	116.66	87.67	21.58	62.01	98.51	108.68	102.71	102.69	83.36	92.68	101.79	77.98	122.28	118.04	112.95	91.98	78.07	87.43	111.38	85.15	122.37
QG37_04296	151.78	115.13	60.69	63.63	80.16	73.20	81.08	88.09	99.44	83.04	69.16	68.23	62.89	76.88	71.74	67.14	109.80	113.92	101.27	79.00	61.93	80.98	105.76	73.07	88.02	93.18	60.53	101.43	64.03	27.89	55.16	72.53	112.33	99.73	80.50	72.72	77.96	90.02	64.67	95.27	81.74	93.17	76.07	69.37	90.63	76.54	87.43	101.92
