GENE	CDC_B11096	CDC_B11097	CDC_B11098	CDC_B11099	CDC_B11101	CDC_B11102	CDC_B11103	CDC_B11105	CDC_B11112	CDC_B11113	CDC_B11114	CDC_B11115	CDC_B11116	CDC_B11117	CDC_B11118	CDC_B11119	CDC_B11200	CDC_B11201	CDC_B11205	CDC_B11206	CDC_B11207	CDC_B11208	CDC_B11209	CDC_B11210	CDC_B11212	CDC_B11213	CDC_B11214	CDC_B11215	CDC_B11216	CDC_B11217	CDC_B11218	CDC_B11219	CDC_B11220	CDC_B11221	CDC_B11222	CDC_B11223	CDC_B11224	CDC_B11225	CDC_B11226	CDC_B11227	CDC_B11228	CDC_B11229	CDC_B11230	CDC_B11243	CDC_B11244	CDC_B11245	CDC_B11246	CDC_B11247
QG37_00464	104.34	87.54	52.01	35.26	72.48	77.02	72.52	71.80	77.75	69.61	54.97	58.90	75.10	68.51	57.90	62.13	63.17	86.84	80.22	65.23	66.91	69.26	93.21	65.87	84.98	91.76	62.12	83.97	63.67	16.69	47.01	64.91	80.85	70.55	61.15	53.40	59.63	57.47	51.52	69.11	61.86	74.31	44.76	70.20	89.51	84.21	65.06	115.19
QG37_00465	116.93	108.52	61.74	63.08	90.57	85.25	89.49	97.78	85.15	94.10	67.24	86.70	90.20	74.71	80.83	71.16	122.61	113.28	129.60	95.69	91.60	99.23	117.72	73.78	102.43	124.70	102.73	135.21	76.08	23.25	69.22	94.41	112.45	108.36	96.94	67.17	78.77	98.87	72.51	101.81	87.62	96.54	72.70	84.10	107.91	98.65	76.11	115.90
QG37_00466	129.08	135.32	86.09	81.38	127.79	133.62	129.07	112.70	128.76	136.28	86.23	96.05	97.99	111.01	96.26	123.49	152.41	173.11	133.94	112.39	122.04	124.93	130.77	91.38	128.67	153.85	110.16	142.50	149.12	26.89	64.10	156.08	129.55	125.26	116.60	106.45	93.19	103.01	98.45	114.64	161.74	144.55	88.36	116.78	118.27	138.73	111.76	130.60
QG37_00467	129.60	123.93	73.56	65.15	111.90	111.48	110.71	117.94	121.93	116.32	93.31	90.63	101.10	106.18	96.05	107.74	134.55	143.45	137.45	128.72	115.18	112.95	115.28	98.88	116.03	138.69	104.29	127.31	108.28	27.95	65.56	120.96	130.01	117.54	103.25	94.01	98.86	104.61	83.27	118.86	141.13	128.99	88.52	91.13	107.20	110.07	91.15	130.35
QG37_00468	150.71	169.72	89.43	85.32	141.77	136.56	124.73	145.31	153.78	137.89	108.90	116.09	132.89	114.34	125.61	137.61	157.55	169.44	163.47	144.85	126.86	145.82	148.60	105.86	142.69	163.59	111.12	155.81	145.74	34.27	76.95	142.77	159.18	134.75	128.50	110.22	115.19	130.61	99.47	131.91	165.77	144.96	101.00	97.03	136.47	135.74	111.12	158.27
QG37_00469	116.31	102.07	57.16	62.29	92.47	99.56	91.18	96.42	111.54	89.42	83.67	77.95	84.64	82.43	85.45	91.05	127.31	122.00	108.62	107.85	88.74	97.05	110.19	83.38	97.73	117.06	87.16	106.87	86.84	22.16	63.79	98.36	111.69	97.70	92.13	75.42	88.57	95.64	84.03	97.13	114.35	92.98	80.74	72.55	89.57	86.17	89.05	110.67
QG37_00471	149.00	147.80	86.55	79.57	124.40	135.58	132.84	124.11	134.72	132.64	105.01	111.99	121.46	108.90	106.86	122.22	154.01	162.23	146.68	143.75	121.53	133.05	143.57	106.24	139.82	168.51	113.35	152.58	126.19	33.42	79.37	140.84	148.19	128.38	115.78	105.61	118.65	122.58	102.87	137.49	151.17	134.43	101.39	96.68	125.85	118.53	112.65	152.85
QG37_00472	107.93	141.69	71.46	85.60	109.01	123.46	129.05	129.49	141.41	128.00	104.10	90.17	122.57	121.32	114.73	140.77	147.94	140.27	126.02	111.42	111.51	108.66	132.16	96.79	126.54	151.88	91.36	158.45	110.94	29.10	67.76	142.59	128.81	114.80	130.85	103.54	107.90	119.57	81.16	119.27	130.24	105.99	93.44	97.09	108.65	108.59	98.01	146.79
QG37_00473	117.38	117.13	85.53	73.31	134.93	126.85	112.26	127.82	130.22	104.73	84.32	95.03	95.91	100.91	101.60	118.73	136.85	145.65	141.53	140.57	104.38	128.69	119.76	96.54	126.51	146.72	103.93	154.13	115.69	42.14	64.62	131.87	145.51	95.43	111.86	90.00	109.58	98.32	83.46	118.30	131.03	120.03	84.58	92.75	120.26	98.70	122.82	119.91
QG37_00474	134.48	122.52	74.07	65.95	122.61	118.74	119.07	110.55	115.56	115.20	93.83	97.37	108.30	111.28	95.68	118.07	132.00	145.28	134.56	111.87	122.29	123.01	118.42	102.69	123.54	152.15	97.21	141.56	102.85	28.62	61.70	127.42	145.00	114.89	107.63	95.26	112.40	99.18	95.70	115.17	130.57	125.69	93.22	87.96	122.73	111.63	101.86	136.63
QG37_00475	132.86	118.85	72.19	74.39	102.43	107.40	119.92	112.01	117.40	104.99	87.56	83.18	105.93	97.03	89.05	107.31	141.07	156.85	140.64	128.08	119.94	112.55	121.62	105.99	121.79	142.91	100.34	127.05	94.57	27.90	77.22	118.52	129.40	114.56	96.75	86.36	112.87	116.08	80.90	119.13	139.81	133.09	86.23	77.21	121.20	120.47	94.99	131.64
QG37_00476	116.96	124.77	64.67	73.41	114.68	108.36	109.76	108.74	124.98	105.41	89.10	94.57	92.46	103.57	106.53	110.28	124.64	140.37	133.17	110.75	119.01	114.99	123.43	102.96	126.23	142.81	99.34	121.77	103.40	29.25	68.26	122.54	126.72	110.54	105.58	92.93	103.77	110.12	83.67	120.21	136.18	122.64	86.62	87.29	106.40	106.17	94.93	145.09
QG37_00478	122.60	130.53	70.87	62.40	109.37	92.18	98.51	103.20	115.83	108.97	94.00	98.83	91.11	88.68	113.47	112.77	136.89	130.77	121.84	119.38	100.19	124.73	140.76	102.24	108.88	149.43	102.60	150.75	117.52	23.86	76.35	122.47	139.43	124.12	114.29	77.92	112.28	109.73	97.97	126.53	150.69	140.28	100.60	91.21	107.00	103.51	110.42	137.43
QG37_00479	113.25	112.39	68.73	70.12	102.23	100.12	106.11	111.50	118.54	90.64	80.37	93.29	94.73	103.89	102.73	114.19	125.20	153.06	121.51	114.26	119.92	105.62	109.12	94.37	112.62	129.85	101.41	135.39	97.58	29.39	67.92	113.03	113.55	113.52	109.03	93.63	109.72	98.47	90.79	119.71	146.55	127.07	90.10	88.64	116.40	109.46	99.02	124.89
QG37_00480	129.65	116.83	65.95	77.69	101.21	120.16	117.59	102.88	119.30	96.48	94.92	82.58	107.66	99.49	102.15	123.64	142.94	142.80	125.24	112.10	122.57	114.23	123.87	95.19	121.69	128.74	102.63	118.95	101.19	32.57	66.67	125.26	121.68	114.86	107.20	95.79	105.14	115.07	99.48	115.92	138.78	128.45	90.91	92.43	114.75	112.42	102.57	128.82
QG37_00481	119.14	121.93	61.25	63.73	106.53	101.84	110.00	108.35	130.17	101.82	87.88	104.19	101.75	94.27	104.80	113.94	128.64	156.89	132.93	115.76	111.49	114.70	124.36	97.69	112.95	132.65	92.86	131.81	96.64	24.84	71.77	114.89	121.60	114.49	107.61	94.90	104.40	100.45	91.12	112.79	135.02	119.61	89.30	91.22	110.18	108.92	106.29	136.96
QG37_00482	120.92	101.32	46.19	59.14	89.82	84.52	95.66	86.43	113.78	91.81	89.69	79.58	73.17	81.67	109.03	108.65	148.13	150.26	113.48	92.65	88.57	105.06	117.38	92.30	110.14	132.42	88.91	109.06	96.55	28.53	77.33	87.51	102.10	121.43	104.25	68.76	102.64	115.07	82.44	90.06	111.41	112.07	78.54	87.00	104.19	87.49	81.27	106.84
QG37_00483	103.40	109.03	67.04	60.59	105.95	91.14	104.58	99.73	108.04	89.58	91.25	79.51	85.56	92.87	93.54	99.75	111.80	133.95	115.90	93.87	106.99	109.43	111.87	86.40	107.50	127.10	75.83	111.88	97.95	26.33	62.38	100.63	119.89	109.28	92.66	79.29	83.42	108.10	86.64	104.99	124.64	110.77	81.91	94.73	98.31	107.07	85.44	125.71
QG37_00484	127.43	111.05	87.77	51.06	99.01	102.14	102.69	88.49	119.02	97.34	94.20	95.87	90.12	105.14	102.62	96.15	139.75	130.32	132.00	107.70	110.17	95.65	124.28	84.80	119.71	134.57	70.82	128.95	95.30	24.62	74.55	129.51	130.80	107.59	111.73	74.54	86.42	118.67	83.51	109.51	122.62	123.50	85.06	76.61	97.92	123.36	93.74	132.60
QG37_00485	119.33	112.96	74.80	71.91	106.27	107.31	103.50	106.74	117.68	109.09	84.71	83.76	102.41	89.72	100.13	112.48	129.22	142.53	119.01	103.76	98.80	115.59	123.04	92.92	111.18	134.50	104.28	125.57	101.18	27.46	70.34	121.22	116.24	110.02	100.86	89.04	98.30	133.38	78.61	101.90	126.29	123.20	91.77	90.14	109.92	111.36	92.53	133.58
QG37_00486	126.34	131.65	75.31	82.23	117.42	116.63	118.06	118.40	125.98	118.82	92.77	98.85	98.31	111.93	110.04	128.19	141.62	146.00	139.90	120.15	117.98	117.35	128.78	108.67	121.88	146.04	114.16	131.00	105.54	29.17	76.22	119.51	135.56	122.09	105.22	90.79	109.86	120.36	101.19	121.65	129.97	123.14	94.50	91.21	108.63	109.44	97.56	147.15
QG37_00487	136.20	139.48	73.95	88.23	128.34	107.48	119.25	110.38	134.76	116.57	85.26	102.83	106.62	102.82	109.37	114.42	150.60	152.30	140.26	129.48	114.77	114.96	129.31	106.70	131.31	162.90	113.36	143.76	112.89	32.47	76.67	130.14	135.95	117.30	113.75	100.76	101.12	121.62	102.11	139.49	142.17	134.66	101.06	98.00	120.13	113.43	105.25	151.41
QG37_00488	122.58	135.47	78.08	92.14	128.48	118.97	133.15	119.40	136.86	124.87	102.12	121.07	105.29	106.83	113.73	127.25	153.28	156.43	144.24	130.63	123.13	115.54	144.57	108.43	136.92	144.64	114.88	144.29	110.64	25.54	88.05	146.53	149.85	134.11	121.76	92.81	114.83	116.05	101.16	114.88	133.15	134.14	92.84	101.58	126.08	108.64	111.05	142.59
QG37_00489	133.48	129.35	77.65	73.26	116.11	119.31	110.46	124.03	126.71	114.36	91.17	102.62	110.11	108.01	103.79	115.74	152.85	148.61	135.55	121.83	119.10	119.80	131.17	105.73	119.39	152.53	101.46	134.29	108.92	29.14	76.95	123.80	140.62	123.18	104.72	89.96	102.31	113.86	96.61	123.01	136.16	126.36	90.80	88.12	112.77	112.96	99.45	138.74
QG37_00490	141.86	129.54	81.53	84.63	123.20	130.89	127.21	128.61	135.67	120.68	101.77	105.17	119.57	113.77	111.00	131.89	150.89	151.49	144.38	131.22	132.83	134.74	141.85	110.69	134.66	157.08	102.60	144.10	117.57	35.49	79.74	134.68	140.99	134.08	116.50	111.75	117.82	118.04	99.46	124.86	153.43	136.20	99.28	102.48	118.26	123.05	109.23	148.60
QG37_00491	143.34	142.64	74.72	88.39	134.28	135.50	111.83	133.15	136.24	121.72	107.64	111.15	115.43	115.02	130.22	131.26	158.17	166.24	146.65	130.25	122.36	129.21	129.07	114.68	140.41	170.07	110.56	146.72	111.82	29.52	74.49	142.92	150.48	116.27	118.65	94.78	112.17	121.24	97.49	139.78	165.46	137.99	104.73	77.81	109.48	124.88	112.44	140.99
QG37_00492	127.45	135.52	81.57	85.46	130.52	127.62	127.53	127.24	151.70	124.85	115.57	121.56	114.71	111.77	116.52	137.97	162.79	153.25	162.03	129.97	129.66	134.93	152.53	110.98	134.77	156.02	98.48	130.08	111.16	33.76	81.37	129.50	146.34	140.46	134.13	96.06	120.83	127.63	120.75	136.35	156.68	128.90	103.04	93.14	126.96	139.95	107.33	143.32
QG37_00493	112.73	127.53	70.48	68.48	97.90	106.72	109.78	113.43	119.81	113.94	83.49	83.21	97.92	100.85	105.86	112.61	140.98	152.13	128.83	119.64	117.73	100.08	126.26	97.42	127.15	141.10	103.35	128.60	106.70	29.39	65.59	123.03	127.86	114.75	109.41	98.24	98.36	111.01	87.09	116.30	130.07	111.16	94.44	94.26	121.06	109.43	110.70	130.67
QG37_00494	136.45	142.04	77.79	80.21	122.29	118.89	125.95	131.36	136.60	114.48	101.30	106.55	112.57	113.31	106.99	125.34	148.00	162.52	141.81	129.29	129.67	136.32	139.36	111.60	132.11	152.27	108.23	145.32	120.39	30.25	75.80	135.60	146.23	125.79	120.70	97.50	109.74	113.68	93.64	120.23	144.62	136.04	99.18	92.52	123.85	117.29	109.67	148.39
QG37_00495	153.48	132.69	78.07	79.09	122.01	134.53	134.16	129.69	133.41	122.10	98.43	107.77	110.57	110.58	109.39	127.78	155.62	160.71	148.18	127.28	121.45	136.98	131.02	105.33	131.03	167.18	97.16	164.69	120.32	33.90	81.18	131.72	147.01	128.67	113.06	106.16	118.73	112.30	93.83	134.35	154.20	129.98	100.87	93.72	122.12	117.24	99.47	138.49
QG37_00496	138.80	120.25	75.33	66.68	125.07	120.42	110.64	114.70	122.75	125.53	90.95	97.70	116.14	103.58	104.79	125.84	143.93	163.42	144.80	116.34	123.09	126.53	125.31	108.53	132.09	155.68	99.00	135.90	117.86	29.07	78.12	124.59	140.95	128.71	109.77	102.09	107.12	109.48	99.70	135.70	149.48	133.84	105.30	93.70	112.03	125.25	93.23	142.28
QG37_00497	111.96	133.24	88.85	77.07	107.45	100.61	111.59	122.65	150.62	112.94	104.13	87.78	111.33	113.08	104.97	109.11	152.00	145.94	134.95	139.50	129.82	129.66	120.73	113.08	106.51	176.92	115.28	138.52	119.16	33.28	88.69	133.67	148.05	113.03	124.60	79.85	121.26	107.59	93.91	125.85	141.19	144.01	102.14	90.87	116.72	105.64	97.02	149.72
QG37_00498	134.80	127.84	86.23	75.69	122.11	127.30	109.07	121.70	137.85	125.25	103.68	103.23	106.03	114.73	107.25	124.78	158.63	148.48	141.37	128.41	122.69	126.43	149.05	109.93	128.73	154.36	114.33	144.52	119.09	31.85	79.17	136.91	141.92	135.94	130.43	100.86	115.18	112.24	102.60	126.18	162.50	147.44	99.59	94.51	136.22	119.50	106.90	146.44
QG37_00499	141.66	140.12	76.52	78.43	117.71	121.52	133.16	126.99	127.52	124.25	106.80	100.14	109.82	104.17	96.44	118.13	152.29	172.32	138.94	121.16	127.98	131.31	142.66	115.25	135.95	171.36	115.86	136.53	108.48	34.47	86.19	125.61	131.38	121.27	105.82	93.18	116.18	129.48	92.75	132.47	156.53	122.09	94.09	101.16	110.19	119.29	98.21	132.59
QG37_00500	129.58	108.39	63.17	68.22	105.21	112.75	100.10	117.65	107.26	102.92	88.84	79.80	93.62	87.59	114.49	89.01	115.31	164.19	129.61	106.08	105.81	117.62	106.41	98.96	120.91	128.40	81.58	127.72	100.16	28.21	64.41	112.17	118.40	129.43	91.39	68.41	105.12	114.78	87.52	118.51	122.03	110.21	88.42	88.95	104.22	100.45	84.15	129.97
QG37_00501	114.51	116.20	64.51	58.99	109.45	108.92	108.56	95.71	112.65	97.71	84.00	82.71	93.92	100.65	85.54	104.94	127.45	148.37	126.46	108.40	112.78	124.36	122.24	94.71	114.36	133.53	89.97	116.21	93.26	26.50	68.84	107.75	116.31	108.33	93.01	79.03	98.36	109.25	86.82	99.46	125.81	115.29	80.86	90.52	106.73	110.11	100.07	131.91
QG37_00502	142.87	121.30	79.11	77.83	108.95	116.15	113.94	120.35	126.23	111.43	92.10	109.57	104.82	118.86	106.72	124.63	141.27	159.45	140.74	112.03	128.44	120.35	130.25	116.54	121.12	151.09	101.34	127.04	101.04	30.82	83.57	131.73	123.13	140.00	117.76	101.51	108.66	128.11	102.03	117.99	139.88	134.44	94.25	86.02	117.55	116.56	104.75	147.37
QG37_00503	129.73	123.52	79.10	77.05	109.35	106.91	119.72	128.71	129.72	124.88	96.55	102.75	107.39	102.26	104.47	122.50	137.57	170.24	141.53	119.59	129.03	134.07	130.76	121.04	137.82	159.27	106.08	135.63	103.12	38.58	82.56	137.92	128.89	125.27	122.49	102.91	117.23	105.55	90.67	122.89	153.57	144.69	96.02	96.18	103.13	110.24	100.65	158.13
QG37_00504	132.15	131.64	84.57	77.15	115.77	122.23	117.94	114.31	140.20	120.25	91.00	96.19	99.19	93.78	109.24	106.20	156.94	157.20	148.40	125.07	127.36	131.27	123.53	106.27	122.05	149.51	98.53	144.16	113.33	32.22	72.79	132.22	141.24	115.76	115.79	98.99	108.04	114.80	91.15	123.79	150.49	131.41	112.45	86.68	124.48	117.42	99.79	143.88
QG37_00505	134.72	141.23	84.84	81.68	137.66	115.89	135.69	123.85	151.43	123.09	92.13	115.46	123.42	117.28	108.77	135.32	165.05	151.96	146.94	150.36	128.10	147.61	137.81	115.97	122.91	157.99	98.14	126.24	100.69	28.62	77.25	130.92	162.63	130.38	117.59	99.35	121.08	126.10	87.90	118.37	132.42	122.93	101.98	102.23	120.19	119.34	90.80	162.53
QG37_00506	123.16	123.28	75.67	74.79	127.25	110.54	110.95	115.78	125.57	114.05	101.89	102.81	103.27	105.61	105.62	110.17	147.71	147.52	130.42	117.23	114.06	120.08	125.94	98.33	123.65	143.09	103.64	129.25	109.53	33.45	75.17	129.86	127.69	115.58	115.11	90.63	103.20	109.09	89.54	120.23	141.92	121.83	89.87	87.08	113.16	110.41	95.61	134.28
QG37_00507	131.62	137.53	72.34	88.29	147.81	129.31	133.37	116.82	154.51	121.95	109.16	116.08	123.41	115.38	98.77	135.08	160.47	163.57	167.48	128.16	124.95	140.39	145.80	133.15	143.84	162.57	130.17	143.84	139.71	37.88	89.80	135.60	159.61	172.55	131.99	113.48	113.51	112.89	93.55	152.50	150.21	136.30	112.80	125.12	123.76	134.21	116.87	178.49
QG37_00508	140.52	136.18	82.65	83.18	134.10	131.86	121.92	130.96	130.82	127.63	107.34	106.77	116.95	115.16	113.31	127.56	154.00	159.92	145.10	143.46	138.76	132.56	139.24	108.70	134.44	163.83	111.37	140.59	119.92	34.89	82.06	148.62	149.68	127.69	125.58	108.91	123.90	122.75	109.72	123.75	148.96	139.85	105.00	99.62	122.03	130.27	114.50	159.51
QG37_00509	131.14	145.02	65.03	68.77	108.80	110.68	117.67	119.25	118.67	104.63	89.79	97.17	95.23	100.04	111.28	114.35	140.90	154.06	143.28	115.42	121.71	126.73	126.15	104.91	118.35	154.06	94.17	130.55	102.88	23.99	65.49	124.11	139.53	119.68	107.73	93.97	99.57	113.09	86.78	118.68	133.55	126.70	95.56	88.80	99.92	116.25	103.11	142.62
QG37_00510	134.42	133.20	82.39	70.78	123.29	125.65	119.94	124.84	130.87	116.25	104.63	101.56	113.18	119.40	108.87	126.90	151.00	162.51	141.88	127.29	130.87	125.44	145.08	119.92	136.15	152.38	95.87	124.58	97.77	29.13	68.74	136.49	134.96	132.79	123.56	95.15	116.42	131.67	105.25	126.70	140.54	123.50	97.00	92.68	106.61	126.05	99.07	143.70
QG37_00511	129.01	133.88	68.42	69.06	125.22	119.29	103.37	121.75	115.86	110.29	86.71	104.38	102.72	103.68	107.06	114.10	153.37	149.86	130.18	117.02	125.40	120.71	136.18	115.72	126.85	151.61	97.36	128.86	102.61	25.37	81.16	122.80	132.85	124.01	105.72	93.68	114.68	114.55	91.45	118.29	139.85	138.88	98.24	92.45	116.91	118.79	98.44	136.25
QG37_00512	123.22	119.54	71.74	81.72	104.67	102.81	105.61	103.68	113.01	100.63	80.48	98.76	89.84	113.57	92.29	107.37	146.41	143.41	136.90	108.71	101.88	114.50	129.73	95.24	126.15	146.04	95.98	132.78	96.60	25.12	89.18	113.66	110.00	105.01	87.42	90.64	98.63	105.82	88.23	109.65	120.74	120.37	99.11	77.77	100.60	108.46	83.57	132.27
QG37_00513	124.69	116.02	67.40	66.61	121.37	96.64	101.19	113.53	107.32	98.78	82.32	90.52	100.54	113.58	102.57	109.00	140.75	147.36	127.09	112.72	114.60	112.46	132.95	113.47	113.57	132.85	87.48	131.50	107.40	24.55	71.99	118.71	137.93	99.21	105.86	73.34	99.18	124.10	81.30	120.66	127.96	124.16	90.11	87.82	102.52	121.52	100.35	138.15
QG37_00514	100.93	113.03	69.88	63.79	100.06	104.20	108.11	104.97	123.45	100.78	90.78	88.03	102.37	86.27	105.29	106.03	134.98	138.53	122.10	106.16	93.05	108.85	115.86	97.05	128.58	129.45	108.96	121.98	108.11	29.96	68.98	115.08	130.34	105.81	107.21	88.58	98.59	113.55	90.19	102.16	111.15	110.76	82.00	76.89	86.84	94.64	95.74	138.94
QG37_00515	121.72	96.96	52.47	60.56	74.61	96.33	76.48	93.54	105.91	91.86	82.32	71.64	82.02	77.35	85.88	97.60	112.00	136.14	103.09	101.84	102.40	99.67	118.73	107.27	85.14	129.45	85.37	91.25	62.76	20.04	63.46	94.66	91.65	95.84	108.15	75.06	96.76	99.20	91.75	105.35	106.89	103.25	72.28	66.59	75.40	98.88	82.19	116.97
QG37_00516	81.52	101.28	51.53	49.86	83.15	91.43	81.64	78.61	91.15	72.39	61.58	61.80	72.44	78.53	76.41	84.41	106.33	110.88	103.11	77.36	97.00	88.91	92.11	77.49	82.19	105.25	77.87	89.19	78.38	21.43	51.33	87.31	99.47	78.56	80.92	61.87	72.11	104.64	71.73	91.11	101.14	91.33	69.19	64.26	89.07	81.76	72.18	96.53
QG37_00517	76.10	68.52	47.62	42.64	78.81	84.89	69.75	65.99	85.24	58.20	62.48	59.02	63.13	69.63	55.72	74.73	96.19	86.05	86.72	57.07	83.46	71.83	70.43	69.51	69.79	78.75	50.40	70.99	58.43	12.26	53.53	61.01	63.37	76.18	76.89	58.35	68.59	67.07	59.83	71.58	79.73	71.77	51.83	47.79	81.62	86.23	57.32	101.22
QG37_00518	99.14	91.20	53.56	54.17	76.26	95.73	77.33	85.84	85.11	75.93	64.50	59.32	77.53	85.67	63.86	81.00	110.52	102.79	87.25	83.13	82.24	75.03	89.78	77.18	86.37	113.74	68.97	75.94	68.13	18.74	59.02	95.11	89.50	82.49	80.95	54.17	82.42	72.93	72.77	90.87	95.73	80.54	58.92	56.36	80.49	76.49	72.14	92.18
QG37_00521	93.24	107.86	60.08	68.69	102.88	99.67	95.28	92.65	105.69	103.31	87.57	79.52	81.28	115.44	104.76	93.51	110.46	126.24	114.99	123.17	119.78	108.35	112.69	95.12	85.65	92.58	98.50	115.65	79.81	27.76	55.87	97.35	103.05	121.53	113.05	82.99	85.08	96.43	85.98	119.00	126.45	92.80	81.74	76.55	107.78	106.06	99.36	136.86
QG37_00522	120.45	142.82	70.71	65.25	127.32	111.50	103.34	122.00	133.41	117.94	89.99	91.54	104.15	104.62	113.85	103.06	125.99	147.77	122.04	140.26	132.19	129.91	144.48	100.26	114.92	137.80	126.10	138.71	117.55	17.55	81.28	109.58	133.57	129.50	112.08	93.62	114.07	120.80	73.77	115.62	136.58	153.55	98.51	86.76	128.21	106.76	128.68	139.71
QG37_00523	118.52	116.78	74.64	75.97	103.55	116.25	109.84	104.61	123.36	108.25	87.35	91.12	91.75	108.05	107.09	109.40	131.67	161.68	137.86	116.27	121.29	123.84	129.36	108.62	119.71	136.64	97.04	141.48	95.32	27.69	74.14	123.18	127.67	119.56	107.75	92.49	109.22	110.46	96.35	122.82	128.95	126.91	96.48	88.65	112.67	111.26	105.19	142.61
QG37_00524	111.22	101.80	58.54	50.78	86.13	83.38	98.81	83.06	109.78	81.45	63.87	78.62	76.48	77.84	96.61	90.07	110.36	125.58	120.10	75.75	89.41	100.94	114.08	76.70	118.75	127.43	70.94	103.98	81.54	26.56	59.96	88.63	101.97	100.65	71.96	66.31	82.50	104.75	75.29	92.59	117.36	101.27	73.51	72.71	91.28	87.08	102.04	113.18
QG37_00525	111.16	109.14	60.76	59.83	96.30	102.41	92.28	103.35	105.35	81.25	76.29	80.07	76.88	88.89	82.77	101.53	122.05	117.14	114.47	91.32	91.95	105.99	117.16	94.83	103.50	118.88	85.38	96.57	75.23	23.68	63.03	94.19	107.22	97.53	95.06	82.31	84.82	101.75	74.49	98.30	121.63	108.91	70.46	76.94	104.18	86.25	88.83	123.71
QG37_00526	110.89	104.71	70.06	72.73	100.42	124.41	108.41	102.81	120.34	106.22	82.28	100.30	99.11	102.28	89.50	129.18	142.28	138.18	119.14	111.09	81.28	101.12	123.08	123.33	105.05	140.71	98.81	126.44	100.02	20.97	75.42	99.47	129.32	90.99	105.27	88.19	97.05	113.49	91.48	128.47	142.14	121.84	85.65	99.27	118.14	105.80	100.43	148.75
QG37_00527	155.54	101.43	68.22	54.71	107.77	116.41	102.81	105.26	116.05	115.51	86.70	101.24	104.13	108.17	90.53	139.09	140.11	146.04	126.23	118.04	97.63	100.30	121.26	103.85	116.02	129.13	94.88	137.61	89.67	33.17	64.65	115.87	120.50	115.91	123.75	84.60	99.42	109.90	92.51	113.54	142.52	118.58	82.35	82.38	109.89	90.58	82.52	127.75
QG37_00528	94.04	79.33	38.17	41.94	71.20	72.23	60.65	65.52	65.24	67.04	59.15	67.24	67.20	69.90	61.87	67.67	71.09	79.93	92.86	76.64	63.30	80.14	88.54	63.48	65.53	73.44	53.08	90.25	56.42	14.46	46.48	86.99	56.56	72.51	59.63	61.02	76.61	81.71	58.81	81.01	91.95	81.36	66.60	44.39	64.43	64.12	63.29	85.71
QG37_00529	110.23	122.36	71.67	65.67	92.37	113.32	99.95	117.55	114.80	108.83	76.88	82.71	108.33	91.65	94.46	100.09	124.41	140.52	126.49	114.87	107.91	112.59	106.44	95.87	107.90	125.86	84.49	126.37	95.02	27.02	71.68	115.22	125.50	101.81	91.43	90.40	85.63	95.91	81.90	117.78	133.46	125.25	80.88	93.41	104.77	98.14	96.64	133.28
QG37_00530	152.43	138.99	78.06	81.07	129.38	133.22	136.12	121.43	128.48	122.16	122.80	110.98	124.68	127.73	115.56	129.76	174.12	159.81	132.61	144.29	121.97	124.68	136.33	119.47	118.40	167.65	111.47	146.10	116.68	43.20	72.20	137.49	154.20	144.37	137.12	97.04	124.63	125.59	97.65	133.10	144.29	141.58	98.81	95.12	130.05	109.52	111.51	155.04
QG37_00531	153.99	133.28	89.91	67.99	136.17	127.57	107.73	133.27	143.05	126.77	95.17	92.12	125.97	105.58	114.85	132.96	156.04	174.41	157.29	127.54	155.05	124.72	148.76	112.97	115.83	155.87	114.81	153.56	125.97	29.89	81.30	140.74	135.11	117.05	115.85	104.10	113.39	137.20	107.05	120.86	152.06	135.89	100.73	89.14	119.96	106.55	99.22	157.74
QG37_00532	129.07	140.16	82.25	85.05	128.76	120.22	119.48	125.18	148.80	110.32	101.89	84.48	114.21	104.54	99.07	106.71	166.88	174.65	145.80	144.17	119.76	111.61	153.15	110.00	120.09	147.98	106.72	152.38	102.77	36.74	70.90	139.97	149.82	105.97	111.91	101.02	102.45	112.93	95.44	135.99	156.97	128.57	102.76	95.06	108.63	116.56	109.39	142.72
QG37_00533	147.73	150.17	86.52	82.68	133.51	133.88	142.65	128.16	134.04	141.73	104.39	117.52	117.41	119.97	113.89	125.91	153.60	166.31	138.89	137.72	129.44	140.71	136.90	110.42	131.77	160.54	118.99	146.24	115.71	33.42	76.24	145.05	153.95	139.35	122.42	106.73	118.45	129.10	104.18	142.04	161.19	134.21	104.99	101.66	122.72	118.54	117.15	153.81
QG37_00534	143.94	184.54	94.70	77.91	170.27	138.88	150.84	114.87	158.05	160.44	135.65	158.95	137.25	141.98	147.89	148.82	175.33	156.35	155.19	156.55	127.71	135.71	140.26	120.23	139.80	173.89	116.96	166.23	113.14	40.08	103.04	158.15	197.63	140.26	118.36	100.06	127.94	113.10	111.03	135.62	162.74	160.89	108.05	107.20	153.04	108.62	110.76	178.52
QG37_00535	137.07	138.49	93.55	78.87	121.96	127.24	120.14	123.50	127.16	128.10	97.53	107.20	106.24	106.85	101.62	122.36	155.15	155.74	140.66	119.48	125.23	120.64	130.78	109.64	144.98	154.50	110.25	135.95	113.77	33.73	70.12	124.93	130.48	124.14	108.14	99.53	106.78	102.30	94.43	144.86	151.64	131.22	89.32	90.52	113.98	114.33	101.33	139.66
QG37_00536	138.60	123.01	75.31	73.42	116.88	121.86	123.35	123.97	140.33	107.42	97.24	112.10	112.19	92.07	107.24	123.24	138.62	171.52	144.16	130.39	121.86	131.63	133.02	98.71	121.81	132.27	113.63	125.47	108.90	33.57	69.84	120.35	140.05	110.19	105.43	101.84	110.06	105.33	88.78	124.10	138.11	128.84	93.26	94.88	121.46	122.55	122.73	152.39
QG37_00537	125.48	122.43	73.13	70.65	127.54	110.50	117.13	113.02	119.11	110.48	100.20	98.21	107.13	101.34	99.70	116.76	146.38	157.07	145.39	114.34	122.34	120.80	138.05	106.14	122.54	139.38	97.78	116.58	94.37	32.39	71.77	136.35	134.09	115.84	107.11	96.13	102.80	111.53	90.23	121.60	130.00	113.72	84.07	100.99	113.24	118.94	97.46	142.11
QG37_00538	132.86	142.61	77.69	74.49	102.62	111.61	104.07	123.41	147.02	123.46	91.47	107.45	110.84	122.31	92.06	118.63	175.33	166.18	137.43	139.80	114.25	114.69	130.06	106.96	121.84	134.77	125.80	137.77	117.71	38.05	82.27	135.47	153.28	134.90	118.67	93.66	120.75	111.45	86.12	126.63	142.99	130.63	114.20	100.56	127.84	145.71	98.43	139.87
QG37_00539	116.77	126.15	84.76	76.94	113.09	105.79	111.95	125.19	138.53	117.31	93.61	96.97	99.31	100.57	95.36	110.18	150.05	166.65	147.00	150.42	100.70	119.69	135.16	107.76	117.04	149.57	97.51	141.54	120.95	38.28	74.02	131.33	123.66	102.51	126.28	96.40	104.90	104.12	82.75	133.20	135.49	129.26	98.19	106.86	122.60	122.24	113.33	138.72
QG37_00540	112.97	126.84	80.48	64.66	106.13	105.85	106.58	120.79	128.17	101.18	83.01	86.69	96.39	94.93	110.07	116.67	133.35	142.24	141.70	120.32	100.01	111.54	136.32	101.83	134.04	163.13	95.95	130.16	115.74	31.79	73.32	136.61	140.21	118.82	102.64	88.03	94.15	103.73	82.22	107.61	131.33	99.72	89.84	84.62	86.79	112.64	92.60	128.84
QG37_00541	126.08	132.91	77.64	69.81	116.20	115.52	120.50	120.28	128.46	117.55	103.66	105.52	110.24	108.83	106.17	125.12	153.92	161.61	137.32	126.25	120.50	125.32	149.05	114.68	126.61	160.22	112.27	138.58	107.68	28.83	72.53	123.05	142.39	120.04	105.61	95.47	116.23	118.38	98.96	127.88	146.93	130.39	98.51	91.18	117.77	118.31	113.54	153.74
QG37_00542	110.03	112.42	62.48	64.88	104.02	97.32	113.30	99.66	117.02	94.55	78.09	87.89	94.75	99.17	94.48	114.17	127.86	135.29	123.80	112.94	107.14	124.45	109.04	96.68	115.13	131.08	95.50	115.28	86.14	26.93	68.01	111.46	126.54	112.76	126.39	85.84	89.97	103.71	86.63	112.38	136.30	107.78	86.45	90.11	104.64	116.22	77.42	131.41
QG37_00543	80.61	65.44	35.17	30.94	55.78	63.41	60.57	60.05	66.85	57.86	51.56	45.63	47.58	55.84	49.53	63.46	67.66	77.95	55.48	68.87	48.79	54.42	66.50	44.59	57.72	62.63	36.73	65.91	45.04	12.39	37.90	55.14	63.30	62.83	44.77	33.89	55.94	54.36	42.33	66.57	65.96	60.70	42.61	58.42	55.97	76.38	48.28	63.93
QG37_00544	109.24	105.46	67.85	61.23	97.03	102.12	109.10	106.86	106.83	92.22	83.06	91.38	81.89	91.19	87.52	100.08	123.60	123.15	131.50	107.82	98.45	102.48	113.06	84.09	96.59	123.99	93.42	117.45	78.73	40.77	77.34	106.02	120.83	95.01	92.88	70.33	91.61	91.05	82.41	103.42	119.58	117.40	82.51	79.90	98.07	99.18	95.65	117.32
QG37_00545	124.53	112.15	70.80	68.43	101.63	102.45	105.23	106.40	122.10	103.98	86.20	92.76	94.50	92.46	84.12	112.67	125.45	141.81	126.73	119.86	114.06	110.46	122.36	96.41	116.36	140.25	97.40	119.40	99.84	25.51	65.76	114.18	132.31	106.01	104.72	80.08	101.76	98.50	77.11	110.30	137.00	114.52	84.90	93.09	100.71	106.46	89.90	139.44
QG37_00546	141.46	122.17	62.50	72.97	99.33	119.35	109.23	101.85	122.25	119.73	84.80	83.09	90.74	104.51	111.39	95.24	140.67	171.81	143.77	109.68	116.83	118.95	139.12	95.87	114.68	152.98	85.08	128.90	93.83	29.02	71.18	115.22	126.70	103.03	92.47	92.07	103.65	96.38	85.48	98.34	119.05	112.08	79.28	95.08	114.47	106.09	110.68	139.71
QG37_00547	133.92	113.47	61.12	79.39	114.98	122.05	114.25	99.79	117.09	119.22	104.51	91.37	102.52	93.55	127.50	116.81	143.95	186.61	151.64	100.39	118.67	121.55	122.07	101.79	125.80	139.99	82.57	135.56	89.85	31.19	59.11	118.84	128.07	111.99	107.44	81.47	111.60	119.10	99.94	107.71	141.57	110.26	86.28	85.55	114.43	112.59	121.61	128.98
QG37_00548	133.72	140.01	76.61	73.47	117.68	122.81	121.19	117.50	119.66	124.85	97.14	105.40	107.29	108.70	110.20	119.24	137.43	157.21	137.17	114.82	120.66	127.36	131.53	100.00	128.46	157.37	98.62	136.48	107.52	31.86	75.33	130.09	132.11	123.99	112.42	89.34	109.57	116.26	94.41	122.40	160.88	122.73	97.36	94.02	120.21	114.58	115.38	141.27
QG37_00549	93.90	114.36	81.64	72.69	96.42	90.06	103.18	87.04	110.19	117.74	90.03	117.69	91.54	97.49	82.95	107.10	132.89	137.19	103.04	123.90	107.92	118.66	116.61	83.00	129.47	155.98	100.70	133.69	105.14	16.90	71.46	93.88	116.86	95.77	94.93	88.37	96.86	98.02	87.96	108.90	128.86	111.02	73.56	92.35	115.08	112.54	111.48	138.46
QG37_00550	137.38	126.35	74.53	96.58	118.03	118.99	127.56	114.82	124.54	112.98	116.65	88.69	87.67	88.82	94.68	103.09	160.34	161.03	132.13	128.05	111.56	119.51	127.35	86.57	107.63	141.94	99.14	107.62	105.15	25.44	70.38	103.76	128.49	114.83	116.31	88.22	96.81	111.86	94.95	114.58	147.62	111.12	83.72	90.00	114.43	110.53	95.98	137.07
QG37_00551	119.71	118.58	63.57	78.31	116.82	104.46	108.05	109.92	128.21	107.20	104.23	102.89	85.60	94.65	95.53	112.60	132.81	135.66	130.49	122.20	110.98	114.01	123.93	97.44	103.23	136.60	91.65	116.22	91.57	21.90	68.67	102.32	121.15	100.55	96.55	84.15	85.28	104.23	91.21	113.42	127.64	109.91	87.38	85.27	100.09	94.51	93.29	119.88
QG37_00552	121.22	118.02	67.06	64.40	99.33	113.59	116.45	111.43	113.87	84.80	78.47	84.87	94.26	93.63	85.65	94.41	128.07	123.21	108.06	98.70	121.93	105.67	116.61	107.65	90.31	124.20	70.72	118.71	97.93	26.51	56.95	101.55	122.72	100.95	95.07	78.59	88.16	99.61	82.86	112.94	131.97	98.09	76.61	77.40	100.10	111.27	92.25	124.51
QG37_00553	120.80	129.93	73.31	80.73	109.81	125.51	124.28	121.23	125.33	119.78	104.98	113.52	112.58	115.86	121.21	136.27	168.85	160.59	151.07	117.71	146.33	117.68	140.87	117.53	147.64	180.59	115.72	141.24	115.47	25.90	83.75	144.96	135.45	129.04	115.43	98.27	120.30	121.95	83.43	121.86	144.29	135.20	80.40	104.32	111.86	134.34	92.63	138.69
QG37_00554	147.54	148.82	77.78	70.04	112.65	141.15	130.75	120.86	134.26	111.61	109.64	109.92	119.88	108.17	109.12	122.87	152.46	164.46	146.34	138.36	124.43	128.91	145.72	117.10	134.87	149.15	104.85	137.37	124.92	35.18	71.49	124.84	150.02	132.52	127.15	97.47	114.96	111.84	101.09	144.32	149.55	131.79	99.19	86.10	114.75	125.51	109.77	146.45
QG37_00555	124.24	144.94	85.78	78.17	133.32	111.53	117.64	120.11	126.44	128.47	97.18	96.48	111.18	114.12	98.99	125.69	152.30	165.14	142.58	133.88	117.22	129.51	135.54	115.02	130.65	150.65	113.50	136.66	106.55	32.05	94.88	128.52	144.11	126.87	115.42	100.32	105.48	113.47	94.25	121.12	159.07	143.28	98.39	99.03	117.82	117.10	98.23	130.06
QG37_00556	154.04	141.50	77.80	90.50	131.66	134.96	118.34	111.98	136.21	132.39	113.77	93.40	112.07	95.91	102.72	120.02	143.60	178.79	145.05	133.69	108.48	131.84	145.98	120.29	141.83	166.87	123.77	163.84	144.28	44.03	92.01	142.04	162.37	115.14	104.40	81.60	110.70	117.37	102.91	120.21	166.25	135.68	118.57	85.00	101.48	117.39	113.16	135.09
QG37_00557	160.88	138.55	91.90	80.60	133.22	138.17	128.49	115.38	117.45	104.51	101.86	108.64	110.32	108.26	107.63	117.42	146.29	175.80	127.60	136.27	129.64	115.21	145.28	112.94	134.67	164.08	114.76	149.25	122.26	32.92	87.31	136.30	167.53	127.95	123.25	99.95	118.67	133.80	102.63	133.75	157.57	133.53	110.85	103.46	125.47	108.87	108.12	153.02
QG37_00558	159.74	145.52	88.07	91.07	126.48	139.74	139.57	125.62	136.86	132.31	110.26	119.38	117.68	125.56	103.47	128.37	165.76	172.31	146.92	142.78	138.62	130.19	140.58	118.07	142.49	163.82	108.80	150.59	124.18	33.37	78.55	137.96	158.41	127.35	124.79	113.76	116.94	127.65	103.12	137.93	158.34	135.43	101.16	88.86	132.56	126.55	109.76	138.43
QG37_00559	151.63	144.50	82.29	85.33	136.54	131.16	128.56	135.70	136.08	130.35	104.84	106.02	121.19	115.56	109.05	126.15	166.53	165.63	149.17	134.86	139.62	143.07	139.17	121.99	135.68	170.11	113.66	145.37	127.22	34.43	71.17	140.35	157.03	143.91	121.44	112.26	118.25	120.92	108.59	142.84	159.53	151.01	104.89	104.57	126.80	127.79	115.82	159.43
QG37_00560	56.67	114.06	68.27	44.06	77.83	73.02	93.34	83.05	87.41	89.41	64.03	71.72	64.84	69.81	67.46	70.40	98.08	93.46	102.78	86.23	71.99	93.63	70.40	78.25	84.92	87.92	63.02	86.18	65.33	26.52	49.66	81.87	96.02	97.33	87.48	71.33	82.64	87.60	72.23	99.10	98.31	112.95	70.08	64.02	95.12	72.22	71.53	99.60
QG37_00561	131.23	133.06	68.50	75.69	116.79	111.59	112.00	120.70	117.16	112.16	98.98	91.24	103.02	108.06	107.33	105.54	158.68	152.49	131.95	129.63	110.16	127.81	138.39	106.46	117.33	139.19	111.50	130.01	109.41	28.46	72.84	117.31	146.90	113.09	98.13	89.78	102.76	109.06	84.72	113.39	138.77	121.12	80.10	78.04	109.13	93.79	95.18	120.55
QG37_00562	137.75	138.03	79.32	83.52	114.44	134.62	123.33	116.65	127.41	125.24	103.28	90.58	111.29	110.07	101.18	117.16	144.39	157.99	123.35	136.56	125.98	120.88	132.54	108.39	134.15	152.54	102.45	133.08	98.94	30.76	78.36	131.15	138.93	118.82	115.93	105.23	95.32	106.59	88.38	127.27	151.20	135.67	99.49	88.76	104.97	115.39	95.92	141.73
QG37_00563	156.25	149.75	79.72	87.76	126.91	122.39	119.64	149.25	138.79	129.21	107.62	104.85	112.70	110.83	97.64	120.06	162.33	167.45	146.14	122.23	126.29	130.53	137.65	104.70	119.00	170.88	118.42	144.24	116.15	34.52	66.43	127.82	134.88	130.59	127.53	113.41	112.55	124.74	90.50	113.97	153.47	148.05	91.67	89.15	119.18	113.85	101.54	150.76
QG37_00564	134.77	139.01	84.34	78.63	122.47	120.09	122.45	124.85	135.08	112.90	100.98	104.61	104.22	104.50	104.00	120.56	155.61	156.70	136.68	124.00	122.64	131.94	126.71	110.63	128.88	147.93	102.09	129.54	107.31	28.32	73.56	128.94	140.25	121.20	106.38	91.15	108.84	107.89	95.65	126.50	138.85	125.14	98.19	95.20	117.35	118.90	103.89	141.74
QG37_00565	117.46	123.26	61.62	55.34	103.99	104.40	101.24	121.28	116.43	109.03	87.42	75.59	92.48	80.30	93.61	99.63	128.58	123.97	118.80	100.73	96.55	98.46	121.50	98.49	99.79	116.12	82.58	108.04	85.79	18.68	66.72	113.01	116.72	88.47	86.56	66.66	77.28	83.39	59.07	89.73	96.58	114.51	69.03	67.55	88.14	83.03	67.78	104.61
QG37_00566	125.93	118.91	66.06	74.76	103.02	106.20	111.48	104.47	115.16	106.66	84.05	89.75	101.16	94.71	96.29	101.89	132.18	129.12	113.87	107.44	100.77	111.97	122.81	95.12	100.31	134.76	77.82	120.23	91.50	24.32	63.82	105.42	121.55	105.00	99.19	81.57	94.59	103.58	76.58	110.36	126.99	122.42	80.96	89.99	112.28	100.17	92.18	147.30
QG37_00567	150.64	119.93	76.41	72.96	122.56	113.31	113.26	127.38	143.54	119.59	92.37	108.19	111.62	110.43	95.12	100.83	127.22	154.93	136.48	132.78	123.02	127.70	141.06	107.39	104.39	137.47	97.06	130.01	121.66	30.70	64.86	115.65	141.55	120.25	106.21	94.73	106.90	110.16	93.35	123.49	136.47	135.11	94.01	92.92	117.44	115.46	112.57	132.69
QG37_00568	127.20	132.54	82.99	68.68	124.52	119.19	117.92	124.57	122.27	108.09	102.13	105.06	98.94	111.47	115.59	112.57	141.82	173.52	131.83	152.01	132.56	116.56	121.88	105.73	120.97	156.95	94.84	144.74	121.42	27.18	58.84	119.53	148.69	108.98	121.74	90.22	114.47	109.78	93.29	121.92	137.17	137.87	88.82	92.81	125.30	127.65	103.42	132.49
QG37_00569	107.20	120.76	66.27	56.85	108.70	93.47	99.40	109.61	100.46	101.75	91.33	82.86	85.96	96.55	83.83	88.61	112.69	136.13	109.79	108.05	104.40	101.78	107.25	94.57	105.58	115.20	84.53	112.04	93.96	19.71	63.18	115.54	118.63	90.59	72.63	59.73	76.99	71.62	62.30	90.11	100.51	101.72	64.86	45.77	65.44	66.43	64.60	77.96
QG37_00570	143.36	141.28	75.24	70.40	119.66	121.70	118.95	121.51	136.99	120.83	93.93	114.42	112.56	110.72	106.94	118.31	148.00	164.15	146.95	127.99	132.38	127.89	136.09	108.70	133.30	166.89	106.26	125.88	112.08	32.50	72.49	130.01	152.82	128.30	125.16	93.37	100.89	120.46	103.35	129.99	135.03	124.31	97.15	93.28	119.39	112.72	94.22	149.15
QG37_00571	137.29	147.12	86.91	81.04	127.07	130.68	133.17	110.96	134.94	123.76	98.80	104.05	119.11	109.79	105.66	114.74	156.16	163.87	153.72	134.68	125.62	134.22	152.93	112.25	132.72	154.75	114.43	143.07	115.94	33.01	78.08	135.29	139.92	123.14	121.09	97.51	103.50	112.19	100.98	129.48	149.91	134.21	106.99	106.37	117.16	128.57	102.94	142.40
QG37_00572	150.37	128.97	78.79	80.79	125.83	132.65	130.02	144.31	130.33	117.12	92.94	119.77	118.37	111.51	102.69	112.87	144.88	161.58	136.19	126.27	117.81	127.72	126.83	99.56	137.23	146.49	104.25	147.40	113.98	30.41	73.89	142.05	135.61	121.19	96.33	95.82	102.53	106.22	94.61	130.81	146.80	121.20	103.46	94.11	104.00	126.99	111.53	141.46
QG37_00573	128.62	119.76	66.33	68.58	110.64	114.47	107.93	104.56	117.00	115.04	89.71	91.89	96.36	103.25	95.14	114.92	143.89	154.04	133.56	111.50	120.07	109.22	130.47	104.08	118.69	145.38	90.88	116.26	99.04	31.77	64.61	114.76	116.17	106.88	88.84	81.31	101.22	112.45	83.06	118.27	131.88	123.58	88.22	87.93	104.39	106.02	86.59	127.72
QG37_00574	136.02	119.58	92.50	81.09	130.41	114.68	117.67	107.63	118.88	93.74	77.09	92.45	112.70	106.48	119.27	135.13	155.17	142.44	146.30	114.00	116.67	111.19	134.35	122.36	132.05	139.90	108.98	131.10	95.83	27.83	70.42	116.80	130.29	137.72	116.49	84.56	95.72	127.50	90.11	115.90	138.30	103.16	95.15	76.68	122.30	115.62	87.27	128.22
QG37_00575	147.48	142.19	86.69	79.89	131.87	130.40	124.28	125.40	140.05	123.88	103.50	110.73	118.73	113.76	109.87	121.35	158.81	168.55	144.03	130.57	133.45	136.04	146.42	115.40	137.51	168.41	115.37	150.85	118.01	34.33	78.22	137.06	151.82	127.84	121.42	101.43	115.37	121.14	95.65	142.66	153.25	137.22	99.97	98.40	128.10	125.92	106.83	155.69
QG37_00576	131.72	136.44	84.22	80.11	118.61	129.98	115.18	116.78	122.77	102.21	97.48	106.16	107.64	106.04	102.58	132.47	142.31	153.91	138.12	126.48	115.82	110.94	133.64	94.45	125.41	148.04	97.44	135.95	100.49	26.14	76.55	138.49	140.09	127.61	120.22	95.21	98.23	124.71	90.34	120.78	147.79	129.59	96.03	98.19	115.52	109.37	103.81	144.45
QG37_08395	77.86	124.07	60.51	63.64	84.42	69.87	65.58	80.13	99.58	84.83	67.19	63.81	71.82	74.92	73.00	70.83	110.49	93.67	106.33	74.36	88.23	85.15	97.62	71.15	102.42	84.86	81.70	93.71	92.77	16.38	54.27	111.20	98.39	83.55	89.93	65.48	91.87	89.21	67.44	108.60	113.04	95.95	79.40	73.43	82.26	82.75	101.52	106.80
QG37_00577	143.86	135.24	73.32	69.37	114.31	115.78	109.38	107.59	125.04	114.30	85.81	100.47	100.79	98.91	100.38	114.95	147.44	160.59	145.08	131.74	123.48	115.57	124.59	102.22	132.49	151.98	101.80	130.54	98.31	26.76	73.70	124.73	138.17	128.13	111.28	95.44	106.87	112.29	95.43	118.20	150.21	117.05	87.55	96.46	114.35	125.91	101.08	130.75
QG37_00578	145.18	167.92	94.24	87.00	134.44	136.63	149.35	130.69	157.94	138.17	117.45	140.40	137.54	127.78	128.29	136.60	173.18	161.89	166.02	154.45	143.29	156.18	153.37	140.78	149.63	160.83	117.56	152.64	138.15	32.62	81.46	148.36	153.60	147.07	137.79	121.31	127.04	137.61	107.96	143.32	184.49	155.62	110.79	109.61	143.33	132.61	127.22	157.73
QG37_00579	123.07	115.45	74.04	80.27	118.38	112.84	101.51	141.41	116.78	107.08	84.61	99.62	106.11	83.45	103.67	110.26	137.33	148.70	129.61	113.93	110.93	108.87	133.02	104.65	128.72	155.03	96.77	106.29	102.18	25.01	69.64	133.49	119.38	117.63	93.76	84.51	103.08	97.40	89.79	121.30	105.47	99.91	85.67	87.98	113.84	108.12	94.63	141.52
QG37_00580	125.62	114.39	67.07	81.83	100.85	124.32	109.74	130.33	127.02	117.47	85.13	94.61	98.48	89.96	90.37	117.80	123.33	169.57	129.20	115.51	106.08	98.85	124.73	113.96	119.80	149.15	99.97	106.21	101.62	31.82	65.01	117.62	117.13	112.30	85.67	81.07	89.54	90.96	82.26	128.96	100.16	115.42	85.84	77.20	102.96	101.75	83.95	132.99
QG37_00581	85.27	114.28	67.27	57.25	86.85	93.80	103.80	92.96	86.28	97.81	81.24	78.41	82.34	80.55	81.26	89.46	108.71	130.94	108.14	96.17	101.11	88.40	113.93	78.41	113.88	136.01	67.33	104.28	100.11	24.98	60.10	100.93	111.46	105.94	96.27	86.76	82.80	95.61	74.00	103.53	118.63	121.42	65.35	85.87	87.67	100.23	83.65	121.41
QG37_00582	68.94	68.35	48.71	51.65	60.86	74.77	72.29	70.67	66.87	81.36	55.59	58.33	68.54	75.24	54.55	70.52	89.24	90.85	94.34	79.43	74.06	56.63	80.08	58.33	80.42	89.13	59.06	66.21	61.99	13.94	42.08	54.84	86.22	74.94	74.14	43.70	84.45	75.06	49.15	68.06	84.31	86.76	62.44	81.33	113.94	108.63	97.19	142.42
QG37_00583	83.69	103.76	63.98	62.92	61.32	86.98	85.32	85.92	96.59	75.67	79.41	72.26	79.24	64.03	72.82	76.55	98.22	104.53	117.72	103.08	101.08	72.54	91.65	73.81	83.62	100.57	72.11	104.80	77.69	20.92	53.56	56.45	110.87	82.80	86.71	66.04	71.43	81.35	58.14	87.92	94.95	92.95	78.19	79.38	97.86	82.83	81.71	128.71
QG37_00584	142.57	121.79	76.76	62.35	122.30	117.63	114.55	110.43	149.67	116.70	79.14	83.96	97.91	109.32	91.85	107.50	128.08	159.34	150.02	121.54	123.33	110.71	106.92	86.63	125.22	134.35	105.67	125.37	110.78	80.54	123.72	117.77	153.79	110.72	92.95	88.47	106.28	109.70	81.69	128.14	154.22	124.14	98.71	76.04	115.02	110.49	114.50	124.20
QG37_00585	130.65	125.78	79.26	74.01	108.59	112.53	103.70	114.98	115.31	104.06	91.94	93.43	90.17	99.85	92.72	104.97	128.76	149.07	127.85	118.34	112.77	113.88	127.97	99.70	116.39	147.28	92.60	124.05	98.67	26.39	67.14	112.67	120.41	115.23	105.15	89.06	104.95	103.95	82.75	117.71	139.74	118.74	95.88	84.11	103.32	118.54	92.98	128.57
QG37_00586	117.20	76.99	40.72	34.24	68.52	77.81	78.88	70.54	80.57	50.03	50.92	59.41	65.18	42.11	55.18	64.22	80.15	83.20	73.80	84.90	53.99	73.35	84.25	53.92	68.82	72.42	59.56	82.37	58.30	20.68	32.31	59.21	69.08	72.49	58.98	58.93	55.17	60.45	38.17	70.00	74.32	73.64	52.64	59.10	67.58	83.59	64.43	104.46
QG37_00587	128.62	115.73	80.02	67.31	114.22	99.33	129.22	93.11	97.93	85.59	89.54	89.67	94.83	97.23	81.53	96.10	127.81	123.41	112.28	106.51	102.31	110.09	108.98	90.84	88.51	124.72	75.76	118.38	83.25	30.47	59.22	122.80	116.25	98.13	86.47	70.26	97.82	92.90	74.52	104.36	113.41	98.70	75.08	75.66	86.46	89.80	70.57	108.73
QG37_00588	116.86	120.66	65.59	75.21	103.30	105.60	108.29	116.15	116.35	98.48	92.42	92.23	86.98	88.69	100.29	107.97	152.36	136.79	127.64	129.16	118.01	111.90	123.29	95.17	117.16	133.56	95.35	136.35	104.09	35.48	74.18	95.44	123.78	107.50	100.02	79.24	100.10	122.34	80.39	105.96	117.40	122.06	82.74	86.93	102.80	97.69	101.01	126.07
QG37_00589	123.35	137.12	68.04	70.76	112.56	87.16	106.58	109.00	101.83	123.73	85.26	88.78	89.40	100.46	102.22	104.51	140.25	134.56	141.57	123.42	105.55	97.89	137.35	85.39	101.66	110.73	95.41	112.35	63.67	18.11	61.62	100.62	152.53	113.57	101.90	82.69	94.66	107.09	83.89	139.94	125.93	136.82	85.09	78.17	130.69	112.20	90.39	159.78
QG37_00590	132.65	129.52	80.12	70.50	102.14	130.64	116.48	118.79	153.91	105.59	101.33	107.01	100.73	109.06	103.25	118.00	116.39	148.47	128.47	112.58	123.79	114.91	117.80	92.96	112.08	116.89	125.84	118.38	132.18	25.15	77.31	117.45	156.16	128.69	141.04	98.62	103.45	92.09	87.60	114.47	136.61	121.83	92.93	82.58	124.24	146.26	109.73	161.20
QG37_00591	121.53	117.46	79.34	81.17	108.76	108.30	108.11	113.36	113.77	99.10	92.85	95.39	101.89	96.52	100.61	117.37	123.15	145.00	128.73	107.03	103.88	107.31	116.55	97.55	113.61	132.86	98.18	113.15	93.96	25.68	66.91	124.86	135.19	116.70	110.64	88.38	109.02	110.69	85.80	118.71	127.39	117.78	96.95	95.64	123.79	129.87	100.01	144.31
QG37_00592	152.61	128.75	84.35	69.06	124.02	123.25	115.14	109.27	132.72	119.61	99.94	98.81	116.28	105.76	108.35	117.80	150.01	166.33	141.69	120.18	123.63	132.35	128.81	109.60	125.99	147.15	108.56	139.64	95.53	41.98	85.74	130.77	154.11	136.33	116.98	91.07	113.29	123.08	91.62	130.68	149.06	129.22	107.77	90.65	112.98	118.80	103.75	149.43
QG37_00593	143.77	142.38	79.20	73.35	136.10	133.15	105.66	116.35	135.10	123.63	96.31	92.64	112.58	104.58	107.32	123.56	140.61	166.79	126.40	120.85	133.97	128.98	138.10	107.28	146.97	152.47	111.35	171.58	124.72	26.13	83.04	130.67	166.97	108.62	120.49	87.49	113.60	111.99	103.36	104.15	142.79	124.23	100.41	85.86	113.90	111.36	111.03	154.92
QG37_00594	137.75	146.43	80.93	79.76	122.71	128.05	133.39	124.31	133.91	120.85	103.80	105.67	114.99	115.53	113.98	128.66	155.12	152.05	137.13	120.93	117.06	126.21	138.02	99.30	125.25	151.79	105.59	133.48	109.02	41.49	71.49	126.30	152.67	120.68	129.00	103.18	115.75	121.21	104.88	129.77	152.47	132.51	104.10	105.37	116.18	127.96	97.66	151.59
QG37_00595	117.33	129.81	77.07	80.08	112.37	97.19	109.61	121.20	138.12	115.65	109.40	101.23	114.92	115.16	108.57	106.06	148.72	166.24	130.15	106.37	99.88	114.97	125.30	96.30	121.98	135.82	105.64	121.44	100.67	36.06	65.09	113.63	122.55	128.60	100.66	103.53	96.04	108.69	88.87	121.33	138.80	116.70	80.86	84.10	95.17	104.87	99.65	134.80
QG37_00596	150.89	127.95	66.50	63.06	112.66	104.96	103.72	95.50	109.41	112.04	83.63	94.52	81.32	89.77	92.25	109.63	127.54	138.66	118.50	98.73	105.01	109.60	104.65	83.90	107.33	122.14	91.20	124.37	101.47	24.49	56.21	98.47	131.61	104.85	92.93	87.15	88.89	97.19	77.18	103.99	137.83	103.28	71.52	85.20	90.88	106.24	86.51	136.66
QG37_00597	132.27	137.45	64.47	59.85	98.73	77.39	102.36	66.08	117.79	89.20	76.90	94.06	89.17	83.70	80.52	87.67	113.60	130.30	112.05	104.99	93.39	111.32	121.89	66.71	105.47	126.81	80.75	103.70	77.67	28.99	59.91	113.23	88.27	103.86	75.20	82.45	88.80	75.33	67.48	97.43	106.49	117.80	77.99	76.01	96.58	82.78	94.34	112.11
QG37_00598	124.60	106.30	72.34	65.66	101.44	107.30	101.99	109.91	119.39	101.80	91.40	90.36	98.94	101.75	88.35	110.23	129.84	117.95	131.36	104.06	105.63	113.89	117.15	80.27	113.36	141.31	90.58	126.80	90.30	44.91	84.24	102.40	115.82	99.84	109.66	87.82	106.96	102.58	92.42	93.84	125.88	115.83	82.61	71.90	91.35	102.41	88.78	129.25
QG37_00599	125.59	127.36	67.35	81.40	129.01	108.10	114.27	115.02	130.39	105.58	91.19	97.07	96.34	85.07	99.46	116.82	134.57	148.91	153.38	124.15	126.44	140.21	136.28	112.09	126.45	145.80	104.99	140.32	101.77	33.57	54.05	120.95	132.45	117.91	103.66	93.75	116.09	114.81	85.33	128.70	128.70	112.01	82.90	92.15	100.94	114.46	111.70	142.66
QG37_00600	112.20	123.22	65.72	68.82	112.66	113.91	111.97	103.96	118.98	96.81	91.05	95.40	100.46	89.53	90.75	115.88	147.12	141.62	125.46	104.80	110.74	119.69	132.86	101.10	104.77	136.67	98.86	115.78	93.91	27.87	57.38	126.58	141.56	119.87	111.65	87.73	107.74	111.45	82.99	116.61	124.31	131.26	88.99	80.77	111.74	102.19	101.44	125.06
QG37_00601	135.54	132.02	76.56	73.41	109.65	116.75	117.34	119.05	125.79	117.38	96.28	106.97	104.99	106.99	106.73	113.99	149.29	149.40	139.74	114.69	119.73	126.13	127.33	107.15	123.80	146.98	95.71	138.74	104.00	32.99	78.72	135.75	137.02	108.57	110.16	97.20	111.59	115.97	93.33	121.26	138.56	127.80	92.86	87.51	125.38	119.13	96.74	159.19
QG37_00602	133.74	130.10	82.65	78.30	121.73	120.31	104.39	106.34	131.03	115.50	87.89	108.09	102.86	113.21	98.84	108.10	138.97	140.95	134.42	119.45	113.30	116.29	137.76	96.04	118.05	146.25	111.28	142.09	108.82	36.17	66.45	125.17	122.12	119.94	107.95	83.52	105.46	121.63	82.04	118.35	127.37	120.60	92.63	101.75	114.60	113.71	90.54	147.87
QG37_00603	138.43	145.46	92.01	74.06	113.02	113.03	105.69	104.26	122.12	126.12	87.41	94.36	87.24	98.15	128.24	115.03	118.24	156.29	139.81	112.20	130.66	115.14	146.90	114.68	138.43	156.64	115.59	169.85	117.52	38.07	72.47	131.72	131.34	105.56	103.40	96.65	104.76	125.95	87.91	109.51	136.56	119.86	97.58	94.49	115.38	117.58	93.34	146.76
QG37_00604	115.81	120.91	67.22	72.67	107.50	104.30	108.37	116.88	125.66	105.33	89.05	98.16	88.52	109.08	96.40	119.85	135.27	129.11	131.66	115.92	116.98	120.51	108.94	102.50	117.30	146.40	109.56	143.77	100.11	31.89	71.61	117.86	128.11	112.13	110.05	84.28	104.43	116.21	90.61	112.77	124.11	128.57	96.97	93.98	111.58	112.47	89.67	136.63
QG37_00605	130.49	126.43	76.71	79.52	112.75	109.73	107.93	114.25	137.59	118.90	84.11	103.88	99.59	108.27	106.11	104.74	140.87	151.59	136.95	126.32	117.12	126.69	141.91	108.53	123.61	146.53	108.06	132.95	99.58	27.03	70.15	131.72	125.20	118.42	105.85	93.18	107.22	115.85	95.50	113.53	134.92	132.69	94.71	94.40	116.55	115.26	97.39	147.11
QG37_08396	127.63	157.63	92.33	83.06	122.83	105.91	120.89	115.77	121.90	119.03	84.16	111.72	104.38	103.86	127.79	127.09	164.59	166.11	127.70	121.87	125.79	142.20	148.17	92.03	128.60	155.72	142.30	139.29	120.22	22.69	91.14	138.10	130.31	129.38	131.95	96.94	121.90	116.44	98.95	101.06	141.43	124.37	68.86	109.94	106.75	135.23	75.89	147.13
QG37_00606	118.68	123.06	76.73	68.75	115.63	114.97	112.64	103.75	122.87	99.35	97.60	92.83	94.70	99.66	94.31	103.87	131.66	152.24	136.31	114.45	122.45	106.21	129.10	102.77	110.73	142.05	103.69	117.38	95.07	20.75	69.74	120.22	133.47	109.97	113.71	90.19	92.51	115.03	87.76	105.10	135.05	116.50	94.35	99.46	113.06	112.42	94.90	128.64
QG37_00607	111.76	106.08	60.35	64.37	97.18	107.30	110.98	100.44	121.22	90.68	82.12	90.99	90.20	95.26	104.84	103.22	129.58	135.44	135.31	110.82	104.32	98.16	114.14	102.26	110.21	137.66	86.50	102.51	82.63	26.09	57.91	111.86	121.42	121.80	88.56	88.98	80.34	94.41	88.52	115.71	131.64	106.66	93.68	90.19	109.37	116.06	89.63	125.06
QG37_00608	142.03	131.75	77.29	72.81	131.32	134.43	122.42	127.53	143.22	117.99	93.23	86.44	92.93	114.00	92.95	125.96	148.34	162.18	137.38	127.72	140.66	124.73	142.13	121.58	104.63	134.64	93.43	142.45	116.70	24.11	61.54	117.89	145.92	125.18	100.13	85.93	119.24	122.53	92.93	132.78	136.91	131.40	92.54	93.77	131.65	131.67	103.63	172.03
QG37_00609	138.07	130.18	81.46	73.44	123.70	121.22	123.88	121.49	140.11	113.06	104.31	99.57	103.88	108.96	113.55	125.36	148.63	164.08	142.44	127.39	133.27	122.18	146.60	112.21	123.41	152.71	113.22	142.59	103.54	33.24	74.38	128.84	143.09	115.46	103.85	92.01	110.34	114.09	85.61	121.86	130.57	126.77	97.28	97.97	121.21	114.32	102.12	156.79
QG37_00610	128.18	121.29	58.96	72.49	99.88	108.88	98.70	107.34	118.45	103.41	80.83	81.34	92.34	95.03	90.98	115.13	134.79	154.64	136.64	100.14	122.04	113.62	126.47	100.57	122.56	138.69	87.11	115.02	89.84	29.78	50.99	104.62	116.24	91.59	97.47	80.94	87.32	115.61	91.59	118.62	123.33	111.71	78.93	89.14	107.84	100.40	94.58	149.58
QG37_00611	122.72	146.38	74.37	59.38	103.33	103.95	118.08	93.04	131.41	97.85	96.03	109.17	110.86	117.89	103.21	111.52	145.14	147.56	140.05	118.72	114.50	124.57	111.58	114.30	122.69	147.92	119.47	153.48	98.99	31.42	70.18	107.59	146.95	121.07	123.72	83.60	94.80	116.77	107.90	119.26	117.99	114.99	95.37	109.69	113.12	120.76	104.35	135.03
QG37_00612	142.65	142.78	82.40	71.28	112.14	105.84	119.29	122.46	129.37	123.23	98.41	113.28	120.20	116.72	110.03	105.50	137.29	170.65	157.15	120.11	121.39	129.29	135.76	113.38	122.29	170.93	120.47	141.81	101.65	37.42	71.72	124.00	139.92	152.28	123.34	98.85	114.95	121.05	108.09	102.99	152.60	121.98	97.35	87.11	111.29	102.86	109.64	151.70
QG37_00613	124.41	110.20	74.85	71.75	107.37	105.37	109.80	118.71	115.18	100.69	85.90	101.82	101.53	95.34	98.54	97.80	138.75	151.71	129.55	115.87	118.80	117.42	131.47	99.68	120.66	134.56	93.88	117.37	93.99	25.73	62.62	106.93	133.88	124.85	105.02	86.80	106.02	112.46	89.46	110.37	132.20	128.47	87.49	85.50	108.93	97.81	102.18	127.50
QG37_00614	126.16	82.95	59.21	53.35	90.28	90.96	84.99	83.09	98.24	88.75	56.18	77.30	93.56	78.12	75.33	113.95	126.04	124.74	112.69	102.02	92.34	107.18	104.31	97.47	86.35	94.52	88.29	99.29	85.98	20.83	59.68	94.26	103.70	98.30	92.73	77.32	89.56	101.59	58.19	90.13	119.56	102.19	68.09	66.27	90.93	94.87	66.69	95.47
QG37_00615	109.33	95.16	45.26	56.24	82.02	89.70	89.21	82.03	89.64	59.29	60.61	62.84	58.17	76.87	76.55	76.69	86.54	95.81	102.55	77.61	76.40	77.49	82.68	69.75	81.28	97.26	56.81	94.00	60.32	28.46	44.66	79.98	94.21	82.84	77.78	54.15	73.87	83.55	66.72	90.69	93.83	93.27	69.99	72.00	80.10	87.67	77.79	103.54
QG37_00616	98.58	108.39	59.00	71.70	90.37	99.02	102.52	105.10	122.60	105.79	69.87	83.66	80.09	92.96	104.91	109.99	118.68	138.91	127.62	96.42	102.05	111.03	119.39	88.51	111.76	132.31	80.27	99.91	90.19	25.80	63.43	96.00	105.46	102.76	103.73	73.89	98.12	83.82	76.68	105.84	111.10	106.95	78.19	86.24	91.08	92.25	93.88	131.55
QG37_00617	135.40	139.44	77.68	79.42	114.95	117.66	109.62	122.56	130.00	116.10	91.20	95.59	103.22	112.52	109.54	116.45	138.53	155.58	136.69	129.87	124.66	127.65	131.40	100.74	127.06	151.51	97.17	127.58	109.17	31.39	74.61	126.49	138.28	122.88	115.42	106.46	106.71	119.47	106.72	134.37	138.38	139.93	92.22	101.84	120.63	117.10	101.13	144.25
QG37_00618	121.96	143.02	83.77	89.59	118.45	93.35	141.58	128.12	139.04	115.99	98.47	118.23	116.11	106.27	117.62	121.30	156.76	140.94	146.08	136.37	114.88	122.98	171.92	101.68	132.64	151.52	102.52	146.00	96.57	26.12	67.13	122.66	124.22	121.02	121.66	79.78	122.33	116.47	71.54	137.47	148.93	138.88	102.34	93.41	106.04	132.35	106.32	120.65
QG37_00619	117.83	124.39	59.65	73.82	104.51	101.29	100.00	111.91	118.16	104.88	96.20	95.13	89.33	95.39	94.42	112.93	146.05	156.22	137.27	105.45	116.19	109.61	111.37	97.52	106.36	135.91	96.26	127.23	108.90	25.36	79.25	110.95	133.33	114.80	94.85	78.67	104.02	107.30	86.85	118.59	140.69	123.11	82.72	74.09	104.46	99.60	84.18	139.96
QG37_00620	120.19	114.26	66.40	70.41	105.16	111.98	104.30	107.06	116.92	102.26	91.95	91.91	96.50	106.08	98.50	101.42	137.66	147.49	127.49	114.87	125.44	113.86	124.38	95.96	116.50	137.99	93.64	120.41	99.12	23.95	69.72	114.93	119.70	103.76	106.64	83.00	101.52	97.25	80.15	106.78	140.14	117.18	87.09	84.90	106.78	109.83	102.93	133.22
QG37_00621	75.08	61.98	36.63	38.19	41.49	54.81	52.83	49.28	62.68	49.71	54.29	37.39	46.27	42.92	53.93	48.59	78.24	64.15	66.26	52.56	52.85	56.52	55.26	51.23	50.13	53.50	49.58	56.51	36.19	15.31	30.42	54.15	63.23	57.83	56.99	40.32	56.45	59.11	39.20	56.69	43.91	60.27	48.23	58.11	55.02	51.65	49.66	65.41
QG37_00622	29.84	63.15	39.70	39.63	48.16	56.08	59.02	62.99	56.87	55.75	45.67	40.31	67.15	62.59	56.12	56.54	72.16	68.17	70.84	54.14	49.48	50.20	52.59	51.99	51.57	60.12	48.69	71.93	42.58	21.18	30.65	68.94	62.38	69.73	49.65	40.74	51.11	69.97	49.82	65.82	61.00	67.65	49.80	59.00	63.34	58.37	45.94	60.00
QG37_00623	108.15	111.30	65.40	62.78	93.61	90.13	104.44	99.70	108.21	95.14	88.78	86.39	104.06	87.75	89.02	100.73	134.96	123.23	108.54	100.92	106.51	103.00	116.47	98.37	108.22	125.31	95.73	120.38	90.80	26.51	62.68	111.71	113.08	94.20	92.58	85.11	95.95	104.71	78.17	99.76	119.26	113.15	74.89	77.01	96.46	94.97	81.28	115.98
QG37_00624	132.74	133.93	72.73	75.44	112.05	117.93	120.89	117.33	132.32	112.81	89.02	101.52	108.79	104.86	100.73	119.75	139.07	156.60	146.49	117.82	125.68	119.20	126.91	105.56	126.96	144.22	104.73	133.50	101.28	29.60	75.04	123.26	133.95	115.68	105.02	87.96	105.38	118.87	90.33	121.29	148.81	125.70	95.27	86.60	119.82	110.48	104.91	148.56
QG37_00625	120.83	109.28	74.16	83.05	114.08	115.22	140.71	136.52	131.44	117.93	102.71	102.51	85.37	122.00	114.41	115.20	133.27	157.56	118.52	129.22	115.94	118.54	124.12	98.05	118.21	151.67	115.33	122.89	117.34	41.10	54.87	98.81	122.20	101.02	101.90	92.82	107.79	116.95	88.98	103.31	145.82	124.96	90.84	87.38	86.86	103.35	85.88	137.33
QG37_00626	127.07	135.91	85.78	78.35	104.42	115.36	110.89	128.90	120.48	119.64	106.25	102.76	109.39	118.35	109.17	112.96	138.24	150.44	128.47	120.33	134.11	115.55	131.78	103.17	136.65	148.15	112.46	148.95	122.51	29.39	68.74	135.39	136.06	128.44	116.85	88.70	122.80	104.30	93.42	134.41	150.97	123.06	100.57	98.77	95.35	119.18	95.69	157.73
QG37_00627	137.71	135.50	82.05	79.17	116.87	122.10	116.67	129.24	125.63	109.20	101.27	107.04	113.81	119.07	102.55	117.41	145.34	154.87	131.63	132.05	123.08	121.01	139.91	104.41	121.43	154.50	101.80	126.81	108.17	31.38	83.65	123.16	139.00	113.19	116.34	92.59	111.53	117.91	88.86	123.16	140.94	121.76	94.97	99.23	119.20	116.99	102.63	148.90
QG37_00628	136.81	131.44	76.01	74.69	119.78	109.97	118.99	112.25	141.25	123.39	103.86	110.51	97.05	103.07	103.96	127.06	130.93	151.33	139.76	113.15	118.19	120.43	143.37	109.14	115.35	148.41	113.37	137.44	117.83	31.15	76.27	136.36	128.15	121.46	107.12	91.39	113.91	110.42	96.90	118.68	141.73	121.85	98.06	104.80	124.64	120.10	111.91	161.95
QG37_00629	141.85	129.13	71.52	69.80	108.72	109.21	122.16	114.61	125.28	105.14	98.68	96.59	101.47	92.11	95.77	112.03	129.31	157.34	138.34	130.95	118.46	120.91	150.20	107.43	121.90	136.65	114.37	123.32	102.17	27.08	72.04	127.85	131.41	118.64	110.35	96.47	100.77	98.06	96.32	118.55	142.85	127.97	88.41	90.48	122.22	112.65	97.25	137.90
QG37_00630	126.74	144.48	76.46	68.43	119.10	134.40	126.82	114.93	118.38	118.20	92.27	109.61	111.58	105.64	109.84	113.26	159.67	167.82	145.77	136.83	117.40	126.57	145.21	102.83	140.85	157.76	104.06	138.31	135.73	32.20	72.09	126.00	136.10	119.39	117.58	107.93	110.74	120.11	108.18	122.73	153.14	135.70	100.80	87.11	111.14	109.03	94.63	138.19
QG37_00631	135.97	141.93	79.99	76.54	126.27	123.80	115.18	120.64	135.46	115.99	105.90	99.20	116.69	114.22	115.73	117.79	148.95	159.43	144.64	122.14	120.59	120.80	142.96	109.87	126.96	149.54	102.80	137.93	126.59	36.60	80.67	128.04	138.28	124.57	116.45	107.75	118.86	114.14	94.67	132.03	157.69	122.37	95.00	100.12	121.23	129.77	111.20	150.08
QG37_00632	127.15	126.62	85.56	67.50	116.54	123.54	115.79	125.30	130.87	114.30	97.63	92.45	98.58	110.58	92.21	112.51	135.92	150.36	155.57	111.58	126.45	120.61	126.63	110.49	121.51	143.06	102.80	137.00	113.00	27.80	67.04	131.71	123.70	113.44	107.66	88.42	104.86	111.99	93.43	120.00	132.54	132.29	98.98	80.47	114.10	117.37	108.69	138.52
QG37_00633	127.20	113.44	77.10	68.35	108.98	108.31	132.99	123.83	142.61	104.82	111.44	104.90	112.76	92.01	103.73	122.13	137.16	150.47	162.87	122.76	105.88	110.71	121.31	99.30	125.96	140.20	98.09	128.42	105.98	33.56	81.30	112.22	128.49	123.99	124.82	94.36	92.20	99.44	92.80	107.13	114.13	142.24	72.08	78.24	109.58	98.51	103.79	120.60
QG37_00634	114.98	124.31	65.89	73.03	122.74	106.71	116.58	119.97	143.31	109.65	97.66	83.29	99.48	94.89	104.07	105.11	129.68	142.93	140.83	102.35	97.47	107.33	125.88	101.28	115.95	144.49	92.11	120.73	106.09	32.30	71.08	119.59	134.41	111.55	114.48	92.52	103.55	107.53	91.50	122.29	130.96	117.92	92.06	83.00	114.69	94.44	85.92	122.99
QG37_00635	137.61	127.06	76.21	87.65	116.94	119.83	115.70	121.32	129.51	124.58	105.96	94.05	105.55	114.32	98.56	119.68	138.84	167.56	142.54	120.53	119.97	134.42	133.02	101.86	117.58	151.15	106.16	141.98	113.57	32.74	76.79	125.05	142.66	111.36	118.16	92.76	106.16	113.00	95.28	126.29	138.20	122.26	92.40	101.17	122.68	118.94	103.01	139.50
QG37_00636	132.67	128.11	88.85	73.15	116.75	125.31	113.48	117.01	127.66	109.23	93.75	104.05	104.50	103.33	95.41	114.00	143.90	155.31	141.54	131.81	123.17	123.73	135.49	114.79	132.59	149.22	102.11	133.76	107.12	29.65	73.48	124.19	143.28	121.27	112.20	101.32	114.11	121.26	92.16	125.10	140.14	129.01	98.06	92.24	119.81	113.11	101.14	148.61
QG37_00637	130.64	132.79	78.72	76.80	113.73	126.17	123.76	111.24	126.42	116.97	96.12	103.62	105.63	103.83	111.44	109.71	156.13	160.53	146.03	126.38	128.49	138.58	133.10	110.97	139.40	148.92	98.91	135.04	116.04	40.01	71.66	122.58	146.85	124.61	114.81	103.96	107.80	109.61	94.00	139.20	152.37	138.84	89.11	103.97	125.83	123.54	110.10	156.36
QG37_00638	109.40	121.17	73.44	65.90	105.23	98.50	109.11	114.06	120.97	96.85	93.28	92.38	99.08	105.76	95.42	104.86	152.53	142.58	137.55	125.74	113.03	126.63	145.02	98.03	120.57	157.73	96.20	132.67	111.00	26.91	78.88	118.45	120.61	122.19	100.73	90.84	106.94	108.47	88.14	118.51	134.52	117.60	98.08	89.36	113.29	118.76	108.85	144.90
QG37_00639	124.61	123.83	74.28	66.14	109.87	104.48	112.53	113.82	110.81	112.94	94.74	91.11	101.25	98.76	96.21	120.93	132.53	149.08	126.12	116.44	122.06	120.02	124.36	102.65	125.61	144.45	95.97	125.71	95.57	35.81	75.87	124.44	130.45	114.90	112.84	94.19	99.81	108.98	89.77	126.75	146.88	127.29	94.87	90.46	111.31	115.63	98.90	140.08
QG37_00640	126.78	117.13	69.07	67.32	111.29	116.96	117.97	120.35	112.34	108.93	79.88	95.86	99.69	102.16	110.99	116.25	131.76	153.85	121.95	120.42	122.72	121.51	110.80	104.50	131.05	146.06	100.31	133.43	114.21	39.47	82.50	120.21	122.75	106.73	100.25	91.53	86.60	110.83	92.04	127.87	144.89	121.44	90.25	82.65	103.07	107.92	95.29	152.03
QG37_00641	90.75	113.27	70.12	78.71	96.38	93.69	76.39	97.52	87.31	104.66	55.04	99.46	69.65	83.62	93.24	95.41	94.54	120.03	105.68	88.05	97.81	95.06	114.24	81.86	87.20	111.31	90.99	103.12	80.90	24.54	49.39	109.63	109.49	70.90	71.92	79.96	89.71	87.01	63.60	80.98	103.67	94.38	75.65	90.96	82.42	89.48	77.34	113.52
QG37_00642	125.55	120.84	87.85	76.98	109.24	123.32	104.08	121.13	126.39	103.52	94.91	97.11	109.29	99.56	96.61	115.01	141.94	160.62	128.03	128.07	122.70	130.14	151.60	99.18	117.17	155.45	104.55	131.31	103.48	33.98	75.96	131.70	142.44	96.84	111.56	101.47	112.00	101.80	89.22	120.41	156.83	129.63	92.03	80.67	96.05	125.03	102.67	122.32
QG37_00643	145.99	162.54	78.11	93.28	131.99	129.15	132.13	132.23	147.63	129.99	105.00	120.62	129.11	113.86	112.64	133.71	157.69	180.28	150.90	142.90	129.58	142.31	146.71	123.28	129.85	177.94	128.02	150.96	120.69	39.90	83.91	151.24	164.13	116.04	126.58	109.62	116.02	113.75	93.33	145.36	165.99	147.98	110.38	107.22	124.03	132.61	123.93	146.99
QG37_00644	131.33	129.76	79.37	78.38	117.79	121.40	110.66	124.16	129.38	114.42	95.18	94.42	109.78	108.08	108.04	111.45	141.16	150.26	137.69	132.00	128.28	128.91	128.60	109.11	120.94	150.09	104.68	132.42	108.29	31.53	71.92	123.87	134.58	113.84	115.63	93.32	110.76	110.37	99.06	126.63	139.20	119.98	96.88	87.90	115.36	111.60	101.92	138.57
QG37_00645	120.54	133.81	78.74	73.16	116.22	109.13	113.84	116.41	113.03	92.44	84.09	96.76	91.21	108.37	90.80	105.84	139.46	144.22	126.58	104.74	130.21	113.36	125.07	97.14	119.93	149.37	109.00	121.24	99.95	23.14	80.00	109.14	130.99	98.95	100.63	89.71	96.95	113.58	93.90	118.86	141.69	123.76	98.21	89.42	107.60	111.80	105.00	133.65
QG37_00646	133.93	121.04	79.97	92.94	116.84	127.68	112.96	123.90	117.84	105.08	94.50	113.75	109.92	103.90	104.21	134.65	142.95	167.70	145.74	134.26	119.15	119.53	131.14	118.44	121.12	149.45	105.44	154.01	106.38	33.14	75.89	123.97	131.98	126.67	121.04	80.87	117.61	106.06	102.83	141.68	151.67	136.11	88.19	85.01	117.21	113.95	107.31	136.11
QG37_00647	123.61	125.72	82.73	78.30	97.32	122.33	115.39	118.51	132.65	102.83	98.56	109.62	109.13	102.63	110.02	112.98	135.55	145.87	136.25	113.38	119.47	122.29	125.23	114.43	114.21	145.87	98.67	138.12	101.37	30.29	72.82	126.70	127.40	112.87	110.12	102.68	107.68	115.64	93.26	128.24	140.50	117.31	99.23	77.81	102.28	121.22	100.38	131.91
QG37_00648	144.44	156.14	85.85	83.04	134.30	135.81	116.61	124.92	128.88	124.23	99.88	120.58	105.49	110.71	113.60	126.83	154.09	155.89	147.46	123.84	131.36	128.61	128.17	107.72	125.51	157.84	100.03	136.31	108.37	30.05	69.78	130.05	147.90	131.78	126.39	91.81	112.92	122.35	105.32	126.83	150.14	133.04	103.79	95.05	124.28	130.67	113.12	149.97
QG37_00649	142.58	143.59	79.84	77.27	128.81	130.99	125.30	122.97	145.38	132.17	106.13	108.67	115.01	113.01	106.04	122.21	148.72	155.25	147.35	134.04	129.02	131.12	149.70	118.11	138.06	163.05	109.33	143.45	122.39	30.89	78.29	139.55	153.37	126.09	116.22	97.43	109.72	120.83	97.35	127.10	147.05	131.68	101.12	98.81	121.66	116.03	109.11	146.74
QG37_00650	62.83	71.70	37.59	46.89	64.24	63.14	59.68	57.84	82.22	63.58	57.37	46.93	53.82	62.80	58.78	59.70	75.47	76.08	70.72	75.04	67.00	70.93	81.01	63.59	71.38	81.55	56.57	98.87	66.05	23.42	36.22	81.33	69.57	66.33	62.44	43.43	53.17	55.87	44.03	62.53	69.44	76.94	38.30	81.55	99.81	89.82	91.93	109.13
QG37_00651	99.79	89.17	31.59	44.35	72.54	67.33	67.04	64.48	73.91	73.33	48.95	62.99	68.44	75.47	52.01	56.36	86.23	86.64	79.24	65.50	66.37	76.07	88.07	58.94	80.18	82.11	54.97	86.88	64.59	18.50	39.11	83.84	77.64	71.83	61.96	43.97	67.55	57.55	56.59	81.16	74.14	81.19	51.54	65.93	99.86	84.73	95.67	120.78
QG37_00652	131.49	119.50	58.67	58.58	103.06	136.01	114.99	115.72	115.79	107.81	87.33	94.47	97.12	115.97	105.86	109.57	126.97	180.71	114.69	120.04	143.88	112.67	117.23	96.60	99.64	137.71	84.17	142.89	97.38	29.59	72.33	105.21	124.49	107.62	107.92	72.62	105.75	107.05	74.51	110.09	124.38	120.65	87.55	94.72	101.21	102.88	94.44	150.02
QG37_00653	93.66	67.27	29.26	39.02	41.60	52.25	38.39	63.47	54.28	43.94	42.02	37.01	40.34	31.41	39.99	50.66	54.40	70.89	68.40	48.84	50.79	69.86	55.24	56.33	51.27	62.19	48.36	56.69	44.27	16.00	41.67	55.89	56.75	44.02	44.14	43.80	34.55	47.51	50.15	56.39	62.55	68.35	49.86	36.97	55.51	46.13	41.34	65.98
QG37_00654	78.81	108.95	59.54	70.46	81.49	81.22	84.13	85.26	95.72	88.60	63.60	83.68	76.35	62.93	82.15	80.93	106.96	116.65	119.65	89.54	94.42	102.42	94.84	76.59	105.04	114.09	73.57	107.68	93.02	20.23	61.44	103.15	112.23	99.65	81.18	57.81	54.75	79.49	74.91	82.83	110.74	109.03	64.48	49.86	103.06	102.76	67.00	105.84
QG37_00655	120.92	120.45	73.40	70.21	111.92	96.66	108.16	110.78	115.66	110.29	85.58	94.20	95.71	95.30	94.80	106.29	142.69	144.63	130.52	106.31	114.52	112.02	130.40	88.58	115.50	134.26	95.50	126.05	104.00	29.11	68.81	113.70	129.83	107.99	112.71	84.63	96.27	98.66	87.49	105.48	123.02	120.06	92.53	80.92	105.83	100.59	88.83	134.15
QG37_00656	123.89	109.33	85.40	66.54	124.83	125.52	125.70	101.09	116.17	107.73	94.71	94.37	105.63	104.94	119.70	118.79	141.10	152.86	147.50	125.13	97.44	122.97	118.41	112.43	111.98	152.27	95.55	130.86	101.50	27.36	81.51	114.63	160.57	116.75	103.44	109.38	106.54	111.77	79.36	116.33	129.81	123.17	86.44	94.41	122.06	113.02	101.93	150.91
QG37_00657	174.79	152.59	71.07	75.12	137.93	129.30	129.96	134.93	158.83	135.67	116.99	123.75	131.71	132.07	126.92	137.45	158.29	192.90	154.35	158.17	143.39	157.43	162.75	119.79	129.73	177.44	126.12	170.75	141.86	39.12	72.55	142.73	136.97	126.54	136.60	116.56	131.01	130.64	103.32	144.15	172.19	159.59	112.43	105.03	160.56	139.49	117.08	153.72
QG37_00658	132.47	147.38	89.37	85.12	136.44	119.00	131.70	126.50	143.17	123.65	104.94	123.87	130.76	116.32	124.71	132.71	163.29	177.12	160.48	130.65	129.18	164.52	144.35	119.03	142.25	168.04	116.50	145.59	120.17	33.80	83.09	137.35	170.23	130.32	112.95	100.84	137.00	139.80	111.64	141.87	157.46	152.74	111.77	106.11	147.74	133.06	133.31	160.34
QG37_00659	141.96	140.94	74.12	72.60	116.57	107.43	131.68	131.23	143.61	110.76	103.16	91.98	94.47	113.49	96.30	113.74	145.26	161.80	146.39	123.72	122.96	113.91	126.84	97.44	104.79	145.03	98.11	132.80	113.47	39.17	74.30	134.53	134.11	123.10	119.12	100.84	113.38	118.40	94.85	126.75	153.10	141.32	94.52	96.56	104.06	113.52	110.11	150.06
QG37_00660	128.69	115.62	66.05	69.66	108.63	103.11	103.52	99.97	116.73	96.69	83.86	81.71	87.35	90.87	94.52	108.50	117.59	141.83	108.05	107.77	106.52	104.95	121.14	95.80	111.12	128.70	90.82	112.57	91.49	24.80	59.40	106.67	123.30	108.29	97.69	90.33	91.32	101.19	75.10	128.56	134.67	120.51	78.35	74.96	106.26	110.47	91.76	125.37
QG37_00661	130.37	125.96	74.90	68.84	107.30	105.21	108.12	118.77	125.81	110.12	88.75	88.53	90.94	107.77	99.33	120.33	141.82	140.53	129.20	117.40	122.72	122.74	127.80	102.90	113.94	147.50	98.56	122.86	106.24	26.65	72.38	125.41	137.25	116.02	110.50	98.54	106.38	123.61	88.07	120.40	138.08	124.86	90.37	96.64	109.50	126.86	103.47	134.37
QG37_00662	121.94	112.27	60.24	70.88	114.04	112.25	105.56	116.36	116.14	103.01	89.43	86.83	89.30	90.36	100.76	107.21	131.59	146.21	119.01	100.80	110.19	111.41	123.70	94.34	110.86	135.04	88.07	107.59	93.31	25.41	68.45	111.93	116.64	117.59	105.85	86.32	86.80	103.20	76.76	102.18	131.30	109.28	82.70	90.56	108.80	98.51	92.26	127.90
QG37_00663	132.14	139.88	74.10	76.84	112.77	114.34	111.95	119.21	127.72	116.67	90.23	103.46	109.80	107.54	108.02	118.50	146.86	154.17	140.13	118.98	122.74	124.88	140.91	109.11	126.88	156.89	101.65	134.62	108.50	29.45	73.84	128.01	135.71	126.28	114.15	97.50	107.15	115.97	96.58	131.41	155.26	133.29	95.57	100.64	121.72	121.94	109.15	146.32
QG37_00664	111.58	120.73	69.08	67.34	120.26	108.37	108.43	102.28	109.05	98.39	88.29	93.21	101.89	92.66	86.76	122.71	120.65	146.74	126.66	104.51	124.41	119.09	123.34	100.73	111.85	131.06	97.59	112.17	87.56	24.02	68.92	109.50	132.62	120.08	115.04	95.08	109.20	109.43	84.19	119.18	128.73	115.38	78.99	87.80	97.57	100.87	87.04	128.14
QG37_00665	107.46	106.68	54.47	66.08	96.88	104.43	101.31	112.36	119.18	96.59	79.41	85.46	81.46	88.05	94.97	107.02	121.44	134.22	120.30	99.96	111.48	109.60	120.88	91.65	108.75	117.42	84.83	116.31	75.41	30.18	67.11	110.24	121.65	110.92	102.41	84.72	96.60	106.57	90.21	117.58	129.18	106.72	80.22	94.65	107.08	109.85	99.59	137.83
QG37_00666	123.78	126.52	74.42	71.31	118.26	106.43	115.43	106.70	127.29	107.49	92.04	101.83	104.00	105.78	105.97	112.06	149.51	152.75	135.59	112.53	125.22	129.20	128.31	99.84	130.48	159.15	102.04	128.38	111.30	31.13	73.00	132.22	129.82	115.92	112.71	90.03	97.33	111.95	92.05	124.59	136.19	134.79	95.60	96.48	119.39	114.96	104.43	143.97
QG37_00667	131.58	133.59	72.56	79.02	119.17	119.65	105.31	110.25	129.43	115.74	95.89	105.62	109.48	101.28	99.92	114.10	142.20	164.40	136.97	132.12	121.53	125.83	140.47	102.69	119.53	164.31	103.23	125.30	102.67	30.51	74.03	116.38	133.40	122.49	107.26	95.40	106.94	114.12	98.82	129.93	143.47	140.29	94.55	93.39	107.84	107.83	108.30	139.38
QG37_00668	120.60	128.68	76.72	81.55	132.23	115.59	123.28	99.05	141.70	128.37	81.94	94.47	115.79	127.31	112.46	123.65	173.06	144.08	150.08	116.85	133.69	129.71	139.47	105.79	135.12	129.07	102.08	119.61	103.72	33.63	78.35	141.68	143.06	125.05	120.79	106.96	108.22	117.89	103.41	111.51	131.58	134.66	112.50	111.57	128.94	118.13	88.74	149.95
QG37_00669	120.89	126.39	66.56	67.17	110.28	121.36	104.63	107.93	113.65	109.47	81.00	87.23	104.34	107.39	89.18	119.23	142.92	136.91	121.63	112.76	127.24	113.06	132.46	101.11	115.69	121.12	97.26	106.90	97.02	24.55	79.84	120.49	121.43	119.34	101.22	86.37	100.28	100.61	95.92	110.29	145.94	112.82	96.50	88.70	114.29	121.54	88.50	136.47
QG37_00670	127.78	121.71	68.80	74.34	102.00	109.67	107.43	123.75	112.29	111.65	95.92	93.00	100.59	96.00	93.73	113.04	147.02	149.42	120.19	103.86	114.62	110.87	124.87	105.43	105.24	148.10	95.08	122.46	102.22	26.84	72.27	112.59	133.41	123.49	116.49	82.18	104.42	110.73	80.87	104.05	154.37	132.06	88.96	84.96	105.94	105.21	91.09	143.38
QG37_00671	137.74	121.64	81.21	75.73	102.31	117.83	117.84	123.59	138.25	114.45	87.91	97.98	115.58	111.32	100.36	111.10	149.25	147.55	142.75	139.97	119.01	119.22	122.53	101.16	124.65	148.99	110.82	129.33	117.18	35.27	66.88	134.18	139.03	119.99	114.27	100.22	114.74	114.34	105.31	121.16	142.23	124.53	91.02	93.10	126.39	116.76	96.55	142.52
QG37_00672	129.84	135.76	68.10	65.78	110.18	113.34	105.10	114.49	124.43	115.46	92.41	88.79	98.44	112.71	96.05	110.40	139.47	143.27	129.53	119.34	108.14	108.72	128.97	101.65	132.25	148.01	96.44	128.01	105.37	24.58	69.57	116.82	130.39	114.14	116.60	94.33	98.59	117.63	86.75	106.46	132.05	117.10	90.68	92.95	117.71	101.70	92.30	135.52
QG37_00673	141.40	159.52	85.17	81.55	146.31	135.10	124.45	144.55	129.35	145.16	123.33	112.65	128.53	115.05	106.40	144.06	166.21	173.31	143.42	121.43	142.14	134.39	143.89	103.44	126.38	170.42	111.48	148.60	121.66	39.71	67.59	152.11	161.23	128.12	127.97	104.57	108.05	132.90	108.06	124.33	148.03	154.87	117.38	93.97	140.25	139.95	115.92	149.75
QG37_00674	129.39	153.28	72.83	74.75	132.47	116.98	133.34	127.12	121.07	121.47	111.29	100.18	106.41	100.86	107.81	124.40	156.90	157.38	119.06	129.72	114.63	121.66	130.07	124.02	135.41	146.26	101.90	125.79	107.19	26.92	74.71	117.85	131.14	129.68	116.69	83.20	104.47	121.85	94.86	110.47	168.54	133.53	97.50	95.44	116.73	119.86	116.63	132.20
QG37_00675	138.61	140.22	80.83	79.23	121.05	128.11	126.45	125.60	137.17	127.38	104.31	102.78	116.86	109.57	113.03	129.23	141.73	153.21	137.82	136.47	126.95	129.58	133.69	118.42	135.08	154.08	107.28	143.50	111.67	34.14	72.96	135.03	142.90	129.27	116.44	100.25	117.23	118.71	100.55	127.94	145.99	132.46	102.74	86.90	121.68	112.21	107.66	140.74
QG37_00676	103.35	107.70	72.40	58.35	96.67	94.94	89.33	99.18	112.93	96.46	87.91	75.08	88.43	96.58	80.98	100.32	121.57	111.99	100.07	94.71	91.79	101.33	108.97	89.71	102.97	107.43	77.14	101.25	86.57	19.65	58.46	98.64	106.19	99.92	87.82	74.59	93.76	90.38	78.24	112.24	110.99	119.95	81.83	65.74	91.49	82.21	66.38	103.85
QG37_00677	157.16	175.41	96.31	92.39	142.42	138.46	128.32	134.03	155.28	137.16	115.30	112.73	129.04	105.78	117.82	142.09	174.80	171.12	145.56	146.30	141.73	154.15	159.29	127.96	142.74	177.72	127.76	153.63	135.21	31.73	84.64	138.00	150.63	142.60	123.45	107.29	116.13	115.79	106.07	165.49	149.85	152.21	105.63	95.27	111.50	99.12	99.33	136.79
QG37_00678	133.50	121.21	77.99	69.30	108.36	117.73	110.03	114.52	117.62	110.29	98.51	96.66	106.37	106.35	102.17	112.91	141.65	145.72	123.31	113.47	108.07	112.10	127.15	103.30	113.62	148.16	95.39	135.06	102.16	26.20	70.61	118.20	120.82	117.34	106.61	88.87	96.30	108.97	85.18	113.66	130.62	130.58	96.18	88.90	116.20	109.56	92.15	134.92
QG37_00679	125.28	124.16	71.87	79.04	117.17	107.90	111.70	116.49	127.84	100.59	93.24	104.24	105.24	113.80	96.06	109.13	135.61	141.21	129.50	106.42	116.95	112.76	126.20	106.55	113.86	154.23	92.90	127.57	94.75	23.15	67.73	123.19	135.15	109.79	109.38	87.36	110.52	119.94	87.64	118.77	135.01	130.39	89.84	86.94	110.91	120.33	105.34	133.37
QG37_00680	149.85	138.03	72.76	84.23	122.09	109.21	114.62	131.72	108.89	98.82	104.31	115.57	115.68	119.66	102.20	104.01	147.53	175.20	131.54	128.48	141.31	121.77	132.56	109.46	118.40	158.69	99.68	142.06	113.94	22.60	71.76	130.31	115.05	133.37	102.89	97.54	117.14	131.93	107.04	124.48	157.76	142.87	85.02	82.70	124.53	118.13	107.38	140.30
QG37_00684	863.71	3208.70	1810.92	2229.37	2853.35	2834.02	2885.18	2782.14	3273.18	2398.98	2248.51	2210.73	2365.89	3122.79	2969.45	3397.77	3494.74	4257.80	3762.79	3062.46	3132.93	3054.57	3946.12	2980.62	3228.53	3468.96	2589.49	2819.77	2407.82	698.47	1874.08	3012.86	2930.94	3149.99	2804.52	2610.59	2560.73	2928.81	1968.11	3622.54	3357.35	3074.06	3085.75	2436.12	2771.86	2584.55	2593.36	3083.13
