GENE	CDC_B11096	CDC_B11097	CDC_B11098	CDC_B11099	CDC_B11101	CDC_B11102	CDC_B11103	CDC_B11105	CDC_B11112	CDC_B11113	CDC_B11114	CDC_B11115	CDC_B11116	CDC_B11117	CDC_B11118	CDC_B11119	CDC_B11200	CDC_B11201	CDC_B11205	CDC_B11206	CDC_B11207	CDC_B11208	CDC_B11209	CDC_B11210	CDC_B11212	CDC_B11213	CDC_B11214	CDC_B11215	CDC_B11216	CDC_B11217	CDC_B11218	CDC_B11219	CDC_B11220	CDC_B11221	CDC_B11222	CDC_B11223	CDC_B11224	CDC_B11225	CDC_B11226	CDC_B11227	CDC_B11228	CDC_B11229	CDC_B11230	CDC_B11243	CDC_B11244	CDC_B11245	CDC_B11246	CDC_B11247
QG37_05151	0.1624	0.3628	0.4671	0.4805	0.4047	0.3943	0.3918	0.3123	0.3535	0.4305	0.3370	0.4466	0.3710	0.3460	0.4865	0.3889	0.3770	0.3459	0.3482	0.4914	0.2992	0.3906	0.3480	0.2957	0.3397	0.3206	0.4226	0.4672	0.3856	0.4201	0.3528	0.4152	0.4203	0.4272	0.4127	0.4036	0.4133	0.3758	0.4270	0.4441	0.4395	0.4366	0.4389	0.4105	0.3778	0.4288	0.4109	0.5001
QG37_05152	0.8527	0.8500	0.8612	0.8947	0.8259	0.8710	0.8781	0.9047	0.7674	0.9230	0.8213	0.8778	0.8946	0.9697	0.9035	0.8253	0.9214	0.8992	0.8860	0.8843	0.7705	0.8378	0.8512	0.8687	0.8989	0.7562	0.8927	0.8026	0.8242	0.7436	0.7787	0.8403	0.9036	0.7227	0.9071	0.8543	0.8987	0.8153	0.9287	0.8785	0.8309	0.8189	0.9148	0.9043	0.8832	0.9101	1.0414	0.9087
QG37_05153	1.0488	1.0414	1.0070	0.9217	0.9096	0.8901	0.9133	0.9621	1.0166	0.9716	1.0914	0.9859	0.9719	1.0254	0.8375	1.0608	0.9389	0.9939	0.9687	1.0096	0.9452	1.0993	0.9321	0.9771	1.0648	0.9258	0.9991	1.0328	0.9682	0.8587	1.0662	0.9648	0.9764	0.9827	1.0831	0.9339	0.9323	1.0850	1.0882	0.9558	0.9750	1.0234	1.0606	1.0089	1.1022	1.0551	1.0054	1.0357
QG37_05154	1.0112	0.9964	0.8700	0.9460	1.0065	0.9245	0.8930	0.9007	0.9379	0.9221	0.9233	0.9674	0.9545	0.8726	0.9950	0.9550	0.9311	0.9914	0.9654	0.9597	0.9804	0.9743	0.9566	0.9890	0.9785	0.9175	0.9394	0.8909	0.9447	0.8190	0.9018	0.8999	0.9694	0.9964	1.0165	0.9524	0.9918	1.0022	0.9543	1.0144	0.9717	1.0150	0.8925	0.9912	0.9460	0.9862	0.9445	0.9886
QG37_05155	0.9672	0.8637	0.7931	0.8320	0.8729	0.8848	0.8774	0.9015	0.8686	0.9246	0.9064	0.8377	0.8490	0.8836	0.8195	0.8619	0.7973	0.9315	0.8996	0.8273	0.8752	0.9538	0.9943	1.0061	0.8570	0.7743	0.9087	0.8161	0.8238	0.6917	0.8043	0.8760	0.9075	0.9277	0.8617	0.8744	0.8459	0.8197	0.8611	0.8869	0.8927	0.9060	0.8055	0.9025	0.9305	0.9348	0.9557	0.8688
QG37_05156	0.8912	0.9158	1.0257	0.9211	0.9182	0.8595	0.7751	0.8811	0.8525	0.8756	0.8411	0.8852	0.9454	0.9905	0.8696	0.9237	0.9381	0.9335	1.0137	0.9789	0.9352	0.9149	0.8740	0.9311	0.8820	0.8911	0.9001	0.9259	0.8883	1.0524	0.9417	0.9396	0.8858	0.9053	1.0581	1.0065	0.9509	0.8831	0.8553	0.9369	0.9052	0.9036	0.9703	0.8865	0.8686	0.9905	0.8904	0.9323
QG37_05157	0.9387	0.8261	0.8011	0.8943	0.8506	0.7812	0.7725	0.8917	0.9109	1.0370	1.0054	0.9604	0.9590	0.9840	0.8551	1.0201	0.8360	0.9742	0.9477	1.0939	0.9870	1.0068	0.8923	0.9480	1.0037	0.9145	0.9566	1.0127	0.9384	0.8012	0.9761	1.0862	0.9582	1.0280	1.0105	1.1014	0.9194	1.0183	0.8588	0.9318	0.9016	0.9174	0.8933	0.9903	0.9316	0.9770	0.9983	0.9952
QG37_05158	0.8841	0.6871	0.9201	0.8536	0.9058	0.8551	0.7902	0.8994	0.8767	0.8792	0.9292	0.8317	0.8044	0.8401	0.9002	0.8771	0.9362	0.8619	0.8317	0.9263	0.8149	0.8594	0.8712	0.8420	0.9241	0.8869	0.8814	0.8417	0.9218	1.6487	1.2050	0.9059	0.9058	0.8832	0.9500	0.9162	0.8467	0.9005	0.9722	0.8859	0.9919	0.8626	0.8863	0.8290	0.8971	0.9452	0.8153	0.8864
QG37_05159	0.9736	1.1182	0.9203	0.8667	0.9510	1.0443	0.9354	0.8565	0.9605	0.9105	0.9806	1.0047	0.9740	0.9585	1.0025	1.0480	1.0789	0.9896	1.0275	0.9901	0.9576	0.9877	0.9404	0.9364	1.1334	1.0341	0.8659	0.9690	0.9169	0.8942	0.7926	0.9259	0.8724	0.9957	0.9356	1.0100	0.9257	1.0204	0.9948	0.9491	0.9883	0.8538	0.9936	1.2005	0.9457	1.0556	1.0063	1.0837
QG37_05160	0.9873	0.9036	0.7839	0.9971	0.8849	0.9954	0.8970	0.9383	0.9722	0.8725	0.9941	0.8437	0.8603	1.1420	0.9149	0.8516	0.8669	1.0026	0.8763	0.9783	0.8498	0.9966	0.9202	0.8818	0.9326	0.9735	0.9117	0.9031	0.8067	0.8263	0.8890	0.8426	0.9885	0.9049	0.9943	0.9142	0.8513	0.8868	0.8750	0.8704	0.9231	0.9463	0.8455	1.0200	0.9341	0.9324	0.8971	0.9851
QG37_05161	1.0135	1.0113	1.0176	0.9876	1.0092	1.0742	0.9008	1.0486	1.0052	0.9775	0.9469	0.8308	0.9020	0.9620	1.0106	0.9186	0.9147	1.0322	0.9854	0.8580	1.0130	1.0149	0.9785	0.9256	0.9224	1.0096	0.8967	0.8637	0.9705	0.7757	0.8935	0.9521	0.9746	0.9169	0.9584	0.9089	0.9142	0.9353	0.8829	0.9313	0.9750	0.8937	1.0024	0.9617	0.9607	0.8758	0.9130	0.8967
QG37_05162	1.1088	0.9499	0.9648	0.9426	0.9753	0.9244	1.0576	0.8954	0.9585	1.0003	0.9822	0.8413	1.0898	0.9714	0.8743	0.9417	0.9230	0.9796	1.0393	1.0524	0.9765	0.9472	1.0279	0.9318	0.9293	0.9834	0.9673	0.9019	0.8674	0.8530	0.9366	0.9593	0.9919	0.9604	0.9885	0.9349	1.0173	0.9511	0.9539	0.9747	1.0721	0.9589	0.9428	1.0779	0.9422	0.9351	0.9244	1.0014
QG37_05163	1.1745	1.0135	0.9940	0.9536	0.9698	0.9769	1.0677	1.0265	1.0249	1.0127	1.0499	1.0987	1.0600	1.0513	0.9945	1.0768	1.0175	0.9167	1.0978	1.0864	0.9550	0.9903	1.0052	1.0371	1.1170	1.0652	1.0263	0.9662	1.0705	0.9800	0.9988	0.9795	0.9965	1.0558	0.9450	0.9692	1.1790	1.0473	1.0516	1.0006	1.0921	1.0192	0.9445	1.0275	1.0795	1.1005	0.9971	1.0365
QG37_05164	1.2878	1.2694	0.8272	0.9740	1.2621	1.0539	1.0120	1.1176	1.1975	1.1250	1.1017	1.1952	1.1768	1.1663	1.0481	1.1295	1.1166	1.1939	1.3279	1.3430	1.1404	1.1303	1.0066	0.8880	1.1200	1.1657	0.9920	1.0990	1.1623	1.5405	1.4149	1.1095	1.1409	1.2079	1.2233	1.0164	1.1656	1.2862	1.2676	1.1600	0.9485	1.1541	1.2054	1.2668	1.1353	1.1625	1.2541	1.0168
QG37_05165	1.1528	1.0671	1.1688	1.1867	1.2660	1.1420	1.1634	1.1813	1.1965	1.1702	1.1414	1.1424	1.2316	1.1352	1.1908	1.0751	1.1373	1.2699	1.1267	1.2537	1.1972	1.1074	1.1025	1.0719	1.1289	1.2055	1.1102	1.1683	1.0912	1.2234	1.0197	1.1218	1.2428	1.1345	1.2282	1.1356	1.1528	1.0825	1.1415	1.2565	1.1657	1.1516	1.0578	1.2057	1.2537	1.2801	1.1609	1.2220
QG37_05166	1.0957	1.0260	1.1616	1.1700	1.1005	1.1337	1.0997	1.1096	1.1669	1.0767	1.0531	1.1257	1.1850	1.0074	0.9867	1.0009	1.0819	1.0649	0.9961	1.0425	1.1014	0.9950	1.0369	1.0226	1.0395	1.1003	1.0573	1.1742	1.2033	1.0821	1.1572	1.0732	1.1272	1.0893	1.0360	1.0250	1.0753	1.0088	1.1060	1.2208	1.0791	1.0017	1.0594	1.1634	1.2191	1.2532	1.0964	1.1866
QG37_05167	0.9997	1.0312	1.0389	0.9776	1.0161	1.1121	1.0553	1.0846	1.0472	1.0848	1.0651	0.9860	1.1188	0.9801	0.9674	1.0555	1.0041	0.9891	1.0059	0.9880	1.0666	1.0548	1.0271	1.0125	1.0827	0.9713	0.9865	0.9747	1.0919	0.9218	1.0254	0.9694	1.0694	0.9998	1.0262	0.9508	1.0049	1.0294	1.0969	0.9903	1.0019	1.0731	0.9845	0.9205	1.0437	0.9826	0.9830	0.9893
QG37_05168	1.1536	0.9632	1.1597	0.9560	1.0313	1.1606	0.9577	1.0192	0.9807	1.0032	0.9943	0.9933	1.0901	0.8940	0.9437	0.9180	1.0587	0.9853	1.0260	0.9935	0.9426	1.0045	0.9256	0.9807	0.9814	1.0084	0.9671	1.0033	0.9697	0.7442	1.0272	0.9460	1.0458	0.8198	0.8810	0.9666	0.9900	0.9532	0.9807	0.9743	1.0224	0.9988	0.8509	0.8130	1.0164	1.0340	1.1084	1.0096
QG37_05169	1.2353	1.0867	1.1433	1.1189	1.1445	1.1445	1.1073	1.1375	1.1224	1.1117	1.2398	1.2056	1.0610	1.0358	1.0552	1.0554	1.0730	1.0712	1.1344	1.1876	1.1791	1.0984	1.1660	1.0392	1.1056	1.1428	1.1124	1.1152	1.2416	1.0879	1.1194	1.1798	1.1483	1.1362	1.1466	1.1096	1.1078	1.1051	1.1756	1.1241	1.1394	1.0576	0.9794	1.1904	1.1434	1.1476	1.1238	1.0638
QG37_05170	1.1983	1.1969	1.1847	1.1466	1.1911	1.1370	1.1091	1.1445	1.1025	1.1424	1.1777	1.1204	1.1114	1.0973	1.0117	1.1420	1.1413	1.0865	1.1102	1.1244	1.1007	1.1192	1.0498	1.0503	1.0626	1.1035	1.1121	1.2031	1.1400	0.9536	1.0814	1.1368	1.1344	1.0714	1.1216	1.0809	1.0729	1.0997	1.0643	1.0538	1.0604	1.1121	1.0762	1.0751	1.0407	1.1221	1.1348	1.1330
QG37_05171	1.0364	1.0076	1.0692	0.9538	0.9951	0.9683	1.0696	0.9937	1.0848	0.9485	0.9491	1.0012	1.1688	1.0166	1.1049	1.0925	0.9966	0.8791	0.9193	0.9864	0.9119	0.9125	0.9054	1.0402	1.0383	0.9401	1.0359	0.9047	0.9045	0.9354	0.9241	1.0480	1.0174	0.8798	1.0728	1.0752	1.0230	1.0112	1.0091	1.1072	0.8891	0.9864	1.1071	0.9394	0.9699	1.0247	1.0578	0.9980
QG37_05173	0.8589	0.9706	0.9856	0.9676	0.9593	0.9234	0.9107	1.0336	1.0194	0.9662	0.9039	0.9286	0.9786	0.9245	0.9593	0.9591	0.9210	0.8723	0.9230	0.9276	0.9190	0.8786	0.8937	0.8911	0.9440	0.9617	0.8948	0.9158	0.9203	0.9479	0.9347	0.9277	0.9525	1.0450	1.0359	0.9870	0.9255	0.9407	0.9573	0.8895	0.8234	0.9348	0.8389	0.9100	0.9806	0.9465	0.9032	0.9878
QG37_05174	0.8839	0.9970	0.8460	0.9393	0.9122	0.9426	0.8521	0.9275	0.8811	0.9020	0.9498	0.8373	0.9428	1.0443	0.8016	1.0445	1.0791	0.9567	0.9190	1.0083	0.9977	0.8588	1.0171	1.0463	0.9842	1.0363	0.9293	0.9277	0.8806	0.8851	0.8579	0.9344	0.9083	0.9458	1.0358	1.0345	0.9153	0.9686	0.9567	0.9412	0.9226	0.9058	0.8612	0.9516	0.9250	1.0032	0.9717	0.9113
QG37_05175	0.9716	0.9225	0.9148	0.8491	0.8271	0.9079	0.8969	0.8173	0.8645	0.7458	0.8925	0.7456	1.0015	0.9355	0.9833	1.0053	0.9232	1.0039	0.8282	0.8262	0.9113	0.7683	0.7984	0.9583	0.9351	1.0560	0.8424	0.7372	0.9555	0.9754	0.9699	0.9268	0.9569	0.8347	1.0979	1.0357	0.8705	0.9288	0.8821	0.8431	0.8479	0.8329	0.9005	0.9014	0.9001	0.9906	0.9243	0.9874
QG37_05176	0.8243	0.7325	0.7966	0.7590	0.8790	0.9072	0.8477	0.8750	0.7815	0.6295	0.8669	0.7163	0.8133	0.7475	0.8720	0.8183	0.8650	0.9193	0.9171	0.8537	0.8444	0.8625	0.8586	0.7283	0.8885	0.7892	0.8127	0.7487	0.7524	0.7790	0.7957	0.7969	0.8283	0.8489	0.8922	0.8276	0.8526	0.9015	0.8373	0.7089	0.7655	0.7846	0.7278	0.7962	0.8097	0.8610	0.8166	0.8158
QG37_05177	1.0119	0.8236	0.9713	0.8416	0.8599	1.0744	0.9034	1.0028	0.9660	1.0139	1.0821	0.9136	0.9730	0.7916	1.0705	1.0221	1.0644	1.0274	0.9811	1.0526	1.0158	1.0093	0.8735	0.9820	0.8395	0.9878	0.7809	0.8333	0.9436	0.9400	0.7777	0.9006	0.8031	0.9770	0.9385	1.0357	0.9550	0.9494	0.9381	0.7940	0.9169	0.7919	0.9170	0.8656	0.9599	0.8630	1.0595	0.8947
QG37_05178	0.9630	0.9510	0.9640	0.9389	0.8949	0.9979	1.0353	0.9237	0.9361	0.8981	0.8881	0.8338	1.0347	0.9188	0.8991	0.9496	0.9429	1.0135	0.9652	0.8460	1.0352	0.9625	0.9815	0.9616	0.9660	0.8982	0.9411	0.8771	0.8623	0.9169	0.9262	0.9702	0.9245	0.9307	0.9809	1.0224	1.0683	0.9993	0.8993	0.9020	0.9886	0.9460	0.8821	0.9305	0.9253	1.0189	0.8927	0.9630
QG37_05179	0.9910	0.8987	0.9187	0.8677	0.8684	1.0154	0.9946	0.9389	0.9111	0.9615	1.0433	0.8884	1.0010	1.0084	0.8378	1.0485	0.8932	0.9082	0.8134	0.9038	0.9197	1.1032	1.0584	0.9414	0.9464	0.9309	1.0602	0.8280	0.8698	0.6220	1.1774	0.9027	1.1211	0.8463	1.0026	1.0954	1.1519	1.1198	0.9771	0.8859	1.1071	0.8024	0.9336	0.9107	0.8780	1.0096	0.8009	0.9370
QG37_05180	0.9593	0.9619	0.8904	1.0005	0.8557	0.9086	1.0352	0.9174	0.8782	0.8803	0.9026	0.9543	1.0126	0.9374	0.8020	0.9388	0.9261	0.9764	0.9557	0.8728	0.9179	0.8341	1.0093	0.9215	0.9125	0.9171	0.9023	0.9295	0.8012	0.8239	0.7827	0.8953	0.9706	0.9754	0.9014	0.8876	0.8354	0.9387	0.9690	0.9774	0.9041	0.8465	0.8562	0.9177	0.9407	0.9911	0.8566	1.0220
QG37_05181	1.0532	1.0480	0.9676	0.9736	1.0228	0.9252	1.0371	1.0051	1.0698	0.9947	0.8604	0.9162	0.9701	1.0117	0.9705	0.9888	1.0240	0.9344	0.9882	0.9723	1.0400	0.9021	0.8793	0.9187	0.9631	0.9636	0.8901	0.9930	0.9479	1.3140	1.0821	0.9149	0.9611	1.0356	1.0548	0.9718	1.0225	0.9119	1.0499	0.9929	0.9130	0.9081	0.9853	0.8840	0.9480	0.9633	0.8839	0.8989
QG37_05182	1.2389	1.1001	1.1946	0.9956	1.1484	1.1143	1.2847	0.9597	1.2134	1.0528	1.0473	1.1154	1.0624	1.0533	1.0626	1.0721	0.9706	1.0342	1.0044	1.0796	0.7877	1.2126	1.1256	1.0099	1.0520	0.9315	1.0180	1.1457	0.9493	1.2567	0.9336	1.0288	0.9795	1.1233	1.0646	1.2361	1.3063	1.0532	1.2071	1.0931	0.9526	1.1575	1.0176	1.0788	0.9605	1.0011	0.8466	1.0419
QG37_05183	1.1434	1.0148	1.0937	1.1143	1.0514	0.9892	1.0113	0.9320	1.1405	1.1309	0.9977	1.1412	0.9859	0.9910	0.9181	0.9161	0.7782	1.0376	0.8674	1.0838	0.7719	1.0845	0.9340	0.9361	1.0132	0.9706	1.0749	1.0620	1.0092	1.3107	0.9488	1.0673	0.9903	1.0096	1.0088	1.0372	1.0325	1.0141	1.2861	1.1157	1.0159	1.0198	0.9122	0.9569	0.8806	0.8861	0.9437	0.7791
QG37_08455	1.2729	0.9732	1.1116	1.0626	1.2271	0.9779	1.2551	1.0999	0.9695	1.2603	0.8881	1.2210	1.1943	1.1162	1.0041	0.9076	1.0654	1.0574	0.9243	1.1906	0.9255	1.1904	0.9233	0.9828	1.0393	1.0748	1.3999	1.1376	0.9965	4.6263	2.2146	1.1805	1.1498	1.1416	1.0870	1.0396	1.1407	1.1512	1.3441	0.9829	1.0700	1.0348	0.9117	1.0487	1.0251	1.2313	1.1870	0.9003
QG37_05184	1.2396	1.1432	1.1502	1.1144	1.1622	1.1616	1.1472	1.1534	1.0861	1.1512	1.1895	1.1230	1.1704	1.1542	1.0677	1.1415	1.0832	1.1125	1.1002	1.1662	1.0925	1.1009	1.0751	1.1138	1.0288	1.1445	1.1564	1.2061	1.0599	1.0961	1.0128	1.0451	1.1606	1.0293	1.0430	1.2001	1.0992	1.0929	1.1569	1.1004	1.2111	1.1391	1.1083	1.1022	1.0829	1.1193	1.1150	1.0144
QG37_05185	1.0861	1.0555	1.0919	0.9585	1.0635	1.0828	1.1242	1.0748	0.9418	1.0436	0.9836	1.0021	1.1173	1.0378	1.1089	1.0659	0.9608	0.9563	1.0602	1.0727	1.0005	0.9619	0.9751	0.9314	1.0234	1.0017	0.9443	1.0395	0.8551	0.8878	0.9618	0.9023	1.0837	1.0915	0.9979	1.0282	0.9643	1.0141	1.0794	1.0279	0.9819	0.9404	0.9524	0.9864	0.9501	0.9690	1.0573	1.0761
QG37_05186	0.8723	0.9402	0.9593	1.1301	1.0405	1.1256	0.9102	0.9775	1.0336	0.9247	0.9450	1.0532	0.9392	0.7635	1.0014	1.1054	0.9554	0.9056	0.9018	1.1038	0.9700	1.0605	0.8745	0.9555	0.9472	0.8756	0.9407	0.8352	0.7712	0.7066	0.8336	0.7851	0.8572	0.9698	1.0013	1.1103	1.0554	0.9266	0.9563	0.9118	0.9487	1.0209	0.9381	0.7410	0.9928	0.8199	0.9995	0.8730
QG37_05187	1.0268	0.9188	0.9433	1.0318	1.0066	1.0388	1.0368	0.9915	0.9670	0.8781	0.9718	0.9502	0.9903	0.9093	0.9589	0.9703	0.8801	0.8614	0.9312	0.9141	0.8995	0.9881	0.8817	0.9217	0.8527	0.9648	0.9012	0.8550	0.9098	0.8357	0.9176	0.8965	0.8491	0.8937	0.9344	0.9164	0.7432	0.9265	1.1417	0.8206	0.9067	0.8411	0.8966	0.9271	0.9027	0.9008	0.8072	0.7650
QG37_05188	0.9836	1.0904	0.9724	1.1856	1.1056	1.1019	1.1361	1.0495	1.0130	1.1723	1.0154	1.0673	0.9835	0.8478	0.8432	1.0891	1.0011	0.9447	1.0815	1.0260	1.1118	1.1316	1.0228	1.0754	1.1352	0.9721	1.0783	1.1192	0.9802	1.1152	1.0905	1.0402	0.9070	0.9771	1.1427	0.9666	0.9908	1.0598	1.0536	0.9829	0.9657	1.0358	1.0045	0.9502	0.9709	1.0032	0.9921	0.9552
QG37_05189	1.1462	1.1096	1.1752	1.0301	1.0874	1.1815	1.1787	1.0848	1.0665	1.1105	1.0922	1.0992	1.1055	1.0802	1.0887	1.0765	1.1788	1.1013	1.0180	1.0875	1.0666	1.0521	1.0869	0.9775	0.9985	1.1323	0.9426	1.1079	1.0745	1.0912	0.9922	1.0601	1.0703	1.1016	1.0527	1.0637	1.0874	1.0373	1.0907	1.0194	1.1149	1.0708	1.0237	1.0515	1.0220	1.0190	1.0058	1.0518
QG37_05190	0.9388	0.9926	0.9458	0.9393	1.0007	1.0078	0.9757	1.0715	0.9196	1.0337	0.9251	0.9625	1.0759	0.9336	0.9335	0.9594	0.9210	0.9617	0.9034	1.0026	0.8849	0.8867	0.8669	0.8819	0.8597	0.9675	0.9530	0.9538	0.8471	0.8184	0.9420	0.8773	0.9513	0.9951	0.9407	0.9674	1.0330	0.8495	0.8677	0.9386	1.0469	0.9835	0.8522	0.9917	0.9101	0.8818	0.9320	0.8834
QG37_05191	0.6107	0.5122	0.3910	0.5212	0.5226	0.5406	0.4187	0.3914	0.4489	0.4428	0.4956	0.3571	0.3941	0.4133	0.4079	0.4090	0.3450	0.3726	0.3333	0.4374	0.3144	0.3916	0.3372	0.3869	0.4966	0.3875	0.5089	0.5277	0.3500	0.4244	0.3511	0.4494	0.3986	0.4638	0.4976	0.3483	0.4477	0.3739	0.3876	0.4851	0.3744	0.3103	0.3521	0.4536	0.3081	0.2815	0.2997	0.3379
QG37_05192	1.0555	1.0673	1.0651	0.9851	1.0502	1.0187	1.0697	1.0001	1.0282	1.0046	1.0248	1.0268	1.1014	1.0642	1.0637	0.9801	1.0116	0.9608	1.0135	1.0049	1.0401	0.9980	0.9955	0.9652	0.9615	0.9625	1.0128	1.0643	0.9264	0.9754	1.0207	0.9961	1.0370	1.0181	1.0106	0.9692	1.0058	0.9795	1.0277	0.9392	1.0436	1.0009	0.9696	1.0518	1.0211	1.0294	1.0400	1.0833
QG37_05193	1.1794	1.0222	1.0468	1.0321	1.0219	1.0559	1.0326	1.0433	1.0926	1.0294	1.1245	1.0329	1.0016	1.0126	1.0438	0.9403	0.9377	1.0256	0.9653	1.0749	1.0456	0.9939	1.0560	0.9798	1.0665	1.0263	0.9980	1.0353	1.0651	1.0846	0.9747	1.0385	1.0341	0.9690	1.0653	1.0338	1.1006	1.0528	1.0367	1.0665	1.0429	1.0375	1.0128	1.1111	1.0529	0.9981	1.0045	0.9791
QG37_08456	1.0825	1.1718	1.0488	1.0222	1.2031	1.3718	0.9245	1.1700	1.1845	1.2293	1.1882	0.9541	1.0965	1.4239	1.1025	0.9885	0.9041	1.0426	1.1393	0.9861	1.1019	1.2224	1.1041	1.1794	1.1951	1.1130	0.9517	1.2595	1.1452	1.0230	1.2893	1.1275	1.2309	1.2030	1.1222	1.3168	1.2030	1.1419	1.0264	1.2576	1.0978	1.0937	1.0973	1.1911	1.0464	1.1307	1.1419	1.1139
QG37_05194	0.8915	0.8810	0.8848	1.0137	0.9167	1.1056	0.8599	0.8789	0.7835	0.9440	0.8189	0.8552	0.9176	0.9596	0.8905	0.9863	0.8507	0.8785	0.8372	0.8659	0.9324	0.8125	0.8946	0.8443	0.8460	0.8949	0.7775	0.8606	0.9035	0.8912	0.7853	0.8889	0.8392	0.8819	0.9556	0.7743	0.7308	0.9205	0.9255	0.8804	1.0078	0.8259	0.8307	1.0381	0.8383	0.8615	0.9009	0.9161
QG37_05196	0.8335	0.9742	0.9531	0.9988	0.9256	0.8802	0.9416	0.8456	0.9709	1.0165	0.8903	0.9790	0.9422	0.8665	1.0141	0.9685	0.9078	0.8700	0.9983	1.0456	1.0234	0.9407	0.8784	1.0583	0.9202	0.9191	0.8922	0.9199	1.0517	0.8727	0.8567	1.1413	0.9776	1.0780	1.0169	1.0942	1.0841	0.9679	1.1177	0.9375	0.9484	0.9134	0.7845	0.9734	0.9766	0.9841	0.8520	0.9296
QG37_05197	0.8687	0.7226	0.8395	0.8377	0.8187	0.8691	0.8754	0.9027	0.7141	0.8822	0.8089	0.7939	0.7323	0.8617	0.8817	0.9287	0.8346	0.7992	0.9012	0.8493	0.9192	0.9147	0.7908	0.7835	0.8730	0.9011	0.7973	0.8343	0.8238	0.8748	0.7425	0.8498	0.8723	0.9026	0.9401	0.7839	1.0337	0.9106	0.9454	0.8178	0.8548	0.8195	0.7070	0.8124	0.7911	0.7242	0.8574	0.8053
QG37_05198	1.0581	0.9673	0.9286	0.9826	0.9155	1.0248	0.9913	0.9672	0.8903	0.9990	0.9673	0.9675	0.9934	1.0050	0.9623	1.0333	0.9537	0.9876	0.9427	0.9509	0.9654	0.9501	0.9416	0.8937	1.0187	1.0244	0.9619	0.9426	1.0253	1.0015	0.9136	0.9533	0.9784	0.9959	0.9301	0.9699	0.9403	0.9285	1.0433	0.9711	1.0008	0.9139	0.9642	1.0041	0.9427	0.9109	0.9261	0.9461
QG37_05199	1.1685	1.1141	1.1792	1.0162	1.0518	1.1473	1.0487	1.1285	1.0952	1.1398	1.1191	1.0006	1.1155	0.9703	1.0302	1.1224	1.0741	1.1000	1.0665	1.1178	1.0057	1.0792	1.0363	1.0028	0.9975	1.0752	1.1004	1.1379	1.0608	0.9542	1.0677	1.0780	1.0836	1.0322	1.1045	1.0133	1.0461	1.0761	1.0124	1.0448	1.1054	1.0446	1.0360	1.0513	1.0023	1.0967	1.0750	1.0993
QG37_05200	1.1046	1.1097	1.1965	1.1453	1.1273	1.1761	1.2079	1.0786	1.0300	1.1824	1.0620	1.0677	1.1644	1.0517	1.1175	1.1446	1.0611	1.1490	1.0778	1.2435	1.1148	1.1213	1.1197	1.1208	1.0430	1.0865	1.0479	1.1576	1.0490	1.0476	1.0966	1.1451	1.0841	1.1744	1.1089	1.0436	1.1052	1.0553	1.1253	0.9921	1.1176	0.9939	1.0392	0.9982	1.0571	1.0414	1.0774	1.1313
QG37_05201	1.0771	1.0114	0.9200	0.9982	0.9868	1.0389	1.0021	0.9676	0.9893	1.0241	1.1014	1.0413	0.9918	0.9209	1.0154	1.0043	0.9518	0.9460	0.9582	1.0532	1.1035	1.0023	1.0206	0.8622	0.9086	0.9424	0.9971	0.9948	0.9909	0.8387	0.8836	0.9002	0.9392	1.0040	1.1136	0.9779	0.9635	0.9410	0.9363	0.9770	1.1462	0.9238	0.8793	1.0108	0.9546	1.0265	1.0234	1.0225
QG37_05202	1.0419	0.9808	1.0372	0.9503	1.0238	0.9322	1.0561	0.9868	0.9288	0.9606	0.9641	0.9313	0.9887	0.9510	0.9763	0.9279	0.9141	0.9165	0.9500	1.0213	0.9658	1.0459	1.0218	0.9243	0.8522	0.8978	0.8912	0.8944	0.8279	0.8412	0.8432	0.8275	0.9992	0.9879	1.0219	0.9536	0.9494	1.0231	1.0748	0.9105	0.9789	0.9591	0.9075	1.0462	0.8832	0.9579	0.8911	0.9738
QG37_05203	1.0526	1.0164	1.0726	0.9780	1.0376	0.9955	1.0157	0.9569	1.0548	1.0289	1.0259	1.0203	0.8530	1.0136	1.0326	0.8738	0.9993	0.9016	1.0134	0.9674	0.9703	1.0942	1.0054	1.0075	0.9746	1.0196	0.9692	1.0060	1.0366	0.8606	0.9295	1.0990	0.9761	0.9910	0.9982	1.0841	1.0831	1.0388	1.0567	1.0714	1.0544	0.9904	0.8856	0.9859	1.0494	1.0621	0.9651	0.9818
QG37_08457	1.2331	0.9843	0.8520	0.6916	0.9254	0.8969	0.6872	0.8860	0.8448	1.1787	0.8876	1.0576	0.8008	0.9510	0.7867	0.6542	0.6891	0.8313	0.8693	0.7804	0.9075	0.8532	0.8162	0.9278	0.7926	0.8881	0.9913	1.0326	0.8912	0.8045	0.8428	0.7725	0.7084	0.9016	0.9599	0.7740	0.9904	0.9985	1.0268	0.9890	1.0776	0.9901	0.8228	0.5454	0.6562	0.6929	0.6053	0.6586
QG37_05204	1.1506	1.0368	1.0726	0.9815	0.9653	1.0567	1.0434	1.1290	1.0503	1.0575	1.0630	1.0107	1.0427	0.9651	1.0367	0.9570	1.0003	0.9693	0.9776	1.0814	1.0283	1.0258	0.9982	1.0389	0.9651	0.9867	1.0057	1.0343	0.9972	0.8760	0.8764	1.0266	1.0788	0.9678	1.0320	1.0222	0.9787	1.0066	1.0139	0.9625	1.0377	1.0789	1.0552	1.1132	1.0468	0.9777	1.0484	1.0075
QG37_05205	1.1541	1.1465	1.1592	0.9903	1.0800	0.8861	1.1746	1.1097	0.9975	1.1430	1.1941	1.1424	0.9137	1.1926	1.1039	0.7919	0.9963	1.1134	1.0351	1.1683	0.9831	1.1397	1.0577	1.1579	0.8875	1.0882	1.0730	1.1616	1.0665	0.8569	1.1237	0.9244	1.1033	1.0250	0.8921	1.0125	1.1248	0.9830	1.1543	1.0022	1.0991	0.9743	1.0628	1.1132	0.8305	0.9879	1.1332	1.1100
QG37_05206	0.8865	1.0796	0.9020	0.9156	0.9587	0.9519	1.1037	0.9104	1.0360	1.0011	1.1263	1.0033	0.9680	1.0737	1.0190	0.9909	1.0024	0.9582	1.0719	1.1344	1.0888	0.9216	1.0332	1.0166	0.9369	0.9773	1.0910	1.1055	0.8917	0.6929	0.9945	0.8489	0.9624	1.1704	0.8682	1.0272	1.0442	0.9171	1.0080	1.0830	0.9676	1.0427	0.9011	0.9784	0.9148	1.0638	1.1278	0.9818
QG37_05207	1.0004	0.9434	0.8753	0.7768	0.7508	0.8756	0.8808	0.8801	0.9211	0.9747	1.0391	0.7378	0.9765	0.9946	1.0074	0.9142	0.8722	0.8447	0.8505	0.8697	0.9600	0.8922	0.9764	0.9937	0.9287	0.8604	1.0159	0.8583	0.8223	1.5490	1.1117	0.8704	0.9797	0.8162	0.7633	1.0285	0.9596	0.9572	0.8662	0.9315	0.9751	0.9172	0.8905	1.0507	1.0650	1.0327	0.9416	0.8833
QG37_08458	0.9885	0.8143	0.8337	0.8753	0.6422	0.7765	0.7630	0.8977	0.8390	0.9309	1.0080	0.7643	0.8461	0.9409	0.9011	0.8855	0.8247	0.7847	0.6587	0.9026	0.9290	0.8715	0.8852	0.9325	0.9024	0.6715	0.9311	0.7734	0.7205	0.6638	0.7823	0.7819	0.9278	0.7024	0.6183	0.8244	0.8583	0.8311	0.8080	0.8476	0.8581	0.7721	0.9163	0.9822	0.8117	0.8234	0.9756	0.7275
QG37_08459	0.9903	0.9044	0.9323	0.7631	0.6514	0.7218	0.7796	0.9578	0.8952	0.8797	0.9185	0.7845	0.7904	0.9528	0.9321	0.8693	0.8683	0.7809	0.7359	0.8882	0.8862	0.8970	0.8551	0.8426	0.8523	0.6894	0.9414	0.7329	0.6217	0.7839	0.7853	0.7922	0.8701	0.7846	0.6055	0.8708	0.8031	0.7690	0.7666	0.9417	0.8199	0.7294	1.0074	0.9406	0.7174	0.7712	1.0342	0.8783
QG37_05208	0.4252	0.7198	0.8386	0.4464	0.5908	0.6805	0.6575	0.6640	0.7297	0.6514	0.6231	0.5489	0.5779	0.5817	0.7035	0.6322	0.6121	0.5216	0.6417	0.6743	0.4847	0.5048	0.5426	0.7630	0.5808	0.5683	0.5867	0.6219	0.5909	0.7260	0.6375	0.5658	0.9149	0.7092	0.7210	0.6545	0.6616	0.5547	0.6813	0.7226	0.7359	0.6364	0.7074	0.6407	0.7681	0.6864	0.6553	0.8249
QG37_05209	0.7294	0.7536	0.6988	0.6659	0.6512	0.7532	0.7053	0.7228	0.8630	0.7582	0.5795	0.6541	0.6846	0.7045	0.7484	0.6693	0.8307	0.7413	0.7028	0.6225	0.5642	0.7486	0.6816	0.6245	0.6864	0.6321	0.7022	0.8730	0.7127	0.6866	0.6522	0.6980	0.8154	0.9215	0.6991	0.7492	0.7758	0.9089	0.7624	0.8112	0.6908	0.8348	0.8679	0.7885	0.7775	0.8287	0.7806	0.8885
QG37_05210	0.7749	0.5417	0.6727	0.4960	0.4590	0.5887	0.5984	0.5274	0.6099	0.5167	0.3972	0.4274	0.4463	0.4874	0.4992	0.5183	0.4354	0.3978	0.4928	0.5319	0.4177	0.4890	0.4472	0.4735	0.4445	0.4823	0.4793	0.4513	0.4009	0.6144	0.4044	0.4564	0.6476	0.6190	0.5116	0.5016	0.5163	0.5656	0.5444	0.6110	0.5532	0.4516	0.5190	0.5149	0.4862	0.6600	0.5884	0.6269
QG37_05211	0.8565	0.5091	0.6008	0.5824	0.5585	0.7695	0.5421	0.5432	0.5410	0.4655	0.5275	0.5961	0.5538	0.6406	0.3952	0.5731	0.5331	0.4545	0.4636	0.5316	0.5066	0.6347	0.6071	0.5393	0.4684	0.5277	0.5328	0.5903	0.4749	0.4765	0.4486	0.5648	0.6770	0.6635	0.5064	0.6245	0.4957	0.6054	0.5468	0.5848	0.4214	0.5151	0.5492	0.7452	0.6165	0.4930	0.5168	0.5873
QG37_05212	1.0061	0.7368	0.5325	0.6981	0.8216	0.8061	0.7725	0.7384	0.6682	0.5985	0.7332	0.7529	0.7347	0.8530	0.5150	0.7975	0.6726	0.6843	0.8346	0.7971	0.6455	0.8763	0.8043	0.8615	0.6626	0.7620	0.7256	0.8044	0.6836	0.6526	0.7555	0.7254	0.9258	0.8458	0.8138	0.7600	0.7669	0.8020	0.8968	0.7650	0.5958	0.5944	0.7584	0.7253	0.7229	0.6960	0.7167	0.7145
QG37_05213	1.0555	0.7897	0.7044	0.8763	0.8507	0.9637	0.8226	0.8531	0.6890	0.8143	0.7017	0.7512	0.8557	0.8698	0.7132	0.8404	0.7151	0.7490	0.7884	0.8479	0.8154	0.7793	0.8064	0.7581	0.7084	0.7328	0.8318	0.8186	0.7944	0.5841	0.6879	0.8228	0.8965	1.0002	0.8234	0.7769	0.7567	0.9789	1.0389	0.7425	0.7482	0.6457	0.6317	0.7399	0.8474	0.6473	0.7182	0.7067
QG37_05214	0.8946	0.7662	0.8208	1.0249	0.8317	0.9208	0.9942	0.8776	0.7520	0.9011	0.7533	0.6711	0.6514	0.8335	0.8365	0.9365	0.7708	0.9221	0.7551	0.7935	0.9139	0.8349	0.7769	0.8151	0.8193	0.9257	0.8417	0.8764	0.8796	0.5062	0.8008	0.8119	0.8656	0.9698	0.7759	0.9142	0.7439	0.9500	0.8886	0.8066	0.8272	0.8513	0.9458	0.7420	0.8547	0.6569	0.8088	0.7218
QG37_05215	0.8917	0.8802	0.8367	0.7863	0.8593	0.9849	0.9959	0.9366	0.8363	0.8256	0.9164	0.8434	0.9910	0.8610	0.8079	0.8763	0.7695	0.7894	0.7550	0.9032	0.9267	0.9547	0.9435	0.7818	0.8614	0.8813	0.8415	0.8259	0.8608	0.8772	0.8113	0.8448	0.8707	0.9229	0.9096	0.9444	0.7807	0.9267	0.8102	0.9685	0.9154	0.7809	0.8540	0.9278	0.8298	0.9239	0.8936	0.8758
QG37_05216	1.1022	1.0751	1.0238	1.0205	1.0564	1.0571	1.1049	1.0753	0.9797	1.0375	1.0683	1.0135	1.0977	1.0648	1.0170	1.0377	1.0131	1.0684	1.0377	1.0958	1.0922	1.0294	1.0690	1.0575	1.0182	1.0579	1.0609	1.0449	0.9756	1.0409	1.0812	1.0414	1.0665	1.0109	1.0150	1.0683	1.0461	1.0468	1.0579	1.0446	1.0723	1.0896	0.9538	1.1296	0.9840	1.0182	1.1113	1.0039
QG37_05217	1.0900	0.9489	1.0610	0.9873	1.0995	1.0315	1.0010	1.0400	1.0256	1.0588	0.9676	1.0528	0.9822	0.9931	0.9246	1.0671	1.0669	0.9197	1.0428	1.0522	0.9319	1.0487	1.0477	1.0367	0.8834	0.9904	1.0270	1.0147	0.9516	0.7599	1.0776	1.0049	1.0295	1.0534	1.0375	0.9427	1.0232	1.0493	1.0048	1.0231	1.0370	1.0458	0.9482	0.9916	1.0273	1.1031	1.0565	1.0471
QG37_05218	0.8499	0.9828	0.8518	0.8102	0.9530	0.9029	0.9853	0.8813	0.9883	0.9647	0.9033	0.9624	0.9360	0.9454	0.8103	0.8554	0.8826	0.7888	0.7831	0.9113	0.8728	1.0245	0.9573	0.8564	0.8251	0.8388	0.9308	0.8264	0.8537	0.7242	0.9799	1.0222	0.9501	0.8417	0.8313	0.8612	0.8584	0.8778	0.8527	0.8116	0.8533	0.8637	0.8664	0.9423	0.8864	0.9358	1.0380	0.9270
QG37_05219	1.0608	1.0033	1.0756	1.0652	0.9464	0.9665	0.9112	1.0357	1.0924	1.0158	1.0489	1.0137	0.9886	0.9395	1.0132	1.0303	0.9165	0.9346	0.8930	0.9997	0.9827	1.0567	0.9932	1.0147	0.9085	1.0396	0.9582	1.0405	1.1294	0.8184	1.0132	0.9918	0.9240	0.9172	0.9946	0.9150	0.8906	0.9963	1.0039	0.8924	0.8944	0.9082	1.0549	1.0149	0.8829	1.1142	1.0464	1.0262
QG37_05220	1.1591	1.1783	1.0305	1.2517	1.1784	1.0265	1.2376	0.9769	1.1194	1.0496	1.0571	0.9652	1.0704	0.9230	1.0987	1.0927	1.1090	1.1605	1.0803	1.1932	1.1270	1.1571	1.1277	1.0757	0.9793	1.1279	1.0843	1.0540	0.9868	1.0906	1.1757	1.1935	1.1410	1.0868	1.0647	1.2398	1.1536	1.0998	1.2258	1.0261	1.2395	1.0893	0.9744	0.9846	0.9046	1.0159	0.9416	0.9044
QG37_05221	1.0377	0.9865	1.0420	1.1088	0.9853	0.8689	1.0880	0.9454	0.9638	1.2211	0.9079	0.9626	1.0291	0.9697	1.1365	0.8944	1.0487	1.0176	1.0505	1.0821	1.1218	1.0656	0.9248	0.9703	1.1172	1.1512	0.9770	1.1193	1.0867	1.4568	1.1600	1.0910	1.0850	1.0372	1.1288	0.9961	1.0566	1.0425	1.1776	1.1362	1.0455	1.1874	0.9338	1.1540	0.9484	1.0750	1.1567	1.0169
QG37_05222	1.1865	1.1258	1.1273	1.0848	1.0673	1.0756	1.1373	1.1953	1.1012	1.0913	1.0773	1.0391	1.1179	1.0625	1.1098	1.0866	1.1205	1.0312	1.0800	1.1484	1.1613	1.0972	1.1453	1.0995	1.1215	1.0818	1.0593	1.1322	1.0797	1.0236	1.0589	1.1086	1.1140	1.1188	1.1153	1.0660	1.0359	1.0299	1.1721	1.0196	1.1006	1.1233	1.0511	1.1124	1.1536	1.1019	1.0701	1.1340
QG37_05223	1.1562	1.1550	1.0713	1.0398	1.0927	1.0304	1.2018	1.0676	1.0921	1.1380	1.0219	1.0844	1.1612	1.0884	0.9512	0.9130	1.0100	0.9849	1.1026	1.0253	1.0246	1.0710	0.9773	0.9305	0.9687	1.0668	1.0334	1.0817	1.0410	0.8221	1.0975	1.0720	1.1215	1.0389	0.9502	0.9336	1.0558	1.0081	1.0402	0.9377	1.0181	1.0007	1.0647	1.0210	1.0547	1.0429	0.9953	0.9531
QG37_05224	1.2019	0.9699	1.2466	1.0197	0.9096	1.1497	1.0626	1.1463	0.9649	1.0471	1.1034	0.9326	1.0100	1.0267	0.7908	1.0910	0.9698	1.0589	0.9578	1.0563	1.0213	0.9519	0.9974	0.8728	1.0136	1.0660	1.0196	1.1076	1.0970	0.8281	0.8030	0.9893	0.9630	1.0304	0.9319	1.2014	0.9292	0.9069	1.0322	0.9993	1.0326	1.0086	1.0195	1.0969	1.0470	0.9802	1.0773	1.0813
QG37_05225	0.9462	0.9148	0.8974	0.9246	0.9724	0.8158	0.9657	0.9766	1.0429	0.9625	0.8737	0.8622	0.9784	0.8349	0.8918	0.9980	0.8364	0.7678	0.9188	0.8441	0.8859	0.9203	0.9033	0.7643	0.7866	0.8614	0.7885	0.9268	0.8940	0.8651	0.6845	0.8618	0.8175	0.8749	0.9020	0.7756	0.9302	0.9746	0.9396	0.8624	1.0129	0.9231	0.8762	0.8935	0.9155	0.8163	0.8809	0.9947
QG37_05226	1.1732	1.1422	1.1552	1.0708	1.1692	1.1548	1.2079	1.1308	1.0518	1.1911	1.1881	1.0471	1.1502	1.0488	1.1013	1.2448	1.0692	1.0889	1.2080	1.0747	1.1034	1.0746	1.0438	1.0955	1.0777	1.1149	1.0718	1.1592	1.1012	0.9139	1.0329	1.1185	1.1100	1.0907	1.1054	1.1230	1.1491	1.0970	1.1932	1.0970	1.1275	1.1257	1.0610	1.0507	1.0524	1.1658	1.1336	1.1225
QG37_05227	1.2199	1.1655	1.0206	1.1432	1.0313	1.1114	1.1581	1.0038	1.0697	1.0908	1.1341	1.1096	1.0579	0.9825	1.0715	1.0466	1.0437	1.0438	1.0809	1.1468	1.0343	1.0590	1.0313	1.0742	0.9799	0.9980	0.9391	1.0383	0.9857	0.9388	1.0510	1.0353	1.0751	1.0471	1.0981	1.1052	1.0550	1.0113	1.1176	1.0322	1.0573	1.0882	0.9787	1.0334	1.0803	0.9933	1.0656	1.0364
QG37_05228	1.1144	0.9331	1.0210	1.1011	1.0439	1.1225	1.1518	1.1761	1.0329	1.0284	1.0285	1.0387	1.2690	1.1039	0.9425	1.0340	0.9700	1.0383	1.1070	1.0341	1.0677	0.9960	1.0167	1.0288	1.0750	1.0386	1.0972	1.0481	0.8730	0.7808	0.9752	0.9839	1.0925	1.0208	1.0719	1.0690	1.0298	1.1265	1.0522	0.9707	1.1164	1.0974	0.8608	1.0018	0.9584	0.9734	1.0606	1.0563
QG37_05229	0.9988	1.0209	1.0477	1.0553	0.9130	0.9752	1.1329	1.1388	0.9085	1.1128	1.1456	1.0774	1.1439	1.0955	1.1533	1.0871	0.9064	0.9049	1.0504	1.1037	0.9520	0.9785	0.9656	1.0408	1.0115	1.0968	0.9814	1.1363	1.0659	0.9230	0.9682	0.9851	1.0701	1.0676	0.9750	1.1117	1.1169	1.0820	1.0971	0.9517	1.0151	1.0096	1.0180	1.0665	1.0243	1.0287	0.8473	1.0934
QG37_05230	1.2165	1.0977	1.2331	0.9790	1.0620	1.1724	1.0624	1.1185	1.0688	1.2364	1.2315	1.1202	1.2132	1.1470	1.0866	1.0770	1.0449	1.1607	1.0606	1.0694	1.0910	1.0712	1.1014	0.9953	1.1217	1.0697	1.0731	1.2636	1.0931	1.2249	1.0252	1.0889	1.1055	1.1282	1.1007	1.1388	1.0974	1.2179	0.9544	1.1027	1.0099	1.1079	1.0839	0.9549	0.9744	1.1099	1.0430	0.9157
QG37_05231	1.3245	1.1854	0.9794	1.0783	1.2263	1.2094	1.2196	1.1002	1.1659	1.1459	1.2671	1.1004	1.0498	1.1447	1.0061	1.0587	1.1092	1.1380	1.1621	1.1314	1.1937	1.1008	1.2211	1.0160	1.0023	1.1821	1.1511	1.0473	1.1217	0.9291	1.0283	1.0627	1.2192	1.1244	1.1503	1.0777	1.1483	1.1613	1.0453	1.0914	1.1448	1.1337	1.1270	1.1899	1.1197	1.1264	1.1273	1.1582
QG37_05232	1.2388	1.1442	1.2404	1.0304	1.2502	1.2371	1.1968	1.2195	1.2453	1.1529	1.0727	1.1597	1.1534	1.1268	1.0168	1.1440	1.0476	1.1402	1.0906	1.1381	1.0408	1.1650	1.0852	1.1820	1.0615	1.2303	1.2046	1.1510	1.0764	0.8418	1.0954	1.0527	1.2076	1.0939	1.0853	1.0308	1.1013	1.0901	1.1879	1.0816	1.0845	1.1259	1.0642	1.0908	0.9808	1.0439	1.1269	1.2462
QG37_05234	1.1449	1.1737	1.1335	1.0262	1.1773	1.2013	1.0760	1.1702	1.1095	1.1204	1.1117	0.9610	1.0571	1.0533	0.9724	0.9705	1.1140	1.0686	1.0786	1.0958	1.0280	0.9866	1.0487	1.1197	1.0634	1.0293	1.1017	1.0312	1.2277	0.9033	0.9192	0.9907	1.1118	1.1450	1.0780	1.0563	1.1086	1.0968	1.1213	1.0972	1.0526	1.0927	1.0262	1.1009	0.9331	0.9834	1.1273	1.0849
QG37_05235	1.0541	1.0777	1.0098	1.0021	1.0138	1.0146	1.0035	1.0609	1.0714	1.0198	1.1345	0.9857	1.0393	1.0530	0.8931	0.9916	0.9745	1.0625	0.9824	1.0710	1.0296	1.0107	0.8993	0.9978	1.0136	1.0290	0.9184	1.0105	1.0703	0.8718	1.0203	0.9399	1.0204	1.0196	1.0725	0.9726	1.0854	1.0071	0.9752	0.9480	1.0518	1.0423	1.1146	1.0813	1.0165	1.1738	0.9804	0.9467
QG37_05236	0.8673	0.9117	0.8546	0.8685	0.8815	0.8375	0.9783	0.8898	0.9582	1.0154	0.9279	0.7858	0.8610	0.9623	0.8294	0.9178	0.9283	0.8109	0.9125	0.9011	0.9648	0.9104	0.8611	0.8585	0.8651	0.8342	0.8371	0.9109	0.8650	0.7536	0.7877	0.7632	0.9017	0.8739	0.8674	0.9453	0.8928	0.7498	0.9226	0.9401	0.9549	0.8077	0.8120	0.8894	0.8808	0.8439	0.9291	0.9349
QG37_05237	1.1437	0.9563	0.8729	0.9147	0.8959	0.9221	0.8003	0.9510	0.9258	0.9574	0.9811	0.8740	1.0606	1.0512	1.0766	0.9288	0.9137	0.9771	0.9619	0.9335	1.0376	0.9188	1.0784	1.0090	0.9892	1.0447	1.0148	0.9689	0.8980	0.8466	0.8638	0.9778	0.9238	1.0224	1.0445	0.9373	1.0191	1.0712	0.9942	0.9508	1.0302	0.9066	0.9868	1.0646	0.8923	1.0521	0.9534	0.9805
QG37_05238	1.0054	0.9201	0.8859	0.8237	0.9229	0.9814	0.8559	0.9624	0.8775	0.9222	0.9430	0.9589	0.9698	0.9915	0.8314	0.9900	0.9875	0.8823	0.8848	0.9527	0.8655	0.9262	0.9245	0.8596	0.8878	0.9265	0.9331	0.9125	0.8610	0.9603	0.9053	0.9606	0.8813	0.8847	0.9667	0.8414	0.8829	0.8809	0.8948	0.9382	0.9492	0.9411	0.9120	0.9208	0.9061	0.9541	0.8963	0.8907
QG37_05239	1.0799	0.8108	0.9230	0.9018	0.8882	1.0561	0.9549	1.0794	0.9014	0.8703	1.0856	0.9310	1.1443	1.1234	0.8634	1.0276	0.8977	1.0548	0.9584	0.8871	0.9462	0.8485	0.9898	0.9326	0.9252	0.8786	0.8464	0.8466	0.8111	0.7969	0.8974	0.8735	0.8559	0.9039	0.8438	0.8592	1.1316	0.8570	1.0435	0.9590	0.9128	0.8417	0.8488	1.0021	0.9159	0.9805	0.7911	1.0805
QG37_05240	0.8669	0.8406	0.8761	0.9109	0.7990	0.9321	0.9421	0.9328	0.8095	0.8171	0.8921	0.8552	0.8886	0.8699	0.8655	0.8695	0.9184	0.9135	0.8569	0.9207	0.8981	0.8482	0.8962	0.9140	0.9128	0.8065	0.8992	0.9619	0.8594	0.8539	0.8825	0.8279	0.9155	0.8230	0.7545	0.9499	0.8050	0.8225	0.8368	0.9409	0.9770	0.8557	0.8542	0.8356	0.7906	0.7613	0.8595	0.8627
QG37_05241	0.9531	0.8916	0.8934	0.9902	0.9422	0.9197	0.9021	0.9653	0.9216	0.9809	0.9495	0.8629	0.9668	1.0126	0.9584	0.9185	0.8633	0.8902	0.9916	0.9547	0.9268	0.8941	0.9334	0.9005	0.8226	0.9016	0.9291	0.8930	0.7897	0.9297	0.8241	0.8314	0.9136	0.9465	1.0088	0.9847	0.8926	0.8507	0.9400	0.8995	0.9515	0.9723	0.9429	1.0566	0.9660	0.8904	0.9785	0.9944
QG37_05242	1.2983	1.1355	1.0349	1.1705	1.3385	0.9216	1.0512	1.1427	1.2929	1.2288	1.1462	1.2225	1.2775	1.0456	1.0623	0.9739	0.9847	1.0205	1.1321	1.1393	1.0483	1.1740	1.0420	1.0675	1.0295	1.1191	1.0383	1.1725	1.2311	1.1146	0.9769	1.1980	1.2236	1.2424	1.1571	1.1741	1.1448	1.2709	1.3220	0.9370	1.2274	1.1217	1.2767	1.1565	1.2393	1.2143	1.2465	1.2104
QG37_05243	1.3094	1.2203	1.1207	1.1376	1.2060	1.0926	1.1978	1.2564	1.2185	1.2120	1.1878	1.1629	1.2490	1.0568	1.0862	0.9109	1.1833	0.9630	1.2943	1.1948	1.2430	1.2192	1.0943	1.1585	1.1547	1.2227	1.1294	1.1718	1.2023	1.2986	1.0081	1.1238	1.2086	1.2462	1.0817	0.9297	1.0932	1.2239	1.3039	1.0560	1.2061	1.1529	1.3493	1.2089	1.2340	1.1727	1.0484	1.2475
QG37_05244	1.0583	1.0151	1.0317	0.9854	1.0341	1.1167	1.1209	1.0410	1.0323	1.0263	1.0715	1.0113	1.0266	1.0505	1.0168	1.0599	1.0379	1.0272	1.1086	1.1081	1.1197	1.0378	1.0232	1.0427	1.0297	1.0909	1.0796	1.0728	1.0302	1.0518	1.0034	1.0307	1.0483	1.0481	1.0749	1.0650	1.0192	1.0612	1.1310	0.9835	1.0918	1.0414	1.0502	1.0722	1.1411	1.0454	1.0928	1.0287
QG37_05245	0.9150	0.9777	0.8785	0.9569	0.8484	0.9601	0.9026	0.9678	0.9315	0.9812	0.9061	0.8609	0.8716	0.9347	0.9068	0.9157	0.8765	0.9183	1.0251	0.8891	0.9608	0.8064	0.8875	0.8855	0.9290	0.8792	0.7882	0.8406	0.9228	0.6681	0.7557	0.8993	0.8933	0.8758	0.9028	0.9974	0.8869	0.9881	0.9219	0.8348	0.8721	0.8949	0.9412	0.8153	0.8648	0.8029	0.7781	0.7820
QG37_05246	0.7296	0.9697	0.8811	0.9122	0.6937	0.7990	0.8785	0.8740	0.9041	0.8134	0.8943	1.0130	0.8868	0.9258	0.9350	0.8922	0.9895	0.7869	0.9630	0.9012	0.8873	0.8102	0.7568	0.8249	0.9036	0.7902	0.7503	0.7901	0.9534	0.8933	0.7686	0.9008	0.8830	1.0035	1.0075	0.9165	0.8835	1.0413	0.8565	0.7823	0.9473	0.9276	0.8852	1.0815	1.0713	0.9261	1.0101	1.0091
QG37_05247	0.7001	0.6182	0.5149	0.6604	0.5183	0.4790	0.5811	0.5116	0.6218	0.5213	0.5114	0.6031	0.5464	0.7076	0.5264	0.5521	0.5743	0.5375	0.6065	0.5383	0.5743	0.5389	0.4654	0.5480	0.6196	0.5250	0.5690	0.5323	0.5382	0.4920	0.5721	0.6248	0.5133	0.7080	0.6416	0.5083	0.7471	0.5515	0.6269	0.6591	0.6543	0.6327	0.7016	0.6005	0.5158	0.5082	0.5757	0.5323
QG37_05248	1.0245	0.9002	1.0623	0.9273	0.9625	0.9968	1.0816	0.9861	0.9118	0.9692	0.9931	0.9190	0.9265	0.9699	0.9986	0.9599	0.9451	0.8875	0.9179	0.9224	0.9765	0.9169	0.9257	1.0238	0.8722	0.9244	1.0126	0.9201	0.8862	0.6860	1.0894	0.9044	0.8890	0.9596	0.9539	0.9280	0.9394	0.9686	0.9941	0.9462	1.0061	0.9057	0.9535	1.0632	0.9960	1.0489	1.0365	0.9358
QG37_05249	0.8705	0.8045	0.7587	0.7524	0.9097	0.9116	0.8706	0.9967	0.8564	0.8895	0.7558	0.7726	0.9673	0.9812	0.8615	0.9530	0.9896	0.8166	0.9734	0.8624	0.9068	0.8245	0.8841	0.8950	0.7753	0.8086	0.8345	0.7685	0.8808	0.8296	0.8605	0.8067	0.7471	0.9352	0.9871	0.9390	0.9557	0.8251	0.8530	0.8545	0.8617	0.8426	0.7886	0.9076	0.8346	0.8111	0.9124	0.8249
QG37_05250	1.0328	1.0139	1.0079	0.9499	1.0800	0.9276	0.9391	0.9896	1.0167	0.9990	0.9743	0.9981	1.0280	0.9345	1.0042	0.9708	1.0068	0.9360	0.9129	0.9289	0.9543	1.0238	0.9429	0.9848	0.9469	0.9924	1.1114	0.9582	1.0343	0.9251	1.0246	0.9918	1.0589	0.9896	0.9979	1.0168	1.0214	0.9886	1.0109	0.9669	0.9744	1.0395	0.9842	0.9703	1.0003	1.0142	1.0993	1.0304
QG37_05251	0.9063	1.2097	1.0627	1.2581	1.0086	0.9699	1.1048	1.1571	1.2151	1.1127	1.0162	0.9312	1.0953	1.3166	1.0202	1.0282	1.0303	1.0821	1.0365	1.2170	1.1791	1.0706	1.1110	1.0356	1.2039	1.1108	1.0954	1.0329	1.2213	1.0152	1.1390	1.0998	1.1590	1.0629	0.9570	1.0404	1.1316	0.9263	1.0657	1.0759	0.9331	0.9738	0.9235	1.0668	1.0369	1.1320	1.0548	1.2105
QG37_05252	0.9988	1.0188	1.0144	1.0179	1.0493	1.0233	0.9503	1.1897	1.1334	1.0521	1.0435	1.0282	1.0699	0.9492	1.1278	1.1623	0.9282	1.1277	0.9504	0.9586	1.0285	1.0020	1.2667	1.0135	1.1040	1.0244	0.9678	0.9804	1.0004	0.9636	1.1733	1.0925	1.0410	1.1520	1.1498	1.1048	1.0211	1.2242	1.1515	1.1858	1.0462	1.0637	0.9993	1.0986	1.1828	1.1392	1.1546	1.0897
QG37_05253	0.9354	0.8991	0.9015	0.9477	0.8786	0.9890	0.8027	0.8812	0.8995	0.9974	0.8566	0.9373	0.9666	0.9676	0.9422	0.8933	0.8965	0.8696	0.9053	0.7933	0.9482	0.9059	0.9134	0.8917	0.8437	0.9375	0.9903	0.9735	0.8090	0.8351	0.9412	0.8952	0.8633	0.8954	0.9957	0.9603	0.9242	0.8805	0.9579	0.9641	0.9776	1.0425	0.9814	0.9902	0.9291	0.8308	0.9341	0.9054
QG37_05254	0.9718	1.0051	0.9586	0.9863	0.9881	0.9649	0.9347	0.9678	0.9680	0.9168	0.9621	1.0206	0.9480	0.9655	0.9811	0.9044	0.9255	0.9444	1.0614	0.9179	1.0135	0.9640	0.9823	0.9803	1.0318	0.9878	1.0150	0.8652	0.9768	0.8806	0.8906	0.9206	0.9795	0.9041	0.9636	0.9674	0.9496	0.9499	0.9964	0.9944	1.0070	1.0566	1.0421	1.1206	0.9730	1.0590	1.0193	0.9974
QG37_05255	0.9239	0.8273	0.8683	0.8926	0.8808	0.8983	0.9220	0.8879	0.9334	0.8692	0.8409	0.8576	0.8943	0.9070	0.9662	0.9026	0.9085	0.9566	0.8771	0.9576	1.0156	0.9998	0.8450	0.9393	0.9371	0.9639	0.8478	0.9014	0.9429	0.7414	0.8820	0.8740	0.9208	0.8891	0.9213	0.9906	0.8816	0.9147	0.9149	0.9720	0.9844	0.8778	0.9847	0.8756	0.9890	0.9035	0.9836	0.9269
QG37_05256	1.0080	1.0481	0.7724	0.8566	0.9133	0.9278	1.0396	0.9629	1.0336	0.9407	0.9774	0.9962	0.8942	1.1137	0.9270	1.0815	0.9462	0.9945	1.0588	0.9489	1.0329	1.0320	1.0627	1.0211	0.9730	1.0273	1.0147	1.0521	0.9825	0.8988	1.0687	0.8748	1.0802	0.9750	0.9327	1.0693	0.9555	1.1705	1.0636	1.0984	0.8229	1.1287	0.9353	1.0438	1.0010	1.1295	1.0270	1.0220
QG37_08460	0.8210	1.0126	0.9892	0.8926	0.9642	0.9163	0.9572	0.9874	1.0417	0.8343	0.9026	0.9278	1.0080	0.8526	0.9819	0.9617	0.9990	0.9556	0.9527	1.0614	0.8872	0.9677	0.9528	1.0959	0.9329	0.8205	1.0394	1.0493	1.0530	1.0564	0.7924	0.9368	0.8543	0.8939	0.8786	0.9697	1.0191	0.9839	1.0737	0.9497	0.8556	0.9655	0.9086	1.0404	0.5853	0.6903	0.7629	0.7359
QG37_05257	0.8991	1.0973	0.6437	0.7542	0.9980	1.1396	0.8501	0.9263	1.0195	0.9560	0.8311	0.7766	0.9854	1.0186	0.9086	0.8306	1.1429	0.8992	0.9753	0.9402	0.9258	0.9056	0.9449	0.9757	1.2219	0.9158	0.9094	0.8652	0.8109	0.7508	0.6119	0.9342	0.9333	0.9236	1.0871	0.8591	0.9308	0.8444	0.8148	1.0628	1.0391	0.9475	1.0173	0.9412	1.0773	1.0971	0.9190	0.9134
QG37_05258	0.8064	0.7795	0.8572	0.8631	0.8842	0.8099	0.8933	0.8514	0.9304	0.8280	0.8131	0.8566	0.8052	0.9115	0.7583	0.8471	0.8124	0.8212	0.8618	0.8441	0.8923	0.8333	0.8903	0.8093	0.8001	0.8388	0.8307	0.8397	0.7768	0.7675	0.8027	0.8138	0.7682	0.7897	0.8158	0.8532	0.8613	0.8654	0.7942	0.9193	0.8634	0.7759	0.8520	0.9870	0.8333	0.9333	0.8548	0.9410
QG37_05259	0.9528	0.9684	0.9583	0.8770	0.8644	0.8378	0.8940	0.8437	0.8496	0.9539	0.8462	0.8708	0.8578	0.8597	0.9094	0.9371	0.8673	0.9945	0.9585	0.8565	0.8685	0.9571	0.8427	0.9168	0.9671	0.7148	0.9308	0.8153	0.8787	1.0552	0.8375	0.8737	0.8698	0.9154	0.9548	0.8661	0.9301	0.9487	0.7916	0.9393	0.9462	0.8629	0.8625	1.0415	0.7974	1.0030	0.8907	0.8377
QG37_05260	0.7672	0.8833	0.9884	0.7065	0.8283	0.9086	0.8546	0.8338	1.0208	0.9990	0.7549	0.8192	1.0534	0.9464	1.0586	1.0140	0.8274	0.8238	0.8634	0.8897	1.0815	0.9954	0.9107	0.9157	0.9800	0.9586	0.9750	0.9574	0.8535	0.9788	0.7872	0.9427	0.9547	0.9109	0.7707	0.8090	0.8511	0.9496	0.9747	0.8441	0.8208	0.9662	0.8195	0.9727	0.9126	0.9660	0.9279	0.9569
QG37_05261	0.8314	0.6268	0.6303	0.7571	0.6576	0.7489	0.6639	0.7329	0.7318	0.7598	0.7258	0.7318	0.8003	0.6948	0.7041	0.6886	0.6919	0.7086	0.6990	0.7565	0.8011	0.6785	0.6807	0.8154	0.8677	0.6254	0.7320	0.7783	0.7325	0.7672	0.6305	0.7219	0.7088	0.7928	0.6955	0.6361	0.7080	0.6910	0.6551	0.7578	0.8084	0.7834	0.6651	0.6185	0.5125	0.7533	0.6560	0.7305
QG37_05262	0.9650	1.0827	0.9781	1.0374	0.9613	1.0869	0.9575	0.8886	0.8903	0.9608	1.0248	0.9716	1.0336	0.8978	1.0440	1.0845	0.9856	0.8778	0.9800	1.0283	0.8991	1.0130	1.0322	0.9363	0.9247	0.9771	0.8856	0.9003	0.7527	1.1325	0.9611	0.9685	1.0165	1.0442	0.9614	0.9542	1.0280	1.0035	1.1089	1.0082	0.9596	1.0501	1.0272	1.0520	1.0821	0.8652	1.0658	1.0685
QG37_05263	1.0801	0.9690	0.9426	0.9704	1.0155	1.0398	0.9544	0.9678	0.9754	0.8920	0.9925	1.0315	1.0071	0.9878	0.9894	1.0062	1.0247	0.9862	1.0273	0.9894	1.0120	0.9628	0.8880	0.9337	0.9256	0.9945	0.9195	0.9799	0.9288	0.8639	0.9306	0.8857	1.0068	1.0036	0.9421	0.8997	0.9351	0.9810	0.9884	0.9731	1.0076	1.0128	1.0253	1.0076	0.9602	0.9689	0.9928	0.9703
QG37_05264	1.1850	1.1408	1.1088	1.0504	1.1382	1.1770	1.0947	1.1067	1.1167	1.1332	1.1172	1.1959	1.1536	1.1163	1.0744	1.0680	1.0615	1.0555	1.0563	1.1606	1.0563	1.0639	1.0597	1.0475	1.1049	1.1526	1.0673	1.1785	1.1059	1.0873	1.0918	1.0877	1.1302	1.0920	1.1048	1.0609	1.0893	1.0796	1.0882	1.1044	1.1356	1.1505	1.0346	1.1305	1.1122	1.0927	1.1309	1.0992
QG37_05265	0.9797	1.0871	1.1338	1.0642	1.1438	1.0548	1.0814	0.9744	1.1365	1.0744	1.0950	1.0584	1.1942	0.9338	1.0865	1.1188	0.9803	0.8567	1.0317	1.2932	1.0833	1.0393	1.0349	1.0474	1.0529	0.9061	1.1152	1.1060	1.0574	1.2886	0.8565	0.8756	1.1682	0.9889	0.9942	0.9965	1.0976	0.8812	1.0090	1.0325	1.0765	0.8482	0.9216	0.8896	0.9052	0.9621	1.0090	1.0593
QG37_05266	1.1009	1.1605	1.1169	0.9733	1.1557	1.1227	1.1721	1.1256	1.0511	1.1659	1.1260	1.2016	1.1214	1.0113	0.9995	1.1084	1.0877	1.1398	1.0299	1.1438	1.0229	1.1005	1.0554	1.0394	0.9849	1.0003	1.1127	1.0552	1.1554	0.9791	1.0012	1.0557	1.1253	1.1172	1.0336	0.9761	1.1573	1.1032	1.0432	1.0495	1.2352	1.0840	0.9566	1.2065	1.0676	1.0961	1.1126	1.1343
QG37_05267	1.1880	1.2301	1.0104	1.1022	1.0297	1.2770	1.1947	1.1985	1.1141	1.1023	1.1287	1.1282	1.3497	1.1342	1.1474	1.1746	1.0546	1.0812	1.1706	1.0797	1.0671	1.0787	1.0888	1.1698	1.0975	0.9725	0.9743	1.1360	1.0098	0.9154	1.0296	1.1413	1.1169	1.0318	1.1125	1.0823	1.0939	1.0390	1.1372	1.0989	1.1151	1.0129	0.9638	1.0388	1.0773	1.1064	0.9644	1.0165
QG37_05268	1.1507	1.3749	1.1244	0.9786	1.1474	1.2888	1.1354	1.1245	1.3244	1.1247	1.1087	1.0397	1.0912	1.1051	1.3024	1.1096	0.9802	0.9862	1.1436	1.0942	1.0357	0.9732	1.1076	1.0320	0.9363	1.0481	1.0948	1.2183	1.2322	0.9476	0.9777	0.9500	1.2178	1.2015	1.1887	1.1863	1.0714	1.2333	0.9863	1.1840	1.1366	1.0977	0.9799	1.1783	1.0826	1.2203	1.0308	1.0614
QG37_05269	1.3894	1.3544	1.1711	1.1504	1.3193	1.3221	1.2364	1.3350	1.2229	1.2882	1.3530	1.2860	1.1951	1.2576	1.1329	1.1254	1.3147	1.1086	1.3146	1.1623	1.1232	1.4001	1.1844	1.2413	1.2406	1.3030	1.3209	1.2857	1.2148	1.6062	1.1476	1.3256	1.2592	1.3995	1.2441	1.3837	1.3153	1.1273	1.2122	1.4318	1.1464	1.2562	1.2642	1.6058	1.4269	1.5591	1.4521	1.4791
QG37_05270	1.2415	1.0286	1.0148	0.9601	1.0122	1.0528	0.9133	0.9512	1.0463	0.8708	0.9699	1.0480	1.1226	1.0157	0.9004	0.8930	0.7777	0.8569	0.8993	0.8181	0.7865	0.7973	0.7447	0.9106	0.9787	0.8592	0.9057	1.0258	0.9537	0.8142	0.8512	0.9358	0.9951	0.9340	0.9724	0.8990	1.0781	0.8939	0.8952	1.0321	0.9481	1.0055	0.7990	1.2446	1.1747	1.1345	1.0525	0.9677
QG37_05271	1.1670	1.1038	1.1006	0.9190	1.0422	1.1188	1.0219	1.1006	1.0109	1.0404	1.0755	1.0282	1.0598	0.9624	1.0747	1.0220	1.0251	1.1104	1.1266	1.0392	1.1738	0.9465	1.0510	0.9789	1.0317	1.1045	1.0649	1.0694	1.0321	1.0339	0.9797	1.0765	1.0753	1.0395	0.9987	0.9641	0.9883	0.9503	1.0483	1.0875	1.1101	1.0603	1.0634	1.0887	1.0888	1.0241	1.0798	1.0758
QG37_05272	1.0821	1.0480	1.0645	0.9217	1.0482	1.0314	1.0136	1.0117	1.0043	1.0497	1.0251	0.9416	1.0308	0.9782	0.9454	0.8982	0.9654	0.9045	0.9655	1.0474	0.9498	0.9205	0.9396	0.9377	0.9014	0.9730	1.0042	0.9206	0.9815	0.8672	0.8651	0.9380	0.9403	0.9977	0.8793	0.9672	0.9487	1.0223	1.0063	0.9882	0.9938	0.9753	0.9790	0.8269	0.9361	0.9392	0.9913	1.0369
QG37_05273	1.2223	1.2821	1.2787	1.0570	1.2568	1.1992	1.1313	1.0659	1.1385	1.3007	1.1505	1.2110	1.2498	1.0671	1.2295	1.1910	1.1678	1.1432	1.1334	1.2331	1.1524	1.1827	1.1001	1.1217	1.1044	1.0955	1.1757	1.1650	1.1343	1.0900	1.0904	1.1060	1.2440	1.1024	1.0920	1.0704	1.1564	1.0788	1.2247	1.0485	1.1898	1.1316	1.0543	1.0044	1.0654	1.1409	1.2123	1.2040
QG37_05274	1.0566	0.9017	0.9718	0.9348	0.9136	0.9609	0.9759	0.9732	0.8453	0.9683	0.9028	0.9746	0.9972	0.9682	0.8802	0.9701	0.9745	0.9682	0.8982	0.8916	0.9840	0.8952	0.9850	0.8960	0.8851	0.9662	0.8909	0.9052	0.9218	0.8215	0.8658	0.8843	0.8260	0.9325	0.9764	1.0029	0.9312	0.9114	0.8929	0.9456	0.9134	0.9255	0.9075	0.9623	0.9396	0.9434	1.0062	0.9696
QG37_05275	1.1018	1.0623	0.9265	1.0513	0.9204	0.9087	1.0328	1.0265	0.9519	1.0121	0.9943	0.9498	1.1091	0.9457	1.0122	1.0791	1.0032	1.0593	0.9893	1.0577	0.9679	1.0716	0.9563	0.9454	0.9825	0.8924	1.0345	1.0006	0.9610	0.8590	0.9893	0.9729	1.1284	0.9968	0.9080	1.0870	1.1266	1.0780	1.0252	1.0257	1.0189	1.0809	0.9969	1.0031	1.0144	1.0238	1.0955	1.0741
QG37_05276	1.2034	1.1395	1.0599	1.0416	1.0641	1.1740	1.0051	1.1893	1.0212	1.0553	1.1168	1.1077	1.1950	1.0244	1.3134	1.2008	1.0915	1.0100	1.1695	1.0846	1.0695	1.2252	1.1207	1.1315	1.1104	1.0596	1.0299	1.1533	0.9997	1.1982	1.0132	1.1099	1.2590	1.2413	1.0587	1.1936	1.1457	1.1302	1.1625	1.1504	1.0906	1.1256	1.0186	1.2324	1.0200	1.1538	1.1447	1.0932
QG37_05277	1.1100	1.0102	1.0262	1.0501	0.9645	1.0326	1.1240	1.0772	1.0065	1.0255	1.0570	1.1464	1.0033	1.0241	1.1061	1.0521	1.0421	1.1872	1.0910	1.1211	1.0775	1.0775	0.9410	0.9306	1.0492	1.0141	1.0913	1.0344	0.9972	1.0564	1.1134	1.0289	0.9506	0.9870	0.9720	1.0730	1.1215	1.0611	0.9379	1.0520	1.1779	1.0462	1.0022	0.9948	1.0275	1.1670	1.0695	1.0498
QG37_05278	0.9290	1.0251	0.8286	0.8633	0.9346	0.8526	1.0856	0.9729	0.8548	0.9650	0.9861	0.8846	1.0659	0.8780	1.0978	0.9367	0.8999	0.8749	1.0022	0.9256	0.9178	0.8571	0.8157	0.9217	1.0162	1.0442	1.0025	1.0785	1.1603	0.9403	1.1957	1.0065	0.9434	0.8615	1.0468	1.0365	0.9661	1.0128	0.8529	1.0281	0.8890	1.0493	0.9940	1.0932	1.1682	1.1667	0.9997	0.9565
QG37_05279	0.9507	0.9318	1.0024	0.7314	0.8942	0.8776	1.0138	0.8995	0.9369	0.8367	0.9012	0.8907	0.9097	0.8541	0.8772	0.9301	0.8210	0.8875	0.8007	0.9265	0.9393	0.9114	0.8493	0.8833	0.9920	0.8172	1.0555	0.8908	0.7180	0.8672	0.8658	0.9706	0.8849	0.9144	0.9544	0.8982	0.8458	0.8508	0.8865	0.9330	0.9099	0.9538	0.9433	0.8478	0.8757	0.9051	0.6879	0.9791
QG37_05280	0.7330	0.8684	0.6692	0.8702	0.7260	0.7993	0.9361	0.9337	0.7279	0.8319	0.8498	0.7009	0.7961	0.8305	0.6931	0.8012	0.7124	0.8495	0.7157	0.8809	0.9459	0.8939	0.8090	0.7404	0.8601	0.8118	0.8856	0.7857	0.8507	0.8306	0.8091	0.8628	0.8821	0.7872	0.7920	0.8345	0.7211	0.8604	0.8380	0.9079	0.8172	0.9099	0.8321	0.8241	0.9365	0.9367	0.7431	0.8299
QG37_05283	1.0972	1.1169	1.1419	1.0796	1.0391	1.0534	1.0570	1.0003	0.9709	1.1048	1.0498	0.9791	1.0499	0.9876	0.9664	0.9674	1.0184	1.0305	1.0101	1.0105	0.9642	0.9566	1.0175	0.9637	1.0130	1.0457	1.0209	1.0649	1.0224	0.9485	1.0545	1.0177	1.0441	1.0184	1.0241	1.0189	1.0057	1.0831	1.0805	1.0255	1.0372	0.9762	1.0300	1.0415	1.0640	1.0882	0.9095	1.0610
QG37_05284	1.1040	1.0743	1.1093	0.9326	0.9831	1.0444	1.0485	0.9626	1.0182	1.0013	0.9333	1.0983	1.1240	1.1041	1.0131	1.0050	1.0275	1.0153	1.0393	1.0818	0.8718	1.1194	1.0092	1.1065	1.0869	1.0166	0.9478	0.9360	1.0009	0.8387	0.9057	1.0166	0.9499	1.1053	0.9957	1.0320	1.0444	1.0424	1.0599	1.1015	1.0137	1.0810	1.1219	1.0197	1.1584	1.1589	0.9932	1.0369
QG37_05285	1.1170	0.9311	1.0762	0.9734	0.9899	0.9178	0.9761	1.0265	1.0594	1.0144	0.9629	0.9935	1.0245	1.0035	0.8884	0.9705	0.9562	0.9560	1.0075	1.0083	1.0042	0.9537	0.8674	0.9977	0.9103	1.0012	0.9424	0.9947	0.9638	0.8466	0.9184	0.9267	1.0325	0.9740	0.9928	1.0351	0.9457	0.9848	0.9212	0.9643	1.0427	0.9674	0.9225	1.0141	1.0359	0.9586	0.9614	0.9599
QG37_05286	1.0737	1.0017	1.0013	1.0476	0.9116	1.0119	1.0977	0.9272	1.0876	1.1374	0.9176	0.9612	0.9250	0.9402	1.0301	0.9852	0.9359	0.9645	1.0215	0.9691	0.9307	0.9162	0.9323	0.9259	1.0011	0.9220	0.9306	1.0522	1.0536	1.1164	0.8686	0.9594	0.9721	1.0193	0.9643	1.0666	0.9842	1.0244	1.0353	0.9570	0.9347	1.0344	0.9937	0.9677	0.9150	1.0656	0.9378	0.8644
QG37_05287	1.0004	0.9752	0.8785	0.9084	0.9321	0.9579	0.9766	1.0278	1.0202	0.9877	0.9567	1.0228	0.9073	0.9017	0.9169	0.9467	0.9597	0.9948	0.9392	0.9356	1.0142	0.9964	0.9529	0.9772	0.9423	0.9510	0.9292	0.9631	0.8602	0.9354	0.8812	0.9755	0.9070	0.9831	0.9471	0.9396	0.8951	0.9948	1.0275	0.9171	0.9744	0.9721	0.9482	1.0245	0.9578	0.9588	0.9878	0.9831
QG37_05288	0.9267	0.8304	0.8274	0.8852	0.8859	0.8904	0.9152	0.8876	0.8254	0.7421	0.7329	0.8058	0.8872	0.9877	0.7681	0.9005	0.8999	0.9044	0.8412	0.8810	0.9532	0.7898	0.9122	0.8955	0.8810	0.8327	0.9138	0.8069	0.7969	1.0809	0.9845	0.9348	0.9739	0.6978	0.9127	0.7923	0.8948	0.7902	0.8174	1.0179	0.9185	0.9684	0.8141	0.7905	0.8625	0.9154	0.8914	0.9069
QG37_05289	1.0801	1.1020	0.8442	0.9032	0.9025	1.0684	0.9829	0.9901	0.8733	0.8286	0.8719	0.9724	0.9669	1.0512	0.9808	1.1427	1.0739	0.9185	0.8616	1.0887	0.9975	0.9768	1.0063	0.9684	1.0886	1.0612	1.0236	0.9870	0.9815	0.9100	1.0870	0.8953	1.0446	0.9446	1.0467	0.8992	1.1478	0.9665	1.0665	1.0420	1.0422	1.1609	0.8992	0.7552	0.9213	1.0033	0.9875	1.1301
QG37_05290	0.8943	0.9921	0.8760	0.8899	0.9643	0.9044	0.9761	0.9909	1.0239	1.0029	0.9266	1.0165	1.0407	1.0582	1.0238	0.9084	0.9652	1.0264	1.0403	1.0072	1.0150	1.0755	1.0154	1.0554	1.0354	1.0049	1.0092	1.0651	1.0306	0.9736	1.0409	1.0462	1.0280	0.9668	1.0226	1.0244	0.9720	1.0583	0.9404	1.0316	1.0116	1.0527	0.9462	1.1056	1.0586	1.0095	1.0196	1.0870
QG37_05291	1.1135	1.0005	0.9869	1.0241	1.0429	0.9568	0.9592	0.9604	0.9310	0.9351	1.0135	0.8778	1.0651	1.0386	1.1209	0.9964	0.9083	0.9541	0.9759	1.0592	0.9998	0.8894	0.9973	1.0752	0.8167	0.9072	1.0130	0.9031	1.0097	1.0009	1.0171	1.0211	0.9468	0.9773	1.0177	0.9634	1.0025	0.9982	0.8778	1.0045	1.0692	1.0145	0.9777	1.0072	1.0182	0.9455	1.0219	0.9271
QG37_05292	0.8559	0.8036	0.7775	0.8466	0.8048	0.8489	0.8242	0.7423	0.7080	0.7879	0.8633	0.7008	0.8207	0.7686	0.7963	0.6993	0.7330	0.6161	0.7739	0.8301	0.7332	0.7973	0.8343	0.8036	0.8587	0.7009	0.7998	0.7676	0.6728	0.7487	0.7995	0.7791	0.5849	0.7145	0.8406	0.7947	0.6601	0.6790	0.6217	0.7716	0.7996	0.8228	0.7160	0.8468	0.9330	0.8122	0.8173	0.8907
QG37_05293	0.8426	0.9399	1.0164	1.0852	0.9809	0.9019	1.0019	0.9474	0.7910	0.9057	0.9122	0.8698	0.9501	0.9224	0.9799	0.9567	0.9352	0.9343	0.9590	1.0390	0.8599	1.0606	1.0661	0.9905	0.9810	0.8722	0.9926	1.0501	0.9638	0.9336	1.0280	0.9134	0.9296	0.9277	1.0667	1.0027	0.8862	0.8846	1.0025	1.0594	0.9971	0.9583	0.9426	1.0589	0.9537	0.9823	0.9000	1.0096
QG37_05294	1.0453	1.1881	1.2763	1.1576	0.9152	0.9866	1.1395	1.0136	1.0745	0.8486	0.9310	0.9471	0.9038	1.1179	1.0673	0.9690	1.1104	1.0017	1.0498	1.0673	1.0250	1.0555	1.0946	1.0609	1.1125	1.1145	1.0261	1.0384	1.0054	1.2198	1.0467	0.9462	1.0597	1.1051	1.1230	0.8536	0.9031	1.0414	1.0968	1.1662	1.0578	0.9389	1.0522	1.0681	0.9615	1.0988	1.2596	0.9109
QG37_05295	0.6405	0.5734	0.6523	0.7794	0.6746	0.7298	0.7950	0.6914	0.7384	0.8631	0.6975	0.7028	0.7542	0.9517	0.6726	0.7706	0.8038	0.7438	0.7977	0.8103	0.9196	0.7567	0.9101	0.9242	0.7244	0.7482	0.8325	0.8523	0.8560	0.9567	0.8286	1.0243	0.7038	0.6621	0.6724	0.7184	0.7032	0.6549	0.7799	0.8621	0.9103	0.7388	0.8342	0.8077	0.7639	0.7821	0.7465	0.7612
QG37_05296	0.9627	0.7941	0.9287	0.8479	0.7431	0.7674	0.9550	0.9411	0.7449	1.0128	0.8584	0.6796	0.9603	1.0560	0.8567	1.0458	0.9449	0.9163	0.9091	0.9416	0.8264	0.8269	1.0101	0.9648	1.0275	0.9134	1.0376	0.9125	1.1692	0.9909	0.7550	0.8374	0.9627	0.8450	1.0944	0.8222	0.8938	1.2103	0.8520	0.9550	1.0383	0.9904	1.0354	1.1660	0.9142	0.9678	0.9767	0.9265
QG37_05297	1.1850	1.2165	1.0446	0.9782	1.0492	0.9713	1.0269	1.0221	1.0470	1.1633	1.0037	0.9201	1.1023	1.0655	1.0669	1.0034	1.0594	1.0435	1.1196	0.9841	1.0558	1.0783	1.0284	0.9467	1.0943	1.1038	1.0135	1.0326	1.0471	1.0982	1.0510	1.0246	1.0742	1.0713	1.1347	1.0102	1.0309	1.0333	1.0714	1.0902	1.1808	1.1537	0.9435	1.2187	1.1192	1.0398	1.1434	0.9815
QG37_05298	1.0684	1.0021	1.0030	1.0316	0.9415	0.9580	1.0275	1.1094	1.1243	1.0604	1.0722	1.1276	0.9803	0.8754	0.8877	0.9662	1.0498	1.0322	1.0137	1.0770	0.9732	1.0997	1.0107	0.9581	0.9520	0.9987	0.8704	1.1009	0.9593	0.9433	0.9110	0.9854	1.1180	1.0081	0.9760	0.9363	0.9497	0.9141	0.9610	1.0158	0.9257	0.8926	0.9069	1.0270	0.9139	1.0033	0.9561	1.0735
QG37_05299	1.1142	0.9761	1.0576	0.8986	1.0546	1.1056	1.0808	1.0848	1.0375	1.0469	1.0432	1.0180	1.0082	0.9629	0.9560	0.9177	1.0570	1.0463	0.9594	1.0109	1.0928	1.0416	1.0650	0.9419	0.9859	1.1903	0.9803	1.0252	0.9720	0.8706	0.8349	0.9232	1.1641	1.0926	0.9883	0.9417	0.9925	1.0861	1.0760	0.9699	0.9794	0.8713	0.9186	1.0756	1.0874	0.9012	0.9647	1.0592
QG37_05300	0.9978	1.0009	1.1454	0.9915	1.0913	1.0606	1.0862	1.1392	1.0357	0.9599	1.1058	1.0721	1.0915	1.0996	1.0133	1.0235	1.1370	1.0201	1.0093	1.0362	1.0658	1.0209	1.0527	1.0971	1.0023	1.0393	0.9401	0.9555	0.8505	1.0033	1.0781	1.0439	1.1305	1.0501	1.0457	0.9462	1.0219	1.0723	1.1236	0.9931	1.0259	0.9909	1.0622	1.2595	1.1306	1.1292	1.2156	1.1182
QG37_05301	1.2070	1.1058	1.2471	1.1237	1.0206	1.1661	1.1683	1.1064	1.0434	1.1153	1.0726	1.1234	1.1435	1.0934	1.1203	1.1750	0.8776	0.9729	1.0079	1.0218	1.0813	1.0593	1.0498	1.0404	1.0779	1.0243	1.0117	1.1001	1.0406	0.9245	1.0257	1.0653	1.0472	1.0796	1.0892	1.1932	1.1352	0.9660	1.1112	0.9032	1.0244	1.0349	0.9954	1.1088	1.0631	1.0084	0.9914	1.1101
QG37_05302	1.2405	1.0830	0.9630	0.9657	1.0739	1.0665	1.0674	1.1196	0.9627	1.0851	1.0771	0.9558	0.9912	1.0899	1.0100	1.1038	1.0873	0.9910	1.0039	1.1306	0.9776	1.0845	0.9735	1.0311	0.9180	1.1184	1.0705	1.1005	1.2430	0.7566	0.8265	1.1256	1.1040	1.1026	1.0309	0.9166	1.0141	0.9092	1.1563	0.9912	1.0522	1.0454	0.9883	1.0891	1.0084	0.9886	1.1020	1.0828
