GENE	CDC_B11096	CDC_B11097	CDC_B11098	CDC_B11099	CDC_B11101	CDC_B11102	CDC_B11103	CDC_B11105	CDC_B11112	CDC_B11113	CDC_B11114	CDC_B11115	CDC_B11116	CDC_B11117	CDC_B11118	CDC_B11119	CDC_B11200	CDC_B11201	CDC_B11205	CDC_B11206	CDC_B11207	CDC_B11208	CDC_B11209	CDC_B11210	CDC_B11212	CDC_B11213	CDC_B11214	CDC_B11215	CDC_B11216	CDC_B11217	CDC_B11218	CDC_B11219	CDC_B11220	CDC_B11221	CDC_B11222	CDC_B11223	CDC_B11224	CDC_B11225	CDC_B11226	CDC_B11227	CDC_B11228	CDC_B11229	CDC_B11230	CDC_B11243	CDC_B11244	CDC_B11245	CDC_B11246	CDC_B11247
QG37_02694	82.85	55.52	36.73	27.69	48.69	50.75	54.07	64.57	56.47	52.70	54.36	40.61	44.19	50.22	46.75	61.10	72.70	67.42	62.02	59.72	50.34	53.51	65.76	57.49	62.86	65.90	41.74	61.57	32.92	9.88	33.50	47.57	67.78	33.79	49.08	36.53	36.12	35.40	27.65	46.93	61.47	54.68	31.33	29.61	30.36	36.56	33.14	52.93
QG37_02695	108.50	93.43	57.84	55.94	86.24	99.10	107.28	88.51	104.63	92.43	86.68	87.11	72.96	91.59	88.43	100.86	114.99	126.94	118.34	97.62	96.46	106.18	103.29	101.60	99.66	103.01	82.88	86.90	70.48	15.80	64.41	89.83	100.90	104.54	89.24	79.43	89.44	85.58	73.33	92.33	119.77	104.40	72.37	64.48	87.01	93.64	69.47	108.06
QG37_02696	119.50	114.94	66.72	67.55	109.02	106.44	111.10	120.53	114.31	102.07	88.53	78.36	97.73	102.72	79.82	100.60	127.20	138.04	114.36	106.31	111.81	100.44	113.04	93.25	118.01	131.08	86.12	119.15	100.52	26.90	67.82	109.16	119.85	99.55	102.15	86.14	107.57	99.18	87.57	113.69	144.16	107.39	87.17	68.67	101.48	101.60	80.99	125.09
QG37_02697	122.28	130.88	70.31	71.28	124.39	111.10	122.37	113.07	128.67	109.30	94.11	96.14	103.51	101.10	99.91	111.55	148.36	152.98	140.62	123.42	111.16	114.32	131.55	96.52	126.06	140.07	100.74	138.87	111.18	36.72	79.99	115.14	142.21	115.39	117.36	92.29	101.21	115.93	95.63	113.51	129.63	119.34	85.79	96.92	110.79	105.78	103.79	152.67
QG37_02698	39.81	75.16	43.20	47.59	67.91	62.45	61.87	84.59	65.28	73.96	51.25	70.74	62.68	62.70	59.17	64.51	84.39	87.51	84.70	68.97	74.46	83.92	75.19	51.57	64.51	72.38	65.44	79.90	63.87	23.54	37.01	71.01	78.20	63.18	64.94	47.87	60.99	64.10	48.49	82.07	97.99	91.72	73.88	52.77	69.50	63.62	60.67	70.21
QG37_02699	118.87	77.55	42.15	52.33	81.50	80.40	79.21	76.93	82.70	75.38	54.05	67.79	64.79	67.28	74.42	73.19	100.39	81.74	81.21	74.52	79.60	84.23	75.06	65.11	75.03	87.96	59.62	76.56	74.09	21.52	49.10	77.48	69.70	82.22	65.88	50.89	65.29	63.52	57.23	89.02	83.92	91.33	72.10	59.84	58.69	62.26	60.98	82.70
QG37_02700	123.13	110.00	72.70	58.02	97.74	107.30	105.17	99.59	123.39	97.58	84.54	86.90	88.11	92.49	94.45	105.95	131.55	128.74	114.10	112.64	109.79	107.10	121.50	101.38	122.45	136.53	83.38	124.32	91.24	24.85	70.46	111.13	119.74	107.36	105.28	96.65	91.64	88.87	86.66	103.48	120.46	110.73	74.11	87.19	89.09	94.00	90.86	101.02
QG37_02701	134.26	132.25	80.00	67.75	119.02	123.51	115.80	121.93	127.94	119.35	100.89	98.47	102.09	100.31	98.60	114.56	130.26	151.51	127.43	101.86	111.63	111.71	135.19	101.87	126.69	150.19	113.61	120.35	94.46	29.40	75.97	128.44	125.42	133.42	106.10	97.36	97.67	115.94	108.01	119.26	142.87	131.14	101.61	89.09	105.08	126.08	102.05	146.76
QG37_02702	168.45	137.02	70.29	67.14	97.05	102.67	121.20	120.86	118.42	106.18	105.71	98.18	104.08	106.29	90.55	115.46	131.06	165.05	149.29	88.96	113.64	123.58	151.81	108.29	115.60	156.49	108.08	104.90	94.67	31.60	77.46	99.73	127.15	130.52	117.48	106.89	105.44	113.50	94.19	128.80	135.12	115.94	97.10	83.19	112.37	125.91	97.73	144.72
QG37_02703	104.83	120.36	67.41	68.89	111.83	111.75	127.56	119.81	109.02	97.90	89.70	85.20	97.90	101.20	98.41	112.40	133.34	166.56	135.13	107.34	115.69	109.12	125.47	93.60	111.63	133.63	89.49	108.58	100.43	23.37	74.23	118.11	129.43	111.74	101.70	79.62	91.57	109.61	93.41	106.73	131.98	115.42	90.03	89.43	114.21	111.58	93.56	131.76
QG37_02704	114.80	119.69	76.00	72.09	99.28	98.20	109.51	86.60	127.97	95.50	96.72	96.79	86.75	103.95	98.92	119.81	120.15	150.09	132.89	115.72	104.70	131.24	141.87	105.00	96.73	130.36	93.43	115.06	106.56	22.47	72.57	128.75	111.62	92.28	95.39	86.69	103.29	104.16	73.18	136.31	127.87	115.41	101.40	95.22	102.57	83.99	81.91	127.04
QG37_02705	122.39	124.81	67.04	70.04	109.40	109.09	106.00	110.30	120.60	107.13	85.85	88.40	98.68	108.04	96.47	114.15	146.00	153.63	138.10	111.50	116.92	125.32	130.89	114.23	113.20	135.25	90.62	118.07	94.74	29.43	80.64	113.12	125.04	103.22	100.68	89.53	99.47	114.99	98.97	124.87	133.62	125.17	92.65	88.30	120.32	102.46	100.60	135.28
QG37_02706	130.92	138.00	62.22	69.78	113.15	119.42	116.79	115.88	133.41	118.17	93.78	98.02	98.02	100.99	103.76	111.75	150.72	159.14	145.97	120.33	114.80	129.50	135.75	107.95	140.05	157.05	111.66	135.69	108.44	31.29	75.93	126.17	147.77	120.08	114.17	93.55	107.16	115.91	98.54	134.91	146.63	124.64	99.67	90.43	120.17	122.19	100.03	137.62
QG37_02707	106.52	104.09	66.81	70.02	97.14	99.53	106.10	97.74	121.43	97.13	81.77	86.39	93.89	90.30	91.65	104.68	127.13	152.71	119.59	103.48	99.37	116.37	121.37	94.39	111.28	124.94	89.21	120.36	94.70	24.89	68.87	103.77	117.91	112.43	94.20	96.13	95.65	108.35	92.35	110.28	122.49	113.32	90.21	93.81	108.18	115.44	90.70	126.15
QG37_02708	110.59	124.79	76.53	79.87	98.61	111.97	106.68	115.07	122.44	119.63	87.66	107.59	95.28	98.51	98.21	121.76	152.05	144.29	122.57	112.52	122.07	152.29	153.03	90.05	120.07	138.30	100.71	128.03	93.05	30.45	66.18	117.83	125.29	118.97	116.57	100.45	104.89	119.50	109.43	128.14	116.61	132.35	98.41	84.73	104.58	116.36	91.77	146.62
QG37_02709	116.89	127.51	69.41	62.09	107.35	115.99	112.76	123.45	127.99	119.69	102.05	99.62	93.82	106.10	98.03	128.51	151.24	154.88	142.12	112.46	129.24	127.00	132.82	105.47	117.81	150.69	97.81	133.24	110.79	25.17	66.88	128.73	119.75	110.24	122.95	82.96	110.76	107.41	101.38	116.16	132.72	103.92	84.76	91.05	102.68	115.83	93.24	137.38
QG37_02710	114.10	118.60	66.70	83.91	109.50	94.41	121.53	112.92	128.72	100.85	92.54	102.49	100.46	106.76	103.18	120.67	133.36	126.71	130.57	108.84	111.98	117.14	143.05	105.35	108.63	140.16	88.34	122.77	95.87	30.30	71.59	117.10	122.50	111.58	115.10	68.84	97.98	114.34	79.69	103.05	149.40	109.97	95.05	79.73	110.44	101.52	93.93	139.92
QG37_02711	109.98	111.10	60.64	71.56	99.88	97.13	103.26	104.34	103.19	98.32	84.80	86.81	101.04	93.90	93.44	98.96	137.25	136.48	116.06	112.62	108.13	101.85	122.94	90.56	110.05	127.87	73.72	112.84	84.99	38.60	82.83	103.45	110.66	104.52	95.66	77.20	88.15	96.65	74.83	110.88	128.17	105.59	88.19	86.46	96.17	104.43	83.31	121.55
QG37_02712	125.19	125.56	68.09	69.41	112.81	111.70	111.11	119.21	153.63	97.41	90.89	99.50	113.42	117.23	115.72	123.56	156.84	159.89	139.17	114.67	132.96	115.71	126.36	103.70	104.73	150.17	108.02	126.44	104.17	22.83	74.73	143.54	136.26	126.99	109.86	92.30	108.15	103.19	97.47	121.32	140.27	129.56	102.49	51.54	70.12	81.69	70.20	108.30
QG37_02713	136.68	133.73	78.20	70.96	134.74	127.34	124.93	125.90	132.32	94.12	79.63	101.15	94.07	93.44	103.61	118.55	155.74	170.85	148.40	115.41	147.13	129.25	135.71	98.14	138.80	156.20	100.15	126.76	106.17	40.14	82.17	118.13	145.89	117.78	117.15	102.06	103.83	117.59	88.70	137.88	149.75	125.88	88.41	95.69	109.63	109.33	89.59	150.69
QG37_02714	137.30	142.56	78.49	83.68	122.28	127.09	122.13	128.67	132.14	108.39	95.05	99.04	108.71	111.17	109.52	127.04	143.62	157.66	141.36	124.75	131.55	119.13	135.02	105.00	132.40	147.45	101.31	139.45	109.62	30.38	78.04	118.79	139.08	119.37	126.16	100.33	108.50	123.73	106.51	127.74	152.48	131.06	106.43	101.16	115.13	115.97	108.88	145.19
QG37_02715	103.46	96.79	56.66	64.20	102.73	88.90	100.67	106.03	112.55	88.27	86.31	87.48	103.49	93.18	94.20	92.82	127.93	138.53	125.54	104.39	108.01	108.80	108.00	95.19	98.96	120.47	95.04	99.54	92.08	21.03	60.93	101.52	114.61	94.66	94.19	74.16	85.80	99.43	74.45	103.62	124.00	104.68	88.76	70.53	101.24	104.10	91.30	129.73
QG37_02716	108.95	112.39	61.92	67.09	103.80	108.10	96.19	106.01	106.57	97.53	83.89	84.58	90.57	98.62	98.13	98.74	122.07	141.92	128.07	106.14	102.23	116.91	126.68	96.55	113.51	121.90	90.15	102.95	90.92	23.90	66.16	108.53	115.95	95.32	103.19	80.11	97.78	111.45	96.64	98.34	125.00	108.12	90.55	83.30	102.96	97.41	94.95	135.89
QG37_02717	117.81	99.36	54.43	52.94	87.61	95.94	78.68	87.16	108.70	90.17	70.94	77.07	91.95	90.99	83.58	88.28	123.46	116.71	115.21	101.00	84.96	98.05	92.61	70.31	122.77	122.94	99.13	113.10	89.79	30.86	47.44	97.45	127.24	101.64	90.09	81.44	93.41	96.53	81.22	127.78	131.09	116.54	95.15	56.03	65.23	67.29	54.68	87.10
QG37_02718	122.09	113.85	71.61	71.59	102.82	107.16	106.79	104.27	114.01	96.13	82.59	78.48	97.23	100.32	92.96	103.14	133.19	130.48	125.36	107.95	108.99	110.19	119.71	97.12	123.59	121.44	94.17	115.19	90.78	30.70	66.99	110.11	125.88	110.15	112.00	89.17	94.01	97.86	83.46	107.63	129.40	130.39	89.13	87.69	111.73	110.12	91.91	126.73
QG37_02719	129.58	127.99	64.68	76.43	113.06	121.60	114.07	110.95	136.10	112.50	91.66	96.64	97.12	113.34	108.04	117.58	132.86	158.28	136.22	130.56	120.21	129.29	131.13	104.43	134.76	139.60	97.28	133.22	106.94	28.29	69.90	126.02	143.69	121.89	114.39	91.22	114.91	109.62	98.88	125.03	126.56	121.07	94.74	96.71	113.98	117.08	97.36	153.73
QG37_02720	149.75	145.71	71.35	76.73	144.77	138.71	116.16	142.82	170.99	118.22	90.51	120.67	117.49	111.94	116.70	132.11	153.91	171.96	143.46	153.95	142.88	137.32	140.29	140.89	140.48	131.72	128.87	163.01	121.93	31.22	87.92	140.02	163.69	151.48	132.20	112.54	140.74	148.27	101.42	159.63	140.40	159.22	102.72	105.92	125.08	119.29	110.07	148.13
QG37_02721	125.42	133.24	66.38	83.30	122.14	111.96	123.50	124.39	136.67	141.49	100.27	110.12	98.46	104.35	118.51	102.23	143.63	164.30	137.89	148.03	133.10	143.90	140.25	127.56	144.57	141.75	131.13	142.91	105.89	27.36	86.93	120.08	157.51	144.17	102.28	100.59	117.22	121.40	98.99	134.09	151.96	139.97	97.31	116.82	115.64	120.92	117.14	149.27
QG37_02722	122.11	122.92	72.85	70.00	119.12	115.61	107.86	124.89	135.34	108.79	101.67	101.80	91.58	96.96	81.46	116.92	136.83	157.87	140.45	103.76	108.89	128.59	127.44	88.98	139.05	131.80	102.36	143.86	100.78	28.73	75.29	122.85	128.04	122.71	97.43	110.16	116.23	98.38	90.75	129.63	120.61	133.83	91.80	87.45	114.66	114.02	103.89	132.70
QG37_02723	97.04	118.65	59.98	78.53	95.59	100.99	109.27	125.84	130.42	112.36	82.91	94.01	106.78	107.29	99.52	118.85	149.02	133.52	114.62	126.49	114.72	113.41	136.96	93.67	116.13	121.60	89.29	103.34	107.18	23.22	63.75	114.76	115.85	113.93	116.80	77.28	96.53	92.33	73.72	111.15	122.59	100.33	89.95	89.76	96.46	103.25	107.66	153.39
QG37_02724	116.79	112.52	68.66	67.67	104.02	119.78	107.88	122.50	124.97	110.00	92.34	86.61	101.46	112.07	102.59	116.60	130.76	138.12	125.91	109.60	124.45	112.85	132.86	106.47	115.99	145.57	98.93	125.90	95.52	25.31	69.78	119.40	123.66	109.93	99.27	79.34	101.57	118.45	95.97	119.94	141.37	102.52	98.81	85.21	121.85	120.23	102.99	131.46
QG37_02725	129.44	127.27	66.66	73.88	118.03	111.88	114.38	117.99	133.66	117.75	93.04	97.12	104.31	109.64	107.44	108.43	149.00	158.57	141.16	110.41	123.45	127.30	136.02	104.64	123.04	147.10	100.62	120.48	103.12	30.26	73.77	130.55	139.07	119.16	111.82	94.49	107.44	119.42	92.19	135.62	143.28	129.64	100.32	95.41	115.90	117.54	109.56	148.36
QG37_02726	102.91	121.96	66.15	63.95	104.77	106.44	100.30	106.34	109.61	101.09	81.24	91.38	90.39	95.80	97.82	106.46	122.15	142.65	121.75	111.64	99.03	109.84	126.77	94.18	118.79	134.45	83.52	104.44	97.78	30.22	64.52	110.92	118.09	124.70	100.80	74.24	102.72	105.50	79.99	109.69	131.19	128.06	87.65	89.63	104.76	119.42	104.52	144.29
QG37_02727	110.65	109.34	57.52	66.43	97.88	92.95	89.30	99.92	108.56	92.34	70.97	82.84	89.07	91.25	84.35	98.66	111.72	149.05	124.56	100.12	100.67	99.39	112.91	90.39	102.97	112.13	87.72	104.46	90.32	22.86	65.88	99.01	111.58	91.70	91.10	81.39	97.35	100.74	86.60	105.02	136.51	118.90	86.57	89.83	97.93	110.70	91.65	116.43
QG37_02728	95.46	96.01	49.54	56.03	94.72	86.17	86.15	98.28	99.02	75.81	66.86	46.99	81.92	68.08	68.46	70.01	112.04	106.17	96.57	77.39	103.86	112.53	93.27	77.58	93.46	88.22	84.52	92.06	83.81	18.52	55.31	74.88	97.16	84.95	77.85	64.61	80.17	79.82	69.11	100.79	132.23	100.69	81.52	71.85	90.08	83.50	78.65	104.05
QG37_02729	126.80	108.22	54.14	73.55	100.64	101.25	92.67	104.81	125.23	102.47	87.48	90.66	89.28	105.69	94.99	111.67	129.14	155.13	116.08	91.88	110.34	112.10	143.84	112.67	121.55	150.62	93.24	114.46	98.23	30.10	74.34	107.50	111.51	109.78	101.51	85.06	87.06	120.58	78.21	123.37	130.22	117.24	83.71	76.69	89.54	95.72	89.98	123.21
QG37_02730	117.13	102.94	53.93	60.58	116.13	99.83	92.81	105.80	105.29	99.44	86.35	108.84	83.06	94.62	114.67	106.41	130.07	152.25	120.22	86.52	107.18	116.75	119.43	106.37	126.03	129.59	88.33	111.99	107.09	40.40	72.01	115.60	113.63	106.24	99.35	83.25	104.16	107.70	89.05	114.25	117.56	110.98	80.88	69.63	89.24	81.83	91.94	102.96
QG37_02731	116.70	114.71	62.65	68.13	112.31	103.31	103.89	109.94	114.37	95.88	87.06	85.72	90.85	100.22	105.05	98.41	125.83	137.22	116.96	99.64	108.10	106.48	113.33	109.49	109.22	124.32	92.47	111.87	89.42	27.73	67.18	110.07	114.21	119.00	102.79	93.53	95.75	111.80	88.51	113.18	134.62	112.16	81.19	85.09	100.62	102.81	92.89	121.05
QG37_02732	126.09	142.95	68.57	87.38	125.45	112.69	93.92	112.99	123.01	126.99	111.23	98.54	95.77	107.35	100.19	113.68	146.97	158.23	124.99	108.73	111.49	121.70	150.54	103.15	120.77	166.89	106.84	136.62	108.08	31.63	68.49	103.85	117.11	131.88	110.30	89.91	92.97	103.69	64.30	125.17	127.45	132.84	91.24	96.63	131.71	100.10	105.88	126.50
QG37_02733	27.86	65.90	38.07	31.96	61.65	54.66	50.93	57.29	78.62	50.12	48.20	49.25	40.11	53.67	51.05	55.00	63.89	82.01	62.55	48.56	61.19	54.06	70.40	51.99	52.52	80.68	54.32	66.23	52.40	14.18	36.00	61.27	110.81	51.45	55.85	33.98	52.69	55.93	42.24	64.25	64.95	53.80	43.79	38.47	59.67	54.15	47.73	74.72
QG37_02734	95.90	100.33	51.84	57.71	85.27	78.45	79.60	88.38	110.91	82.74	63.82	79.19	63.51	79.76	78.47	86.47	102.11	98.23	114.13	93.86	90.78	85.48	97.59	80.46	85.22	98.96	83.15	96.26	85.81	20.56	42.83	96.86	115.00	94.00	84.74	59.11	71.52	77.07	61.96	83.97	103.94	97.77	67.33	63.65	87.48	82.79	77.89	99.78
QG37_02735	22.56	50.00	24.57	24.27	47.83	48.85	42.62	45.25	55.01	45.19	21.77	46.75	33.28	34.63	38.26	27.99	39.42	48.15	60.51	40.41	56.62	44.36	46.67	45.02	47.22	46.37	33.31	45.78	43.25	14.79	37.96	47.98	58.95	44.86	34.25	26.72	42.68	41.26	33.04	56.86	44.93	51.20	33.95	56.01	88.57	78.33	63.62	98.15
QG37_02736	82.00	93.64	48.97	42.00	73.83	84.06	69.30	82.92	101.11	77.28	46.45	58.88	61.31	72.11	71.00	50.84	96.92	96.22	101.81	75.71	82.47	88.50	67.42	79.93	86.52	89.07	58.90	84.05	73.01	16.78	47.48	81.30	86.86	86.15	63.71	58.10	71.57	71.81	39.91	83.27	81.32	101.30	66.95	65.34	108.03	103.41	95.39	159.70
QG37_02737	110.71	110.06	65.30	57.17	98.78	99.94	95.19	102.34	113.67	92.65	66.95	79.02	80.09	90.11	94.70	108.91	129.44	137.56	132.22	94.78	113.68	104.01	116.80	93.29	110.46	127.60	91.98	104.03	77.20	29.10	56.59	110.18	132.38	118.72	95.24	81.52	90.31	101.59	81.04	115.10	124.53	117.70	87.27	73.34	98.91	115.98	94.11	150.32
QG37_02738	115.52	116.85	71.55	78.38	108.85	108.36	112.41	126.10	125.89	106.96	94.43	92.93	96.34	99.81	108.99	122.89	139.11	143.48	130.15	117.28	130.76	120.35	131.87	102.47	116.04	159.11	107.82	113.19	107.00	33.21	77.11	124.42	133.38	116.65	108.93	92.21	107.46	116.81	87.15	128.83	142.32	148.67	100.38	93.61	114.04	119.25	111.13	157.13
QG37_02739	98.29	112.09	75.20	77.16	100.61	95.27	100.80	120.89	115.39	104.72	81.98	88.44	102.99	99.87	101.99	119.89	145.25	147.40	132.53	111.12	111.55	114.29	126.09	117.01	107.17	148.80	104.12	112.67	91.19	33.10	66.42	125.69	121.31	98.93	95.81	96.14	107.68	107.28	88.03	135.60	142.94	138.52	97.45	94.18	101.35	122.82	103.43	136.18
QG37_02740	109.14	102.50	64.27	64.22	112.08	100.06	96.86	105.80	107.85	100.62	84.23	96.81	87.79	105.13	85.34	113.68	134.76	137.11	126.58	108.21	108.65	111.22	111.80	99.46	116.54	124.52	93.21	104.80	94.96	24.03	62.78	111.69	106.89	114.92	102.35	85.84	119.31	111.72	80.54	111.67	128.63	118.32	86.72	75.62	89.70	79.88	74.13	116.42
QG37_02741	138.37	113.60	81.36	50.65	117.28	102.81	108.33	99.02	119.46	105.70	74.93	95.66	101.83	113.10	92.50	118.68	124.74	125.91	140.07	99.66	108.95	113.78	113.46	102.60	120.26	138.75	102.36	122.22	117.70	33.41	70.33	129.58	114.34	105.37	115.02	91.92	101.12	122.81	79.57	110.30	118.18	146.71	74.43	50.99	73.60	58.39	67.23	73.91
QG37_02742	111.98	124.11	77.10	53.56	102.87	91.53	113.30	98.58	121.26	99.76	91.08	101.80	90.65	102.27	103.50	85.07	143.46	133.58	127.36	98.98	108.56	127.25	123.20	116.03	113.06	134.41	102.16	143.58	111.16	37.26	74.39	133.38	130.36	112.70	106.33	84.73	99.30	131.13	96.91	125.58	126.72	144.37	79.69	73.52	95.84	112.97	98.94	126.33
QG37_02743	115.53	116.55	65.84	63.48	100.65	103.63	110.53	106.95	118.19	106.27	96.89	86.78	84.21	95.00	103.22	110.72	141.66	148.15	122.15	92.17	115.62	108.17	125.27	100.35	115.48	149.26	93.60	117.03	91.33	32.01	72.10	126.05	122.04	105.28	96.85	83.53	93.22	98.81	85.33	121.21	124.41	107.33	93.54	99.53	115.06	108.24	104.42	138.53
QG37_02744	118.95	117.19	62.97	68.69	106.31	103.16	110.65	100.64	114.51	105.24	80.83	83.00	88.72	97.25	98.98	113.35	119.92	138.27	123.67	109.57	106.85	109.63	116.46	89.97	124.37	131.15	91.09	118.48	93.12	25.54	68.07	104.57	128.12	113.30	101.86	88.07	102.22	104.90	81.76	115.40	117.27	105.51	95.18	91.31	103.00	108.47	102.61	121.17
QG37_02745	87.33	91.67	40.07	49.48	76.13	83.94	84.29	84.05	79.72	69.58	59.90	80.20	72.57	81.10	76.39	85.13	99.53	106.66	101.90	93.84	90.84	91.08	89.36	72.17	93.34	113.55	71.64	73.30	62.89	24.64	54.34	87.09	93.35	72.39	82.20	77.83	79.82	86.41	56.78	84.69	107.11	89.74	63.67	68.77	78.67	81.40	78.27	108.82
QG37_02746	80.69	92.50	45.51	63.89	71.99	73.01	94.04	102.32	88.28	71.21	67.63	74.94	67.19	75.13	69.33	86.38	108.22	110.50	100.56	85.97	75.79	95.00	109.21	71.02	87.26	99.87	81.56	86.80	79.18	23.44	61.00	104.98	89.65	67.55	78.19	76.66	80.13	91.91	57.00	92.39	98.48	93.17	80.16	68.45	93.32	100.60	69.25	122.96
QG37_02747	28.89	67.87	30.09	27.20	50.07	42.61	58.26	57.81	46.91	45.40	37.58	38.70	35.19	46.26	44.63	33.65	54.33	59.24	61.08	46.20	59.30	46.00	52.16	43.69	56.84	70.95	50.00	49.82	36.90	10.63	24.98	52.59	79.61	49.83	59.95	36.87	51.07	47.15	43.72	50.27	62.12	60.54	50.65	49.28	82.23	80.76	67.17	86.76
QG37_02748	125.33	85.70	51.96	45.82	68.14	71.82	69.15	71.67	78.02	71.20	50.54	63.11	58.78	65.44	66.76	57.35	88.82	90.24	88.84	70.87	76.51	76.07	77.59	65.16	74.37	92.60	61.34	85.33	56.80	18.29	49.37	77.50	102.99	82.92	78.73	66.02	84.03	77.34	61.03	79.91	94.42	79.05	65.90	83.81	128.87	118.57	89.08	142.00
QG37_02749	94.25	95.86	46.67	45.78	72.52	66.60	75.87	73.85	93.63	69.13	61.28	57.78	63.93	75.41	61.90	71.46	109.56	99.68	87.21	84.06	78.19	73.39	72.85	64.93	74.96	92.98	62.00	90.13	67.91	12.55	46.69	77.12	91.98	75.21	80.59	61.26	72.63	76.75	56.79	72.42	94.42	81.15	64.33	68.82	95.33	82.48	73.19	107.87
QG37_02750	62.46	64.18	37.74	36.65	58.05	47.42	49.89	67.71	68.11	48.95	47.43	44.16	46.22	60.66	51.59	69.90	72.28	73.07	64.67	63.40	60.26	72.94	68.16	46.61	59.96	69.77	43.68	68.46	54.55	12.74	38.78	62.96	70.35	57.08	63.81	57.16	72.09	72.67	60.51	68.21	83.27	73.32	56.15	45.80	53.27	58.30	48.48	79.86
QG37_02751	112.73	99.84	65.71	50.00	112.42	91.80	91.72	107.94	104.98	75.91	76.26	93.03	74.60	85.66	96.91	94.98	122.88	132.50	129.75	93.91	87.88	84.58	107.12	88.53	104.60	132.57	103.33	115.23	80.70	28.80	65.33	112.04	144.01	103.53	123.47	77.05	105.47	109.95	88.26	103.42	119.28	124.09	93.23	75.61	102.78	93.95	78.19	136.12
QG37_02752	103.83	119.62	69.94	56.36	119.83	98.40	100.79	89.21	100.52	83.55	79.83	75.32	79.23	83.44	99.94	107.05	129.92	163.23	136.68	111.90	94.96	118.37	123.05	73.29	102.19	124.74	112.17	114.81	101.26	30.60	66.81	109.90	150.21	109.06	111.27	89.81	96.87	118.87	79.72	102.47	136.41	120.79	76.08	74.42	107.63	106.37	101.53	121.70
QG37_02753	110.33	108.23	64.04	56.83	92.74	94.51	99.48	99.58	115.07	88.86	75.69	82.44	82.11	84.47	89.07	110.75	132.14	143.38	121.90	98.02	99.47	106.14	122.20	82.75	101.79	129.73	95.44	115.82	97.67	23.04	69.80	105.52	123.08	107.77	99.90	89.18	81.78	109.31	75.69	104.27	124.18	133.22	71.52	79.15	92.51	100.78	84.16	110.56
QG37_02754	122.02	108.84	70.07	66.17	108.73	108.49	109.38	115.08	124.56	107.63	89.86	93.19	90.76	112.79	97.39	113.33	132.13	137.30	125.69	113.04	103.76	107.41	126.36	102.23	110.67	136.06	89.63	128.69	97.30	29.75	61.52	111.82	123.93	119.13	101.87	85.89	98.78	112.37	94.03	115.37	134.59	113.06	89.96	91.28	111.05	111.61	93.39	129.62
QG37_08411	101.86	103.90	58.79	54.58	104.92	82.53	90.54	83.38	108.43	95.70	63.32	83.15	84.24	98.39	80.15	97.06	98.81	91.38	111.99	82.12	82.89	91.47	87.36	73.19	101.69	114.79	85.44	120.74	74.23	40.25	70.54	97.42	112.36	97.45	98.96	85.59	99.17	88.13	74.62	73.22	109.02	104.71	77.29	64.53	92.27	106.64	90.01	106.13
QG37_02756	121.35	101.14	70.90	71.14	111.08	110.60	122.58	119.21	122.91	109.60	95.21	104.21	104.65	104.35	94.53	115.66	147.00	143.87	134.13	121.65	127.79	127.23	138.62	101.80	116.11	157.12	101.36	133.52	101.18	26.80	68.20	121.79	137.26	117.18	105.63	87.25	101.52	114.98	97.80	125.51	148.57	132.68	88.11	98.15	101.01	121.14	96.16	148.07
QG37_02757	119.87	89.07	54.73	64.53	90.10	90.78	92.11	97.06	110.47	91.03	74.96	75.17	93.89	80.29	93.32	104.33	119.00	123.07	120.67	99.82	103.81	109.79	115.84	88.85	97.90	134.50	77.56	101.04	84.72	26.95	65.10	107.21	108.78	89.25	98.20	77.30	97.43	87.99	97.93	98.99	116.92	92.30	73.22	71.72	94.74	103.89	78.90	107.71
QG37_02758	113.98	118.14	60.75	73.17	111.63	113.74	116.30	109.54	111.30	103.25	74.32	91.60	95.62	98.67	85.30	104.31	131.01	139.63	133.44	112.47	114.87	106.37	116.25	89.90	118.43	142.18	82.32	121.27	99.29	29.40	69.94	103.45	119.07	115.81	94.56	81.11	108.11	113.31	74.23	107.73	144.72	119.03	81.94	82.06	112.58	105.07	117.47	109.02
QG37_02759	108.72	113.39	61.71	69.67	99.52	96.53	99.95	108.65	112.44	100.70	77.35	85.97	86.07	92.98	90.96	109.56	124.88	135.33	116.79	100.46	103.95	105.45	113.94	87.18	109.43	128.72	91.52	106.64	88.52	27.48	69.30	108.59	118.37	102.42	98.04	78.81	100.70	98.79	77.66	111.27	129.04	114.04	79.17	85.45	94.10	107.67	88.66	123.58
QG37_02760	113.19	96.61	48.46	43.08	88.26	87.54	93.63	88.72	105.31	85.59	81.17	73.32	70.65	105.16	86.24	95.16	103.31	113.95	120.48	105.31	86.55	90.37	110.19	69.42	74.55	104.49	88.16	97.23	61.05	23.43	56.53	89.00	113.79	88.58	106.69	87.41	83.10	81.21	70.50	112.43	124.84	124.92	70.41	75.05	80.82	91.41	73.02	94.91
QG37_02761	89.06	108.53	56.79	36.93	115.17	97.32	89.98	85.69	113.12	97.32	64.13	79.51	62.96	96.33	78.97	105.77	119.81	113.50	96.10	89.18	78.12	90.42	106.00	71.18	68.25	101.98	100.54	93.16	64.82	26.85	61.80	94.02	100.27	80.45	91.08	80.84	81.71	72.74	72.08	88.67	91.59	95.95	65.63	65.70	76.42	90.18	73.18	86.56
QG37_02762	115.19	108.16	56.98	69.74	95.17	95.25	92.71	101.82	97.26	86.58	70.92	73.77	78.53	97.30	81.88	90.82	124.69	124.28	110.98	102.19	100.49	102.43	100.86	75.82	87.26	110.09	79.71	97.79	84.74	20.88	51.02	93.93	115.59	99.51	87.45	79.23	91.71	105.13	71.87	94.04	111.79	99.76	73.64	74.80	86.45	92.66	78.51	105.47
QG37_02763	131.28	127.68	73.59	66.42	112.84	115.98	116.53	115.32	125.19	116.82	92.65	93.73	96.80	107.44	102.00	114.29	139.48	149.86	137.43	125.19	109.64	121.03	129.23	104.93	122.63	153.27	108.71	129.16	108.20	29.78	71.68	124.42	136.80	114.81	104.10	91.25	108.65	111.20	97.73	123.32	152.22	122.66	95.47	83.41	110.11	111.77	102.12	137.23
QG37_02764	134.88	157.78	82.98	82.70	100.21	147.83	133.53	138.06	153.82	104.69	95.50	109.09	112.14	108.33	107.64	104.13	159.32	165.19	135.65	121.18	120.56	131.24	126.69	111.81	147.69	173.67	131.30	139.61	112.48	40.83	85.38	117.75	135.53	106.65	107.08	92.99	91.85	110.30	87.63	131.53	152.16	133.51	108.24	87.23	119.53	120.86	106.21	158.47
QG37_02765	131.90	100.68	59.82	76.46	106.39	114.69	114.76	134.30	133.71	99.77	84.37	87.18	105.44	117.50	116.37	110.01	116.44	136.31	120.30	105.78	115.50	100.81	117.84	102.22	111.37	113.11	87.20	125.27	117.97	33.55	68.27	125.64	133.61	136.16	110.20	89.25	92.64	109.07	85.62	132.09	114.42	139.75	96.32	83.10	100.11	109.96	91.65	137.90
QG37_02766	125.09	133.67	75.73	67.50	109.97	114.13	111.57	125.31	134.37	113.71	95.11	101.65	105.05	103.76	105.47	114.82	134.87	148.99	133.51	117.92	110.40	113.19	127.92	96.92	117.57	149.82	102.31	126.12	103.31	29.36	68.52	129.16	136.95	118.05	118.99	99.18	107.04	117.24	86.97	118.02	131.25	123.21	92.84	90.82	104.36	110.69	97.03	145.42
QG37_02767	126.74	124.69	72.89	76.55	102.48	115.70	114.24	114.81	122.02	94.74	96.36	94.45	94.74	97.36	100.21	122.71	129.05	142.46	139.51	125.63	109.47	117.26	124.09	93.13	118.37	136.66	98.86	135.03	92.70	26.97	64.30	111.16	133.21	114.64	94.89	93.36	94.56	115.91	81.55	126.03	132.21	119.03	97.59	89.67	111.37	107.72	97.33	135.48
QG37_02768	126.66	115.12	69.51	83.80	108.54	111.19	99.86	115.41	124.01	117.23	94.36	90.40	90.29	102.81	89.85	116.57	127.65	150.12	151.46	115.55	93.70	119.46	122.29	91.60	109.76	138.91	101.80	131.08	108.91	26.95	55.68	110.39	141.54	126.20	107.66	91.05	98.96	114.81	78.06	126.38	138.26	129.99	102.93	87.74	105.07	113.16	104.14	131.43
QG37_02769	120.61	117.02	71.28	77.51	119.82	108.12	112.51	124.04	127.18	97.96	93.46	86.42	92.08	114.70	90.77	108.15	130.08	145.51	134.44	108.56	108.42	114.27	117.71	100.27	115.62	139.10	89.87	134.16	104.32	24.23	58.77	107.79	135.19	111.88	100.45	87.03	86.07	102.22	80.06	111.09	138.39	122.42	85.11	79.09	104.98	103.82	88.12	122.72
QG37_02770	131.26	134.04	88.96	84.25	116.77	129.45	137.58	121.87	147.91	120.53	88.96	99.53	123.88	114.67	100.29	109.64	123.43	159.32	133.51	120.56	102.36	120.01	130.22	108.18	123.99	143.72	102.82	102.45	114.43	36.16	55.19	111.67	118.19	117.43	109.74	88.18	104.70	114.43	100.39	121.13	150.60	139.57	89.73	95.71	126.19	119.75	108.60	126.87
QG37_02771	136.86	130.18	74.72	68.66	125.92	127.45	132.26	114.96	125.21	106.40	86.38	101.83	105.13	104.74	106.70	110.97	141.06	145.45	125.97	122.56	133.07	116.20	128.52	102.63	121.02	150.27	104.57	114.47	98.64	24.78	60.77	111.04	135.24	123.18	103.93	87.23	92.75	119.60	88.45	112.58	159.69	128.12	96.49	91.39	111.49	105.62	98.51	132.01
QG37_02772	133.27	94.97	74.01	65.13	111.60	115.79	112.60	105.53	128.22	101.52	83.61	98.02	92.88	99.29	113.19	108.63	138.71	140.36	117.89	102.72	111.88	111.03	132.82	99.89	107.59	135.79	89.38	111.38	88.07	18.12	64.48	110.02	117.99	108.95	97.94	88.00	91.86	101.90	83.28	115.42	141.26	104.86	82.53	83.00	96.44	92.29	88.64	126.38
QG37_02773	125.58	139.49	74.93	56.16	120.09	113.56	121.52	125.64	133.16	119.63	93.95	101.49	112.65	114.18	98.08	117.10	143.95	146.38	141.83	121.19	123.46	125.88	132.74	111.56	121.06	145.12	96.64	125.13	107.30	28.78	69.47	114.84	137.40	120.96	105.31	83.06	104.33	105.17	89.59	127.95	137.94	125.75	82.94	90.44	100.42	111.56	110.25	132.06
QG37_02775	136.36	138.21	71.35	82.34	115.17	129.75	126.73	122.29	127.12	123.64	96.74	96.59	116.93	115.57	101.12	108.48	163.64	175.99	159.11	135.29	120.75	120.93	146.25	133.36	146.14	152.78	101.10	138.01	128.03	29.65	77.41	117.28	136.28	126.13	112.69	102.30	105.45	130.83	85.78	143.50	155.29	126.09	91.88	78.82	123.20	105.54	107.04	160.39
QG37_02776	123.57	137.58	75.60	68.41	128.19	117.86	109.76	119.32	125.25	96.53	88.83	92.86	105.33	92.97	108.70	120.66	124.92	142.60	140.03	94.15	120.14	121.87	134.34	107.26	133.23	134.30	95.65	130.82	107.50	26.78	73.95	107.63	125.02	125.00	115.57	78.16	89.14	119.62	87.79	114.95	139.67	127.88	84.07	86.58	109.63	116.02	101.63	150.86
QG37_02777	69.71	70.45	43.67	35.65	72.86	77.03	60.13	56.44	66.48	62.66	52.10	47.69	55.33	54.50	54.15	72.14	73.22	84.27	70.18	66.91	57.34	59.34	68.00	52.05	80.63	76.85	55.85	68.07	54.79	13.32	41.73	70.60	77.56	65.23	49.92	51.12	58.32	68.38	46.75	70.09	68.95	68.88	46.47	52.25	70.15	69.95	57.13	95.01
QG37_02778	111.35	120.90	67.38	62.36	106.99	114.64	114.16	106.80	118.14	106.16	78.93	82.76	97.09	104.04	106.21	104.06	133.22	145.59	125.58	107.17	119.67	118.07	130.95	105.05	110.06	144.83	90.56	116.27	104.64	25.46	68.16	119.66	125.85	105.93	95.89	86.94	91.04	109.66	83.98	112.36	131.39	113.70	95.01	95.62	94.55	109.92	92.76	122.91
QG37_02779	102.09	106.77	61.16	59.66	102.55	104.62	87.36	96.98	108.33	86.42	70.67	80.92	80.77	97.41	79.39	108.90	125.49	140.22	117.61	93.42	113.03	107.42	117.96	112.15	91.72	115.76	82.62	89.50	87.46	22.95	57.10	84.76	109.06	107.58	95.13	88.88	85.68	98.43	83.45	102.36	120.66	108.99	87.69	85.85	102.70	104.00	85.50	121.87
QG37_08412	124.32	119.62	67.93	77.09	90.77	112.96	96.89	96.01	113.65	92.05	79.89	89.65	82.95	107.09	99.00	111.65	152.95	148.95	126.16	100.26	110.97	105.11	106.89	117.22	99.18	117.58	104.55	101.43	76.16	22.65	62.74	103.76	93.28	114.58	117.55	88.85	121.59	118.66	93.49	129.45	142.57	110.16	82.20	87.27	113.62	97.45	102.49	112.28
QG37_02780	124.25	105.76	67.04	69.22	83.25	103.23	101.92	105.54	113.18	106.59	77.76	94.79	83.18	95.98	97.61	113.68	136.74	142.63	114.49	93.44	108.71	103.43	115.65	99.06	113.45	117.89	83.49	111.41	91.18	26.51	62.40	100.19	117.51	110.67	107.84	91.11	105.44	116.42	81.74	116.88	133.05	106.60	89.69	81.96	110.99	94.12	99.97	114.49
QG37_02781	115.40	112.01	58.57	67.05	103.57	92.56	105.17	103.22	102.37	89.91	72.29	82.92	80.93	97.38	96.89	96.10	134.22	146.18	127.27	102.53	107.89	113.34	131.95	89.77	118.69	128.26	87.48	121.31	88.96	28.04	65.56	108.33	114.26	104.83	102.32	76.55	88.03	98.17	84.10	106.83	126.77	112.41	95.63	83.56	116.92	106.46	95.03	126.07
QG37_02782	91.77	103.95	70.89	76.82	104.09	106.28	77.45	109.68	122.13	80.99	99.61	86.33	95.68	102.62	93.20	86.84	128.33	146.82	129.45	104.94	91.58	103.05	128.36	98.50	126.14	141.35	94.12	114.26	83.96	34.94	68.88	123.94	121.34	108.57	103.16	87.39	90.27	82.68	98.86	116.50	125.27	102.39	86.97	93.62	102.77	104.86	102.10	152.59
QG37_02783	119.61	122.94	73.40	76.80	111.04	108.38	129.45	113.58	140.16	122.43	94.34	93.07	97.89	99.23	95.06	129.82	118.98	154.01	115.12	110.08	103.29	107.49	113.16	105.98	121.86	157.49	100.97	142.10	101.95	30.10	78.43	131.99	163.67	113.20	114.21	91.19	111.22	102.44	110.02	109.12	118.41	115.83	71.36	89.04	104.83	103.23	78.96	120.81
QG37_02784	113.22	119.55	58.83	56.30	103.60	95.07	84.80	97.18	106.48	97.61	66.78	84.50	88.08	86.57	87.12	96.14	125.55	135.82	110.47	92.71	101.15	108.80	122.34	97.60	106.82	118.39	84.02	112.41	87.10	25.79	58.29	98.49	121.81	91.12	100.20	81.03	92.99	98.43	90.46	96.07	121.55	106.41	77.82	83.49	84.40	110.08	76.78	118.37
QG37_02787	120.22	102.25	72.99	74.86	96.37	102.86	110.16	112.00	112.70	109.20	77.22	82.47	98.10	100.58	73.22	107.47	119.73	144.18	120.11	114.57	133.21	99.01	114.17	87.11	117.70	132.25	103.58	96.35	84.88	20.66	65.38	104.88	125.78	101.83	118.25	83.59	94.76	121.07	77.93	98.88	148.13	112.07	82.03	111.54	101.33	118.58	93.60	124.21
QG37_02788	114.61	120.04	67.58	61.65	101.88	104.87	107.54	114.15	123.02	100.41	84.05	85.13	93.01	96.84	93.24	114.40	129.96	141.54	120.23	112.40	117.06	113.16	126.33	108.81	109.51	137.07	89.70	107.30	96.94	25.54	62.80	115.70	119.37	109.14	103.98	82.19	92.08	103.53	84.95	107.68	130.36	126.68	94.19	85.07	108.91	115.69	93.71	132.09
QG37_02789	104.70	121.69	50.20	71.34	95.06	98.26	97.06	92.71	114.56	92.94	81.20	78.26	98.96	89.94	94.58	110.60	114.30	125.19	129.10	97.18	114.45	101.56	116.39	105.96	100.44	128.34	84.29	98.26	84.14	29.99	56.48	111.86	106.51	102.28	99.89	94.38	95.47	100.73	80.12	120.44	117.99	120.79	75.04	95.10	95.20	100.31	86.61	129.74
QG37_02790	134.51	122.00	75.04	69.24	118.74	96.67	125.69	101.56	114.79	91.69	83.36	89.95	88.26	93.64	90.25	99.17	135.84	129.03	124.95	100.03	112.65	128.81	141.62	100.46	103.82	138.92	112.83	123.70	95.26	33.24	75.02	121.56	130.69	110.56	104.70	87.85	105.44	123.90	71.04	115.82	123.81	123.82	81.58	100.36	117.86	132.90	89.95	147.95
QG37_02791	117.68	140.36	66.04	67.24	110.31	103.64	94.41	109.86	113.99	101.26	79.03	98.62	102.45	104.80	99.78	99.67	149.20	151.49	159.28	100.03	123.86	127.34	133.94	101.57	119.92	147.52	105.29	139.21	107.60	29.03	72.70	121.49	136.30	120.17	113.11	90.92	131.59	98.74	106.47	122.43	146.98	115.31	101.59	95.19	115.92	115.73	103.14	158.15
QG37_02792	118.94	122.15	64.97	72.28	115.32	104.10	112.97	103.17	118.31	113.42	93.79	99.73	96.15	99.35	106.52	108.88	137.07	151.79	133.77	113.67	110.85	120.04	127.77	105.67	116.59	140.56	95.16	120.90	95.98	26.11	69.56	107.07	134.62	115.52	99.71	86.63	100.23	109.78	89.85	123.99	133.33	119.80	97.73	92.02	124.86	101.57	100.93	138.62
QG37_02793	117.00	116.50	59.02	73.42	94.30	91.36	96.78	93.15	97.64	96.15	81.31	87.91	89.25	91.96	92.62	97.72	132.62	138.25	117.12	101.10	103.38	111.25	112.02	99.28	111.29	139.85	85.01	114.98	94.50	28.14	75.81	111.79	103.20	114.73	82.03	83.26	98.06	99.57	75.65	107.18	107.39	92.53	70.43	75.21	89.76	111.08	86.55	120.69
QG37_02794	117.25	86.91	51.21	54.02	81.19	69.06	67.96	89.98	74.65	86.74	56.69	63.28	75.03	74.81	70.15	87.97	103.46	95.39	84.28	80.04	74.63	89.21	96.31	86.08	82.45	119.91	55.70	93.83	64.19	24.68	56.85	94.14	78.74	57.57	68.00	50.49	64.74	54.74	51.74	68.75	69.96	62.56	59.56	17.72	28.04	28.94	22.49	33.61
QG37_02795	107.98	118.37	68.26	81.73	103.05	103.11	93.35	122.63	133.87	107.07	92.42	95.41	111.85	93.23	109.07	130.85	126.24	139.23	121.74	99.34	106.70	108.60	135.42	88.15	118.81	126.49	95.18	122.28	86.04	30.90	81.55	118.80	126.63	112.91	108.35	96.98	91.13	118.23	91.95	119.92	111.55	113.49	89.85	68.45	83.86	95.30	74.71	134.29
QG37_02796	111.24	86.33	47.50	49.98	84.46	75.92	91.23	71.66	76.47	86.73	72.54	75.91	67.29	81.71	71.22	93.41	104.09	111.38	114.46	70.47	81.28	97.59	107.50	78.94	90.20	107.33	68.54	99.00	74.34	17.45	59.55	97.90	87.63	88.15	96.19	66.88	80.72	87.20	73.69	90.18	102.46	93.30	67.63	75.53	79.71	75.22	65.05	89.24
QG37_02797	114.67	96.17	71.16	51.95	89.61	98.34	98.45	96.37	118.41	88.57	90.65	94.32	78.82	88.47	69.12	83.60	148.40	133.48	110.80	82.98	100.12	93.25	109.09	73.52	85.60	103.91	81.15	94.07	76.99	20.38	47.03	95.23	75.73	98.95	87.02	62.90	75.87	82.99	73.60	113.19	96.82	97.24	65.92	43.41	54.05	74.86	61.27	80.87
QG37_02798	99.54	108.78	70.97	57.57	84.19	90.12	90.10	101.52	123.13	82.35	85.26	75.51	86.07	103.03	98.57	101.98	122.87	124.60	110.46	109.85	117.49	105.29	98.79	89.96	117.98	135.24	89.23	112.04	83.05	21.00	59.76	104.63	109.98	88.48	91.47	86.55	71.06	103.14	76.86	110.86	113.17	106.08	75.43	84.19	115.86	109.22	90.90	127.81
QG37_02799	106.68	98.95	64.36	62.50	92.33	96.35	94.56	101.63	105.43	90.20	77.65	82.62	78.78	98.39	87.53	101.94	117.95	129.79	110.00	92.89	100.50	106.49	106.12	79.70	109.16	126.25	85.37	107.70	90.16	20.78	72.56	104.98	125.28	110.88	97.11	67.92	94.22	101.51	75.16	111.53	117.64	105.52	77.91	82.26	98.39	98.27	95.99	114.42
QG37_02800	102.25	111.63	61.46	74.86	100.18	95.15	104.90	99.55	116.57	95.11	77.03	83.58	82.52	103.17	98.16	115.62	127.83	143.95	133.52	98.37	111.74	111.78	128.02	98.17	126.67	123.11	94.69	120.14	84.16	23.03	61.60	103.38	123.45	106.46	102.67	89.87	94.64	116.66	86.75	105.43	122.42	113.99	81.89	86.82	93.80	109.10	90.45	152.01
QG37_02801	135.98	115.25	51.03	56.10	79.93	89.48	98.11	103.06	108.63	112.74	96.62	88.64	90.95	110.71	82.61	111.02	117.33	137.70	128.44	114.84	110.13	112.52	127.66	88.75	104.93	118.52	94.66	115.59	96.21	29.89	81.92	119.31	95.91	108.67	99.04	73.54	83.50	94.92	73.83	87.79	117.02	109.68	83.49	76.13	97.28	130.52	102.18	135.78
QG37_02804	109.20	106.80	50.97	64.49	97.03	93.28	93.78	89.98	104.50	83.77	71.54	80.25	80.24	99.24	91.99	100.79	120.65	120.27	107.17	95.86	113.85	105.45	115.74	77.03	108.60	127.81	89.61	102.75	81.36	21.65	63.03	94.90	102.66	104.72	98.66	80.68	90.97	105.18	81.68	95.51	115.43	113.65	84.34	97.07	104.43	98.74	91.24	130.08
QG37_02805	89.15	92.57	52.92	51.05	91.82	84.15	95.95	92.24	100.00	67.10	56.01	76.70	71.77	78.49	83.12	87.61	116.77	118.21	114.73	82.03	96.03	90.23	115.92	85.33	95.03	107.86	81.34	94.83	76.95	24.21	50.93	94.79	101.96	101.26	84.10	76.20	78.95	95.31	77.79	98.66	111.42	102.16	76.50	88.73	84.33	95.69	79.62	112.13
QG37_02806	112.15	110.61	61.84	56.53	112.74	85.47	101.78	107.63	125.59	101.13	84.88	83.18	76.53	106.31	84.47	102.26	134.46	141.40	126.91	121.64	108.36	113.84	127.24	101.67	111.93	124.55	92.19	126.82	87.64	23.83	68.63	108.40	111.71	112.95	117.50	78.36	95.22	123.45	92.27	118.78	131.75	114.55	113.99	90.66	115.19	100.58	99.08	124.31
QG37_02807	120.29	135.37	68.74	71.55	107.89	120.87	115.27	108.41	135.18	114.90	99.26	102.11	99.24	105.64	98.39	109.20	136.05	150.13	132.43	115.45	124.30	121.33	133.03	115.11	135.42	135.56	106.12	130.13	94.43	24.79	84.46	126.19	125.34	109.40	116.61	83.21	114.47	98.96	87.03	123.74	145.49	128.81	100.57	101.85	110.72	131.74	115.08	139.85
QG37_02808	137.70	120.10	73.38	76.45	112.31	103.10	114.50	113.85	123.06	135.15	93.79	105.50	94.53	100.83	116.83	128.17	142.94	146.74	131.15	127.14	121.19	114.94	120.60	131.97	108.34	164.26	109.44	123.61	96.64	31.81	74.96	123.04	119.42	98.59	124.18	98.95	114.21	107.19	94.66	130.97	153.42	113.56	91.67	98.13	135.06	120.67	95.16	148.97
QG37_02809	119.49	114.14	72.49	75.36	116.34	106.81	105.13	119.96	119.86	106.23	91.17	102.57	96.86	107.45	114.38	113.87	146.14	165.39	135.05	107.87	119.16	110.04	146.36	105.56	117.47	142.97	109.78	134.24	114.05	30.77	73.81	124.65	120.21	120.76	117.77	110.08	111.56	108.14	95.57	119.31	137.27	126.62	96.26	96.75	123.50	126.75	100.98	142.00
QG37_02810	111.08	101.98	61.31	62.77	102.51	95.71	98.82	102.99	113.77	85.24	82.31	87.76	90.40	95.92	86.88	102.32	129.27	134.68	109.87	99.08	107.41	107.53	118.34	96.83	112.59	114.40	93.79	107.69	90.06	24.13	55.52	108.48	111.62	106.74	103.28	79.93	93.85	103.82	83.02	112.57	121.26	108.66	87.63	83.72	93.08	101.86	90.23	128.19
QG37_02811	88.20	89.05	44.21	47.63	91.27	83.95	72.38	95.05	115.21	77.36	67.50	74.09	82.41	84.70	66.27	88.54	107.53	132.07	106.73	84.39	89.23	89.36	119.56	80.44	98.68	107.17	78.94	96.83	81.05	15.21	54.53	89.75	102.00	81.31	74.89	64.78	83.89	83.89	68.03	98.43	104.25	87.01	77.60	73.39	101.18	81.61	63.56	107.33
QG37_02812	70.86	100.96	53.02	64.62	82.93	84.17	92.18	87.26	96.98	88.74	71.23	79.98	79.09	71.72	68.49	93.73	93.87	115.59	113.84	100.80	92.77	94.72	99.43	79.86	93.87	122.86	83.85	113.08	90.11	19.46	53.05	94.93	105.27	69.30	82.81	59.57	79.13	74.43	73.08	88.27	84.67	81.54	65.87	61.12	91.77	64.71	72.93	127.27
QG37_02813	125.53	119.68	74.25	79.84	114.76	113.05	105.13	114.33	117.34	103.83	99.09	92.19	102.98	94.44	103.74	117.71	137.51	139.22	143.62	128.12	105.60	119.43	122.19	109.58	116.36	138.74	100.96	134.24	119.84	18.83	78.83	111.07	136.95	105.69	107.17	82.24	108.83	100.16	88.83	101.57	133.15	108.62	86.18	83.26	101.45	85.24	92.99	151.30
QG37_02814	121.45	129.32	64.77	59.74	113.24	116.59	119.44	123.52	130.98	116.07	95.38	106.38	106.22	101.89	105.12	121.40	149.74	155.76	139.59	120.60	136.67	131.97	137.65	123.27	116.90	137.92	98.23	134.36	105.87	36.56	65.55	111.16	133.31	128.64	117.47	91.34	102.49	113.26	91.81	122.86	123.26	125.07	88.45	95.05	109.56	112.60	106.37	139.72
QG37_02815	125.01	124.79	67.20	67.22	108.87	116.87	108.83	106.84	127.98	104.84	87.96	94.42	106.46	100.95	99.71	102.64	143.58	149.23	118.04	112.33	110.00	119.17	135.15	102.27	117.05	137.64	98.31	120.82	85.19	31.69	70.59	114.65	130.73	117.72	107.92	85.08	110.03	112.29	91.66	113.36	139.29	123.54	84.30	91.70	96.41	114.10	93.49	135.10
QG37_02816	120.83	131.38	73.50	71.63	115.79	117.78	113.42	111.03	130.69	112.45	98.09	104.67	103.92	101.65	93.53	114.31	129.81	154.18	131.80	115.63	115.79	118.82	127.76	107.56	128.74	142.47	104.18	130.92	100.47	32.17	70.80	119.98	142.38	113.00	107.75	93.49	103.02	109.05	89.77	127.27	144.50	123.67	94.94	97.96	116.33	109.64	107.40	144.80
QG37_02817	122.11	124.26	71.72	80.60	112.66	124.06	117.71	119.15	121.21	125.10	89.13	96.70	103.50	107.22	101.49	112.84	144.00	146.82	142.83	110.11	133.55	126.31	145.03	107.10	121.82	137.51	116.45	145.50	106.30	30.44	80.51	124.25	142.40	119.97	98.49	93.47	104.58	110.78	103.03	124.57	128.42	124.34	82.23	97.40	129.43	113.93	119.99	152.54
QG37_02818	109.32	108.09	64.47	62.62	109.22	104.99	109.41	114.32	122.35	115.84	91.05	78.42	95.38	98.34	94.29	114.09	130.95	146.74	136.83	113.21	106.98	116.36	117.95	88.19	121.69	133.18	92.06	117.89	96.43	31.16	63.19	114.89	137.16	109.46	100.98	84.46	98.44	109.24	94.08	113.80	136.59	121.22	96.22	83.55	108.82	109.58	95.78	142.61
QG37_02819	122.75	112.47	68.61	67.74	102.02	110.96	106.70	117.64	117.50	100.17	93.80	96.85	108.42	108.43	93.57	114.87	128.37	155.87	128.98	112.25	124.35	118.15	121.49	104.59	112.85	140.16	100.10	119.90	95.02	33.41	62.97	126.53	143.10	108.89	98.65	88.71	101.16	115.74	83.96	109.14	129.02	105.83	88.98	74.90	103.36	100.78	88.97	144.82
QG37_02820	125.91	123.11	72.27	75.67	104.51	114.58	124.12	109.78	130.93	96.39	97.00	102.05	100.65	102.13	93.28	119.77	135.82	134.74	133.12	111.28	112.49	112.63	131.41	104.30	118.35	144.76	94.85	124.91	99.90	28.76	69.72	129.67	130.74	116.89	105.76	92.82	116.46	103.63	96.37	114.43	141.98	142.68	94.18	97.28	115.14	114.06	101.28	143.08
QG37_02821	123.62	117.02	76.96	70.44	104.35	94.62	118.48	116.11	114.49	107.43	90.16	105.55	95.54	96.88	97.02	103.52	145.12	147.89	125.07	118.42	118.17	111.98	126.11	108.70	121.92	136.77	95.63	128.80	104.43	33.65	79.77	115.47	132.77	116.11	117.65	90.98	107.03	110.61	86.40	106.29	134.91	116.96	84.74	86.68	119.40	113.74	96.10	139.95
QG37_02822	141.05	122.28	69.35	71.29	116.19	125.04	126.51	116.19	118.36	121.88	89.94	108.25	115.05	120.90	108.98	102.35	137.36	134.59	127.43	113.50	110.45	125.32	119.20	131.21	114.37	143.28	84.05	112.55	109.80	29.55	63.67	138.94	142.81	105.05	118.10	102.98	95.68	122.29	86.93	116.54	130.69	128.65	100.90	85.38	105.46	128.37	113.09	150.37
QG37_02823	150.33	146.79	82.44	87.26	140.32	134.93	142.12	128.43	140.68	129.17	115.23	103.33	110.42	124.62	112.62	144.56	158.62	156.90	154.39	127.63	144.06	136.88	153.09	118.31	135.40	166.46	104.55	151.37	115.88	35.12	82.53	125.09	154.65	140.26	118.00	113.20	126.25	138.42	97.64	149.17	162.69	154.66	93.24	101.89	124.12	131.29	104.18	151.52
QG37_02824	112.58	130.28	88.94	73.84	127.22	143.80	109.68	127.37	125.75	110.70	111.43	110.35	105.11	108.07	117.09	121.55	141.58	158.43	133.21	135.41	120.84	126.41	162.89	104.91	134.00	150.42	114.28	134.10	105.72	33.27	54.75	120.62	144.12	126.69	112.00	103.41	90.47	112.01	98.64	129.78	126.30	124.31	93.83	108.63	120.76	141.30	119.50	151.37
QG37_02825	130.52	129.16	82.14	77.53	117.90	115.11	118.50	124.74	131.13	109.43	94.67	89.41	100.11	101.11	103.39	124.43	144.45	142.34	130.06	121.92	119.30	123.94	119.21	99.51	123.69	148.25	99.00	124.85	106.13	26.69	69.14	124.24	132.96	117.16	108.45	98.16	96.09	115.01	97.50	118.94	128.93	125.39	79.47	91.88	108.75	121.56	89.48	125.67
QG37_02826	122.65	118.63	68.12	68.59	110.92	110.34	118.63	111.75	120.94	111.01	92.44	93.50	116.31	97.01	99.60	114.31	134.36	142.75	120.84	113.02	128.45	121.69	118.07	100.00	100.66	138.11	91.93	130.93	106.54	27.35	70.02	121.86	126.00	114.22	89.05	83.92	91.13	99.44	74.76	112.17	135.74	110.43	90.24	80.08	101.21	106.40	91.25	136.23
QG37_02827	113.69	102.34	68.51	65.62	97.49	94.96	92.74	123.46	113.85	91.22	81.56	84.66	102.93	88.93	90.45	112.29	106.26	99.46	114.69	104.36	95.60	81.10	99.69	85.41	105.29	131.36	77.75	119.66	79.96	25.55	64.17	101.12	116.45	89.28	92.18	94.22	102.40	83.31	82.82	113.97	111.52	107.31	74.43	80.26	121.26	103.87	80.19	139.46
QG37_02828	144.16	138.96	90.45	94.86	138.25	135.99	130.34	139.32	154.84	143.24	114.58	111.21	138.88	129.42	135.63	144.47	155.50	170.95	150.67	135.03	141.63	150.84	152.43	124.98	145.75	156.59	107.72	152.67	132.53	32.95	86.65	154.01	167.16	157.79	147.79	109.98	129.73	140.87	116.10	149.28	154.16	148.11	108.37	104.19	133.34	135.47	126.31	161.23
QG37_02829	125.21	149.01	86.03	72.84	110.24	112.23	115.13	115.10	136.09	127.37	82.74	102.27	111.08	121.04	106.54	119.63	174.51	142.34	160.91	114.49	122.57	130.99	133.78	102.28	123.09	123.39	118.39	151.49	102.89	28.87	67.86	141.03	124.16	129.70	99.16	84.53	92.30	87.19	85.33	120.62	134.71	125.10	84.14	105.50	117.40	106.22	101.97	124.51
QG37_02830	135.79	126.78	74.55	71.07	112.54	111.16	113.87	107.91	112.26	90.27	106.53	92.93	109.51	111.36	101.04	114.63	128.79	132.00	118.05	108.29	121.13	101.53	111.88	100.47	116.97	147.20	103.67	118.69	92.93	24.17	81.33	115.73	126.90	109.72	108.73	86.33	95.77	101.48	104.83	120.46	141.91	120.41	88.38	68.89	99.23	91.82	81.37	112.42
QG37_02831	112.17	111.00	66.55	68.06	101.06	99.49	108.91	105.81	91.78	90.84	90.62	67.37	84.74	106.51	87.47	96.91	117.34	119.28	113.69	121.09	97.86	106.46	113.61	96.82	101.07	127.27	89.33	106.53	88.18	21.34	70.72	86.44	113.09	100.07	94.44	75.56	85.34	96.34	86.46	120.58	121.48	109.25	96.20	71.08	95.30	81.54	81.66	117.73
QG37_02832	129.27	125.96	70.32	65.16	106.14	115.24	104.00	122.53	131.77	107.07	94.24	91.39	98.92	109.79	92.65	115.17	136.83	146.49	129.23	120.16	114.24	107.10	124.33	97.39	118.31	139.79	105.06	115.95	91.08	27.61	59.45	117.31	124.51	111.54	104.43	88.61	95.18	111.30	81.88	115.24	143.97	110.92	87.44	86.07	107.62	112.44	97.03	127.86
QG37_02833	145.24	140.15	85.35	79.85	127.47	127.38	123.27	129.63	142.19	128.05	105.55	107.29	116.70	114.96	127.64	133.46	159.76	158.17	139.95	140.12	124.33	123.94	153.40	111.38	150.27	158.21	98.11	130.84	114.17	37.33	74.40	140.81	145.24	127.00	126.24	99.34	107.51	113.51	89.47	117.95	148.06	131.63	100.26	104.03	137.77	121.87	110.24	129.91
QG37_02834	135.87	135.63	76.81	76.92	119.37	117.22	120.19	115.10	130.44	127.05	95.26	102.33	108.39	105.40	109.36	114.86	156.08	153.88	147.62	129.82	123.00	130.28	143.06	112.44	131.76	149.24	100.36	139.98	103.56	33.57	72.85	126.31	143.26	115.60	112.43	90.06	104.72	115.72	99.17	130.12	140.30	124.24	99.20	84.10	117.03	121.23	104.49	150.00
QG37_02835	102.36	102.20	69.45	67.50	97.59	105.25	104.79	99.33	111.65	85.01	74.02	88.13	84.31	99.29	102.37	99.39	120.36	122.61	112.29	99.27	80.43	116.13	89.99	96.14	94.91	124.81	89.31	108.34	82.37	26.33	60.33	114.86	122.32	116.23	101.01	89.66	90.86	107.67	79.77	106.34	116.81	108.77	84.93	76.03	83.38	98.28	86.36	123.36
QG37_02836	132.75	121.05	68.88	76.96	102.49	98.95	94.96	106.28	101.98	97.80	83.89	84.78	95.87	96.13	87.99	109.69	137.49	142.42	121.28	110.59	125.99	120.03	125.01	88.20	102.29	148.71	89.95	113.33	85.97	27.34	70.26	133.22	117.64	105.12	97.72	76.52	103.51	106.90	81.09	107.18	141.21	106.67	86.22	94.91	106.74	100.27	92.83	124.50
QG37_02837	94.24	99.58	64.38	58.60	89.96	84.25	94.61	80.08	95.92	76.64	76.24	77.38	78.63	88.58	83.48	108.53	117.52	111.35	112.90	90.60	103.12	99.40	111.97	87.22	97.95	114.65	71.46	94.98	96.20	31.52	70.38	102.49	102.27	103.12	90.33	73.85	84.18	85.44	68.46	97.59	105.47	105.47	70.41	88.01	94.74	90.93	76.22	133.84
QG37_02838	62.65	72.84	41.86	36.90	62.80	55.26	78.75	54.12	74.40	57.81	44.67	59.91	48.37	49.95	51.53	61.26	86.70	67.36	74.12	59.02	53.29	67.94	75.20	61.88	65.20	65.09	44.74	59.06	52.63	14.51	35.77	65.96	73.48	62.40	61.01	40.16	48.49	43.22	43.78	55.67	60.21	82.39	48.32	56.93	62.91	68.40	66.29	97.23
QG37_02839	110.57	108.43	47.12	54.00	68.31	91.55	83.79	95.83	103.83	86.59	67.31	73.91	68.70	96.04	74.52	88.96	106.70	95.53	86.88	84.66	78.55	80.99	91.16	75.67	85.93	78.46	65.55	82.68	58.15	14.06	54.84	80.77	73.56	99.86	77.33	66.41	85.73	109.46	69.12	99.08	120.27	108.95	75.54	51.41	65.20	71.59	54.84	87.91
QG37_02840	60.93	83.32	30.12	34.29	73.37	74.21	60.99	76.44	85.60	79.21	49.50	56.92	61.97	74.84	63.33	63.18	86.54	78.07	75.06	74.72	67.07	75.11	77.11	55.52	75.77	70.90	50.98	79.96	51.06	13.70	44.02	75.59	57.70	87.92	68.11	60.47	73.33	90.38	66.39	89.93	98.09	93.04	62.29	42.70	67.51	57.80	35.06	79.66
QG37_02841	84.63	103.15	47.48	60.50	80.78	89.52	88.39	92.60	106.95	84.66	87.07	73.05	84.92	99.11	90.65	84.84	101.35	95.94	102.93	93.93	79.27	89.25	100.99	88.33	96.03	108.45	75.80	107.36	78.99	19.84	56.16	100.92	88.89	115.97	78.53	78.07	109.29	86.84	64.29	95.56	127.60	106.79	69.19	61.39	60.95	70.38	51.04	95.20
QG37_02842	86.14	82.89	46.91	59.79	75.04	73.91	79.74	88.36	95.58	90.09	70.43	72.67	73.40	84.66	70.88	86.97	113.96	102.82	102.76	91.03	68.63	81.18	97.83	64.69	108.51	96.52	72.04	105.07	73.55	14.66	52.87	88.77	84.77	103.93	78.13	75.18	100.49	82.69	67.11	104.49	116.85	101.90	68.65	39.70	59.19	61.05	47.08	74.36
QG37_02843	128.62	163.88	73.24	86.43	115.65	126.80	130.99	118.18	131.34	124.31	100.96	95.44	103.09	110.17	95.70	114.26	149.97	159.70	129.99	132.95	134.25	125.60	146.96	121.12	126.30	164.21	87.98	137.40	117.07	32.99	73.25	128.55	145.09	124.00	128.16	90.67	112.82	115.50	93.94	118.25	140.99	147.18	86.85	77.38	118.12	116.06	80.18	143.81
QG37_02844	131.55	157.53	69.64	94.50	114.58	107.53	114.40	113.01	121.43	109.82	100.02	84.42	102.32	107.09	85.80	96.85	144.20	198.60	134.42	123.21	106.70	135.16	137.57	132.00	115.45	161.08	95.16	120.69	132.32	29.18	84.41	136.32	146.26	114.06	96.20	96.66	109.92	114.32	82.23	114.06	138.36	133.45	99.66	72.54	100.14	110.01	79.94	134.38
QG37_02845	94.89	95.45	53.03	59.66	76.72	87.06	91.12	87.67	110.14	81.31	76.21	71.56	86.11	87.75	80.83	91.44	116.01	124.60	108.78	85.10	101.98	95.98	106.56	86.32	91.40	113.75	77.32	96.96	71.90	20.79	55.64	87.90	93.64	79.45	75.23	63.80	88.24	93.23	74.62	91.04	118.88	98.34	70.21	74.50	86.13	86.29	75.05	109.24
QG37_02846	117.01	118.50	72.37	77.01	104.12	103.10	103.89	92.85	115.11	93.53	65.54	90.84	97.89	108.15	101.28	142.56	130.11	147.40	131.22	104.33	120.24	122.45	106.81	104.10	91.59	145.73	103.21	126.76	101.50	35.02	76.98	125.83	116.50	112.56	99.22	93.57	98.71	111.26	77.64	97.99	112.35	128.53	88.05	70.84	116.28	131.53	129.66	150.16
QG37_08413	132.07	104.85	65.23	69.40	117.08	108.55	106.80	105.93	118.88	126.32	90.86	91.18	83.46	124.20	116.05	98.82	122.74	134.68	135.49	88.94	99.68	115.39	99.86	101.65	108.56	137.81	104.92	124.64	91.39	43.27	74.43	131.27	141.08	98.44	91.19	90.42	123.57	95.89	108.12	106.90	113.07	125.73	92.92	91.95	125.98	104.26	95.25	142.27
QG37_02847	96.95	94.52	50.66	67.47	94.31	102.65	92.28	98.59	101.86	104.58	88.35	100.72	89.39	95.47	101.08	107.37	119.42	149.52	131.99	111.03	110.62	109.76	115.39	110.10	124.58	158.89	91.23	121.65	115.63	29.71	80.44	119.10	128.99	122.20	82.93	85.17	103.69	88.33	86.02	103.16	113.21	94.75	73.18	81.06	102.08	98.67	90.47	147.40
QG37_02848	117.39	112.42	51.33	64.78	96.62	101.60	115.90	98.13	113.83	103.75	89.55	85.75	89.88	95.57	103.72	109.16	127.59	151.22	117.86	104.88	110.22	106.49	116.73	93.24	111.37	144.80	93.47	112.73	94.11	24.29	61.38	99.83	114.30	115.56	99.25	93.38	102.52	116.80	90.96	114.87	132.94	109.03	94.30	92.59	96.83	95.57	88.64	121.97
QG37_02849	100.56	118.62	58.38	58.50	110.44	94.72	102.38	100.08	116.03	93.14	66.46	102.01	101.93	93.64	105.64	112.33	126.31	142.16	125.64	101.49	107.89	117.58	134.27	95.44	134.04	143.11	90.45	124.62	100.59	35.41	77.75	117.93	128.34	115.04	112.58	80.25	77.05	118.84	84.72	128.18	131.06	125.82	87.52	67.24	68.82	94.12	80.45	104.50
QG37_02850	105.30	106.69	61.12	59.88	96.08	100.18	93.36	108.31	110.61	96.86	83.26	82.96	82.37	93.42	94.75	105.91	119.66	127.43	128.73	104.00	106.40	97.12	123.28	97.60	120.38	116.42	89.54	99.18	93.97	22.23	63.94	98.53	117.94	106.93	96.96	83.75	88.58	99.21	80.64	100.79	127.43	107.20	84.00	86.52	104.33	101.85	91.61	115.32
QG37_02851	120.88	130.37	73.60	70.54	97.27	100.49	105.23	98.37	105.22	88.68	77.02	86.06	91.35	105.69	107.10	108.91	114.58	146.08	108.83	104.97	89.20	115.58	113.00	108.33	125.83	140.55	89.72	126.76	91.22	28.04	69.90	96.44	116.99	115.03	110.42	82.69	106.46	115.22	76.76	104.43	114.22	131.09	94.83	87.15	102.53	102.37	97.16	153.38
QG37_02852	110.43	102.46	59.49	76.65	88.67	96.68	107.53	101.47	108.21	93.79	86.04	87.95	91.26	103.23	93.45	111.18	124.97	137.57	120.39	98.55	108.48	105.82	117.15	97.61	115.17	126.56	87.42	118.82	90.35	23.04	65.95	101.95	107.84	95.77	97.83	87.84	92.64	113.69	81.56	100.86	124.76	110.92	90.26	87.41	114.20	109.35	90.67	133.49
QG37_02853	114.71	118.72	69.43	67.25	107.71	100.46	91.77	94.94	109.12	103.32	96.51	85.13	84.69	100.72	111.70	108.69	137.08	134.34	135.55	109.09	122.11	119.89	118.58	98.51	114.63	135.69	93.27	102.65	98.75	26.25	58.84	132.76	122.91	100.51	99.79	87.19	102.14	103.62	87.86	113.52	119.89	152.27	99.70	102.74	102.94	115.41	93.93	130.11
QG37_02854	107.69	124.69	63.53	66.48	94.66	100.90	101.80	95.21	111.92	93.05	78.57	88.89	88.55	97.32	101.59	103.77	142.36	150.67	132.27	114.75	113.57	131.12	122.64	102.07	117.31	123.89	100.96	113.96	90.29	29.70	73.87	111.95	125.26	113.12	90.44	82.78	97.55	115.00	84.64	108.11	125.36	123.90	76.89	84.00	100.39	98.58	96.54	132.42
QG37_02855	114.38	114.67	66.81	68.26	96.79	107.82	95.32	103.24	115.12	98.25	84.95	92.37	94.21	82.57	100.44	100.46	142.46	148.73	117.88	96.04	107.12	103.06	120.16	105.86	123.55	131.49	99.10	118.97	86.50	28.69	75.08	116.78	120.06	106.26	102.92	86.71	93.19	107.16	91.19	115.24	127.31	116.28	94.04	85.93	102.44	108.75	103.36	122.00
QG37_02856	119.31	134.54	71.80	73.95	115.72	119.30	122.49	122.52	133.44	105.22	93.24	99.57	102.86	110.51	107.26	109.82	128.52	155.39	135.85	107.95	119.99	115.93	133.10	108.50	127.41	141.63	97.97	120.05	107.58	28.30	76.89	121.46	135.59	119.10	117.10	87.87	104.96	115.37	100.23	122.52	137.65	132.46	101.70	93.43	111.38	126.61	107.31	157.07
QG37_08414	121.67	133.76	74.38	71.75	105.26	127.30	117.29	117.15	122.98	109.20	96.33	112.80	84.36	110.62	102.38	126.54	147.06	149.50	145.42	108.19	143.14	97.63	141.65	99.33	130.42	139.23	99.45	134.65	127.07	33.55	69.63	126.24	138.11	112.50	122.12	80.05	107.35	118.05	95.86	106.83	139.38	116.68	92.95	80.64	124.48	87.92	98.15	138.25
QG37_02857	132.15	121.95	71.77	64.44	123.02	128.71	117.05	111.49	134.64	109.98	95.01	99.66	94.24	104.02	105.18	114.71	131.29	151.19	143.49	117.59	116.66	114.88	137.53	91.90	114.76	142.15	92.40	136.94	98.03	29.85	75.04	130.77	137.24	124.52	108.47	92.62	95.01	116.08	91.81	111.24	139.94	118.77	88.64	79.88	107.26	101.22	105.65	130.76
QG37_02858	123.56	106.18	66.77	74.55	112.51	106.88	112.82	113.33	117.68	102.56	97.24	101.30	99.30	101.88	94.68	117.14	131.65	141.88	121.29	116.93	110.27	115.34	121.86	93.01	112.44	134.84	88.69	118.67	100.76	26.33	66.67	121.07	127.20	107.77	112.50	84.61	103.93	97.63	85.72	109.35	137.15	112.46	87.75	85.96	109.45	109.64	93.96	121.06
QG37_02859	102.71	86.59	58.76	52.18	71.02	74.46	71.98	90.27	68.08	63.44	43.26	58.08	60.06	63.24	62.12	65.80	92.60	93.90	102.13	62.07	69.61	66.81	75.53	62.16	74.96	93.08	63.25	93.81	55.61	16.37	46.52	80.38	99.48	63.36	61.88	46.86	54.30	60.81	57.13	72.71	78.21	70.81	50.24	44.01	61.07	52.46	51.90	85.09
QG37_02860	90.11	102.40	62.26	73.26	101.15	85.66	115.67	94.92	109.23	81.65	66.45	66.93	82.10	67.75	76.17	105.83	112.93	114.86	108.22	100.85	91.63	96.71	99.96	87.48	95.62	143.66	76.29	89.23	79.32	27.39	52.88	99.92	106.75	81.01	93.09	64.69	63.11	78.28	74.23	91.04	116.68	85.60	70.71	65.93	76.86	92.56	68.79	98.65
QG37_02861	114.24	82.22	48.21	52.21	102.66	89.37	82.82	88.41	84.82	73.74	67.48	62.86	63.12	81.01	66.34	90.42	112.05	106.03	112.04	97.51	93.92	81.71	105.08	70.96	102.79	93.44	66.63	73.43	71.71	24.01	44.27	81.06	91.16	93.34	76.75	68.30	62.97	84.26	58.27	79.64	105.05	84.78	61.88	69.21	84.40	95.09	63.14	97.75
QG37_02862	115.94	113.59	61.56	66.80	106.76	105.76	98.14	111.19	112.82	82.42	94.01	65.20	79.80	101.86	88.78	105.08	133.08	149.14	130.96	115.23	111.08	103.18	114.69	87.97	116.42	124.94	91.48	101.62	87.35	22.90	62.11	101.78	105.77	95.19	101.81	72.65	83.13	95.42	72.54	88.48	109.34	94.94	79.93	82.53	91.27	91.36	80.93	118.48
QG37_02863	134.59	131.50	85.33	69.12	109.71	117.13	106.44	120.38	99.40	110.48	93.58	96.07	111.58	121.33	93.91	126.87	139.40	168.93	127.73	130.16	119.49	146.89	109.47	88.23	136.56	150.48	113.13	128.84	100.19	22.94	72.95	103.97	121.33	97.84	108.96	86.51	104.90	113.72	82.69	125.20	173.47	124.40	95.29	71.18	87.16	76.33	79.07	105.20
QG37_02866	71.36	81.94	51.96	45.22	77.81	87.31	68.18	91.98	81.93	71.92	61.87	66.42	88.15	62.00	76.73	82.43	86.36	92.57	93.74	81.57	84.43	82.07	94.03	72.10	89.84	106.40	78.54	97.56	75.72	20.21	56.77	79.04	109.24	96.95	80.19	65.97	73.46	94.79	71.68	106.51	125.86	101.43	73.35	77.21	73.00	86.79	78.10	93.93
QG37_02867	111.04	93.65	49.45	37.88	84.10	74.35	63.25	87.26	89.26	70.37	69.90	74.91	77.73	71.30	63.72	79.33	84.34	92.15	104.34	77.55	78.18	91.75	93.90	75.67	81.68	82.86	68.96	82.68	69.68	24.70	54.39	83.43	97.42	83.81	73.58	64.26	72.80	77.83	57.63	88.48	104.38	85.85	67.96	59.48	60.76	78.48	65.99	93.99
QG37_02868	132.32	139.22	68.59	67.61	94.32	120.58	95.23	111.28	110.83	121.18	90.60	101.73	97.44	93.33	95.86	108.93	121.22	140.50	127.56	96.60	109.81	98.54	124.58	94.42	119.33	147.22	74.59	121.84	89.72	17.89	69.72	126.88	121.41	101.59	90.96	73.97	94.24	103.46	81.91	120.58	135.00	121.34	97.42	64.38	105.12	92.67	80.86	122.50
QG37_02869	137.66	107.24	75.60	75.04	107.19	124.22	97.92	128.38	124.41	114.46	85.20	81.76	99.41	90.62	89.66	108.28	120.80	145.25	149.80	134.88	118.25	114.18	109.19	95.23	105.28	128.99	96.59	114.58	86.66	25.35	72.16	112.37	116.56	110.98	110.20	79.22	94.99	104.22	104.14	120.18	136.34	135.02	86.42	90.56	103.06	113.12	79.94	120.26
QG37_02870	111.21	98.70	81.50	61.70	117.02	111.62	96.38	102.45	109.43	106.41	84.78	81.34	91.35	77.64	92.23	89.80	107.25	133.45	141.54	112.73	103.37	101.81	112.31	94.78	103.61	143.03	79.71	106.27	106.77	25.34	56.29	121.18	67.88	104.37	79.62	76.15	92.24	115.54	78.50	101.66	141.25	125.51	90.61	54.46	53.72	64.13	59.27	77.86
QG37_02871	105.91	114.70	73.64	67.35	97.89	106.46	101.77	103.48	108.32	111.95	84.11	81.47	96.75	90.71	109.78	115.01	135.00	128.20	147.52	114.47	122.16	106.28	132.15	98.88	122.75	114.22	90.94	109.53	102.16	18.95	69.30	122.37	119.93	131.05	91.56	92.85	116.28	111.72	97.69	125.84	139.87	122.36	102.34	88.06	91.78	97.16	86.25	161.45
QG37_02872	134.56	139.40	74.07	77.98	118.06	124.44	114.22	125.71	135.74	115.79	107.50	91.27	107.97	111.30	105.50	111.80	144.59	152.75	149.61	121.27	122.93	119.51	132.64	103.33	126.22	151.64	103.06	134.44	107.55	28.57	73.70	129.40	136.02	122.61	114.43	94.20	110.28	110.27	100.89	121.73	138.06	131.03	96.04	96.98	123.83	128.33	106.08	158.63
QG37_02873	139.68	141.31	75.65	77.53	110.43	121.38	121.90	116.01	135.04	100.06	83.43	85.01	94.07	114.37	97.60	109.97	148.62	143.21	136.68	121.30	131.43	125.72	130.29	113.33	125.93	158.03	88.23	160.57	101.39	26.54	79.43	131.14	130.14	125.33	121.97	94.17	111.40	128.88	94.09	120.14	159.43	107.21	89.77	85.53	122.60	122.27	90.53	157.45
QG37_02874	129.94	138.36	69.94	86.04	122.00	125.84	117.51	116.57	108.25	113.40	95.34	94.15	113.27	112.54	106.31	115.08	144.37	149.70	138.49	110.97	116.08	129.56	127.28	112.46	127.11	135.79	111.51	139.43	120.76	29.44	69.91	113.32	127.57	112.83	96.60	91.92	103.34	122.92	90.45	117.67	144.95	107.38	108.12	102.24	119.66	110.60	88.27	150.49
QG37_02875	112.42	120.35	62.73	77.82	111.69	123.41	120.33	111.59	106.54	102.22	91.42	98.87	102.57	110.44	105.38	107.26	136.66	131.48	129.35	109.86	108.10	116.05	126.95	107.18	118.73	134.82	108.55	134.32	95.94	28.96	69.91	126.56	135.07	106.47	108.86	84.47	102.45	116.85	84.91	117.93	127.87	119.69	96.98	79.31	127.17	114.20	91.14	136.94
QG37_02876	125.04	120.68	74.77	76.19	101.88	112.04	110.05	108.76	115.55	102.89	89.15	85.71	99.39	97.96	107.79	113.05	143.86	146.24	138.07	119.97	111.71	101.00	128.69	97.24	121.85	130.74	91.34	124.69	98.06	26.07	73.29	118.24	135.83	113.04	101.83	97.66	103.04	106.78	80.84	99.70	121.30	113.05	90.91	84.45	101.44	117.95	95.94	128.39
QG37_02877	128.14	122.93	64.06	64.74	124.23	107.06	117.76	107.94	134.21	113.08	95.61	101.86	90.80	87.59	94.00	119.45	131.60	148.48	132.27	126.40	131.80	117.35	137.89	102.27	122.01	165.12	96.36	136.24	111.67	31.74	65.93	129.38	129.26	122.12	124.96	90.15	107.42	112.01	104.19	108.98	147.07	139.98	91.69	90.92	91.40	104.20	94.90	139.39
QG37_02878	123.40	126.47	73.05	66.46	106.85	109.49	106.25	109.95	117.83	107.50	87.58	93.81	90.40	99.75	88.90	105.70	135.74	146.81	126.65	118.71	103.91	107.38	119.75	90.70	118.74	146.72	96.67	120.67	96.31	29.19	68.35	115.17	132.54	110.73	107.29	86.91	99.15	105.16	90.38	119.84	134.44	119.64	86.39	88.88	105.60	114.30	105.62	133.19
QG37_02879	125.65	130.89	71.74	79.45	112.44	116.02	108.05	116.45	137.13	105.14	102.36	101.62	112.16	110.74	92.57	119.30	141.67	155.12	139.83	118.97	122.52	116.33	142.09	105.99	117.17	152.10	99.08	150.57	102.87	30.46	75.41	120.15	143.68	113.31	115.84	89.18	109.88	120.32	94.68	118.06	151.50	133.87	88.04	94.51	114.71	111.07	101.40	138.09
QG37_02880	120.23	123.56	57.61	70.67	109.09	128.18	97.22	103.35	132.82	103.69	82.73	83.48	80.70	98.54	83.17	103.42	133.82	143.04	122.29	141.41	110.33	123.78	139.82	100.50	118.79	127.34	93.57	121.42	82.56	37.08	67.14	101.16	134.56	95.94	114.89	77.68	117.36	102.37	80.63	114.68	141.88	108.53	85.71	87.57	102.14	100.03	105.86	129.08
QG37_02881	139.14	166.21	84.68	90.76	127.31	132.91	130.96	134.04	130.92	129.25	104.81	110.70	126.66	117.17	116.33	115.36	157.76	164.19	160.04	135.30	136.33	142.31	129.03	123.09	157.08	150.28	111.80	160.84	124.56	40.09	89.48	163.57	150.09	124.53	116.77	102.81	113.88	118.84	107.16	142.07	151.11	147.96	105.36	110.34	131.23	108.74	107.07	162.37
QG37_02882	135.28	126.01	61.55	74.88	103.27	126.21	124.54	120.69	111.47	114.04	91.19	83.80	106.76	90.00	94.68	107.63	130.43	156.79	119.24	106.63	119.61	117.68	125.56	104.40	112.12	134.96	96.15	129.62	91.10	32.52	63.64	96.36	133.20	117.27	102.48	82.49	101.98	107.62	81.93	120.02	145.47	119.87	76.99	82.68	91.96	103.53	82.55	137.78
QG37_02883	133.57	140.40	80.67	76.09	122.80	121.43	125.99	117.80	128.07	114.08	102.09	102.02	111.99	112.20	100.13	114.75	146.74	150.24	137.97	118.97	112.20	120.87	133.25	113.20	121.10	153.89	97.50	128.83	116.65	32.49	70.04	119.42	129.02	126.49	107.48	89.57	103.52	112.12	97.56	115.10	128.50	126.41	85.50	91.35	109.51	112.23	93.91	140.18
QG37_02884	140.25	151.64	82.99	74.07	110.60	125.93	133.24	127.50	137.72	134.71	118.82	101.11	127.02	109.60	123.66	115.34	145.40	145.62	145.70	125.78	124.62	120.86	127.48	121.62	118.83	165.92	106.20	143.34	116.58	31.94	77.82	144.26	150.07	132.30	120.65	110.65	127.22	116.10	94.50	128.85	148.33	131.70	94.38	103.99	116.16	111.72	102.38	163.07
QG37_02885	128.56	120.61	74.57	71.77	108.36	115.94	103.24	126.68	118.82	108.77	88.76	95.02	102.02	99.61	98.73	104.16	118.67	134.63	119.41	110.36	105.19	110.03	112.51	88.65	116.33	145.82	89.95	123.46	90.25	30.60	72.19	112.16	111.34	108.89	106.94	94.83	94.56	97.62	78.89	121.45	139.24	119.61	82.57	84.81	109.53	104.28	95.60	130.76
QG37_02886	50.73	81.78	45.13	39.43	70.83	70.17	72.21	67.72	81.67	59.07	49.02	47.65	55.38	73.50	59.03	79.00	85.76	102.00	87.89	63.09	67.15	71.44	78.40	71.46	74.18	88.23	51.67	72.75	57.91	30.73	50.96	70.44	71.50	69.06	66.50	52.09	57.18	64.72	53.57	75.61	74.71	90.89	53.67	57.55	70.39	78.02	70.65	90.60
