GENE	CDC_B11096	CDC_B11097	CDC_B11098	CDC_B11099	CDC_B11101	CDC_B11102	CDC_B11103	CDC_B11105	CDC_B11112	CDC_B11113	CDC_B11114	CDC_B11115	CDC_B11116	CDC_B11117	CDC_B11118	CDC_B11119	CDC_B11200	CDC_B11201	CDC_B11205	CDC_B11206	CDC_B11207	CDC_B11208	CDC_B11209	CDC_B11210	CDC_B11212	CDC_B11213	CDC_B11214	CDC_B11215	CDC_B11216	CDC_B11217	CDC_B11218	CDC_B11219	CDC_B11220	CDC_B11221	CDC_B11222	CDC_B11223	CDC_B11224	CDC_B11225	CDC_B11226	CDC_B11227	CDC_B11228	CDC_B11229	CDC_B11230	CDC_B11243	CDC_B11244	CDC_B11245	CDC_B11246	CDC_B11247
QG37_00709	149.12	157.04	93.95	77.48	137.09	138.84	126.14	136.70	146.46	139.50	98.18	115.12	125.04	114.36	111.28	124.88	165.96	157.36	151.49	138.24	129.71	148.95	141.01	125.62	145.42	171.45	122.86	154.60	129.74	38.05	77.02	145.29	160.33	131.36	111.87	105.07	115.35	113.69	107.05	130.60	148.63	140.51	100.76	93.70	136.89	121.24	114.07	151.43
QG37_00710	160.73	164.07	93.63	82.66	132.04	145.85	130.06	143.19	153.36	134.44	115.68	110.27	126.03	114.69	98.19	113.04	161.14	173.59	147.17	134.61	125.53	143.52	150.77	110.87	134.65	169.82	121.89	156.38	126.51	32.92	90.58	160.17	174.58	128.52	128.11	102.64	121.19	112.12	92.96	119.28	155.39	139.10	98.04	99.02	136.79	132.16	105.92	153.67
QG37_00711	135.62	146.92	100.05	81.09	119.76	131.03	132.85	125.57	139.06	135.11	103.40	116.18	119.38	115.44	105.34	115.90	155.84	154.49	143.21	135.75	132.88	128.50	137.64	110.53	135.37	158.23	104.63	152.84	123.22	35.27	74.09	143.09	142.45	118.68	114.42	96.14	113.88	108.99	103.25	119.00	141.58	133.43	93.98	85.10	116.57	121.49	97.76	146.18
QG37_00712	125.68	104.28	61.39	39.25	103.87	94.72	97.89	92.66	95.10	100.15	85.92	70.68	71.70	75.99	79.34	91.19	105.02	94.62	105.08	89.45	81.63	92.16	101.36	81.15	82.14	98.06	81.50	113.82	72.63	22.87	62.63	91.11	95.52	86.55	85.32	69.24	76.17	90.09	74.23	84.63	100.84	91.85	64.94	52.46	76.95	71.93	66.65	95.94
QG37_00713	171.31	159.67	94.77	92.18	158.66	148.89	147.43	148.22	148.94	154.17	128.40	135.49	145.38	117.29	120.08	127.99	185.58	174.49	152.01	149.63	145.18	142.48	146.56	115.40	152.73	185.80	118.27	168.46	137.50	36.60	79.75	159.91	175.32	139.34	126.16	110.99	121.41	129.59	110.10	148.59	162.59	144.78	104.28	102.44	130.98	127.57	113.75	161.50
QG37_00714	163.70	152.25	88.62	77.69	134.75	129.07	123.23	117.61	140.66	139.30	112.42	112.16	124.01	112.42	108.36	115.46	164.82	162.47	149.49	133.99	124.92	129.68	135.19	106.07	136.49	157.55	102.45	157.48	118.28	31.84	71.72	139.75	152.00	135.22	116.91	97.86	107.76	119.44	105.10	120.23	151.11	120.73	100.30	100.33	133.44	116.87	105.29	156.98
QG37_00715	140.27	146.43	85.38	78.92	126.63	124.49	120.51	134.90	130.63	129.94	110.19	107.58	120.95	104.45	104.57	119.64	151.50	153.51	142.97	135.04	117.78	131.30	131.86	107.77	127.53	154.96	111.34	154.23	125.45	37.09	69.20	138.71	141.82	113.03	108.08	99.51	112.62	109.81	84.98	128.41	144.59	129.36	91.45	92.72	123.79	119.27	103.58	144.73
QG37_00716	154.38	144.51	95.58	76.73	124.88	136.76	151.52	136.22	150.90	141.67	119.94	114.82	139.16	106.70	97.82	124.60	156.56	163.35	143.08	127.67	129.21	132.08	145.34	108.74	130.45	177.69	110.02	150.44	116.72	40.13	82.50	136.97	159.84	127.88	116.16	103.75	107.31	127.53	97.82	138.47	158.72	140.53	104.27	103.62	135.45	130.81	105.19	152.31
QG37_00717	146.46	150.33	95.94	82.77	139.07	152.51	131.81	131.53	142.76	133.58	99.50	113.45	141.06	118.06	109.02	127.27	155.10	142.91	133.21	142.62	122.44	124.19	128.85	107.43	140.33	178.37	102.37	146.47	125.26	32.72	74.61	143.97	144.40	136.79	118.09	107.35	119.00	123.92	101.71	128.47	150.05	135.90	104.63	100.75	120.15	122.86	100.71	146.96
QG37_00718	146.20	152.40	95.71	81.43	126.79	142.78	126.15	131.76	131.49	131.77	105.55	110.51	125.32	110.28	114.34	128.59	153.10	148.64	144.38	138.31	126.17	140.60	136.86	115.47	153.80	153.98	111.07	149.45	122.39	36.70	80.88	142.58	144.80	138.47	127.05	104.81	123.52	128.01	102.26	130.93	140.92	131.89	96.79	94.32	113.65	115.91	118.89	148.75
QG37_00719	138.66	153.88	86.25	76.76	127.15	130.47	122.95	129.16	131.59	118.12	98.83	110.40	110.81	108.93	97.13	123.11	143.57	151.17	122.41	149.38	130.72	112.00	118.65	100.97	123.11	146.19	99.43	162.69	127.98	33.59	83.95	143.99	143.02	123.70	109.05	97.60	104.56	106.92	91.70	136.40	147.48	133.95	102.26	89.63	118.23	109.85	92.26	132.38
QG37_00720	172.10	171.38	96.33	88.88	137.45	155.86	136.56	142.31	151.03	148.48	123.85	127.45	132.41	116.09	114.90	142.25	178.15	162.09	152.38	151.20	129.98	153.11	161.12	126.83	157.39	179.25	115.24	161.56	133.31	32.79	97.52	149.44	173.94	138.07	131.03	107.53	126.93	125.73	114.66	153.06	178.60	154.37	110.80	111.24	145.32	128.61	109.64	157.23
QG37_00722	167.46	150.17	85.76	77.93	122.09	140.98	133.85	141.61	138.94	140.06	102.61	106.38	127.28	117.03	113.56	125.40	155.33	169.88	147.36	153.97	119.29	138.90	144.26	110.54	145.92	177.51	108.60	157.59	128.18	35.07	80.96	128.04	150.90	141.73	120.31	105.44	110.57	119.19	93.42	141.81	155.63	149.70	98.70	102.40	129.14	123.84	108.28	159.48
QG37_00723	153.66	150.38	84.49	78.40	126.80	123.17	123.16	131.64	136.03	129.87	97.86	107.52	119.13	111.59	110.68	121.99	151.15	167.81	141.60	136.16	126.15	137.27	145.92	115.07	136.76	164.10	110.71	146.06	119.79	31.26	81.15	140.68	152.38	128.07	112.32	93.16	116.61	113.12	98.39	130.73	150.88	129.96	98.39	98.35	123.10	121.08	102.51	148.35
QG37_00724	167.32	162.63	91.19	88.43	150.57	144.18	151.78	142.63	155.52	151.00	111.51	112.19	124.92	120.23	110.98	128.99	172.70	175.27	166.73	144.69	145.20	142.24	156.19	119.62	154.18	180.11	118.54	162.50	147.82	36.50	84.19	143.97	171.68	136.80	123.70	97.71	111.77	124.81	111.06	142.83	158.71	152.47	104.90	103.73	142.94	146.47	110.09	153.54
QG37_00725	142.35	139.27	90.31	75.52	126.80	125.92	125.25	129.11	135.51	114.79	103.48	107.14	112.32	102.39	109.33	112.59	158.42	154.49	135.01	121.18	116.85	117.12	139.35	95.65	128.02	160.95	107.36	139.01	119.25	25.47	75.00	120.80	146.74	112.56	128.01	102.66	118.45	113.05	99.47	122.43	159.23	113.33	96.22	93.89	123.19	115.99	96.71	137.41
QG37_00726	54.14	60.99	30.67	29.40	54.31	45.21	37.60	48.84	44.98	46.57	42.95	45.04	50.11	40.81	38.62	46.44	54.66	63.54	53.67	52.41	45.43	50.68	42.80	39.89	55.48	62.47	51.06	62.65	50.29	10.89	29.51	47.23	43.01	43.29	43.43	37.56	40.28	38.45	44.30	52.53	55.98	51.96	30.46	40.95	58.81	53.47	42.09	69.69
QG37_00727	89.79	80.04	50.59	45.12	79.79	53.39	67.36	71.20	72.24	80.10	59.30	72.23	70.51	69.26	54.15	76.13	79.47	97.39	79.56	84.98	86.11	74.11	81.33	53.77	66.10	110.39	59.28	92.43	71.04	25.29	49.33	66.86	80.59	74.92	72.99	62.73	71.93	54.89	69.61	77.70	81.00	81.74	50.56	56.70	77.60	62.49	55.37	98.29
QG37_00728	141.36	127.59	84.77	78.61	121.32	112.46	111.15	130.77	124.45	119.96	96.95	99.09	113.55	109.87	112.30	106.11	138.35	165.54	133.86	125.21	121.60	119.89	125.76	107.81	133.31	166.08	92.28	150.40	112.77	28.15	73.67	129.47	136.55	122.24	120.69	101.20	104.16	105.84	88.16	118.93	135.00	145.80	97.75	88.85	105.35	113.50	104.25	148.03
QG37_00729	156.93	141.70	86.80	76.69	127.26	123.23	122.91	128.57	142.42	139.94	100.72	111.78	129.70	107.63	101.22	114.22	144.62	153.54	138.63	139.13	135.17	138.46	129.51	118.71	133.43	162.67	107.08	147.04	118.52	31.15	70.90	134.29	144.98	120.43	106.38	104.27	116.71	116.59	97.75	137.32	142.09	130.78	104.01	97.86	120.63	125.65	110.98	152.40
QG37_00730	133.21	131.90	84.25	75.20	116.61	113.21	119.45	118.82	132.66	117.24	92.38	97.94	107.19	101.99	104.94	118.34	147.90	147.33	132.38	121.22	116.81	130.57	130.37	100.97	126.45	148.10	100.01	131.04	108.96	29.98	67.44	126.60	140.30	117.17	109.48	91.55	110.97	108.52	90.37	121.12	142.41	124.88	90.62	87.62	112.68	110.81	95.18	143.53
QG37_00731	150.44	159.56	97.35	89.27	153.29	131.45	117.91	140.04	143.55	137.73	123.44	117.22	118.73	122.90	100.95	113.85	161.83	158.99	142.40	138.44	127.14	128.40	138.15	105.19	126.97	161.05	116.95	157.86	118.88	28.51	80.77	149.78	149.75	132.43	110.02	95.90	114.65	116.73	96.37	139.10	148.48	128.53	112.33	95.84	114.17	122.19	116.99	143.00
QG37_00732	143.56	152.82	77.65	99.60	144.43	134.97	114.66	123.39	144.19	128.92	115.09	117.49	109.30	109.65	98.99	112.90	160.43	155.50	141.03	143.46	135.12	128.86	164.09	111.43	133.20	167.70	124.94	145.02	111.47	30.57	83.34	134.18	142.68	121.65	129.15	98.19	117.18	111.65	96.33	122.83	147.94	143.80	95.16	113.26	111.53	106.09	110.28	136.28
QG37_00733	132.34	163.11	83.47	99.69	137.66	138.05	128.49	135.60	145.37	135.48	106.86	118.15	120.92	112.65	123.07	119.27	157.67	159.54	143.91	155.17	145.91	130.19	156.72	112.88	154.85	170.47	110.49	159.37	138.15	29.78	76.45	156.99	145.84	136.18	129.18	106.76	132.69	128.89	102.66	141.95	160.58	156.18	99.24	106.86	117.57	117.59	98.14	154.31
QG37_00734	147.77	136.32	82.06	80.09	125.49	124.71	126.44	121.93	137.12	128.60	109.06	107.87	120.70	113.41	110.53	123.08	160.57	165.16	146.18	131.64	130.87	125.10	135.49	110.80	131.28	163.14	102.53	137.38	119.45	30.33	77.86	136.27	149.95	128.08	117.21	98.93	114.08	117.75	98.90	130.02	151.97	134.80	106.51	100.32	120.42	117.24	103.32	147.22
QG37_00735	141.10	148.84	77.71	82.51	136.82	128.00	136.83	144.84	143.87	139.83	105.67	103.91	128.85	107.62	117.26	123.33	166.44	164.96	150.21	146.21	127.81	136.46	136.26	106.39	132.67	169.79	119.89	142.95	142.80	37.10	76.85	138.65	158.85	134.73	117.55	97.87	111.17	109.62	93.28	138.19	154.70	133.90	100.60	89.42	113.92	121.26	111.89	153.95
QG37_00736	108.69	74.31	32.79	40.14	58.91	58.41	55.59	77.26	69.05	66.30	46.00	48.98	58.02	62.99	47.20	59.18	76.86	88.48	67.80	68.50	64.59	76.18	60.99	63.80	55.25	78.56	56.73	64.48	62.35	13.79	52.59	74.52	70.99	55.96	60.04	42.36	46.87	58.93	43.63	55.51	66.84	65.76	47.05	50.69	62.34	44.92	46.82	78.71
QG37_00737	54.06	79.77	49.17	47.43	53.33	72.67	63.53	68.69	75.04	60.54	57.46	60.06	63.40	50.28	50.17	62.51	110.68	73.73	73.49	70.10	65.62	74.45	79.33	70.60	77.44	74.56	64.21	73.67	77.74	13.74	57.53	77.93	84.26	56.74	52.31	54.41	47.86	62.01	43.47	76.76	82.69	82.49	47.46	43.69	62.30	53.94	37.76	86.28
QG37_00738	147.67	134.64	81.46	85.46	125.74	136.42	124.01	117.32	132.16	115.85	104.72	108.89	122.86	116.12	96.80	133.76	162.31	167.53	128.90	129.36	119.02	135.12	142.75	107.60	131.64	155.21	102.35	150.92	116.22	36.55	68.02	142.99	142.84	110.79	111.95	98.16	108.59	122.90	90.65	132.86	143.83	134.89	101.27	98.62	129.71	106.56	104.58	149.41
QG37_00739	152.56	153.43	89.88	86.33	145.33	141.06	136.19	138.54	150.89	144.28	102.41	117.02	136.69	116.47	117.40	125.38	164.16	169.68	155.95	151.09	134.37	145.95	147.38	122.97	149.85	169.83	117.24	161.05	126.91	37.38	86.64	150.23	148.80	127.13	134.86	106.82	126.60	130.47	112.03	149.00	170.63	143.12	109.99	105.10	128.96	132.81	124.29	160.02
QG37_00740	150.48	128.61	91.11	72.59	131.52	120.69	125.20	133.67	125.40	113.50	92.01	102.12	107.28	106.60	89.71	120.60	143.23	153.47	135.35	131.53	120.75	132.31	131.13	109.44	126.11	165.12	111.34	136.94	114.37	30.40	74.01	124.93	133.01	121.10	103.00	94.42	114.61	112.80	94.09	117.38	155.78	126.28	91.13	81.96	121.39	118.35	90.99	138.53
QG37_00741	155.36	145.18	83.30	71.56	145.51	136.49	131.17	144.58	139.62	125.00	102.23	111.31	123.44	115.77	109.55	122.41	169.66	170.77	168.50	129.21	124.54	142.03	154.34	118.65	119.89	156.67	118.74	150.89	120.87	32.05	77.13	116.85	163.40	133.75	125.27	99.61	135.73	103.91	101.45	152.88	149.31	155.70	104.91	130.55	123.98	110.42	87.10	161.93
QG37_00742	135.49	140.14	79.05	75.11	124.91	125.36	121.17	119.56	134.25	124.33	98.67	102.25	100.04	114.70	113.61	116.13	147.60	141.05	140.04	119.70	117.88	136.20	140.26	104.70	139.34	151.96	94.80	148.10	108.76	29.73	66.30	127.41	137.38	115.88	119.01	90.03	102.32	119.24	82.32	133.07	148.46	135.34	100.96	91.69	114.12	108.12	108.96	147.42
QG37_00743	130.29	131.75	81.91	73.05	113.43	122.17	114.00	107.90	124.12	108.76	98.64	98.92	105.51	109.40	103.41	109.92	141.22	145.46	133.70	113.34	114.59	110.16	129.24	101.83	119.57	138.10	106.74	122.68	109.33	27.79	83.05	124.91	131.41	114.41	113.94	91.08	102.61	107.09	91.03	124.66	138.60	128.62	101.12	90.12	103.49	92.47	93.04	123.09
QG37_00744	135.47	145.06	84.71	69.92	125.13	126.55	127.97	128.80	141.39	123.98	97.20	111.13	108.60	111.42	112.58	121.82	163.85	168.46	151.32	135.19	128.76	134.23	151.24	111.67	135.57	168.62	109.05	144.96	116.01	30.95	69.07	133.01	152.72	128.10	108.71	93.73	111.78	110.95	103.33	127.04	141.92	138.73	88.38	93.32	119.16	115.48	99.06	136.76
QG37_00745	146.95	150.60	85.97	75.18	131.70	125.66	125.72	124.82	137.02	119.62	109.43	108.82	117.71	113.46	112.62	115.39	147.34	160.11	153.19	130.36	127.63	140.80	143.23	105.23	135.38	158.85	115.33	139.94	128.77	32.19	74.20	145.09	140.66	123.66	114.21	101.34	114.79	120.78	92.49	126.70	146.79	138.58	100.50	85.59	123.04	118.91	104.54	167.76
QG37_00746	145.62	148.14	84.71	84.66	132.49	131.54	120.71	117.50	132.14	135.89	104.15	108.91	118.96	108.04	113.26	117.79	159.74	162.53	142.36	130.00	118.81	129.46	147.35	118.80	133.84	172.71	113.83	152.37	120.94	36.26	76.99	133.25	144.33	125.28	101.68	98.11	109.28	123.48	104.65	128.37	153.93	129.84	95.36	100.08	134.39	126.95	118.76	157.55
QG37_00747	139.54	154.18	74.75	73.46	125.99	126.32	121.90	132.33	131.90	135.71	92.12	123.93	105.03	113.76	116.18	110.88	152.89	164.76	146.18	129.93	117.35	128.85	145.03	117.25	135.91	166.70	106.12	153.08	112.45	35.29	75.45	138.26	127.32	125.15	111.79	101.41	116.83	116.11	99.78	129.79	147.32	139.67	106.82	96.27	123.33	128.10	104.27	138.59
QG37_00748	148.84	126.99	71.56	75.63	104.50	108.56	122.63	127.95	119.09	123.32	94.68	111.32	122.29	117.73	106.53	109.27	131.20	163.99	141.44	143.62	114.12	130.88	129.49	132.21	134.19	159.45	84.47	136.02	108.46	33.31	89.98	150.68	144.61	101.46	103.47	93.64	111.83	114.56	97.88	100.15	129.74	128.01	113.71	80.85	113.96	122.69	110.90	149.32
QG37_00749	144.07	143.84	82.86	78.13	129.08	121.59	120.29	123.25	146.16	126.52	104.55	112.79	130.22	119.30	113.64	126.18	152.69	169.15	141.82	135.77	135.34	129.84	146.72	109.41	133.78	159.61	103.83	136.98	130.31	37.97	88.99	140.13	143.72	127.87	109.08	97.02	109.69	117.32	98.48	132.67	166.55	133.56	103.82	100.64	130.09	117.91	114.22	143.59
QG37_00750	139.57	149.53	77.76	70.26	134.35	128.49	127.41	122.51	130.93	133.84	100.72	101.92	117.42	112.37	117.70	115.38	147.45	167.46	145.13	136.25	137.27	131.44	138.85	117.11	135.85	159.55	120.40	146.38	122.86	36.97	71.75	133.02	141.37	129.65	125.70	107.25	114.41	131.17	105.78	126.17	151.82	141.82	105.53	103.96	143.69	114.13	100.67	138.30
QG37_00751	94.58	70.84	31.41	43.17	64.47	66.73	58.33	68.07	61.73	62.33	38.02	58.41	53.56	61.61	41.52	53.61	79.44	75.59	72.56	60.75	57.25	65.80	71.90	48.87	76.95	73.08	54.28	66.81	51.81	16.93	42.32	70.54	82.38	51.60	49.39	50.63	65.81	56.75	49.23	61.79	68.42	72.39	53.64	50.44	70.04	61.95	53.88	82.95
QG37_00752	109.25	104.98	62.56	63.77	95.61	97.46	98.04	105.41	106.03	97.00	76.94	83.24	93.15	88.52	83.45	96.67	120.35	136.73	115.21	99.44	102.41	96.75	118.65	83.79	105.31	127.62	82.08	106.67	78.06	25.84	57.90	97.64	112.11	93.29	90.78	82.81	87.56	92.98	74.68	100.96	122.13	107.16	78.59	70.83	90.13	95.26	81.61	111.87
QG37_00753	140.04	152.45	84.44	91.44	131.25	119.99	125.44	116.85	121.70	118.06	106.27	110.57	120.45	111.61	97.75	125.22	144.63	197.51	144.05	127.94	120.14	123.58	135.02	107.63	137.59	161.77	112.65	135.48	124.54	41.65	76.01	141.07	152.78	134.61	113.90	97.89	118.26	133.51	92.59	138.68	132.37	146.29	101.63	101.60	119.55	128.62	114.68	139.42
QG37_00754	139.41	131.84	73.37	88.55	117.37	117.51	127.68	127.93	133.83	124.58	95.79	104.10	101.28	104.61	112.38	118.10	147.68	161.08	153.29	120.47	118.19	121.55	141.31	116.82	133.67	148.78	109.27	141.89	107.98	28.46	79.16	131.71	138.30	113.12	116.90	96.65	104.21	106.54	100.84	112.33	148.45	136.72	89.73	79.56	123.52	129.92	99.61	134.85
QG37_00755	135.92	123.93	71.50	81.46	106.97	115.69	109.71	100.01	105.82	105.89	87.89	107.11	89.15	107.39	101.46	105.98	140.39	152.63	141.78	117.13	109.14	118.60	137.31	112.12	122.22	147.39	102.51	145.30	109.06	30.96	66.77	127.47	129.25	117.92	124.03	95.04	110.02	115.67	91.07	121.46	137.51	131.91	81.88	81.39	122.97	123.30	97.43	136.85
QG37_00756	149.07	146.62	95.13	72.16	118.19	125.02	109.11	130.09	142.93	121.13	103.97	109.06	115.86	119.07	116.27	125.35	141.14	175.92	161.56	137.03	121.59	140.72	149.38	118.08	137.69	162.71	119.73	136.73	119.10	22.83	77.79	134.23	148.53	139.88	125.45	104.60	119.11	122.27	102.93	153.99	150.98	146.21	106.01	86.52	137.32	129.00	105.99	147.21
QG37_00757	121.89	116.61	72.49	71.90	104.95	109.32	97.44	101.79	116.19	103.87	85.35	87.32	90.12	100.33	100.91	113.05	113.12	138.46	128.68	117.03	111.34	107.57	115.24	92.66	114.33	131.10	87.88	113.21	89.36	27.48	61.45	109.04	112.87	105.92	108.29	80.77	93.74	100.26	79.78	102.81	135.65	111.59	90.64	90.07	99.45	109.66	90.33	129.53
QG37_00758	122.93	113.72	73.34	84.36	111.83	120.40	121.74	106.87	123.22	118.61	88.51	98.84	99.26	107.07	108.44	115.96	130.60	152.18	145.57	123.55	118.85	113.64	135.36	98.03	121.46	136.25	102.46	131.64	107.19	32.46	74.17	128.41	116.62	117.56	112.87	74.73	107.93	109.58	104.28	122.25	129.99	126.01	91.58	78.44	100.40	92.11	84.52	131.71
QG37_00759	123.76	134.65	72.05	72.95	114.04	116.14	119.07	116.09	137.28	108.36	92.14	113.54	100.81	120.87	110.75	130.49	145.74	148.54	150.83	117.23	129.66	121.68	126.30	108.88	141.74	150.89	109.98	141.04	99.70	29.92	82.46	132.76	127.76	120.12	117.05	101.81	105.89	132.00	98.12	125.26	148.29	140.48	95.00	91.82	116.44	114.78	99.84	132.00
QG37_00760	107.69	111.18	53.62	62.73	96.77	100.03	101.58	105.80	111.42	81.54	77.63	75.62	81.31	88.95	86.65	92.48	111.80	132.28	114.95	98.74	96.20	101.48	113.22	83.65	93.97	124.90	86.59	103.82	84.50	24.17	63.85	102.46	111.63	98.95	92.04	86.92	87.69	90.47	76.41	110.27	127.63	111.43	79.93	74.35	98.88	111.55	95.33	118.13
QG37_00761	101.81	110.43	56.46	52.22	90.11	96.68	105.49	92.04	103.65	80.31	73.70	66.90	100.68	88.72	104.11	112.10	117.49	125.86	105.03	91.99	95.83	99.25	117.38	91.52	93.16	110.43	87.44	91.79	89.45	20.60	52.80	97.71	122.96	103.61	78.66	70.00	87.41	104.68	74.20	103.25	101.00	101.07	68.51	68.71	94.24	98.80	78.91	116.06
QG37_00762	108.41	117.90	72.50	60.81	109.79	107.77	99.48	87.28	121.79	97.22	89.91	78.22	95.70	103.75	107.65	116.56	124.23	137.10	124.77	122.20	116.06	113.55	126.18	103.10	125.87	132.03	91.97	130.72	100.82	29.24	73.04	124.24	130.53	110.04	116.46	89.69	113.57	114.84	101.30	128.77	130.44	138.40	85.62	89.76	120.24	124.75	106.10	146.11
QG37_00763	128.01	119.18	71.02	68.91	113.03	107.66	109.05	111.30	123.69	102.28	74.91	94.59	97.44	99.27	104.14	107.77	144.24	159.88	136.51	109.71	116.89	122.58	141.52	114.80	130.71	147.92	105.15	120.11	103.12	32.74	71.25	124.06	137.44	120.60	115.64	94.49	114.12	107.60	95.65	118.01	136.44	134.24	97.03	94.76	112.53	118.59	89.55	143.10
QG37_00764	124.02	95.21	62.51	57.03	107.46	86.16	85.28	97.07	118.43	94.78	91.67	83.87	96.50	96.14	97.23	93.54	128.24	141.44	110.73	97.64	112.24	103.31	125.20	78.87	117.31	123.08	90.29	130.76	84.57	27.76	57.69	107.81	121.37	94.20	93.56	100.24	91.23	86.57	94.26	90.65	108.45	150.61	93.58	72.01	89.35	97.72	97.04	137.05
QG37_00765	121.05	141.12	72.85	79.63	107.57	117.83	116.73	108.71	129.57	105.39	86.56	98.37	103.14	105.26	104.23	119.37	139.64	152.76	127.30	110.69	118.84	114.94	132.68	112.84	121.72	147.96	105.53	121.74	104.05	29.08	78.05	119.37	137.37	125.89	106.79	98.23	105.55	111.86	91.90	128.94	150.86	135.56	93.99	95.60	118.13	109.86	113.27	143.95
QG37_00766	107.77	120.24	71.78	69.38	101.90	108.11	105.51	106.34	114.53	98.00	83.76	92.20	91.13	97.09	97.30	107.89	124.19	143.47	111.88	104.51	102.41	109.18	124.44	98.40	112.37	135.81	95.63	125.57	90.25	25.64	66.07	103.49	121.78	112.21	105.83	83.86	98.41	105.73	90.07	113.73	138.08	116.74	95.61	85.39	102.83	106.98	97.62	131.46
QG37_00767	127.96	121.80	67.30	65.43	113.23	103.30	96.59	109.53	111.44	97.68	83.82	91.91	94.84	96.81	101.72	102.55	125.61	140.79	132.74	124.61	115.25	118.35	120.76	101.85	112.84	138.52	92.86	120.06	87.28	32.61	75.73	110.06	130.10	114.27	106.34	90.06	101.86	104.45	97.17	116.46	148.75	113.75	91.57	88.68	120.78	111.68	91.40	127.31
QG37_00768	128.94	132.19	73.45	74.56	114.64	108.72	115.14	117.91	129.20	114.77	92.50	97.94	102.95	113.31	108.61	118.02	144.46	156.52	140.76	121.36	113.97	132.15	129.29	105.90	122.20	148.75	99.37	130.69	103.62	30.88	71.63	122.64	130.62	124.52	116.44	96.12	109.56	113.71	92.62	126.88	144.32	135.99	96.58	92.48	119.52	117.84	105.82	146.22
QG37_00769	114.18	128.37	72.58	67.08	97.50	107.38	104.95	93.88	109.14	82.73	76.72	80.50	79.62	106.50	81.78	89.39	124.62	138.59	127.99	107.09	123.07	108.26	113.25	85.09	124.93	131.22	92.71	90.45	88.98	18.01	53.53	102.19	113.62	108.86	100.78	66.07	91.10	95.90	77.94	104.74	119.31	103.04	80.35	70.61	90.88	99.48	79.40	106.42
QG37_00770	116.20	124.08	66.74	61.73	98.04	98.70	118.35	99.02	106.18	82.79	82.50	71.87	84.85	112.96	83.15	111.88	130.09	138.68	138.28	91.16	114.21	114.58	113.41	93.74	105.91	127.57	111.71	87.63	104.47	22.05	58.88	100.82	127.66	114.28	94.90	69.59	84.69	83.13	75.41	104.93	113.92	103.44	87.36	76.91	93.89	117.25	78.63	104.66
QG37_00771	109.38	100.65	57.86	65.22	92.44	91.92	95.21	105.00	120.89	93.56	82.56	85.34	102.56	101.39	79.96	99.26	117.76	134.80	121.12	105.37	95.17	109.33	117.12	82.76	117.92	138.80	91.55	88.28	101.62	58.32	106.82	106.97	104.82	90.69	97.79	67.22	89.00	89.61	86.87	89.31	113.64	92.98	96.62	76.93	101.80	100.53	75.99	118.38
QG37_00772	111.31	114.75	71.19	65.99	99.52	98.58	107.79	96.14	117.86	97.04	76.78	90.24	88.97	94.89	97.83	94.44	121.44	134.33	125.84	101.71	104.00	110.60	125.77	94.30	119.44	131.84	95.59	116.46	87.37	26.08	81.38	118.04	125.52	95.80	102.86	82.17	94.01	95.53	90.75	118.23	129.58	117.20	83.17	81.28	104.00	99.81	89.07	132.39
QG37_00773	79.53	71.11	39.22	37.82	58.59	57.74	50.61	58.18	83.38	65.80	49.03	43.19	41.94	38.70	63.96	70.00	58.19	69.86	64.42	57.05	56.86	67.53	84.25	53.21	56.98	77.75	54.91	63.95	48.47	17.60	44.20	73.18	76.98	58.58	60.08	40.96	51.48	54.07	41.25	59.96	65.52	61.61	44.24	63.09	74.28	77.11	70.39	113.49
QG37_00774	124.00	118.41	67.09	67.13	110.19	99.29	112.93	102.31	123.03	107.51	86.29	94.63	93.62	94.72	100.57	105.07	126.90	149.03	125.72	112.32	111.43	111.98	125.05	109.54	124.33	142.93	107.97	122.54	106.97	30.13	63.99	125.98	127.37	111.00	105.70	80.54	106.05	107.90	94.52	108.77	136.47	118.75	91.63	86.77	106.10	113.02	92.96	133.68
QG37_00775	122.60	114.00	75.46	68.42	118.92	104.32	114.71	120.51	122.61	109.46	85.19	97.58	84.88	101.18	103.04	112.90	144.99	154.21	129.63	117.64	118.13	128.60	129.93	110.09	115.39	143.89	102.67	133.35	105.03	32.10	75.85	114.64	136.42	112.80	104.26	87.41	95.58	108.51	87.25	120.15	130.78	113.98	91.44	92.63	120.17	116.70	99.41	138.75
QG37_00776	70.72	109.13	66.77	50.69	104.09	89.19	90.80	114.57	81.39	104.15	80.17	87.93	87.52	97.27	87.90	88.75	149.56	140.90	126.74	112.33	107.67	107.33	122.51	101.95	87.22	130.82	112.46	127.64	89.73	23.93	78.48	93.56	119.98	104.85	100.18	97.59	89.91	89.85	87.37	104.16	102.10	105.38	82.56	79.89	113.89	121.47	96.64	139.87
QG37_00777	108.31	110.76	61.10	70.59	106.75	99.51	102.59	117.18	117.72	98.32	81.32	92.34	92.83	94.90	95.17	123.38	129.93	143.42	122.77	102.97	119.51	121.62	109.62	102.91	99.74	119.26	90.13	107.19	92.87	25.05	62.40	108.68	121.18	107.06	101.02	87.18	105.63	101.33	83.90	110.16	124.52	122.61	90.75	81.94	109.53	99.90	82.10	115.99
QG37_00778	122.69	122.53	70.71	75.67	113.94	104.10	111.37	113.90	125.59	102.35	95.34	101.54	99.24	111.98	96.19	122.59	144.20	157.28	132.96	116.09	126.40	124.97	130.03	104.00	123.71	146.66	99.08	120.17	103.91	26.84	64.30	115.04	124.00	113.42	108.54	93.17	104.78	115.39	85.90	115.01	139.86	125.49	98.55	92.18	116.75	107.28	102.52	150.40
QG37_00779	139.98	127.97	77.48	71.70	124.31	118.09	120.12	122.76	123.82	119.48	85.88	91.44	94.32	106.27	97.69	126.48	150.52	155.38	133.22	112.54	122.24	125.04	145.65	120.27	144.76	131.44	95.13	127.40	100.57	26.69	79.83	115.76	137.16	122.95	109.45	94.19	101.53	103.13	91.08	111.33	156.00	131.17	100.74	89.61	116.95	113.20	95.00	136.45
QG37_00780	120.27	117.13	64.45	76.74	104.93	111.29	99.43	103.17	112.89	103.88	83.96	89.97	81.54	95.37	99.38	118.87	130.65	143.96	122.41	107.26	114.32	113.08	115.62	97.23	111.58	117.36	80.42	116.08	106.52	30.34	70.79	113.17	124.99	116.34	105.65	91.85	92.27	98.61	85.14	116.70	122.36	124.27	87.96	79.32	108.54	98.51	88.83	121.34
QG37_00781	128.43	102.88	83.65	69.62	93.03	118.65	92.63	112.20	130.85	106.12	90.40	103.22	100.56	110.89	92.01	100.46	166.00	136.69	130.27	129.13	118.42	119.92	113.70	104.00	127.13	144.44	103.08	127.74	107.22	33.15	78.15	114.12	123.60	116.69	114.90	80.76	87.85	101.08	86.53	119.26	145.95	126.60	85.08	73.32	96.94	99.38	86.62	155.47
QG37_00782	143.75	127.99	79.15	74.59	116.98	126.28	117.85	116.33	137.89	103.63	86.11	100.63	99.53	98.58	104.95	117.28	159.73	161.37	126.89	127.13	122.14	121.19	149.09	101.78	124.27	136.78	107.09	134.25	122.13	24.29	78.18	116.18	131.98	122.59	109.22	88.46	103.40	111.25	91.78	120.61	141.65	125.89	101.04	91.89	119.15	105.33	102.62	154.24
QG37_00783	124.06	126.73	67.36	72.92	119.87	123.47	111.72	119.11	120.44	115.10	94.06	98.31	114.43	100.74	105.12	119.01	139.48	151.59	139.66	107.41	107.91	123.09	133.31	106.88	113.09	127.56	91.70	120.51	96.41	32.98	73.85	112.92	125.08	113.22	102.52	83.95	106.55	109.75	91.49	118.43	138.64	132.04	94.64	87.62	112.54	104.10	98.12	142.11
QG37_00784	119.79	128.04	55.92	78.80	130.03	112.46	115.72	106.15	118.00	127.69	99.85	87.59	100.26	98.85	110.38	101.48	134.82	132.60	139.46	108.47	110.27	129.22	125.74	91.56	130.50	157.08	96.41	117.89	103.14	35.37	66.77	108.89	142.98	103.80	105.08	88.87	115.71	110.16	85.42	106.11	136.86	114.71	97.38	88.80	98.41	96.85	100.21	133.49
QG37_00785	129.67	133.33	82.77	86.70	116.08	104.21	113.43	115.56	122.21	96.80	93.17	102.82	101.93	107.40	100.00	107.84	121.29	143.57	131.91	124.85	135.15	115.86	130.99	101.29	147.95	139.56	99.03	120.34	98.42	26.69	74.11	112.47	102.74	124.77	123.65	75.43	102.17	102.75	92.50	118.43	135.03	110.81	90.19	83.80	97.15	111.78	102.53	130.31
QG37_00786	123.44	108.02	69.68	68.81	119.63	102.50	114.24	111.38	112.72	92.85	87.22	91.87	96.14	94.83	102.25	115.72	125.62	142.36	116.29	115.78	116.05	111.65	115.19	89.34	117.11	129.08	87.92	113.42	101.40	21.25	65.71	107.08	122.99	107.09	115.33	89.57	101.13	96.80	84.74	118.07	126.23	119.11	79.74	90.01	98.04	103.93	94.38	125.37
QG37_00787	132.99	132.85	68.84	65.63	110.56	114.82	110.37	111.71	120.60	112.76	96.01	87.24	103.54	105.69	91.33	105.02	125.09	142.79	131.57	126.68	110.45	112.99	127.33	107.89	115.31	129.11	95.61	120.96	103.15	23.90	64.34	125.53	118.73	128.85	95.41	88.43	98.36	115.23	90.62	120.57	139.89	123.26	103.49	80.92	104.45	103.05	96.54	133.76
QG37_00788	49.86	89.22	60.80	59.67	78.93	94.61	92.67	93.16	82.25	82.81	74.25	79.60	93.67	94.05	75.25	87.52	96.03	90.81	113.50	81.60	79.13	81.02	104.67	90.03	97.95	103.02	83.21	77.64	70.80	13.51	53.27	108.12	97.95	101.27	59.58	64.60	65.81	74.58	52.80	87.34	91.75	98.81	81.28	63.53	72.57	67.60	72.19	114.17
QG37_00789	99.66	89.17	55.28	63.69	90.77	84.07	79.74	84.28	79.13	77.94	61.42	73.83	82.24	78.15	73.17	83.76	87.71	94.51	104.11	83.42	93.32	87.53	80.13	89.93	81.54	112.04	68.06	102.42	66.02	19.15	54.70	88.17	91.31	107.43	78.26	58.09	81.77	74.79	66.60	81.96	87.87	87.60	76.04	71.41	80.61	67.17	83.93	101.96
QG37_00790	115.53	113.56	71.16	61.77	104.82	99.61	113.22	109.69	104.34	102.96	83.86	105.22	98.66	90.74	99.51	109.49	126.99	141.52	118.13	105.92	108.52	110.40	113.63	84.69	109.61	140.83	90.11	121.45	91.67	25.54	67.23	93.19	126.51	107.36	103.67	80.91	104.26	102.25	87.35	108.43	132.29	111.24	86.56	75.94	92.65	104.26	98.69	116.81
QG37_00791	121.84	109.94	53.67	67.63	105.13	111.53	106.77	107.16	100.89	100.43	87.54	85.12	92.29	96.85	101.46	106.89	130.96	125.75	120.50	99.67	97.67	101.43	123.02	96.79	106.93	116.99	89.90	117.68	90.11	26.71	67.82	121.72	116.52	97.78	106.23	79.47	91.53	89.77	88.24	105.25	130.32	118.52	93.20	86.43	96.98	90.97	85.69	129.95
QG37_00792	115.63	104.09	67.15	77.67	108.09	109.78	108.27	107.66	122.15	104.10	86.54	97.92	88.86	108.39	106.54	112.55	144.86	151.55	118.71	113.93	108.58	115.04	129.43	95.33	136.61	138.21	95.71	131.35	95.01	25.24	70.42	119.36	134.61	106.65	105.85	85.27	95.98	119.90	93.58	118.84	149.40	120.77	98.33	88.81	108.05	119.34	106.99	134.79
QG37_00793	128.05	143.27	72.77	75.14	126.14	117.66	105.71	115.36	119.15	109.23	105.25	84.20	90.75	106.45	109.30	116.75	156.77	164.77	128.44	130.46	130.58	124.61	141.71	116.83	131.01	151.16	98.74	132.80	102.84	31.05	71.71	122.29	141.69	132.13	122.65	100.95	112.16	119.28	98.99	114.77	144.84	123.33	109.93	107.10	119.58	115.01	116.16	148.76
QG37_08397	139.22	136.38	66.16	73.84	122.04	132.20	100.88	109.85	104.24	107.04	104.99	78.15	98.58	111.05	101.55	104.68	152.38	169.23	136.50	146.61	135.05	125.23	145.55	115.78	134.30	168.93	104.95	157.35	119.31	29.59	58.62	148.59	141.11	117.11	125.89	85.05	107.61	106.45	93.57	105.51	147.89	126.16	112.45	116.65	125.42	109.53	114.64	146.14
QG37_00794	127.20	123.59	76.78	74.94	116.72	116.09	116.35	104.51	119.34	99.87	98.75	90.04	106.92	98.14	102.83	111.74	139.71	161.71	132.56	105.38	125.50	124.43	129.09	105.04	124.80	141.52	104.88	121.15	104.64	31.16	72.53	121.36	137.86	125.18	110.51	90.12	98.63	103.19	98.42	111.49	136.02	133.50	89.81	84.92	109.20	120.42	95.44	149.89
QG37_00795	108.45	115.15	62.63	58.60	112.91	109.00	98.08	109.71	116.66	110.21	87.02	94.36	100.64	99.79	107.43	109.70	141.49	143.30	133.12	114.48	114.79	116.94	135.98	104.30	113.70	128.85	99.28	110.37	97.80	25.60	74.64	114.05	119.73	115.82	101.87	85.82	106.22	106.65	86.68	106.72	128.46	119.48	85.22	89.26	104.79	100.04	96.95	129.77
QG37_00796	114.01	109.84	61.32	61.67	90.84	100.00	97.53	89.62	108.70	98.36	84.85	88.77	85.44	99.35	95.41	115.54	121.25	146.29	108.38	115.11	108.19	111.09	107.57	97.27	115.29	126.38	83.71	111.84	91.76	21.91	67.11	111.34	112.22	115.76	111.46	89.76	91.30	106.06	75.47	110.21	126.37	107.05	88.38	80.49	99.47	101.16	91.23	114.46
QG37_00797	122.45	135.16	78.78	75.15	115.47	102.47	111.82	111.58	126.55	100.20	84.57	96.05	97.70	99.29	96.55	124.13	135.01	147.30	144.90	122.57	124.34	123.45	123.35	103.09	119.71	155.37	110.89	118.24	107.60	29.29	75.71	112.21	132.75	116.30	97.08	95.58	105.68	117.97	85.61	116.06	129.81	124.20	98.46	89.92	106.09	110.47	103.03	143.11
QG37_00798	129.97	117.19	65.47	58.77	115.14	109.08	104.15	107.88	127.45	103.32	86.15	98.12	88.84	102.84	84.38	110.17	109.63	137.21	124.83	108.93	121.42	129.34	106.75	90.88	106.38	132.27	92.63	132.56	93.25	24.43	70.08	124.59	125.34	125.55	117.81	93.25	117.46	108.14	86.12	104.07	137.31	120.63	96.00	86.23	114.00	127.67	105.50	142.61
QG37_00799	118.99	133.56	73.55	66.83	109.57	112.95	103.29	104.24	120.91	91.58	84.24	91.82	92.47	84.27	98.05	95.89	122.25	156.41	118.04	106.54	116.54	108.46	125.28	82.71	110.69	132.76	95.06	131.64	100.26	27.45	63.75	116.69	138.31	123.66	106.54	94.31	94.23	93.48	77.71	109.41	129.26	107.77	96.13	89.22	109.39	126.39	84.10	125.28
QG37_00800	112.25	117.86	69.98	68.40	113.68	108.97	108.06	102.62	124.69	96.42	95.09	87.80	100.76	96.21	104.26	116.00	139.97	135.72	128.79	110.32	116.65	114.24	122.83	99.23	113.59	136.32	80.87	115.56	96.34	27.97	67.14	123.01	128.14	116.32	109.43	103.64	103.88	115.48	91.93	122.73	107.83	121.69	84.98	88.34	103.22	107.82	98.79	137.20
QG37_00803	130.88	133.37	67.72	65.33	106.65	102.61	109.32	99.66	116.78	116.44	99.39	81.91	91.32	90.04	87.45	96.37	122.78	139.45	150.50	86.09	99.33	117.09	131.02	92.80	120.90	149.11	98.79	109.75	93.76	30.29	70.57	115.68	112.85	108.61	92.44	71.99	82.74	114.39	81.17	97.49	124.37	116.01	85.83	83.49	115.76	94.58	96.71	116.71
QG37_00804	117.25	114.65	73.09	70.93	103.91	106.43	107.07	107.52	113.46	101.20	84.58	86.01	94.87	103.58	86.98	112.83	138.69	139.80	111.61	97.39	108.68	96.92	136.40	98.41	114.78	133.90	93.17	114.49	82.33	25.15	78.22	114.93	121.41	102.65	109.08	89.35	97.88	108.31	75.64	123.04	124.22	122.25	84.41	82.93	109.60	104.32	86.92	120.13
QG37_00805	119.90	85.39	58.74	62.13	115.92	103.50	82.16	90.98	105.24	82.58	90.54	79.53	83.18	102.59	77.38	98.25	119.11	127.43	124.92	105.81	102.76	89.16	121.48	89.59	102.76	128.11	91.79	101.13	95.28	21.89	74.35	122.10	101.71	90.51	89.14	82.43	103.11	102.51	70.86	99.20	114.33	97.20	78.39	88.35	79.59	103.05	84.81	136.77
QG37_00806	83.76	90.90	54.98	60.23	102.51	75.94	111.76	99.60	97.28	69.06	64.28	61.35	83.26	80.95	78.85	99.21	117.31	126.39	79.69	90.38	77.85	94.55	84.53	65.37	81.33	105.38	78.32	106.79	76.72	18.02	55.72	93.10	123.70	89.42	85.86	68.30	92.75	96.12	65.42	81.35	97.54	83.92	72.49	63.55	99.04	96.89	74.31	123.58
QG37_00807	120.55	116.81	68.52	73.34	107.65	105.30	112.63	113.17	115.92	105.25	79.15	87.14	90.22	99.64	104.66	112.52	134.89	149.28	134.67	112.60	110.94	117.59	119.74	99.33	117.27	133.36	99.82	124.83	95.93	28.37	66.22	114.19	129.02	121.14	114.20	86.28	105.69	106.27	86.02	117.48	134.08	115.36	88.06	90.21	114.56	113.63	104.70	133.61
QG37_00808	110.45	121.29	70.86	68.40	109.81	109.86	102.13	115.12	112.79	106.19	86.06	88.49	99.40	113.50	90.05	103.20	137.64	143.81	128.66	109.19	117.30	123.60	112.28	105.72	111.19	147.96	99.63	123.60	95.59	25.65	66.37	119.82	128.84	110.92	112.08	89.39	97.98	117.49	87.91	107.29	136.00	122.81	88.17	74.93	94.23	102.83	88.67	120.52
QG37_00809	81.46	107.78	65.98	57.51	114.54	85.98	95.10	86.69	99.06	82.35	61.68	81.29	88.32	89.04	80.63	85.65	103.17	129.98	132.52	89.08	88.56	92.16	105.33	83.90	116.17	103.35	88.67	114.07	79.00	23.77	63.93	106.62	126.95	100.29	79.84	73.87	81.65	88.35	68.81	92.81	92.16	98.68	68.83	43.51	73.14	59.48	60.62	76.67
QG37_00810	145.87	154.38	96.66	98.21	140.61	108.03	124.39	129.73	156.33	135.95	115.45	141.03	106.73	137.54	123.71	128.67	146.81	165.81	151.09	145.09	137.07	144.67	134.53	125.12	141.90	130.95	117.75	164.10	112.73	45.10	96.61	146.38	151.74	128.84	141.81	112.29	123.26	118.75	123.84	160.97	169.44	148.77	119.62	125.28	141.71	120.22	126.38	151.79
QG37_00811	139.39	138.58	95.17	86.66	133.46	132.20	120.23	137.27	144.45	136.85	117.35	101.47	113.30	143.38	133.54	156.29	139.68	159.31	136.15	134.81	132.83	136.88	159.96	113.88	145.90	160.26	111.68	147.14	120.97	28.88	80.49	145.36	145.69	129.82	130.85	135.53	129.89	130.68	117.54	126.12	144.72	133.91	106.78	114.34	140.25	113.67	110.01	150.57
QG37_00812	118.89	118.71	66.76	76.42	108.52	125.83	106.40	116.14	129.25	101.90	92.80	94.13	103.39	108.55	97.17	131.61	141.11	148.17	137.33	118.22	106.28	123.77	120.80	92.66	112.89	139.96	100.81	120.87	105.88	19.87	82.33	117.96	89.85	112.52	116.27	86.78	107.49	123.27	90.52	118.52	142.86	108.53	80.84	87.19	105.92	102.96	97.64	133.47
QG37_00813	133.37	118.78	58.46	73.88	105.21	104.36	100.77	96.66	132.70	116.20	100.02	87.55	94.11	78.49	82.82	88.98	149.81	129.90	132.83	101.85	121.89	111.21	109.21	84.62	106.07	120.60	89.72	126.37	87.40	31.00	69.65	123.56	55.36	118.60	102.89	75.27	107.33	112.18	85.58	111.48	110.48	110.63	82.43	79.25	88.73	95.71	92.83	131.01
QG37_00815	131.11	131.12	73.50	73.71	116.07	120.21	115.70	108.79	122.96	107.68	89.87	94.29	97.25	102.45	110.00	113.36	131.35	154.04	129.54	122.77	123.25	124.19	121.28	91.52	122.66	138.07	96.67	130.01	107.57	29.36	73.54	124.64	125.12	109.46	113.44	88.14	97.46	96.83	86.21	114.70	128.35	125.21	78.99	87.29	100.43	100.70	86.71	131.44
QG37_00816	137.13	140.31	73.47	77.55	127.24	123.14	119.74	125.28	139.04	115.51	98.72	100.80	116.64	109.78	103.38	114.42	149.45	153.51	140.06	133.60	118.38	126.26	136.44	107.83	136.52	159.69	104.86	143.27	110.21	26.74	71.10	124.52	140.91	116.91	108.48	94.09	104.39	124.74	83.32	127.17	144.28	123.17	91.10	96.98	114.18	113.08	97.35	128.83
QG37_00817	146.44	151.49	90.46	92.22	140.22	146.70	140.78	140.41	146.30	134.56	115.87	125.65	115.31	130.95	119.87	132.37	176.21	178.20	153.25	135.77	136.62	136.20	156.14	113.11	136.51	163.25	114.33	143.22	127.95	34.46	81.09	148.62	142.20	147.05	126.34	109.67	107.70	117.10	102.64	138.79	155.40	156.68	109.88	109.25	131.55	136.30	108.11	163.77
QG37_00818	147.51	137.41	81.69	86.60	130.88	120.82	118.23	121.58	136.45	111.15	102.60	108.57	107.01	112.18	101.06	121.63	156.73	156.40	133.65	127.74	120.38	129.33	143.54	101.33	136.07	161.31	107.62	134.35	120.83	29.23	73.89	134.50	147.53	124.72	111.15	93.38	106.32	123.57	102.25	127.26	153.23	131.73	96.12	103.13	120.33	121.02	109.00	146.14
QG37_00819	77.08	72.86	37.78	43.52	68.83	61.15	67.98	72.69	72.00	57.52	36.89	54.78	55.18	59.82	54.41	58.54	94.72	90.60	71.17	61.63	68.86	69.07	75.10	52.16	62.33	67.23	59.84	99.81	60.55	12.79	43.77	64.86	87.92	60.16	57.74	43.81	57.92	62.99	49.01	79.33	81.56	86.53	51.20	72.76	86.18	95.80	73.52	111.15
QG37_00820	118.31	82.53	50.12	46.95	82.65	85.98	81.05	95.44	83.52	75.49	57.57	60.19	71.98	86.08	81.39	78.26	115.05	125.55	93.70	72.28	82.97	73.90	105.41	64.83	83.52	90.56	69.73	116.21	71.97	20.30	52.23	91.61	114.07	100.65	86.93	77.01	93.21	100.21	73.83	96.57	129.31	98.29	73.44	90.03	97.81	96.80	89.07	114.72
QG37_00821	24.50	43.73	29.03	33.57	46.56	37.34	35.25	39.02	57.33	38.65	31.71	30.39	30.96	47.15	43.42	37.37	54.54	50.35	59.49	53.17	40.60	39.72	44.83	40.57	40.82	52.52	39.46	48.48	39.44	14.72	32.68	38.40	80.62	45.65	37.64	38.27	32.62	29.62	32.61	49.84	42.11	42.44	32.58	53.43	74.62	66.17	64.39	104.09
QG37_00822	88.17	67.26	34.23	27.57	63.67	49.22	53.94	48.16	66.56	49.31	36.36	45.44	34.15	43.65	49.86	56.47	73.06	81.19	65.04	56.99	58.90	56.02	55.64	52.11	64.70	52.68	44.79	64.07	50.94	11.22	40.85	71.57	95.63	56.69	37.89	41.53	48.02	43.35	52.21	53.94	54.69	45.47	36.80	71.41	96.81	92.64	63.46	118.25
QG37_00823	86.74	100.05	52.12	62.80	92.83	82.37	94.96	60.42	99.60	96.94	76.84	70.59	64.69	71.96	83.40	72.11	140.03	117.39	95.48	80.64	90.35	98.46	116.03	83.40	88.49	121.77	67.81	112.82	66.83	22.66	53.77	91.64	101.35	98.17	80.51	64.37	85.73	101.27	76.94	89.30	110.95	99.18	68.77	66.25	66.64	98.75	83.95	122.74
QG37_00824	101.96	105.90	50.33	81.64	99.21	83.14	97.86	63.21	89.34	83.78	81.44	65.79	75.01	81.31	74.64	87.93	140.15	121.22	96.16	90.22	105.55	106.82	112.47	83.42	92.77	114.53	63.04	110.71	67.29	28.81	48.94	89.24	98.71	99.53	93.27	64.21	78.44	92.44	76.72	94.98	105.71	98.89	85.14	73.45	81.81	95.28	83.93	121.15
QG37_00825	107.54	113.30	57.67	64.17	97.76	101.36	95.59	90.48	101.19	91.51	78.91	74.60	83.01	91.93	76.74	108.27	135.37	133.77	120.06	112.07	98.33	114.01	115.61	89.34	99.27	124.20	77.08	105.75	91.41	28.67	61.59	90.69	101.64	102.22	90.97	84.30	105.77	104.24	80.29	98.51	116.18	94.09	79.85	80.84	89.88	95.25	81.26	111.30
QG37_00826	114.15	110.35	63.81	66.48	108.46	107.02	106.87	108.30	117.67	99.94	87.63	74.74	90.63	94.01	91.90	99.51	130.13	132.62	120.31	104.56	104.21	103.33	127.01	90.27	118.63	133.60	86.99	112.11	89.93	23.13	61.10	103.22	108.49	103.48	100.49	78.92	100.97	100.57	76.33	111.22	133.34	119.87	83.38	94.46	97.17	95.09	88.32	128.75
QG37_00827	128.57	112.17	71.67	69.54	108.38	119.10	110.79	121.30	135.35	110.85	77.10	83.11	98.44	98.69	101.39	118.12	144.41	143.19	147.68	117.09	118.25	127.63	132.76	105.63	112.37	140.42	105.28	124.10	97.66	27.80	66.14	126.63	141.03	128.36	108.47	91.17	112.82	112.24	100.02	122.95	144.22	133.36	88.64	86.52	101.42	119.30	100.38	132.49
QG37_00828	121.27	111.92	66.48	64.80	98.27	112.23	105.07	99.27	112.97	99.13	88.27	89.79	95.82	90.78	99.09	104.18	132.76	153.47	126.43	112.53	112.33	109.68	133.92	97.25	115.54	122.43	94.72	123.16	94.02	26.83	66.85	105.97	129.71	106.98	103.82	78.63	94.67	98.88	87.50	116.97	126.76	117.79	90.74	82.11	99.11	101.00	100.20	128.04
QG37_00829	120.16	130.69	63.46	71.64	107.01	108.69	104.84	113.30	130.24	110.45	87.30	92.77	98.58	104.32	97.97	110.98	128.10	146.75	140.78	106.53	110.95	119.20	129.64	94.18	120.15	136.41	107.18	125.37	104.28	28.89	78.68	110.38	127.57	115.32	103.22	92.16	96.38	110.30	87.76	115.49	134.08	119.56	87.82	85.14	108.01	103.28	92.21	132.52
QG37_00830	101.97	102.51	53.91	65.76	91.14	95.67	93.85	108.54	117.67	83.72	80.96	75.93	76.62	90.60	84.43	98.07	115.88	126.61	111.74	99.33	96.57	97.01	121.46	98.85	105.02	125.75	83.41	103.18	77.63	21.35	58.42	106.57	124.19	89.85	82.98	80.99	80.71	89.91	77.05	105.07	114.81	103.28	87.23	80.31	100.03	93.49	83.44	112.92
QG37_00831	107.91	109.18	70.48	56.60	88.70	94.31	93.24	96.64	105.42	86.18	80.84	72.65	72.68	101.15	86.64	101.43	121.27	127.14	110.82	94.01	90.16	109.18	112.08	91.56	100.91	108.93	79.42	100.28	70.29	19.60	65.00	98.62	109.94	92.98	88.69	73.53	84.59	87.17	74.84	100.78	123.44	110.21	84.94	84.57	92.75	89.34	85.24	113.27
QG37_00832	102.05	122.20	67.12	66.99	114.40	106.65	109.83	107.43	122.27	112.22	77.95	77.59	82.96	103.53	86.31	107.77	145.04	146.19	134.98	95.75	123.39	122.23	109.75	108.69	122.69	141.65	95.46	120.52	93.01	30.69	63.46	122.38	116.25	101.33	91.61	60.28	90.11	115.22	105.88	120.86	140.88	122.16	91.85	99.31	107.10	130.73	117.86	126.53
QG37_00833	122.05	134.96	65.73	72.07	110.56	122.59	98.26	112.49	120.47	104.55	82.79	96.58	95.43	106.56	103.54	117.64	143.27	151.48	134.80	103.63	131.70	110.44	125.79	110.07	130.61	144.34	98.45	116.32	91.45	23.00	67.00	125.14	129.96	112.63	90.97	95.28	107.95	114.74	87.38	129.66	142.87	117.45	100.09	85.79	124.80	118.19	115.93	144.18
QG37_00834	85.56	91.68	56.32	45.79	88.02	71.55	78.06	73.75	76.58	71.07	64.01	56.02	60.08	85.66	86.27	102.92	114.07	108.35	88.85	88.20	95.58	89.13	113.46	86.20	89.42	108.97	62.40	72.87	69.21	13.98	44.28	91.66	99.22	86.41	71.70	61.31	96.32	90.74	75.49	90.31	102.41	102.56	77.44	74.29	96.59	106.43	81.24	105.43
QG37_00835	86.82	95.00	60.41	52.62	77.70	77.85	96.27	89.62	94.63	78.85	71.83	77.33	74.83	92.90	86.76	93.47	116.01	118.34	121.25	88.30	96.58	95.30	105.65	79.13	102.49	121.62	77.30	92.39	81.61	23.97	58.82	93.45	99.94	94.16	90.11	72.29	78.72	82.63	72.61	102.36	112.19	104.80	88.71	74.96	86.80	94.90	86.63	127.78
QG37_00836	116.87	118.93	72.57	80.37	118.47	107.43	98.29	108.72	125.06	108.15	86.00	98.06	99.05	107.97	95.09	114.20	142.72	154.33	136.10	109.54	129.62	128.53	136.92	113.73	126.45	148.25	100.71	122.80	108.13	29.96	74.13	121.70	140.18	118.19	108.63	97.11	112.81	110.85	104.89	127.40	143.33	135.26	99.00	91.90	125.89	111.96	100.80	134.68
QG37_00837	128.39	125.87	72.55	73.39	121.66	101.55	84.73	119.71	135.18	107.57	94.06	104.73	118.11	92.45	127.79	112.88	159.89	144.79	157.98	115.03	122.51	125.81	139.93	106.05	123.00	140.76	122.20	124.93	107.24	44.45	77.20	125.27	153.37	124.12	112.41	94.61	110.09	124.51	92.19	130.07	166.07	114.39	89.91	98.97	141.41	122.11	87.42	160.90
QG37_00838	100.89	105.28	54.86	67.47	92.82	90.63	96.82	109.21	121.40	102.38	83.32	95.76	86.51	96.23	94.89	101.10	138.26	134.65	125.95	111.68	102.15	111.51	116.55	92.19	116.54	121.39	89.21	111.41	104.38	29.25	68.71	113.19	120.49	121.99	97.62	88.85	103.21	107.93	86.08	106.15	124.83	109.35	91.50	86.27	105.31	99.96	89.92	129.31
QG37_00839	128.90	132.00	71.37	67.15	114.34	108.31	109.24	116.31	124.70	104.14	88.13	97.85	102.88	107.70	96.01	119.36	144.24	154.27	132.03	118.37	112.22	122.80	137.73	103.86	121.81	149.30	100.06	120.55	99.23	30.60	73.36	116.47	132.57	124.46	119.03	86.44	107.45	109.04	90.64	126.30	145.34	128.72	92.90	102.42	115.67	115.38	100.55	145.24
QG37_00840	129.92	123.98	66.73	70.16	109.91	104.41	101.63	107.84	124.25	87.75	84.55	80.93	95.96	112.97	90.57	121.52	128.21	147.56	128.40	106.09	115.39	129.25	135.64	122.86	122.83	139.75	94.82	116.19	96.97	31.93	69.59	119.08	128.93	124.94	109.93	98.31	115.11	120.08	95.08	115.94	138.90	124.50	102.24	107.23	124.68	114.68	104.79	142.79
QG37_00841	124.10	127.28	65.30	93.81	111.93	105.52	100.19	128.35	133.03	103.88	94.08	100.11	115.76	116.29	101.61	126.26	158.90	153.06	142.70	105.92	122.44	128.96	134.48	108.01	129.34	125.17	93.17	128.46	102.54	31.68	71.61	115.21	123.13	123.79	106.60	99.87	125.98	131.48	108.67	136.46	139.62	117.72	89.88	83.45	123.51	116.49	96.64	141.69
QG37_00842	115.81	130.23	66.70	91.55	111.13	109.38	97.04	131.71	127.43	91.99	93.51	101.65	114.61	100.46	98.01	112.60	155.15	156.65	137.33	94.71	115.69	129.51	136.77	87.76	120.90	152.02	97.06	124.15	100.41	28.58	64.50	129.23	141.33	120.47	93.07	98.41	115.56	112.88	91.85	119.85	151.31	123.38	91.75	65.82	111.99	112.41	92.19	150.84
QG37_00843	102.54	145.15	67.20	68.82	99.75	109.13	105.14	108.58	112.51	107.91	79.19	94.21	91.08	102.54	89.77	112.83	102.92	135.86	123.45	113.98	96.29	123.15	115.54	92.92	115.22	144.61	92.09	121.75	101.67	23.79	78.60	113.70	117.13	120.48	93.46	89.48	111.49	95.28	83.04	119.20	128.03	118.55	87.51	80.48	112.98	88.23	91.95	128.67
QG37_00844	119.41	115.12	61.82	66.54	99.75	96.43	102.91	97.09	91.45	81.05	75.66	88.20	80.24	97.20	84.57	110.23	125.62	134.52	113.92	101.50	105.12	100.97	118.98	89.33	109.75	127.99	88.17	103.77	82.21	28.61	74.30	106.52	111.30	104.05	93.23	87.00	92.83	104.53	80.23	110.10	118.95	108.11	80.87	84.64	106.04	108.05	97.29	135.30
QG37_00845	134.86	131.51	70.88	72.83	115.38	111.80	113.95	113.15	132.60	105.51	93.31	101.48	97.54	106.09	107.05	119.07	140.52	153.68	144.98	123.60	124.34	125.34	141.67	103.44	127.85	143.11	102.05	134.00	102.50	31.08	70.72	125.66	134.95	122.31	113.87	90.37	102.25	111.97	92.23	124.41	144.30	130.82	91.17	95.42	119.14	113.84	106.20	142.53
QG37_00846	125.82	112.42	67.99	61.82	103.73	94.47	98.61	106.47	135.62	103.79	82.40	90.53	87.20	88.22	98.84	87.95	137.91	155.21	150.16	109.21	94.25	104.55	115.40	90.91	142.76	120.56	86.03	104.70	95.42	23.80	68.29	97.68	96.88	121.22	102.17	88.73	98.71	97.83	79.24	104.95	126.35	127.46	84.73	87.18	109.07	109.73	103.02	141.11
QG37_00847	100.45	107.60	64.50	56.04	99.75	100.45	93.84	103.31	102.02	91.31	80.78	75.99	98.37	102.52	91.28	95.40	126.50	144.21	119.00	107.44	116.69	106.65	118.91	90.74	112.26	130.33	92.57	101.66	94.18	26.58	67.11	107.01	111.30	94.32	99.90	85.14	96.08	105.43	87.53	105.71	138.50	113.92	86.34	74.62	102.49	96.88	88.44	121.89
QG37_00848	119.00	131.08	72.18	73.42	118.35	114.00	108.50	118.28	135.37	114.83	94.75	100.49	99.71	101.99	99.08	116.77	145.31	152.25	142.00	121.55	123.26	127.28	130.44	106.95	121.85	154.78	96.19	128.66	99.74	25.28	76.34	128.77	132.39	115.49	111.70	95.52	101.98	108.43	87.89	122.69	137.79	123.71	92.40	94.32	120.27	111.47	95.00	135.09
QG37_00849	113.12	118.15	65.46	74.17	94.14	118.34	92.49	109.43	125.00	90.19	90.18	96.85	88.94	101.85	98.24	120.70	135.02	146.73	124.26	123.94	102.91	123.63	134.54	94.79	126.16	128.50	81.30	130.19	104.58	32.23	60.32	116.50	114.11	108.80	94.29	73.68	105.35	96.87	98.16	112.30	129.41	115.82	81.13	92.00	109.92	112.47	82.73	125.85
QG37_00850	125.07	127.92	65.87	64.77	119.14	123.10	118.49	117.58	132.44	116.70	95.53	93.26	92.89	110.39	97.72	107.14	146.63	137.82	148.63	129.04	113.36	136.98	144.72	99.09	115.53	141.58	95.62	133.43	104.80	20.04	67.66	125.46	133.29	123.89	103.38	92.48	107.93	99.57	95.23	117.26	151.92	131.66	106.26	83.02	113.16	111.28	89.54	131.80
QG37_00851	116.99	121.64	68.27	70.34	117.28	122.43	109.90	112.96	120.96	96.82	87.09	94.93	97.50	96.36	97.49	112.06	131.25	152.02	131.40	103.55	121.05	118.26	131.88	100.88	115.66	142.29	96.08	119.35	95.19	29.35	73.08	116.94	126.81	114.49	107.14	93.85	96.92	110.27	85.21	121.68	133.33	123.11	90.17	99.14	125.84	124.28	109.65	149.81
QG37_00852	116.67	106.18	68.08	67.62	111.64	103.05	108.91	105.60	95.41	100.86	89.59	79.65	89.53	85.98	102.09	116.14	137.09	129.46	137.37	95.21	121.21	90.12	120.54	97.31	117.05	154.34	77.48	125.27	96.80	18.65	69.38	108.96	100.99	90.70	91.18	72.11	102.16	93.49	79.11	96.14	110.41	92.20	72.99	77.01	100.13	83.11	74.45	118.15
QG37_00853	110.85	118.31	66.22	59.90	100.62	97.07	110.01	113.53	115.49	88.95	89.88	73.62	85.64	91.07	85.11	106.10	121.78	127.71	125.08	92.11	108.13	101.56	118.96	99.82	116.43	121.07	91.51	114.58	83.94	27.10	58.41	92.37	114.19	98.29	93.69	86.49	93.87	105.22	71.49	107.10	129.41	114.08	83.01	89.48	98.51	94.64	82.94	115.51
QG37_00854	151.76	139.26	70.19	76.91	123.08	132.14	125.55	117.05	140.19	115.11	85.23	98.27	143.52	125.24	97.45	123.37	137.42	143.54	153.41	98.20	138.76	151.45	126.03	113.50	128.90	137.01	110.52	136.43	111.01	31.11	78.30	132.29	149.62	100.85	98.30	112.72	112.70	100.11	71.86	106.82	128.76	124.29	101.13	79.08	93.80	96.62	79.89	135.90
QG37_00855	129.77	147.63	93.30	83.79	114.35	140.27	119.00	134.72	116.86	123.60	102.27	107.27	121.73	113.95	118.65	117.49	157.46	157.65	152.25	122.58	143.21	126.25	141.10	118.30	162.28	147.41	108.13	147.25	116.04	24.29	76.38	147.03	155.39	120.58	104.54	104.74	127.66	116.26	101.80	123.86	174.38	125.46	110.18	87.88	100.20	127.29	88.95	170.98
QG37_00856	129.21	139.85	78.41	81.74	123.51	133.30	117.27	127.44	108.86	115.67	96.70	114.26	106.57	93.59	106.85	111.37	162.38	140.40	145.54	124.20	129.20	124.07	134.63	126.73	133.37	149.22	105.46	133.98	107.93	25.99	86.99	124.90	146.97	115.30	96.33	86.64	126.39	109.28	96.77	142.89	157.56	138.02	100.70	88.58	105.70	125.78	99.23	155.99
QG37_00857	135.52	135.88	78.94	71.37	118.23	118.82	116.37	116.14	111.98	118.69	88.97	94.94	89.01	98.96	94.98	94.80	142.47	151.98	152.28	117.30	110.51	134.69	118.66	116.80	128.27	120.71	88.91	136.73	103.29	29.64	83.57	115.02	122.25	120.80	77.82	79.74	114.47	82.68	97.22	129.02	149.01	139.29	86.99	76.94	95.72	111.72	93.94	161.40
QG37_00858	119.37	109.37	62.81	66.67	108.98	109.82	102.58	109.14	123.04	97.17	92.79	95.64	95.13	105.62	94.28	117.38	127.71	136.53	119.61	111.27	113.65	113.00	118.71	93.31	115.36	133.02	90.02	115.53	89.12	25.90	67.43	115.33	115.98	117.28	99.55	98.11	94.82	109.89	82.93	110.21	130.76	119.24	85.52	90.65	103.72	105.02	91.65	122.04
QG37_00859	121.56	131.42	86.00	74.74	116.40	115.36	119.98	111.46	134.48	103.34	92.49	85.52	114.64	100.77	98.78	131.82	127.14	149.81	129.82	104.49	115.34	113.44	125.37	89.68	110.08	147.26	91.53	131.45	85.84	26.94	62.72	106.53	135.23	111.60	100.17	86.67	109.25	117.69	93.33	117.25	143.97	116.78	89.68	93.20	103.95	116.96	100.38	144.36
QG37_00860	146.80	143.25	90.03	82.08	154.90	151.68	149.07	154.93	131.77	116.83	119.33	107.13	115.88	117.36	106.15	130.99	172.05	181.40	140.58	124.00	118.33	123.70	129.07	99.75	172.96	181.87	124.50	169.40	115.66	31.67	81.53	140.51	134.81	124.40	124.39	96.11	136.26	144.75	101.65	150.47	178.50	132.94	103.24	101.75	117.27	131.37	120.45	151.54
QG37_00861	117.42	114.25	66.40	65.33	120.77	117.87	101.44	105.90	126.10	111.00	77.08	81.95	86.87	120.49	99.70	114.35	128.04	141.68	137.40	100.38	97.45	105.46	112.45	74.66	118.15	140.20	119.46	114.57	85.08	22.24	72.02	95.67	109.96	107.41	112.30	85.53	87.91	97.62	82.38	124.65	135.51	118.82	93.69	83.04	93.09	110.20	85.68	96.37
QG37_00862	142.14	126.69	71.47	77.93	136.67	124.54	122.82	113.68	118.23	97.33	81.54	106.78	109.70	121.25	94.48	119.00	140.80	148.93	140.45	117.29	131.36	131.31	140.66	109.96	116.55	137.88	91.59	136.18	108.70	32.92	68.52	124.36	120.21	124.03	104.79	85.60	111.24	124.75	87.57	129.86	148.18	140.73	77.48	91.19	106.90	110.42	83.30	111.87
QG37_00863	108.93	111.77	64.94	56.94	113.83	96.49	93.01	88.74	94.99	75.94	91.13	88.52	88.75	85.74	80.70	98.03	116.67	141.47	116.81	89.32	91.84	91.51	105.31	80.42	86.73	109.45	74.99	110.56	96.84	20.09	58.60	97.49	108.14	108.74	107.47	85.45	85.61	89.67	76.53	115.47	106.25	104.84	73.40	57.13	68.84	62.35	54.12	78.47
QG37_00864	158.12	174.38	81.05	78.32	151.14	160.35	129.60	114.75	147.39	97.39	99.36	93.36	113.36	106.62	103.47	143.96	161.18	200.69	177.34	128.16	138.60	134.53	162.12	120.55	136.79	162.36	125.13	159.52	125.98	24.18	74.44	117.63	144.28	130.82	125.18	101.78	116.27	128.85	105.66	137.52	154.75	133.20	89.06	77.19	111.47	93.00	85.35	122.43
QG37_00865	132.07	146.21	74.29	66.13	102.85	125.63	109.71	97.50	114.84	85.11	92.78	87.88	108.19	86.80	109.02	122.47	152.96	155.87	156.66	127.37	127.61	124.28	132.91	99.43	132.24	131.79	100.05	119.79	97.38	24.71	72.92	117.07	138.07	110.82	117.77	81.11	123.62	107.53	105.24	140.42	140.13	125.87	78.37	92.69	87.70	91.07	91.16	110.97
QG37_00866	147.64	162.08	84.54	80.62	127.37	139.81	155.85	122.14	136.52	129.62	82.79	97.34	111.20	123.42	113.36	131.17	159.48	159.03	160.12	124.70	120.27	144.86	152.75	99.60	155.44	160.33	103.92	136.96	129.84	44.12	91.43	158.20	157.79	127.83	128.98	99.83	122.38	121.70	106.98	103.34	159.99	151.79	105.11	90.24	156.97	123.40	135.10	169.38
QG37_00867	95.92	92.29	62.68	55.72	92.45	90.84	91.14	102.77	104.54	95.18	76.37	68.92	82.63	90.42	68.84	92.36	123.52	133.10	112.58	79.02	103.42	96.64	99.91	74.40	96.14	105.37	64.31	112.23	92.90	25.38	62.67	87.37	105.65	88.22	86.87	66.32	80.18	92.06	61.74	93.56	120.63	98.59	69.15	68.62	71.46	91.23	70.52	98.57
QG37_00868	103.62	99.84	62.52	58.90	93.65	103.12	100.96	96.81	95.58	88.51	67.16	67.10	74.06	82.02	93.03	108.99	113.04	118.68	113.05	105.08	117.32	103.23	102.26	81.24	102.24	121.58	78.67	98.03	88.84	24.43	57.92	98.25	114.54	99.19	98.08	85.71	91.79	97.29	81.23	100.14	128.25	104.19	80.63	73.65	84.23	90.81	78.81	125.25
QG37_00869	118.02	115.07	62.09	75.04	108.74	120.70	109.24	108.58	125.75	105.84	84.64	92.35	95.49	103.60	108.59	104.81	136.61	148.79	125.51	117.40	105.12	107.05	122.38	94.47	116.24	137.99	95.63	119.46	100.03	26.40	66.52	109.95	123.91	110.28	107.96	84.79	96.23	112.25	86.38	120.65	159.73	123.06	77.76	84.30	102.98	98.43	94.66	130.34
QG37_00870	110.71	119.50	64.38	73.30	113.20	89.83	115.76	84.37	106.31	105.74	83.45	80.98	97.63	83.46	83.92	120.15	142.86	142.64	123.97	113.32	98.58	113.39	124.90	83.85	109.76	102.08	73.13	116.54	88.36	32.25	68.52	122.74	117.38	119.62	111.57	66.50	89.28	91.76	76.70	111.25	141.01	124.19	87.30	80.35	113.29	87.18	77.95	106.46
QG37_00871	83.10	93.35	47.46	42.37	71.64	83.16	65.97	58.18	91.00	72.54	50.20	64.46	59.60	70.43	58.02	69.75	100.11	90.39	108.75	73.07	77.05	87.19	83.26	71.46	78.37	102.34	70.83	93.57	76.19	17.63	48.10	89.65	108.72	76.34	69.56	66.33	66.15	81.31	65.61	86.98	84.43	94.03	62.22	62.80	85.89	83.67	80.72	116.59
QG37_00872	120.51	116.50	67.21	75.02	102.78	114.17	107.35	101.11	104.74	102.27	99.51	90.04	116.47	113.15	80.81	107.05	105.71	124.93	153.39	89.88	105.56	113.53	133.73	92.40	118.83	146.41	98.61	117.05	87.34	23.87	70.90	101.01	127.65	103.04	97.67	88.35	96.70	92.50	93.99	111.10	134.86	114.13	105.41	77.84	109.45	111.50	92.21	125.19
QG37_00873	149.47	130.80	76.77	82.42	118.83	125.75	133.75	124.66	136.12	121.66	102.88	112.05	126.57	126.48	107.76	129.31	164.66	170.01	147.81	124.77	129.07	132.25	140.14	106.07	144.89	151.47	105.71	141.04	115.34	40.72	74.60	128.90	104.24	130.16	122.81	98.95	125.37	116.12	91.92	139.57	158.56	146.49	86.42	70.63	91.84	80.02	98.53	101.12
QG37_00874	151.63	135.75	83.20	87.29	137.08	131.56	144.96	124.20	125.91	122.63	117.86	106.40	125.10	116.65	106.67	136.36	180.13	166.44	148.33	127.45	125.05	121.91	149.62	96.98	142.65	174.64	101.61	159.95	125.83	33.89	90.17	125.53	128.57	138.64	136.71	103.61	109.16	130.38	96.49	126.37	161.25	148.48	94.45	60.05	71.07	82.20	70.73	91.47
QG37_00875	139.49	112.48	60.64	74.69	109.31	110.98	92.32	100.90	92.28	100.67	83.04	96.79	85.78	90.66	86.74	111.75	121.12	143.19	107.80	118.53	100.66	99.90	125.47	78.09	113.96	142.39	70.91	125.94	82.76	21.57	47.36	107.09	110.12	106.89	96.66	79.82	82.44	97.94	95.64	102.76	130.35	114.73	107.28	97.53	96.92	112.19	81.19	148.46
QG37_00876	85.17	87.48	50.13	47.77	75.94	97.19	85.61	76.98	82.66	80.04	67.23	65.55	63.36	73.84	72.51	84.16	93.49	110.99	82.38	73.70	62.42	74.98	76.34	59.07	89.49	89.43	64.32	70.25	56.44	18.06	42.45	76.10	59.72	73.93	79.24	49.78	57.88	67.33	69.93	74.01	93.45	81.75	63.34	62.32	81.11	83.80	62.79	110.65
QG37_00877	124.98	119.51	83.66	63.90	117.43	139.19	123.17	109.46	134.58	117.52	101.39	98.77	85.45	119.34	108.08	126.23	146.69	166.89	120.26	108.23	128.62	125.39	129.69	90.64	113.62	146.64	105.91	135.82	82.34	29.92	73.19	105.88	128.26	111.50	117.89	85.93	104.04	109.10	95.46	117.45	138.01	115.59	95.87	86.29	105.16	119.91	88.30	122.44
QG37_00878	107.75	102.67	63.48	56.88	103.80	97.94	102.90	88.10	111.98	115.47	82.33	84.86	70.14	89.57	99.62	111.52	124.53	134.54	103.33	103.21	112.73	127.07	109.30	74.22	104.74	118.15	99.24	120.62	94.13	34.88	67.84	94.70	129.22	97.98	102.77	71.52	83.50	101.98	69.00	98.39	135.95	102.43	85.77	85.44	106.70	85.83	82.78	108.85
QG37_00879	115.79	106.25	70.24	58.13	84.57	102.13	106.15	116.67	103.62	107.02	77.87	81.96	104.84	79.26	87.57	102.53	121.92	122.73	115.51	96.33	96.57	95.05	104.54	93.39	91.16	143.82	71.37	122.04	105.57	21.70	55.53	102.84	105.06	99.52	94.14	83.44	99.54	95.67	73.28	102.61	116.22	111.46	86.93	71.86	100.81	97.22	88.25	100.08
QG37_00880	105.59	120.27	69.33	53.61	83.75	101.75	114.39	125.13	120.76	106.67	80.54	103.16	103.33	83.41	90.63	112.64	133.44	137.13	126.99	99.27	121.23	106.25	119.70	89.12	125.06	160.58	105.83	138.35	100.74	28.93	69.83	127.90	83.91	106.59	112.93	92.84	101.61	105.02	80.96	116.53	129.02	110.97	71.56	68.41	100.70	108.32	85.90	134.45
QG37_00881	117.75	108.28	66.88	69.26	96.45	96.71	131.85	147.24	118.21	98.78	81.44	101.11	102.25	78.18	117.66	101.80	138.96	139.15	127.81	116.28	107.15	116.46	129.24	101.91	116.11	152.84	106.76	138.16	116.95	29.63	67.00	125.41	131.09	111.28	116.79	83.33	98.54	119.09	96.31	119.40	151.71	111.00	87.36	82.59	96.25	102.54	87.02	134.52
QG37_00882	115.22	89.09	56.95	45.75	78.28	70.76	97.03	100.62	92.20	68.66	67.02	82.86	74.30	67.97	72.08	78.70	107.23	103.51	98.99	89.68	77.85	86.84	96.09	83.68	94.47	123.85	78.01	100.31	67.53	24.53	60.96	78.00	120.38	87.83	67.15	65.80	71.44	77.24	66.61	77.46	89.52	96.10	55.24	16.84	29.85	27.22	22.56	29.68
QG37_00883	126.12	112.75	77.84	48.52	110.67	105.61	99.04	127.37	112.56	97.47	77.36	97.62	80.33	82.02	90.26	106.86	143.47	138.60	118.13	104.00	114.05	103.05	116.06	77.92	121.04	127.80	90.51	109.06	86.91	25.41	62.19	105.56	159.14	119.98	88.99	75.54	83.14	94.88	77.21	98.54	108.45	106.51	78.58	45.11	67.13	67.27	60.55	93.38
QG37_00884	96.38	105.26	54.54	59.85	80.40	92.62	96.26	92.52	102.06	76.15	69.51	63.93	80.12	83.86	79.36	102.14	116.40	120.20	101.19	85.85	98.55	92.35	100.49	79.73	91.98	99.34	64.20	100.86	76.05	24.24	47.93	98.03	99.27	92.09	93.50	81.61	88.31	90.18	72.26	95.19	105.55	93.65	70.26	73.57	80.91	97.72	78.41	119.63
QG37_00885	70.29	67.29	35.60	30.59	75.14	70.87	74.91	55.45	68.81	66.09	45.67	65.27	57.15	54.77	56.99	57.84	68.85	79.21	70.05	61.83	70.46	80.75	82.30	54.09	66.36	80.38	47.75	60.34	67.68	14.93	39.55	74.71	106.31	62.08	76.04	38.53	71.77	75.72	46.13	70.59	88.09	80.97	63.26	62.45	79.55	79.57	68.49	92.85
QG37_00886	491.57	734.04	456.97	448.14	619.73	710.31	637.80	717.36	191.04	665.28	572.62	601.02	606.30	671.00	602.55	706.23	842.63	883.16	800.67	705.75	714.88	694.47	763.09	588.28	745.94	879.00	572.89	818.76	628.07	179.39	437.87	760.79	317.98	108.06	96.79	91.65	87.86	90.01	78.68	104.44	117.24	110.00	79.95	157.68	179.72	178.58	175.05	238.08
QG37_00887	230.09	291.88	195.77	172.62	265.98	288.69	258.99	266.84	79.57	275.04	224.50	244.73	239.90	274.40	256.15	260.14	316.42	336.97	321.54	274.33	298.43	265.16	317.96	226.15	274.69	294.80	217.37	266.13	208.06	71.19	170.78	286.36	133.01	43.12	36.13	31.80	39.50	43.31	30.14	40.54	37.30	43.99	35.46	54.54	72.17	75.86	66.72	111.25
