GENE	CDC_B11096	CDC_B11097	CDC_B11098	CDC_B11099	CDC_B11101	CDC_B11102	CDC_B11103	CDC_B11105	CDC_B11112	CDC_B11113	CDC_B11114	CDC_B11115	CDC_B11116	CDC_B11117	CDC_B11118	CDC_B11119	CDC_B11200	CDC_B11201	CDC_B11205	CDC_B11206	CDC_B11207	CDC_B11208	CDC_B11209	CDC_B11210	CDC_B11212	CDC_B11213	CDC_B11214	CDC_B11215	CDC_B11216	CDC_B11217	CDC_B11218	CDC_B11219	CDC_B11220	CDC_B11221	CDC_B11222	CDC_B11223	CDC_B11224	CDC_B11225	CDC_B11226	CDC_B11227	CDC_B11228	CDC_B11229	CDC_B11230	CDC_B11243	CDC_B11244	CDC_B11245	CDC_B11246	CDC_B11247
QG37_02887	74.83	63.59	42.73	40.92	62.00	68.30	58.15	61.95	51.88	59.57	34.54	65.21	54.09	69.71	50.97	53.33	83.59	76.07	82.19	42.26	58.08	62.55	64.06	46.02	79.55	84.73	55.10	79.66	48.30	19.94	29.86	56.45	41.81	70.57	62.19	48.18	57.05	54.94	45.77	80.54	70.51	56.00	55.13	29.80	53.39	70.29	59.76	65.19
QG37_02888	112.59	114.69	72.50	74.94	112.82	108.44	120.10	102.75	139.12	106.50	100.12	84.36	77.84	110.56	103.26	102.93	122.18	125.61	114.38	112.06	121.21	106.81	140.42	112.34	119.90	139.27	106.71	136.67	91.78	24.10	68.59	128.24	151.83	117.62	108.18	73.46	112.61	95.91	92.21	105.79	112.00	129.70	90.57	75.35	102.53	87.08	102.98	110.73
QG37_02889	122.82	134.17	65.67	64.89	94.65	112.74	105.79	104.48	128.89	105.58	95.41	87.53	89.24	115.38	97.74	95.86	127.81	124.56	130.96	116.93	107.80	109.41	112.35	86.45	112.93	138.56	85.17	112.93	98.85	34.29	57.62	116.35	117.04	96.59	111.53	92.79	105.23	103.76	102.02	103.65	135.51	109.45	84.69	76.81	98.64	91.88	80.89	111.06
QG37_02890	133.15	127.93	74.17	76.14	111.29	123.29	105.16	101.77	116.09	102.35	82.06	87.47	108.89	105.64	95.70	105.64	139.64	137.40	132.28	114.02	115.79	104.30	123.16	96.87	108.85	128.22	88.54	128.51	81.84	21.07	67.07	116.38	121.28	101.86	98.34	91.87	102.16	99.05	77.89	119.42	129.81	106.17	79.49	97.90	102.77	102.41	96.41	121.73
QG37_02891	142.73	137.64	77.49	76.72	133.50	118.98	129.68	127.38	132.68	119.04	107.82	106.38	101.89	109.14	101.89	123.14	151.28	170.43	143.09	126.81	118.53	127.46	137.80	111.30	122.98	163.05	102.09	135.56	109.63	28.42	72.23	129.38	133.96	121.18	108.46	94.43	114.80	111.85	87.73	126.59	153.47	134.67	93.22	94.97	114.93	111.23	97.84	128.14
QG37_02892	134.77	148.62	80.55	69.16	120.33	104.72	140.60	107.48	139.94	124.04	112.68	116.55	121.71	97.50	113.03	126.77	158.14	171.77	141.18	126.51	125.62	122.62	150.74	123.14	147.23	160.14	122.05	142.21	133.71	47.28	77.16	144.16	150.80	121.70	114.53	110.10	100.25	102.87	103.44	135.84	139.13	137.44	100.09	94.97	149.38	108.60	103.55	138.60
QG37_02893	139.42	145.78	84.16	48.35	125.52	121.75	125.30	107.83	138.51	125.65	111.11	96.53	90.81	96.91	99.59	116.48	147.48	163.61	149.45	121.16	128.52	132.56	137.81	109.49	130.00	166.78	107.91	143.34	133.69	32.35	83.49	143.10	156.02	136.02	96.99	94.05	127.54	108.23	103.52	118.57	166.32	145.12	97.33	92.11	124.57	110.24	116.68	133.34
QG37_02894	146.00	140.83	87.33	82.96	135.17	130.58	126.74	132.68	142.43	128.69	105.12	118.01	121.19	109.52	118.58	127.91	160.88	173.19	153.28	138.43	141.02	142.99	146.86	117.72	135.63	162.10	112.07	156.68	128.25	36.96	81.16	148.28	148.89	131.94	125.27	105.44	112.22	116.03	110.58	133.43	153.67	146.93	108.07	99.11	135.74	125.86	116.55	151.63
QG37_02895	143.91	139.55	75.90	77.17	123.86	119.88	116.23	116.40	124.20	115.55	93.45	111.12	109.28	109.21	101.64	126.40	145.91	165.52	139.76	132.56	129.57	125.67	134.00	110.87	130.93	156.10	102.25	139.94	108.85	30.17	78.81	135.14	140.26	132.06	115.03	92.70	108.05	121.58	90.18	125.98	144.30	131.68	91.21	90.03	108.19	119.79	104.06	146.65
QG37_02896	143.43	143.63	73.39	80.13	121.35	120.24	114.30	122.79	138.44	117.74	101.55	91.15	108.80	108.18	110.44	110.80	155.85	168.14	144.38	136.82	132.63	128.31	145.92	115.02	133.00	166.61	107.98	127.56	128.67	34.23	76.30	138.33	146.94	117.77	111.67	95.42	113.89	120.76	102.85	123.45	146.49	130.22	100.30	94.21	114.63	132.51	103.56	151.19
QG37_02897	110.51	101.41	63.33	59.38	97.64	98.15	99.55	92.55	106.99	88.68	70.59	78.68	89.09	93.66	87.37	94.48	113.07	124.73	108.60	105.70	109.21	91.79	107.03	84.95	95.92	117.37	88.56	103.57	85.27	21.88	53.90	99.65	113.65	100.26	98.21	75.13	88.22	98.96	77.61	97.02	123.08	112.46	79.06	78.83	94.48	89.55	85.71	110.59
QG37_02898	109.88	104.62	72.28	67.01	104.33	107.56	96.54	103.00	91.37	106.67	82.71	95.93	97.31	109.66	94.46	98.55	114.54	130.96	134.10	100.49	95.22	112.58	118.02	100.97	103.49	138.97	98.46	120.57	106.51	27.03	49.46	118.81	121.76	111.32	98.28	88.22	96.54	107.94	93.30	110.84	133.26	117.89	93.13	68.92	91.26	97.54	93.02	104.87
QG37_02899	115.22	117.79	71.21	76.64	107.58	109.14	104.78	111.24	122.01	109.21	92.23	98.99	99.92	106.48	97.07	108.95	141.20	160.55	132.25	119.52	116.86	120.09	133.89	100.22	127.44	135.71	101.53	127.97	104.13	29.02	70.40	125.38	130.02	115.16	109.60	87.89	103.03	113.52	90.80	117.29	141.51	119.29	90.80	93.60	108.61	111.31	100.99	150.29
QG37_02900	126.72	126.22	83.71	82.76	118.24	117.21	118.64	112.26	123.00	110.80	93.97	102.75	102.05	112.57	104.31	118.74	140.65	152.94	137.74	131.75	118.27	133.50	130.14	111.31	129.13	147.42	108.30	131.10	114.65	32.82	77.44	128.65	146.54	126.79	110.32	94.03	105.24	128.11	97.64	123.84	138.81	144.56	98.45	91.22	123.17	121.86	105.61	140.28
QG37_02901	133.74	138.98	82.04	77.13	126.93	109.30	125.19	119.02	110.50	102.35	99.56	96.76	99.33	112.70	92.88	116.43	147.37	166.86	130.44	122.92	118.17	127.00	131.70	114.22	123.02	133.33	110.80	121.56	105.73	31.33	74.09	117.77	146.51	107.82	112.79	80.52	112.95	104.09	89.65	128.96	154.55	128.63	103.92	95.26	120.75	121.27	101.44	156.09
QG37_02902	141.39	122.19	68.48	59.90	128.73	106.03	142.34	105.34	136.52	117.25	117.60	133.04	118.76	151.60	112.26	112.91	186.47	139.53	153.64	124.53	129.37	128.59	144.26	101.48	123.18	130.60	115.71	127.68	114.55	38.97	86.86	131.19	136.88	124.98	125.26	80.90	112.53	106.48	118.07	139.75	158.66	162.88	106.15	110.62	112.56	124.79	118.52	172.67
QG37_02903	104.99	101.05	76.17	56.20	124.11	96.65	117.18	110.24	138.19	115.63	94.14	111.25	90.87	124.54	98.40	99.29	172.43	125.17	150.23	119.60	111.97	120.48	120.92	96.69	108.52	124.87	105.80	109.22	84.07	36.85	68.09	116.66	111.59	112.65	107.14	76.67	108.61	92.27	98.01	112.32	143.73	122.40	96.43	91.27	105.15	102.71	97.07	169.61
QG37_02904	123.34	100.94	78.17	65.17	113.62	88.85	90.13	96.14	122.20	94.50	86.67	84.37	93.36	109.67	91.15	90.13	127.99	138.79	128.72	98.04	100.10	102.77	113.60	83.74	99.75	137.53	89.98	103.93	81.14	22.84	54.17	105.35	116.14	97.54	104.70	76.83	88.20	102.12	77.63	109.01	134.75	122.60	83.48	70.16	94.26	111.93	92.25	117.99
QG37_02905	72.76	62.06	32.31	34.07	58.42	56.82	52.23	57.51	52.14	47.42	40.70	45.31	40.41	50.09	37.35	50.44	55.67	64.08	59.31	56.37	51.14	60.37	67.48	36.52	50.93	65.31	37.04	55.43	48.78	12.88	31.63	47.18	61.31	39.64	46.72	37.76	39.93	52.76	52.11	64.43	61.24	65.08	39.69	32.02	36.95	36.17	40.41	47.85
QG37_02906	39.87	70.75	31.92	35.76	59.33	50.29	55.13	55.64	58.52	42.33	39.93	50.68	42.65	45.89	48.35	44.80	56.43	70.88	53.60	56.02	42.29	62.35	63.32	56.92	44.08	60.39	44.40	37.51	44.61	17.96	30.02	50.79	70.10	52.52	48.81	40.31	47.80	43.49	38.99	59.52	69.51	65.48	44.13	46.36	67.27	77.94	58.65	85.13
QG37_02907	92.08	99.33	75.07	52.64	98.97	92.54	91.41	92.24	111.66	80.18	82.58	61.38	88.25	80.30	84.55	83.01	103.51	120.88	122.72	95.84	83.36	103.13	87.84	75.00	94.84	106.04	84.99	81.96	77.45	18.09	60.66	80.03	107.07	91.84	89.44	68.27	73.76	100.74	72.87	106.10	96.62	104.40	84.29	68.16	89.66	108.57	92.41	111.82
QG37_02908	136.97	130.70	78.14	72.44	124.23	131.59	124.00	119.01	128.43	121.82	97.56	103.49	113.62	110.19	113.33	119.09	147.58	147.65	133.76	121.97	124.22	114.23	135.03	103.66	130.81	151.50	100.53	138.52	103.56	31.30	75.74	133.75	138.07	122.88	112.01	101.49	107.91	117.89	100.16	124.24	134.61	132.95	95.06	90.12	111.78	111.89	110.01	143.48
QG37_02909	124.27	126.04	71.07	69.02	104.80	111.70	119.29	102.90	116.53	105.99	93.00	110.80	116.59	96.89	108.22	120.39	135.00	137.19	131.10	112.82	115.68	116.18	140.95	96.42	123.64	146.01	102.39	131.12	101.76	33.15	72.61	130.24	132.30	126.14	111.98	78.12	102.20	113.40	94.49	119.27	148.40	111.15	95.58	87.58	115.99	110.71	101.77	150.01
QG37_02910	143.33	144.66	85.10	90.23	122.58	137.46	130.25	134.92	147.69	131.99	96.42	105.67	123.91	118.24	108.44	125.20	160.28	163.90	150.63	129.99	130.25	138.55	154.44	120.10	129.87	165.22	110.09	158.14	122.61	30.27	77.39	146.34	148.96	126.49	120.80	104.19	110.64	127.40	96.90	123.33	148.56	133.70	100.80	100.15	129.65	126.03	121.36	150.40
QG37_02911	121.80	128.21	69.73	68.08	111.73	104.36	114.37	105.83	124.90	116.92	85.53	97.75	112.45	113.90	91.70	102.22	129.78	136.39	130.71	107.03	116.57	112.33	125.89	96.63	108.57	140.65	103.85	121.50	105.70	31.72	74.15	121.46	152.33	110.70	99.61	78.64	89.60	96.72	77.51	116.64	116.63	116.26	80.01	77.97	97.59	112.96	87.48	123.99
QG37_02912	151.62	134.48	76.75	74.59	118.41	121.40	117.84	119.39	123.23	115.15	99.65	98.95	110.28	103.28	111.63	115.11	150.93	163.82	142.93	120.62	118.76	127.39	136.32	99.08	123.07	151.71	107.31	139.13	112.83	25.55	76.37	118.87	142.39	126.22	101.20	95.45	98.82	115.67	94.78	127.28	147.65	121.78	90.45	94.45	122.76	113.50	98.09	148.73
QG37_02913	131.87	125.09	75.18	68.09	126.12	138.37	113.59	124.59	114.69	109.06	96.38	107.90	92.88	93.17	106.11	127.16	142.26	166.84	135.39	126.46	118.80	126.66	135.52	107.58	119.14	157.50	116.34	133.25	113.43	35.49	88.61	115.61	134.73	131.96	127.53	97.65	113.18	116.74	109.60	139.98	148.96	131.38	89.89	88.39	126.85	118.97	120.64	155.90
QG37_02914	130.66	126.15	81.28	76.10	126.44	133.52	127.66	121.80	143.02	126.18	99.09	101.29	103.19	102.83	112.51	103.18	145.46	156.67	132.44	138.26	132.20	132.76	142.20	116.85	137.22	170.79	108.57	166.04	119.83	28.90	68.95	140.57	123.78	121.94	104.74	90.52	99.37	113.19	91.26	122.76	150.78	127.25	101.13	106.27	121.80	112.50	96.69	158.11
QG37_02915	134.07	142.33	83.00	74.98	124.10	127.47	137.02	119.96	142.99	125.64	94.97	97.78	112.65	114.52	112.24	124.99	149.25	160.76	146.63	134.35	129.05	127.49	138.28	108.70	129.56	153.04	106.27	140.04	113.60	33.05	74.40	122.46	146.22	123.69	116.07	99.58	112.05	113.12	96.03	127.73	151.06	138.58	107.93	101.56	121.93	123.50	103.63	146.52
QG37_02916	134.42	133.29	69.62	74.06	129.26	119.31	122.00	120.74	130.26	120.95	95.58	105.03	113.73	105.50	103.03	114.67	153.71	156.69	134.69	130.74	129.28	124.01	130.18	110.26	131.08	154.29	103.72	140.54	116.57	26.66	76.81	126.76	143.80	122.88	106.01	103.52	115.30	113.25	97.40	120.54	145.81	132.78	92.58	94.87	111.81	114.29	98.78	153.37
QG37_02917	103.33	104.50	48.33	59.66	94.10	102.65	100.96	107.30	106.11	91.39	72.68	78.30	76.64	88.43	89.81	106.34	129.56	128.28	107.66	101.36	90.67	97.33	121.67	82.83	100.78	116.59	81.10	107.74	81.29	25.35	66.02	96.47	109.66	104.28	94.11	78.97	89.58	107.29	78.82	111.99	121.37	105.87	79.41	83.18	91.53	98.16	90.46	113.29
QG37_02918	79.31	84.08	44.03	44.85	62.38	58.63	68.56	72.52	81.28	64.80	58.12	60.31	74.82	70.01	67.98	61.61	80.02	85.93	85.43	61.89	59.39	76.68	80.94	71.43	71.16	71.05	63.89	68.20	61.19	20.31	34.01	65.38	83.61	79.72	79.34	70.28	77.04	88.02	64.61	93.68	112.20	100.84	70.47	40.60	64.40	50.76	52.14	64.61
QG37_02919	60.85	63.47	38.46	41.56	52.88	53.30	60.36	43.87	70.70	48.60	52.84	45.96	50.34	56.05	52.83	62.35	79.48	81.43	85.38	59.33	72.40	78.86	67.07	59.56	63.16	88.73	57.36	73.12	60.30	17.59	37.62	63.84	37.67	59.22	57.66	43.96	63.40	57.49	48.75	73.12	73.62	65.83	49.44	51.40	68.82	65.37	59.87	94.22
QG37_02920	109.74	106.87	54.43	55.21	86.30	81.64	82.12	91.83	89.84	86.08	71.10	74.91	76.91	77.07	85.10	104.29	129.44	135.28	114.16	75.93	114.86	103.90	104.22	83.67	106.55	121.24	87.06	91.34	83.26	20.57	59.93	100.91	107.18	94.48	101.50	71.12	92.07	92.67	85.33	103.12	125.16	103.63	84.73	77.56	78.83	108.12	65.98	106.96
QG37_02921	115.71	112.09	59.88	68.81	105.05	108.54	96.27	99.48	116.68	91.73	80.60	87.85	86.44	105.61	95.19	104.17	123.50	153.16	121.31	104.60	116.93	109.51	125.50	98.42	114.30	127.49	94.74	103.47	99.86	23.85	67.62	119.89	117.89	109.85	93.40	80.46	97.44	105.89	85.02	118.26	133.44	114.69	95.37	86.98	110.74	117.27	83.74	129.62
QG37_02922	93.04	98.53	49.83	55.33	76.85	86.59	88.29	87.76	94.26	81.73	70.59	63.62	62.66	63.45	74.07	84.31	93.46	112.57	91.83	81.26	72.66	97.08	85.56	82.77	90.51	117.97	74.99	115.16	73.88	14.22	58.46	70.90	85.88	78.79	89.20	70.43	77.64	92.00	71.51	91.44	115.16	97.71	81.72	88.81	96.46	79.04	78.38	95.01
QG37_02923	78.79	77.91	45.63	60.35	60.37	70.07	75.57	58.94	67.23	66.68	57.68	44.13	68.80	65.01	61.13	84.71	88.94	88.96	85.54	75.75	65.07	74.32	99.77	49.74	63.27	78.61	58.13	90.45	54.99	16.42	46.92	73.77	85.95	83.10	80.01	58.25	66.66	76.91	76.05	78.46	91.91	59.15	50.26	55.98	56.53	70.36	57.87	95.74
QG37_02924	74.53	88.12	37.01	43.62	72.36	79.90	56.18	77.74	78.13	74.58	60.59	58.74	70.37	63.96	67.43	88.09	93.44	105.27	97.69	78.88	81.18	75.30	92.25	67.03	84.00	103.77	52.71	87.25	57.88	18.89	48.12	83.45	88.56	81.57	88.96	67.99	77.26	61.34	55.09	88.04	105.83	69.48	60.30	69.92	75.21	78.33	69.40	105.61
QG37_02925	121.14	124.59	69.73	71.92	107.37	109.94	106.41	103.06	118.64	101.27	88.21	85.17	96.95	97.98	98.30	107.60	127.98	155.35	137.27	112.64	118.73	119.78	120.15	105.38	122.58	136.51	94.61	115.78	99.76	30.22	65.08	112.95	133.70	110.26	110.42	85.46	113.78	110.59	94.14	118.52	150.93	122.08	96.06	89.01	119.89	114.62	101.67	138.82
QG37_02926	126.96	134.71	76.55	88.96	120.38	112.69	114.25	112.18	125.06	107.66	107.04	99.20	97.67	101.66	91.50	112.76	143.24	136.45	137.54	132.68	120.04	99.62	132.51	107.64	127.69	129.46	91.31	105.51	87.04	27.24	47.40	98.51	125.02	118.69	100.56	97.11	88.35	110.78	101.98	107.81	124.06	119.06	90.75	116.11	125.74	121.44	100.09	129.47
QG37_02927	94.94	97.04	53.50	63.27	92.70	84.56	100.62	82.17	99.82	80.29	81.15	82.07	83.33	79.01	89.16	101.49	118.55	112.45	110.31	91.32	107.41	95.58	110.57	99.30	102.56	106.38	82.58	98.42	96.97	23.19	61.31	92.55	106.36	112.58	98.39	88.08	82.05	84.72	78.60	92.20	120.60	100.33	76.24	87.62	97.76	113.67	86.31	108.10
QG37_02928	107.23	99.39	58.19	56.72	79.25	88.35	107.94	98.35	102.29	88.14	97.35	79.86	86.49	66.07	80.76	95.37	109.26	119.13	118.75	93.53	75.82	105.36	116.39	83.18	89.56	125.12	75.87	94.18	103.78	21.11	50.74	101.10	120.42	90.26	96.13	73.48	86.13	91.90	77.94	88.87	82.72	93.92	100.25	92.19	99.98	91.08	97.33	132.38
QG37_02929	126.77	132.41	67.08	68.90	98.95	106.74	112.78	104.06	124.56	108.37	98.79	90.27	92.61	81.66	88.32	116.73	134.46	135.75	127.19	102.84	103.30	109.95	138.39	100.62	117.38	128.41	85.88	129.32	100.28	25.94	62.98	112.91	122.70	100.11	113.21	79.90	101.76	121.71	91.04	114.35	121.71	113.35	104.38	102.18	114.74	120.75	105.21	146.42
QG37_02930	119.29	130.66	64.64	72.97	110.51	118.63	120.72	112.11	124.62	110.30	88.28	81.62	101.92	118.77	118.53	101.11	147.64	146.45	137.43	117.21	131.61	122.41	133.24	113.30	118.22	151.40	101.23	135.61	106.70	26.53	64.61	108.57	133.66	125.63	121.02	106.99	108.76	120.84	95.08	124.05	133.88	122.21	112.13	86.38	121.23	103.48	94.25	154.24
QG37_02931	130.93	140.29	65.29	70.70	121.74	124.04	126.30	121.44	124.94	106.73	105.45	102.94	110.42	106.22	108.87	116.56	146.92	152.51	135.50	122.41	129.95	117.52	143.70	105.78	125.67	148.15	103.66	133.70	109.67	28.16	75.29	122.76	141.07	122.35	108.31	94.72	106.31	115.74	94.29	133.54	158.17	140.57	101.84	98.58	116.80	104.97	99.56	146.35
QG37_02932	149.52	114.65	62.29	60.27	99.24	101.22	107.58	133.66	111.45	90.45	77.58	88.71	90.90	92.93	97.96	102.24	120.03	135.46	114.67	96.14	99.06	116.84	124.80	95.45	91.49	127.13	84.91	97.42	87.80	32.47	52.15	112.38	127.03	110.08	96.69	79.81	86.53	101.50	84.49	103.93	121.70	100.29	91.65	69.39	103.22	107.63	95.12	134.78
QG37_02933	105.41	102.24	58.14	57.40	97.93	93.90	108.90	114.44	103.23	94.56	68.07	80.11	82.22	66.88	102.88	100.17	135.19	152.87	111.78	81.70	103.18	112.27	106.22	104.71	89.43	98.90	90.69	97.59	77.73	25.02	50.27	98.65	107.31	83.85	90.75	78.09	73.75	93.64	77.56	80.55	87.19	84.76	90.75	78.29	108.08	101.06	89.20	105.89
QG37_02934	111.60	113.21	61.12	68.96	94.46	108.23	117.03	104.69	120.63	103.24	78.77	76.23	94.28	90.64	105.18	114.38	124.76	126.25	127.31	104.37	126.89	102.27	113.80	108.34	119.19	135.29	96.08	117.86	96.63	28.96	67.69	120.66	122.69	117.16	97.91	94.89	110.36	111.77	87.86	110.38	134.66	123.01	88.61	89.60	110.69	119.21	100.03	142.38
QG37_02935	119.15	126.02	73.24	72.26	103.77	101.89	107.08	98.40	112.34	85.42	93.99	91.08	87.30	112.61	100.11	115.13	128.48	156.61	123.19	108.00	119.84	114.91	123.55	103.54	119.11	138.47	95.16	107.75	107.88	33.07	72.06	121.99	138.93	103.12	110.05	84.41	107.79	108.20	86.04	111.12	134.96	123.75	100.00	81.77	107.05	116.00	95.89	114.14
QG37_02936	139.30	134.82	70.74	74.32	114.63	100.63	90.44	98.87	106.90	92.45	109.62	86.74	90.28	93.43	118.54	98.01	111.96	151.84	147.30	116.19	119.40	109.87	110.99	102.11	143.49	126.74	101.04	128.93	96.11	22.88	64.23	112.89	115.97	114.91	97.25	77.69	92.38	104.88	83.53	130.23	123.11	119.58	70.67	90.77	107.07	109.52	101.09	138.92
QG37_02937	116.24	124.25	67.51	70.13	105.16	116.06	103.27	112.47	129.51	106.47	94.84	100.09	92.12	101.96	100.01	116.74	123.89	150.75	133.08	112.92	120.46	117.22	131.72	109.63	119.50	134.61	98.63	129.73	94.04	27.38	70.62	115.91	140.44	113.55	111.19	81.94	102.01	107.92	96.60	114.93	131.82	116.61	86.68	92.03	111.54	102.68	98.58	122.84
QG37_02938	149.12	117.75	79.85	69.08	107.46	105.84	108.72	124.84	122.24	107.49	87.96	100.49	82.42	103.18	107.37	100.05	148.88	132.45	145.19	107.74	116.00	128.32	143.69	115.72	129.12	137.16	103.27	117.28	77.13	31.91	68.42	128.62	110.51	101.25	96.54	76.41	98.63	100.43	95.06	106.97	107.29	124.69	87.05	83.98	113.50	110.24	103.91	121.17
QG37_02939	111.84	118.00	65.51	63.91	101.47	103.14	108.84	108.85	120.43	103.83	80.83	85.04	93.48	98.95	97.11	108.99	125.41	125.96	136.04	109.61	103.94	108.68	121.46	98.54	115.96	127.00	93.23	119.67	92.93	25.43	65.21	108.98	118.29	108.36	104.73	96.49	86.42	102.60	83.15	116.97	126.99	111.08	91.52	88.20	108.90	106.51	89.97	132.92
QG37_02940	143.10	103.99	75.55	74.78	81.00	103.57	126.77	109.53	133.61	105.48	85.36	102.00	90.84	98.46	106.31	119.96	135.03	151.29	119.76	112.63	105.82	131.12	138.53	107.23	112.59	136.71	114.74	145.07	108.50	22.42	69.71	116.84	131.70	111.35	105.69	82.10	96.29	105.61	94.89	110.42	133.00	102.41	88.72	66.84	103.25	100.46	103.85	136.95
QG37_02941	114.05	114.90	67.41	65.69	94.22	104.43	118.92	113.66	127.96	111.85	92.75	100.92	90.94	104.45	104.91	127.38	130.27	159.94	130.09	110.01	103.83	110.35	132.60	116.07	103.62	130.59	103.31	148.47	91.64	22.78	63.91	122.43	133.95	96.89	93.84	92.44	100.98	106.67	94.91	118.77	135.62	107.97	90.27	74.64	110.20	111.95	92.64	148.84
QG37_02942	109.82	118.32	69.00	64.05	94.96	99.61	99.67	103.19	102.08	96.42	85.44	88.98	78.21	89.42	88.79	98.29	142.59	132.65	126.21	99.05	93.56	101.13	109.52	108.44	105.10	127.02	88.79	107.19	88.24	24.71	70.24	104.31	119.97	98.89	92.63	80.73	94.83	92.10	78.13	123.34	133.38	99.45	92.60	93.00	104.22	104.41	89.43	129.17
QG37_02943	117.04	112.91	67.74	67.87	84.99	95.78	109.51	105.62	115.01	82.13	74.53	88.23	79.98	98.95	102.59	103.79	121.76	130.13	109.97	103.62	94.73	107.64	105.16	94.31	106.81	126.25	88.28	107.10	90.35	23.69	61.97	124.34	118.80	105.98	90.84	93.83	99.12	101.83	88.94	115.71	129.24	114.13	91.35	80.49	105.75	100.75	90.42	120.93
QG37_02944	125.17	118.89	71.75	74.88	115.32	107.63	106.58	115.00	128.82	115.56	98.15	91.63	100.40	102.26	104.09	120.14	136.36	151.04	138.92	117.48	120.29	124.77	135.42	119.24	128.60	154.29	101.06	128.57	111.95	27.00	75.68	125.68	136.42	110.31	116.18	89.58	101.44	102.57	99.08	116.22	137.02	125.94	98.21	92.32	113.09	109.33	102.95	140.50
QG37_02945	131.14	122.25	80.38	73.99	108.33	106.05	117.08	102.61	131.81	115.77	97.25	79.94	93.40	98.42	83.70	103.60	130.07	131.36	152.05	135.77	109.52	127.60	138.89	98.36	128.44	133.15	111.62	122.80	111.19	27.01	59.11	110.33	123.35	112.91	94.06	93.38	109.31	90.63	85.60	113.50	119.78	122.65	89.23	87.92	101.42	109.60	96.54	123.26
QG37_02946	117.25	117.65	72.78	70.65	111.75	116.54	124.11	111.30	131.02	100.23	94.22	100.75	101.98	114.92	104.53	109.86	147.75	137.53	131.78	123.72	123.30	135.18	130.60	104.08	120.33	127.57	90.79	121.85	95.73	28.03	69.04	120.55	128.12	112.99	97.91	92.18	100.51	106.05	85.11	137.99	134.35	113.21	97.12	87.76	108.16	113.12	98.93	139.31
QG37_02947	133.81	141.59	69.79	60.77	121.83	112.68	113.38	123.61	135.07	112.23	95.08	109.92	90.48	104.79	91.69	116.58	144.33	154.21	116.59	132.18	118.32	125.95	141.41	97.49	114.98	167.17	97.59	131.07	99.51	33.34	72.21	124.52	125.39	124.78	119.34	87.05	115.12	110.62	97.34	121.40	159.29	131.45	92.77	93.21	127.72	119.23	104.72	138.15
QG37_02948	136.84	123.59	84.51	64.45	108.78	127.32	113.26	105.61	129.40	104.93	87.65	97.28	99.15	123.63	93.18	126.60	147.48	170.27	146.92	132.13	118.73	118.47	129.59	108.16	122.49	163.86	87.52	121.76	91.11	32.96	68.48	127.01	127.99	131.15	114.46	107.31	93.73	106.28	97.80	142.03	145.43	123.45	93.45	90.39	121.94	120.91	98.77	136.50
QG37_02949	113.80	120.29	69.89	71.96	96.30	105.11	106.49	109.49	117.71	105.09	81.92	84.63	97.14	97.89	101.65	109.84	131.77	146.86	124.10	116.20	114.75	121.08	130.58	110.18	104.08	127.60	93.06	118.76	84.29	28.84	74.49	111.18	125.01	112.04	116.41	94.78	103.21	105.56	96.02	110.22	126.09	125.80	86.31	92.95	106.99	108.67	105.84	126.78
QG37_02950	100.97	135.12	63.06	68.67	128.90	89.55	114.42	114.33	135.07	90.68	101.79	86.62	92.53	99.96	101.52	110.24	140.17	162.19	148.61	109.28	109.07	129.17	118.05	76.03	116.20	157.36	95.69	103.11	109.87	25.79	74.92	117.17	131.84	124.46	101.91	89.74	118.76	120.73	104.27	124.56	131.12	120.71	86.81	96.06	115.70	114.31	109.59	155.96
QG37_02951	115.49	92.03	55.32	62.94	88.89	79.56	92.85	97.55	102.18	73.30	86.80	80.46	103.98	92.21	98.71	110.50	114.44	134.63	118.10	106.56	92.33	91.93	115.09	82.13	109.59	120.73	79.74	108.07	99.01	23.31	58.17	102.77	123.49	104.54	96.55	104.88	96.36	91.61	87.19	111.32	120.77	106.46	78.15	64.17	84.33	99.21	88.92	141.15
QG37_02952	117.11	99.27	62.24	67.30	94.94	96.72	99.96	115.37	91.77	90.73	75.79	75.38	103.53	92.63	98.29	113.17	115.63	143.63	124.17	106.08	99.06	105.86	117.09	94.84	99.87	124.97	81.01	108.34	89.09	23.92	50.89	94.22	122.35	100.81	91.23	93.83	83.10	94.40	75.09	116.15	119.12	93.73	73.76	83.56	79.95	109.04	81.66	133.22
QG37_02953	80.05	79.83	50.70	52.12	78.23	84.54	77.71	88.95	91.67	74.72	79.36	66.76	74.70	75.88	71.16	93.50	107.45	106.04	105.82	78.36	87.81	82.01	90.59	80.17	83.26	105.18	69.63	77.74	73.82	23.68	50.43	82.02	93.37	77.09	83.53	76.66	82.36	82.09	61.77	98.53	105.98	96.76	76.77	64.53	81.15	91.05	74.22	108.62
QG37_02954	132.84	124.27	71.46	75.13	114.47	107.89	118.20	118.13	126.90	100.42	90.44	95.07	92.30	108.76	101.91	111.26	150.23	148.34	140.69	124.48	119.98	117.94	127.01	102.52	122.08	143.94	98.28	121.80	93.13	28.42	64.59	120.77	127.46	118.92	107.60	90.85	100.42	101.02	100.28	120.32	140.33	126.02	101.66	89.25	111.80	112.60	99.01	142.20
QG37_02955	127.33	124.35	70.10	63.93	96.09	110.66	112.60	101.57	105.05	89.76	90.59	90.68	87.67	116.16	105.74	109.80	144.52	146.40	148.77	117.71	123.53	105.86	127.33	94.69	117.27	109.10	97.85	120.40	94.11	25.58	54.26	118.75	141.22	106.38	82.81	90.22	99.47	99.08	76.90	99.94	110.05	122.78	86.62	75.80	101.65	121.78	93.43	125.64
QG37_02956	111.35	112.72	67.66	60.84	102.87	104.82	95.30	104.73	111.10	102.63	92.89	83.65	80.09	89.31	101.08	87.22	162.29	137.74	120.35	100.38	109.00	121.57	109.08	106.71	124.79	127.97	81.15	134.22	90.99	30.46	62.59	118.41	125.68	119.92	99.58	85.65	99.15	102.77	82.33	104.04	112.34	101.85	89.35	74.56	103.14	105.93	88.12	129.07
QG37_02957	114.73	111.60	73.18	67.14	98.84	106.62	106.22	111.00	119.19	97.91	88.47	87.42	91.31	102.41	97.71	105.54	138.16	138.85	123.14	112.50	109.81	124.05	120.18	99.82	105.16	121.65	84.35	113.67	91.41	25.48	66.32	113.80	133.53	106.37	101.16	91.11	98.97	119.50	96.88	119.14	132.94	122.11	93.84	86.31	113.37	107.90	100.54	125.53
QG37_02958	136.14	137.00	68.20	68.92	104.82	108.22	122.73	107.76	127.20	109.50	92.39	96.70	101.93	116.62	100.21	101.37	137.36	159.02	139.61	125.36	119.46	120.37	130.46	104.64	119.72	155.02	103.16	121.70	98.33	30.46	73.11	136.18	136.21	95.23	100.64	93.22	88.99	112.12	81.67	125.17	139.38	126.31	89.08	95.23	121.71	112.07	108.53	129.09
QG37_02959	123.31	143.03	76.82	73.28	103.52	106.97	102.69	104.64	140.42	111.97	91.25	102.93	103.71	103.76	75.58	92.42	147.08	146.07	144.91	117.45	121.74	120.22	139.18	97.03	131.61	161.92	110.79	132.86	103.24	33.99	74.36	140.46	144.04	98.68	103.96	94.09	88.49	113.44	83.46	141.40	140.93	127.02	83.70	87.16	133.72	134.76	108.87	146.64
QG37_02960	127.71	120.43	60.90	56.81	108.75	106.54	91.78	99.61	131.13	107.62	91.36	86.51	81.17	92.76	99.55	104.98	147.85	144.51	135.54	108.54	117.38	117.96	144.07	90.67	109.74	134.67	86.52	115.91	101.38	18.33	62.81	118.33	163.50	111.26	113.97	92.42	86.73	107.18	82.05	141.46	125.21	112.41	71.29	84.92	117.98	118.77	101.94	132.83
QG37_02961	121.15	112.59	73.47	64.65	101.63	99.37	107.76	113.52	115.67	102.58	100.55	95.63	97.81	95.96	102.67	115.47	152.25	136.42	130.89	109.43	122.95	119.24	140.96	84.83	113.70	131.48	89.77	110.76	93.19	20.67	60.63	117.98	149.69	107.92	116.36	93.89	105.08	103.32	89.20	115.83	138.40	119.09	86.52	95.27	103.63	105.16	94.98	132.51
QG37_02962	129.89	128.59	69.09	72.30	115.15	111.33	117.74	117.70	128.43	117.27	92.82	107.01	104.81	105.12	104.73	117.24	158.88	151.16	144.66	122.30	119.96	126.80	129.10	109.07	126.46	152.24	99.30	136.11	102.73	51.20	92.46	126.43	131.78	125.70	110.44	96.53	107.64	115.73	92.97	126.10	145.63	128.38	92.27	93.12	113.19	118.17	102.47	141.86
QG37_02963	101.46	95.16	45.25	44.55	77.01	75.63	79.89	86.52	88.07	73.26	67.51	66.93	80.76	68.65	56.79	67.62	102.01	88.39	85.71	78.11	80.12	69.12	84.35	75.57	87.04	70.22	63.08	73.56	54.27	23.00	52.08	60.27	114.60	87.29	66.58	57.08	62.22	70.92	56.63	79.27	93.98	83.09	52.84	81.82	77.63	74.54	80.54	110.36
QG37_02964	117.76	115.68	66.15	70.00	106.97	104.50	102.61	99.10	112.74	95.03	80.94	84.23	82.07	94.67	89.74	104.27	136.88	131.06	118.25	119.32	100.69	107.19	117.53	86.00	118.51	136.02	95.73	113.10	94.47	26.08	69.43	111.91	119.12	118.53	95.94	79.29	96.82	97.42	86.34	104.23	119.36	112.84	76.67	90.09	102.81	95.91	93.01	124.23
QG37_02965	110.59	110.07	66.13	65.94	93.76	97.80	96.74	99.52	105.31	94.49	75.49	84.14	85.50	93.51	90.93	100.00	121.48	125.84	116.13	98.38	105.65	99.40	116.24	90.75	105.48	124.08	89.93	106.26	83.49	27.90	58.55	95.90	114.27	103.64	94.64	78.46	88.98	90.32	76.55	103.25	126.67	103.11	82.92	78.39	98.27	103.67	83.84	116.15
QG37_02968	112.19	109.64	56.87	66.55	104.38	106.96	96.57	96.86	108.35	77.22	85.61	74.69	87.54	83.30	87.50	97.34	124.24	133.95	122.70	104.51	103.25	111.73	117.00	94.51	102.13	123.48	86.86	109.38	89.35	23.77	69.11	105.94	118.14	108.45	102.54	75.35	89.14	102.98	79.00	104.49	114.28	102.53	72.99	83.58	106.08	109.45	94.44	112.14
QG37_02969	105.06	101.34	52.38	63.41	107.46	131.30	92.64	95.48	90.67	96.06	84.53	90.73	94.39	101.59	96.59	96.18	120.17	126.97	105.34	99.30	95.85	91.50	112.01	89.23	99.22	115.73	90.29	117.20	86.51	17.09	66.16	107.75	112.64	100.58	98.90	79.86	99.37	102.79	92.89	109.39	132.60	109.82	59.77	89.58	110.68	103.91	87.05	129.06
QG37_02970	90.17	111.40	79.42	66.21	96.29	94.64	86.89	105.38	109.99	97.22	75.97	89.94	78.98	95.85	100.08	93.95	116.28	135.15	115.62	110.05	108.52	101.03	107.19	100.76	97.54	138.13	96.90	114.02	75.97	20.70	60.18	119.37	110.72	116.48	103.80	83.33	100.05	91.80	83.55	108.20	124.61	119.77	80.93	78.62	111.41	87.29	80.34	110.07
QG37_02971	113.53	92.94	56.74	54.91	76.98	79.76	82.49	82.60	106.05	86.82	73.60	66.24	69.63	77.00	85.77	94.75	114.87	109.92	103.14	94.87	93.17	93.96	103.74	84.56	99.50	115.65	72.68	92.83	78.08	28.82	53.75	97.84	96.90	92.15	83.98	75.46	85.43	79.79	75.01	84.84	104.39	90.37	72.61	72.32	83.74	78.65	72.30	115.06
QG37_02972	60.27	59.57	43.74	37.47	72.27	77.15	63.02	65.81	84.44	74.80	58.76	60.87	59.58	77.94	58.47	63.63	76.43	71.66	68.63	67.14	72.05	52.52	77.28	69.01	60.71	83.73	54.13	67.76	47.92	28.50	38.68	61.97	78.29	67.34	50.63	43.52	55.78	57.02	50.60	51.43	57.79	56.90	59.21	62.33	75.23	72.49	43.54	99.12
QG37_02975	91.68	112.80	76.04	65.17	90.61	107.67	110.60	109.59	121.16	121.47	90.50	83.42	107.20	89.30	104.37	95.05	123.15	128.86	118.73	128.58	124.44	100.13	121.52	68.53	125.25	151.85	102.23	128.71	99.80	28.67	74.43	110.05	129.57	104.99	93.99	80.05	94.92	98.34	80.11	108.43	116.69	117.47	79.12	44.59	75.95	58.14	61.47	85.36
QG37_02976	111.95	133.38	77.70	83.22	119.45	116.53	121.37	123.75	113.74	122.02	78.31	98.51	111.90	105.36	100.85	114.07	128.85	157.92	145.98	115.25	128.36	116.82	143.36	84.47	114.41	139.72	108.16	137.41	103.58	29.51	79.48	145.32	158.82	133.77	111.98	86.23	104.54	136.07	97.13	127.36	133.38	123.50	118.30	99.12	101.56	111.90	107.14	160.12
QG37_02977	129.91	128.42	71.42	69.61	111.36	113.63	110.51	119.09	120.97	115.12	88.60	102.90	96.45	101.13	96.94	111.36	148.03	146.83	135.41	125.33	119.93	119.72	128.61	108.19	120.47	140.67	104.09	132.65	101.78	28.39	75.48	123.74	123.79	111.82	111.40	94.11	110.91	110.45	94.36	122.62	144.66	132.76	94.74	94.34	120.32	122.97	100.30	145.03
QG37_02978	128.52	131.69	73.78	75.37	130.71	115.19	129.93	126.93	130.99	118.44	97.47	94.47	100.38	106.53	98.96	122.85	159.75	154.57	141.72	127.57	120.37	118.99	132.58	102.26	121.15	139.48	117.25	149.03	107.48	31.09	75.27	139.07	137.22	124.34	112.56	96.23	116.37	114.71	99.73	126.78	146.73	131.62	98.89	87.04	102.33	118.45	97.88	140.55
QG37_02979	136.42	133.41	79.93	77.37	124.89	122.99	120.59	126.03	130.66	115.05	99.73	101.67	107.91	107.44	106.12	122.70	149.35	160.47	130.99	127.02	123.94	116.68	138.67	109.28	127.99	158.43	109.56	141.11	112.81	30.91	74.74	123.26	140.00	117.14	110.29	94.08	105.10	119.10	96.43	125.44	138.44	124.26	91.66	91.78	113.56	111.58	99.85	138.42
QG37_02980	119.77	119.94	70.19	68.35	107.67	101.27	108.98	102.80	112.94	99.16	90.95	85.41	93.12	107.92	99.37	103.84	133.73	134.51	119.80	102.19	109.02	110.94	127.16	98.65	122.16	131.11	95.73	119.19	96.07	27.67	68.59	116.15	125.67	105.50	106.16	90.10	95.96	105.34	82.75	107.78	143.70	124.15	87.82	93.01	103.82	108.84	83.85	129.81
QG37_02981	153.73	144.66	81.87	78.38	134.85	116.91	122.94	130.90	139.14	120.03	99.39	109.22	124.54	119.12	116.45	137.43	157.64	175.55	146.90	131.50	124.61	127.64	148.09	113.03	146.53	164.47	117.11	152.40	122.99	31.59	78.33	149.02	139.25	141.84	124.44	98.12	115.33	137.53	120.88	135.33	140.76	135.99	114.62	85.70	117.70	132.19	103.29	149.68
QG37_02982	111.08	125.53	71.33	75.94	117.22	119.51	116.70	119.06	136.82	119.77	101.22	98.92	114.52	110.89	100.93	106.72	162.04	147.35	136.75	125.16	117.71	126.50	148.13	90.40	126.59	148.18	102.34	144.18	102.46	27.04	78.23	114.49	139.40	130.18	120.28	95.99	113.91	113.24	101.37	134.97	158.56	132.13	91.76	90.90	120.60	111.15	100.49	159.36
QG37_02983	119.20	119.24	63.15	70.68	107.01	112.59	122.18	118.13	118.32	101.59	97.89	100.55	92.12	112.86	91.90	97.71	140.98	157.11	125.37	118.55	126.19	125.39	128.47	105.13	116.17	142.47	102.58	132.63	104.20	27.86	68.62	117.63	143.28	112.54	99.48	85.59	105.37	115.19	88.52	115.81	122.30	118.47	88.10	86.47	107.47	111.17	103.92	143.58
QG37_02984	128.08	117.17	63.18	70.35	105.73	107.27	119.68	110.65	132.16	103.91	88.61	101.25	115.14	109.51	85.92	90.56	141.05	124.19	128.72	126.65	96.15	115.59	116.80	98.89	126.74	137.09	87.78	113.99	101.04	33.43	67.04	104.64	116.89	104.00	89.08	77.45	68.92	93.16	89.85	107.46	138.96	121.42	81.38	65.47	80.60	77.96	66.56	103.44
QG37_02985	116.46	119.51	59.78	71.86	103.86	113.63	117.45	121.98	124.14	128.03	84.73	102.31	116.05	116.37	108.25	100.07	154.37	154.21	147.37	104.44	109.87	117.42	111.03	112.21	129.16	140.46	78.85	110.99	102.91	27.96	66.58	113.48	118.88	115.06	109.74	79.66	95.92	96.34	84.54	105.57	127.65	125.36	97.48	89.29	94.02	103.16	95.63	133.55
QG37_02986	105.07	104.36	57.81	71.19	93.45	95.03	97.48	99.10	96.12	88.93	71.82	79.48	79.92	96.16	88.36	98.01	126.64	126.82	114.33	88.23	90.77	100.73	104.59	87.88	107.11	124.81	79.67	102.84	77.54	31.27	62.47	105.44	105.16	100.74	78.72	80.56	97.71	101.25	79.70	97.74	107.87	107.06	73.53	73.56	91.18	97.92	80.29	113.10
QG37_02987	106.03	112.23	75.76	61.56	103.44	101.84	115.97	114.64	101.98	94.14	87.82	87.13	95.92	89.98	105.11	116.20	136.38	127.77	126.13	91.49	95.42	121.51	116.29	80.73	111.93	117.78	93.86	105.91	90.28	27.62	66.20	114.62	116.30	112.56	94.92	94.69	96.56	108.52	72.15	115.30	109.60	116.30	78.05	93.95	106.29	105.48	93.63	128.28
QG37_02988	109.20	128.05	73.71	71.88	102.95	107.10	114.66	111.54	114.39	107.45	82.93	91.03	96.46	93.00	105.39	110.53	131.41	141.81	135.26	109.90	115.89	114.97	117.67	106.50	114.72	120.99	101.56	133.55	96.95	28.11	70.40	110.95	127.83	111.47	122.09	86.25	101.84	112.72	93.79	109.98	132.11	114.99	88.54	85.50	106.46	97.88	88.15	124.59
QG37_02989	121.44	118.64	72.91	66.53	91.09	116.97	100.63	102.92	93.19	106.22	99.89	90.98	117.37	112.67	90.34	110.70	135.03	113.64	133.95	107.21	113.01	113.16	128.92	106.74	118.62	119.54	111.72	120.38	86.33	24.49	58.43	86.71	114.74	93.06	111.32	78.00	100.83	97.36	87.33	115.73	148.92	131.67	91.90	91.11	89.58	99.60	87.74	135.06
QG37_02990	124.82	119.16	66.84	78.13	103.30	98.58	88.77	110.46	110.75	102.83	96.38	92.86	95.57	91.14	102.02	105.53	132.57	131.57	125.82	112.40	115.48	121.68	110.93	94.80	123.56	138.07	102.61	114.48	88.64	24.09	61.02	112.86	122.89	104.57	107.65	83.67	112.24	98.96	92.26	123.65	135.07	128.72	91.72	87.41	103.31	116.32	97.94	141.89
QG37_02991	104.69	113.26	68.52	63.30	111.68	107.92	103.15	94.30	111.10	99.31	81.13	89.49	88.14	97.48	89.19	95.44	145.64	131.24	124.15	110.21	103.49	108.13	127.30	97.12	111.47	115.53	91.02	114.22	76.86	29.31	61.39	115.56	116.14	105.52	98.64	90.20	99.32	98.52	77.11	118.16	116.59	114.84	85.51	87.14	104.80	104.12	96.23	113.95
QG37_02992	119.99	116.73	62.33	68.34	101.86	109.08	102.25	111.36	96.12	88.94	75.59	64.79	86.83	97.89	95.06	106.05	118.41	132.01	121.66	106.01	108.29	103.90	125.03	93.04	115.36	140.10	81.62	114.21	93.70	27.03	63.19	100.88	119.54	106.61	110.29	86.64	85.64	109.60	87.01	118.65	131.26	101.84	83.59	84.65	90.56	98.40	85.78	136.15
QG37_02993	125.83	112.08	71.02	70.68	108.21	96.91	117.77	109.41	117.37	103.81	85.50	85.82	93.03	101.72	106.73	109.92	132.57	140.84	132.86	112.96	106.88	119.37	113.42	102.69	109.82	131.01	97.47	133.73	92.49	27.65	68.31	126.95	135.14	118.14	108.87	92.55	101.85	117.98	86.45	120.94	125.43	114.82	98.91	92.56	101.56	117.08	104.59	130.49
QG37_02994	138.11	123.49	84.18	68.56	112.78	119.37	117.80	115.17	123.78	111.13	88.90	95.36	100.33	107.21	99.12	115.60	143.87	157.20	136.90	119.28	123.58	117.52	127.82	107.23	130.25	144.71	103.79	139.82	102.50	32.31	68.66	121.45	134.71	114.47	106.02	95.93	105.27	117.04	103.13	120.77	137.77	126.04	92.57	94.78	119.39	122.95	100.62	146.89
QG37_02995	124.60	127.12	76.62	62.00	119.92	118.85	103.10	103.87	131.88	95.58	84.10	88.65	112.02	113.42	97.78	102.89	144.93	123.28	124.87	105.47	116.62	100.77	115.98	85.01	125.92	139.03	94.44	123.00	87.04	29.37	62.74	121.37	129.20	100.81	113.19	84.82	98.28	112.45	91.61	99.09	136.73	117.49	97.62	106.78	100.25	89.68	88.27	132.57
QG37_02996	144.02	129.48	77.29	66.82	124.33	108.42	114.30	104.79	125.30	111.51	94.67	87.52	122.33	104.44	101.70	101.19	140.16	143.82	134.01	108.78	122.81	122.63	148.06	103.11	140.08	136.78	94.77	129.62	98.66	24.50	80.46	124.04	134.64	124.12	107.86	86.18	114.70	125.01	68.43	117.48	130.81	113.65	104.53	87.73	118.65	92.31	102.41	142.30
QG37_02997	164.45	117.20	59.93	59.15	94.88	91.03	111.26	88.70	98.43	96.89	71.36	83.56	83.30	96.10	83.04	95.33	113.88	120.05	119.74	92.18	99.01	95.89	103.40	78.28	100.87	112.24	80.44	120.32	83.84	22.26	67.77	114.44	136.90	141.91	109.37	82.27	105.49	109.90	86.60	136.11	142.38	130.94	95.38	101.43	119.19	114.90	95.64	155.88
QG37_02998	100.77	123.70	56.57	77.01	109.25	106.52	121.56	112.29	121.09	129.12	79.20	98.77	106.25	112.07	82.90	115.69	141.40	135.79	120.69	117.89	115.99	137.56	137.75	109.64	132.01	152.09	88.94	121.49	111.22	30.79	57.98	104.38	126.81	111.27	123.81	86.99	115.33	118.61	88.62	144.94	137.60	118.49	119.55	83.77	116.22	101.36	88.93	128.79
QG37_02999	102.01	68.21	45.67	38.65	66.70	78.96	69.50	65.24	84.84	71.35	60.84	54.73	73.96	72.36	58.68	84.16	89.48	70.87	66.40	81.79	66.21	73.18	64.91	58.58	67.88	75.96	46.58	82.87	57.21	19.36	33.84	79.04	112.60	76.04	67.44	59.32	71.40	56.82	52.19	83.02	74.30	69.42	64.92	91.57	116.28	108.59	93.48	105.65
QG37_03000	102.59	101.89	57.38	51.83	102.85	85.44	106.64	142.33	114.59	82.17	71.03	72.53	79.73	101.67	82.86	93.92	106.28	137.86	127.90	79.53	91.52	98.95	130.05	87.03	91.22	128.79	88.55	111.59	94.10	23.43	60.51	110.50	77.80	98.70	75.68	71.76	83.33	100.22	90.31	104.34	110.47	123.00	59.98	70.46	106.18	94.68	70.68	120.54
QG37_03001	116.13	111.72	59.77	68.37	104.54	102.76	95.54	105.75	110.58	90.16	86.26	82.25	97.98	96.61	91.71	106.73	128.20	138.65	127.81	100.96	115.38	113.71	126.37	94.92	107.40	131.94	94.76	118.56	90.17	25.53	62.82	113.47	118.18	101.95	98.32	83.11	92.03	99.22	84.57	106.59	128.56	118.69	82.68	80.34	108.02	106.00	86.51	125.98
QG37_03002	111.58	116.14	65.39	59.93	97.31	107.73	104.51	100.79	113.11	102.60	82.68	89.84	88.33	92.00	89.51	106.87	142.76	141.94	129.36	110.29	111.98	103.19	126.37	104.74	113.65	141.39	100.23	119.14	88.95	26.50	63.99	104.19	127.64	110.38	96.49	84.48	99.29	106.57	82.13	107.95	122.78	119.21	90.12	83.66	101.71	106.75	93.88	137.60
QG37_03003	121.49	128.29	67.96	76.98	109.73	110.13	106.75	106.95	121.12	105.35	96.84	89.64	108.65	102.74	100.93	100.89	135.81	146.00	129.39	107.90	113.05	136.00	125.74	115.87	137.63	135.44	109.33	138.94	109.26	32.74	88.47	115.55	144.50	119.22	109.77	112.62	119.08	111.27	92.85	129.25	149.05	102.36	100.55	92.56	104.43	125.89	130.45	136.67
QG37_03004	129.26	141.07	87.43	74.51	107.74	113.40	107.56	115.30	133.35	110.11	98.83	98.71	101.23	101.32	94.19	116.22	138.59	146.46	128.42	110.03	122.59	127.09	125.68	110.29	133.60	139.35	103.73	130.43	107.30	36.61	89.30	129.59	135.35	115.05	125.19	106.12	120.72	99.99	93.19	130.06	135.49	118.54	99.55	93.18	124.82	110.75	126.80	145.06
QG37_03005	101.72	111.88	71.56	65.48	92.59	100.60	98.22	104.41	109.79	97.22	71.60	96.74	84.86	103.10	94.20	96.49	113.74	140.64	116.05	106.51	109.76	115.78	120.29	86.78	98.92	112.42	93.14	115.82	94.83	27.10	71.46	107.43	114.02	109.89	107.14	83.99	113.30	102.86	85.95	112.29	118.77	113.38	100.89	77.40	117.33	103.17	89.70	124.48
QG37_03006	115.46	121.48	77.06	66.68	110.68	107.65	110.98	105.50	112.43	106.49	80.97	90.17	95.69	92.49	99.34	100.84	140.86	150.11	149.80	104.85	120.31	112.53	123.41	111.03	115.28	137.68	97.23	131.59	97.08	28.57	70.93	120.12	125.81	104.64	102.86	80.71	100.91	112.61	85.67	109.21	130.25	134.43	92.83	91.96	105.97	106.54	94.15	141.12
QG37_03007	98.88	90.57	54.28	54.37	92.93	86.51	86.14	95.58	99.65	80.64	72.07	69.22	80.04	85.43	84.06	97.65	119.13	140.28	121.42	94.31	99.22	103.89	115.31	85.37	106.72	111.42	72.12	98.18	80.49	22.78	64.08	90.53	106.46	105.75	87.70	71.30	82.40	95.24	67.95	101.87	121.14	99.26	71.12	77.87	90.79	86.57	83.69	104.16
QG37_03008	109.26	111.61	60.83	62.66	107.64	104.03	102.50	111.60	107.16	100.49	92.35	90.18	86.98	98.28	96.60	103.82	117.48	140.49	131.39	108.37	106.59	116.70	115.98	99.61	103.24	133.93	95.77	117.02	97.16	31.05	75.11	113.29	113.47	115.26	103.54	84.01	103.55	111.56	84.74	123.64	128.86	125.30	86.51	89.13	104.97	106.38	100.41	123.74
QG37_03009	116.72	107.31	72.64	57.78	104.45	105.63	98.83	106.18	109.60	101.76	93.88	91.84	88.25	101.43	93.71	104.43	136.99	155.30	123.86	101.77	116.80	123.05	109.56	102.09	117.71	129.42	92.50	119.53	85.57	23.99	73.76	101.84	119.19	112.85	108.91	83.96	106.64	107.27	87.95	105.12	144.12	131.72	98.04	91.68	112.06	96.13	89.49	136.03
QG37_03010	130.96	109.63	51.71	53.71	110.66	102.49	102.94	105.90	99.29	90.20	65.24	99.64	73.69	106.17	100.88	100.67	146.26	133.94	116.73	106.73	86.82	99.09	126.22	91.66	104.03	138.51	97.68	132.94	90.56	31.00	58.99	106.97	137.58	102.43	104.13	83.24	87.84	98.13	84.82	122.04	134.81	120.81	83.43	81.58	100.56	95.73	89.47	125.70
QG37_03011	118.96	113.90	70.11	73.37	112.84	105.69	93.38	110.76	115.57	88.32	82.62	84.42	85.26	82.88	93.77	93.84	130.98	143.51	115.44	108.38	89.94	115.22	132.57	97.04	103.86	128.83	94.79	137.44	95.42	26.79	55.47	106.74	132.85	114.25	108.07	76.50	95.82	103.48	104.02	125.87	137.84	107.94	98.98	92.82	104.04	104.76	97.17	152.27
QG37_03012	96.87	99.33	66.89	52.43	92.81	85.05	84.65	98.12	104.06	101.57	78.76	62.43	88.58	87.83	78.15	85.92	101.44	136.95	103.33	112.50	101.24	98.01	111.89	79.42	92.03	115.73	81.40	115.22	72.91	22.43	67.83	98.16	117.52	100.74	93.75	67.19	73.96	96.80	67.22	104.27	132.46	94.29	83.10	82.91	100.82	80.21	80.91	142.98
QG37_03013	103.86	101.55	68.02	58.63	107.59	118.02	99.49	99.85	101.52	94.52	76.13	85.22	83.57	99.39	90.89	104.45	117.53	137.85	114.96	98.33	109.24	107.86	114.82	91.63	108.89	122.44	93.40	107.27	82.91	24.79	67.33	102.12	113.71	101.05	100.14	85.24	89.01	102.04	84.21	106.94	138.31	126.65	90.48	97.50	103.09	103.42	94.17	136.55
QG37_03014	127.09	117.46	65.11	68.20	110.05	103.25	110.84	112.34	121.78	98.70	91.71	103.07	93.29	101.90	98.22	106.12	138.31	153.33	139.79	121.40	109.63	114.44	130.58	105.61	124.24	130.56	94.57	114.81	108.62	30.99	74.85	120.66	133.35	116.34	101.96	86.34	97.73	112.12	89.63	129.08	134.30	122.89	90.94	88.44	103.73	114.49	104.05	145.13
QG37_03015	125.37	126.70	68.15	64.65	118.53	121.93	116.85	122.84	119.78	109.20	92.83	95.65	91.82	106.69	108.40	115.48	146.60	151.80	140.18	117.60	108.63	130.04	129.70	98.02	128.85	150.65	105.08	130.95	99.34	38.13	81.96	122.28	129.76	111.03	110.40	94.09	113.55	115.74	104.10	128.89	139.79	122.50	100.94	89.69	111.15	115.90	112.45	151.01
QG37_03016	106.40	108.56	57.21	69.04	102.88	105.13	95.92	105.94	102.98	85.60	80.26	87.96	87.72	92.62	86.16	116.15	125.56	131.29	119.89	110.19	108.68	104.11	119.28	101.27	108.03	124.19	90.80	112.30	91.75	24.66	60.07	104.17	104.72	105.16	86.27	86.57	90.40	96.75	81.40	105.19	122.99	108.72	81.35	91.07	102.78	99.37	85.03	127.23
QG37_03017	138.30	129.51	68.80	80.09	108.64	93.13	115.87	122.89	118.16	116.58	87.88	89.04	100.35	107.70	111.12	126.53	130.95	155.95	148.69	117.79	126.03	145.37	142.33	102.71	124.71	142.15	93.83	141.57	92.47	31.33	86.86	113.66	120.60	131.43	115.74	95.26	97.56	114.22	89.83	123.51	128.76	122.69	97.96	90.92	107.66	138.54	102.26	166.09
QG37_03018	121.10	133.81	68.43	74.53	98.31	98.29	105.86	120.24	115.98	93.65	86.79	91.75	100.22	110.67	111.00	111.36	141.54	152.54	145.45	116.14	119.97	130.76	128.79	109.45	111.13	140.19	91.24	123.09	96.32	28.16	74.31	107.43	123.32	114.58	103.72	88.59	94.85	112.18	87.44	116.44	144.56	117.04	93.87	95.15	111.93	117.63	91.81	140.00
QG37_03019	107.55	116.97	68.85	62.20	111.84	101.65	99.41	108.77	105.39	97.95	81.98	95.59	87.10	95.32	96.93	107.60	135.31	153.88	122.98	107.13	115.84	122.21	135.25	97.97	114.17	136.76	85.81	114.54	93.58	25.73	69.79	107.77	116.81	109.50	101.05	99.93	100.60	116.30	81.93	122.10	126.11	123.62	90.50	80.76	113.91	105.67	90.32	128.26
QG37_03020	129.51	112.04	81.40	68.52	106.56	105.62	121.85	124.42	127.49	121.17	85.24	117.51	94.49	98.47	107.53	123.93	143.21	149.98	129.20	131.37	115.78	135.63	124.62	85.60	131.90	132.08	102.72	112.97	95.74	35.06	67.22	126.10	111.58	100.56	107.61	103.74	145.39	123.90	91.36	141.31	158.51	128.86	99.07	97.42	104.51	134.50	104.17	150.70
QG37_03021	117.11	113.79	59.35	66.66	103.11	105.30	104.12	112.67	107.86	105.70	86.50	91.07	79.58	103.00	87.64	106.18	137.88	145.06	131.44	103.76	107.14	113.40	119.67	102.78	106.88	131.79	94.36	119.85	90.19	34.75	80.69	125.79	113.26	104.98	111.55	78.58	98.70	107.80	87.18	111.55	134.58	114.77	89.08	83.95	107.01	110.43	99.84	136.10
QG37_03022	120.12	130.59	68.19	63.85	114.97	103.92	96.91	94.46	105.91	105.17	100.52	102.95	93.92	94.04	108.32	107.02	128.95	143.08	129.55	104.88	109.28	116.56	128.13	101.94	113.00	152.98	100.64	129.77	106.37	22.48	77.15	116.77	140.06	109.66	96.36	94.96	92.99	96.09	73.72	126.92	127.57	129.85	85.21	90.00	126.95	109.13	111.67	139.22
QG37_03023	106.53	117.04	73.86	61.26	84.20	96.23	117.28	94.94	83.43	90.64	65.84	57.80	83.34	100.20	67.70	91.53	119.99	107.92	102.48	108.61	105.79	95.02	114.40	88.87	108.87	114.53	82.80	102.41	101.11	27.52	66.24	99.29	90.87	89.82	79.70	77.26	82.95	101.02	81.73	104.87	113.86	109.67	72.03	78.64	90.00	83.07	91.80	114.60
QG37_03024	93.45	107.68	57.28	60.88	80.96	101.83	99.07	96.40	94.62	72.35	81.98	71.38	85.20	83.22	77.01	100.97	110.98	120.08	109.05	94.37	107.15	91.78	107.63	77.60	103.34	117.23	85.65	104.49	75.31	23.56	57.04	93.57	108.15	99.04	85.52	85.10	88.69	96.84	74.10	98.63	104.09	98.92	80.36	75.41	85.68	85.64	81.70	112.82
QG37_03025	111.68	119.96	60.56	66.53	100.73	93.91	109.02	99.81	114.54	97.42	77.71	74.19	91.99	91.01	89.66	106.24	123.34	125.66	110.19	108.15	107.21	103.61	100.40	88.09	110.56	121.86	83.00	104.87	87.79	24.19	54.47	95.72	99.99	97.26	90.85	76.67	85.94	102.79	79.92	95.27	118.00	106.58	79.85	86.51	90.30	99.82	94.92	118.61
QG37_03026	125.56	110.99	61.12	74.31	113.07	122.33	100.34	107.56	125.11	105.70	87.75	86.84	92.16	99.53	104.64	109.44	131.32	143.92	121.19	112.13	110.17	112.26	124.92	100.44	117.71	125.21	85.96	120.10	90.03	28.19	69.23	124.25	128.50	115.63	103.85	93.14	97.96	100.90	86.24	122.00	139.74	122.20	93.62	86.10	105.93	99.07	96.32	128.00
QG37_03027	158.36	153.55	75.72	86.06	135.99	121.45	123.85	135.76	130.62	118.44	103.15	116.51	124.16	112.58	118.78	132.30	176.82	166.34	154.78	133.45	151.08	143.17	147.99	114.63	128.37	161.91	118.86	150.68	130.87	31.91	78.19	139.63	167.14	137.43	111.84	102.90	126.15	107.61	99.14	136.16	171.79	140.36	108.16	95.95	110.11	121.03	90.27	148.33
QG37_03028	147.68	153.79	69.73	69.55	144.83	117.97	120.72	114.69	144.02	110.22	89.64	109.56	111.30	134.82	113.38	129.31	148.84	150.93	151.69	133.50	138.47	118.53	133.43	92.80	142.95	153.93	115.36	127.83	119.43	36.98	72.72	143.03	141.22	120.50	123.13	102.61	119.97	98.76	105.87	137.75	144.82	145.15	101.03	90.88	124.54	98.05	93.92	149.20
QG37_03029	141.15	128.52	62.49	75.38	120.63	102.20	121.62	119.33	130.52	115.75	93.37	97.25	104.79	111.57	104.00	113.57	151.07	157.45	145.15	117.48	122.45	119.36	140.36	110.29	133.32	145.16	106.62	135.40	118.63	31.84	73.78	139.69	136.05	120.98	110.73	96.56	107.88	108.06	96.66	127.05	149.21	133.27	102.38	89.15	125.33	113.23	104.75	138.60
QG37_03030	129.44	118.59	73.21	69.32	111.06	104.61	110.45	111.22	121.17	108.73	84.63	94.99	99.52	109.43	116.28	100.70	129.43	149.89	117.39	101.64	104.76	116.22	124.87	97.33	122.75	146.93	104.62	127.67	106.61	24.69	77.57	110.88	124.50	116.25	111.98	86.24	87.60	97.71	85.89	123.59	161.38	118.88	98.13	79.38	120.86	117.48	102.15	132.28
QG37_03031	123.11	124.71	70.65	71.37	119.21	111.40	110.81	115.62	125.37	105.99	89.13	96.23	102.74	98.27	99.99	115.92	127.34	152.39	141.38	118.38	124.51	113.04	132.57	103.42	115.73	143.41	94.15	134.99	100.19	33.28	72.74	124.25	124.36	110.36	118.04	89.82	107.51	99.67	87.57	131.06	153.21	120.13	96.89	81.86	109.45	112.69	92.36	143.72
QG37_03032	128.40	139.96	77.75	57.74	128.86	126.69	94.47	104.84	120.14	118.94	90.73	78.86	88.47	86.68	90.72	125.93	126.11	160.26	143.16	126.14	113.42	118.55	127.52	98.85	119.38	167.42	91.14	124.72	103.34	34.61	87.25	116.72	118.44	106.61	98.94	80.39	102.48	96.44	102.04	127.24	143.89	123.62	93.19	85.67	95.48	98.51	111.02	144.35
QG37_03033	129.05	135.06	77.49	86.40	115.95	108.87	112.09	108.93	124.00	111.72	93.38	96.90	102.55	103.72	105.69	124.64	142.30	147.13	139.36	111.62	115.11	126.92	131.56	114.54	127.13	146.93	101.20	121.83	104.97	29.63	59.04	141.62	136.31	98.24	115.35	79.49	99.43	101.75	89.71	112.98	138.33	127.43	90.92	100.37	110.70	127.74	111.67	149.60
QG37_03034	139.11	110.57	57.60	56.73	106.77	84.87	93.30	92.54	112.36	97.48	96.84	88.87	91.32	112.95	87.05	95.02	120.38	149.42	140.09	115.66	108.96	111.53	127.82	106.45	132.93	142.88	86.53	101.85	102.26	33.18	72.68	127.59	138.64	91.98	119.60	74.85	102.60	134.84	100.85	119.90	119.88	117.55	73.04	78.12	95.82	114.15	89.74	132.11
QG37_03035	113.42	114.72	51.66	60.91	86.77	103.65	96.23	99.43	106.22	90.74	77.60	85.31	88.01	93.17	88.35	100.89	138.37	130.01	113.47	95.34	98.63	94.12	119.17	90.76	106.23	127.84	86.50	124.13	88.08	27.59	60.76	98.47	114.30	100.90	101.16	72.48	83.58	106.33	80.49	104.77	130.84	110.44	75.28	85.70	97.11	110.07	81.41	128.96
QG37_03036	711.02	603.64	313.64	330.96	487.87	475.90	503.47	503.25	574.81	545.84	392.37	411.14	438.07	464.26	441.97	488.41	618.28	599.90	638.61	520.18	492.32	523.26	609.65	445.49	553.05	599.19	428.17	656.22	472.83	182.50	361.36	536.22	730.48	622.79	569.60	477.65	520.47	599.25	457.21	648.92	650.10	693.44	501.43	415.76	546.88	506.67	487.50	674.62
QG37_03037	102.11	121.07	56.78	64.41	100.74	109.37	106.66	86.50	105.49	90.47	85.14	84.20	91.81	104.79	80.49	87.09	114.44	110.04	125.98	102.30	92.63	116.80	112.74	104.32	110.59	110.71	78.20	111.62	83.54	21.64	65.67	121.08	102.59	86.36	101.17	71.34	104.49	89.61	84.73	115.58	111.65	127.32	90.77	79.25	102.26	112.56	92.96	131.55
QG37_03038	132.17	117.55	68.06	64.44	107.32	109.72	102.93	95.46	114.93	83.54	76.75	103.38	88.40	98.96	89.57	110.81	134.36	150.61	121.13	106.94	109.80	113.51	124.00	100.52	101.10	129.78	88.13	111.34	88.25	29.55	60.13	117.05	122.37	88.02	99.16	75.23	91.38	109.80	84.29	111.79	135.87	113.81	90.23	89.09	113.42	111.05	99.50	127.10
QG37_03039	14.29	68.50	35.53	25.16	48.52	42.77	35.07	49.35	49.16	45.99	28.47	50.40	30.75	43.73	37.45	38.97	50.30	54.50	54.19	44.70	49.52	49.47	64.50	46.72	50.77	59.02	45.84	51.26	34.29	12.67	16.51	55.25	61.24	52.01	36.42	38.91	48.60	47.01	36.65	48.21	48.75	45.24	34.23	45.91	67.92	61.67	45.88	80.42
QG37_03040	120.98	125.70	71.08	96.05	123.24	89.06	103.00	109.12	130.97	94.71	75.07	97.87	94.49	89.68	90.14	118.03	136.69	151.36	131.17	103.62	103.65	121.96	105.48	124.98	124.46	129.66	92.70	120.08	112.91	22.52	67.78	96.63	139.37	118.04	106.11	91.36	111.55	114.45	94.68	130.01	151.40	128.08	84.77	60.80	95.59	88.96	96.13	122.42
QG37_03041	103.20	101.38	71.33	66.66	105.69	101.18	98.02	104.21	121.50	95.48	93.52	107.97	95.85	91.34	82.67	111.19	125.38	145.79	121.79	111.99	100.30	109.90	132.14	90.26	127.58	127.21	103.13	120.14	116.79	26.78	62.22	105.12	115.44	125.61	97.77	79.26	107.41	109.93	86.55	114.53	121.31	116.50	88.53	98.20	95.97	95.98	101.79	136.79
QG37_03042	110.74	115.48	56.54	70.36	100.32	101.58	103.88	111.63	122.33	107.22	82.41	89.14	105.53	106.02	94.40	99.09	136.87	135.24	121.73	111.72	113.80	109.40	126.18	107.45	108.81	131.42	89.31	111.34	100.45	28.26	65.63	115.21	117.41	113.37	94.54	78.17	97.97	106.23	89.73	107.78	134.81	122.84	86.55	90.26	97.43	104.52	96.43	136.61
QG37_03043	119.96	101.11	56.86	81.41	101.12	121.57	107.15	107.18	116.31	109.87	75.50	83.67	99.24	109.73	96.14	124.11	120.60	130.62	119.64	124.49	111.96	100.33	110.96	95.62	123.12	135.26	94.60	104.43	92.17	19.30	59.90	106.54	113.19	111.48	99.18	80.86	106.41	119.01	95.77	128.04	114.86	123.64	89.41	86.53	105.07	102.01	99.81	138.48
QG37_03044	113.81	115.84	64.77	59.76	105.81	97.20	102.09	105.37	119.42	99.47	80.13	89.16	92.30	92.04	89.04	106.28	124.47	140.44	133.69	99.28	102.95	109.28	124.65	97.16	114.66	138.79	84.07	114.37	108.12	22.92	67.72	122.92	119.55	116.28	100.94	84.02	99.35	105.07	84.20	104.80	126.19	117.18	96.82	82.42	113.21	121.22	103.34	126.51
QG37_03045	87.93	94.39	46.06	62.57	105.30	75.84	100.49	119.05	107.95	88.82	85.29	86.94	92.70	92.08	83.80	93.99	125.18	127.57	122.66	93.29	106.66	107.57	96.06	93.90	104.65	117.50	78.25	97.70	95.33	19.73	56.11	114.04	108.39	92.34	95.30	70.75	75.34	90.12	72.93	88.86	113.19	132.65	81.40	90.31	111.88	121.81	84.29	114.00
QG37_03046	112.72	100.54	49.32	58.30	104.96	93.72	100.84	95.56	99.70	90.55	80.58	69.62	73.22	104.25	89.37	94.60	102.77	143.06	114.38	99.30	112.33	98.97	114.64	86.59	111.75	118.97	85.31	123.99	81.49	17.02	59.15	95.34	108.97	97.60	87.17	76.78	80.76	97.86	85.59	90.32	109.85	95.05	86.22	86.64	93.47	82.40	85.68	94.83
QG37_03047	109.13	128.68	61.70	64.60	102.40	112.97	100.75	106.51	118.27	102.62	87.17	95.97	92.19	95.94	100.79	105.55	139.32	159.96	121.57	112.49	109.88	121.39	123.00	100.25	113.48	136.85	99.24	121.74	92.99	29.39	66.08	109.03	130.97	103.59	95.66	90.32	99.55	111.46	93.84	125.04	132.51	127.75	97.99	91.41	116.67	108.29	96.72	150.23
QG37_03048	116.90	132.74	70.15	69.32	101.38	87.63	125.77	107.98	124.26	101.38	79.78	98.50	109.23	108.83	106.09	114.91	146.12	171.99	165.90	115.24	121.08	137.90	117.51	98.46	128.22	159.62	112.26	126.97	104.63	32.61	79.45	108.73	152.00	121.97	98.82	89.76	110.52	104.48	79.42	134.69	138.36	137.83	103.33	90.67	92.64	122.00	105.01	144.02
QG37_03049	113.70	127.05	61.29	65.38	98.64	99.31	101.64	97.34	111.00	96.83	73.58	90.67	90.41	97.92	94.29	99.86	132.26	135.98	123.84	99.31	110.15	111.58	124.48	96.48	117.97	135.51	90.47	110.15	98.77	27.21	72.07	112.52	121.54	96.99	87.62	79.98	105.44	101.02	97.11	104.17	122.11	127.42	84.74	87.17	105.58	113.35	93.63	146.06
QG37_03050	105.71	127.10	64.90	57.39	103.53	90.43	111.05	97.40	97.93	93.92	78.47	99.15	83.71	91.78	76.08	83.01	120.97	117.76	115.92	98.51	101.75	91.60	112.30	93.75	117.02	135.24	83.79	119.20	83.86	27.01	56.07	113.13	114.58	103.01	95.18	85.63	78.21	102.37	94.38	93.33	106.89	115.46	89.51	61.84	81.50	72.78	65.42	99.51
QG37_03051	125.11	140.25	71.76	86.17	122.42	116.46	99.38	104.07	135.19	111.64	80.63	101.85	86.39	109.35	104.13	133.02	151.03	152.24	152.65	97.41	116.78	129.04	141.37	103.66	110.48	135.79	96.93	116.82	99.60	26.26	66.61	124.46	127.40	108.55	111.33	83.20	93.26	101.36	90.62	122.27	137.42	135.41	94.18	78.08	116.11	113.83	85.69	134.75
QG37_03052	104.23	109.28	60.40	68.00	101.39	99.40	105.09	100.59	119.68	92.37	73.30	83.47	87.16	97.86	90.08	101.68	128.67	139.96	129.36	104.05	108.68	108.10	121.52	95.59	113.95	126.48	92.10	113.28	90.25	28.38	69.27	105.64	119.99	104.82	101.84	80.85	97.22	101.97	83.08	107.38	125.37	119.04	88.99	92.71	100.98	106.84	95.80	131.35
QG37_03053	104.92	99.10	59.91	65.88	96.13	105.31	98.18	103.74	112.13	86.04	78.83	89.72	81.45	86.24	94.91	106.65	107.43	136.12	115.40	102.79	103.14	111.56	129.27	88.50	111.78	123.46	93.18	98.47	89.76	21.89	71.53	111.97	105.59	100.90	96.12	74.61	86.57	95.94	69.41	107.92	116.90	104.79	80.36	72.68	95.26	96.57	82.78	112.03
QG37_03054	133.76	133.78	76.57	80.87	116.72	117.58	117.19	116.82	132.24	123.36	92.62	107.91	104.84	113.76	112.00	112.67	146.50	158.62	141.80	120.58	123.87	132.17	139.31	110.96	130.45	150.07	97.80	133.60	108.52	31.45	74.08	128.96	149.65	126.95	121.77	101.17	109.26	117.61	104.52	131.76	139.53	130.94	97.74	96.22	122.74	114.70	104.37	148.03
QG37_03055	142.91	142.37	73.16	78.27	117.39	102.36	118.96	121.43	128.13	119.01	97.03	105.31	104.86	114.43	95.85	110.08	154.24	152.85	134.93	116.43	111.23	132.47	131.38	116.19	134.74	152.74	104.63	127.14	109.94	36.55	80.12	128.75	144.50	112.08	114.78	96.19	117.92	116.67	91.27	129.85	138.12	121.86	88.86	97.28	113.19	117.06	93.69	132.11
QG37_03056	126.56	124.25	65.66	69.30	111.61	110.37	117.07	109.93	117.44	113.28	79.15	80.03	97.47	97.26	92.79	97.40	144.48	147.76	126.87	109.68	120.43	117.49	138.96	108.50	119.16	141.08	103.42	124.90	95.59	26.10	70.03	121.24	133.52	120.72	117.97	80.77	109.61	102.04	74.28	112.45	150.81	124.66	88.72	99.17	102.48	115.25	90.95	151.37
QG37_03057	142.10	106.74	70.50	59.99	110.15	106.79	125.01	107.72	118.88	102.69	94.19	112.04	98.48	119.61	107.79	122.35	165.37	148.66	125.16	107.01	107.93	112.59	161.12	97.31	104.01	133.91	107.13	149.21	107.60	28.72	71.78	137.23	137.53	125.04	99.04	89.91	106.40	115.40	88.78	114.76	142.45	130.71	90.77	97.61	101.15	115.23	101.23	160.52
QG37_03058	135.30	108.02	71.44	69.85	109.50	113.74	121.12	113.46	116.08	96.58	93.50	107.87	97.86	112.40	106.92	107.49	140.46	126.25	122.83	110.27	112.67	102.31	133.10	116.10	124.10	143.84	103.41	150.11	117.70	29.72	78.35	133.83	122.12	140.10	98.27	88.71	92.66	115.60	102.62	110.01	135.55	115.92	97.73	109.04	114.49	130.30	113.17	149.81
QG37_03059	116.27	113.45	65.55	72.40	109.33	113.27	106.71	108.92	127.91	110.10	91.04	92.40	99.77	105.61	97.92	120.41	135.19	139.07	124.28	119.38	110.64	117.72	121.47	101.29	115.53	127.34	98.16	116.82	92.66	27.66	73.55	114.75	118.15	120.86	107.82	86.61	107.29	109.55	90.88	111.38	130.24	120.62	82.61	83.71	109.82	111.72	94.92	140.95
QG37_03060	115.77	119.34	71.56	60.88	106.34	98.37	108.48	127.93	115.66	100.06	87.32	96.89	88.57	98.09	108.60	138.81	147.77	129.87	137.40	123.20	109.00	110.57	105.33	116.69	124.80	141.47	86.89	121.79	89.29	27.44	85.50	119.32	151.90	130.70	109.99	87.32	119.10	114.53	97.99	122.48	133.68	111.24	88.49	93.96	122.03	109.81	91.11	132.43
QG37_03061	122.60	119.11	58.19	71.45	98.11	121.31	108.96	120.66	118.16	95.05	80.74	103.88	73.30	123.18	87.37	124.75	131.35	146.37	123.36	113.11	115.34	108.52	130.28	103.92	116.60	122.54	91.75	117.78	91.20	33.81	66.42	112.58	118.31	93.47	110.45	87.46	90.05	107.54	93.32	116.79	147.83	120.77	79.59	94.06	108.15	106.06	108.56	126.77
QG37_03062	121.42	126.90	63.76	47.99	106.24	115.57	122.02	124.34	120.14	100.31	92.20	96.45	97.99	112.02	79.09	98.00	133.31	152.86	144.54	121.62	117.28	116.71	137.51	86.36	130.42	131.47	83.83	126.22	99.94	26.35	68.00	100.55	111.21	102.30	85.69	83.73	97.56	95.23	81.01	126.84	139.21	133.10	77.76	85.09	110.91	104.14	86.71	147.59
QG37_03063	115.20	120.33	63.43	62.68	101.41	104.25	102.59	101.41	126.12	100.75	82.28	86.83	93.23	95.53	96.04	113.00	125.80	131.68	128.46	101.92	119.07	110.44	118.15	93.61	109.96	130.02	95.89	108.16	85.07	25.43	61.95	102.14	126.60	112.02	94.22	78.51	93.28	104.31	91.59	112.22	136.52	115.82	80.65	82.59	97.55	113.28	89.22	137.59
QG37_03064	126.68	127.98	74.11	61.04	119.10	115.66	121.16	101.97	130.90	116.71	95.50	93.21	96.06	90.55	95.40	115.63	139.24	139.62	167.55	126.01	130.61	122.51	128.67	89.38	127.55	150.03	106.77	132.67	103.18	31.75	85.25	119.51	140.53	112.10	123.59	98.79	96.21	109.21	98.96	125.57	145.25	137.51	97.32	85.40	107.91	119.06	89.10	135.74
QG37_03065	140.04	120.96	72.62	65.11	109.29	104.06	95.38	119.00	112.67	96.59	86.90	89.15	89.47	98.43	85.19	102.35	108.74	141.75	128.96	118.57	106.22	113.98	117.44	91.67	101.18	139.42	119.35	137.04	99.27	24.17	66.68	101.80	133.23	118.95	97.03	82.26	99.92	111.39	92.32	114.08	124.77	94.72	79.61	89.54	90.13	83.30	85.31	119.07
QG37_03066	114.81	120.80	68.53	73.62	110.55	104.13	111.35	105.49	114.18	91.35	99.86	94.47	102.14	105.18	102.08	116.50	126.84	142.26	119.84	127.54	120.04	109.68	120.91	109.30	110.90	121.81	92.05	114.22	100.70	26.09	69.55	108.09	119.31	112.56	114.04	96.59	105.42	111.17	87.63	121.98	136.11	111.84	94.25	89.70	101.61	109.85	95.11	126.50
QG37_03067	119.45	111.52	74.16	73.71	109.47	115.34	120.73	117.10	119.40	102.04	84.94	101.82	98.54	122.13	104.36	119.72	128.62	123.25	127.81	119.92	124.25	123.69	137.43	107.19	128.28	138.88	92.07	123.59	98.18	32.19	61.41	125.57	144.89	118.51	118.35	91.26	107.64	120.76	97.40	132.65	136.07	113.39	99.62	100.75	112.00	124.82	96.60	141.85
QG37_03068	123.81	131.12	65.92	66.20	115.41	123.65	114.86	119.04	120.24	112.83	83.26	115.82	94.02	112.69	96.05	107.13	142.98	145.96	133.55	114.15	125.94	126.02	159.59	105.46	124.51	165.59	105.42	115.77	113.54	33.08	68.79	136.80	132.08	123.39	107.74	92.53	113.80	120.83	95.62	130.76	145.90	131.48	95.40	97.24	108.28	120.77	98.99	166.63
QG37_03069	129.32	117.84	77.80	75.21	115.37	112.85	111.15	117.83	125.30	90.61	83.37	92.23	89.74	93.68	102.35	110.41	140.51	153.75	140.95	109.97	119.21	114.75	112.90	103.16	113.04	143.17	90.67	105.93	109.56	22.68	74.79	129.09	114.43	113.66	99.80	91.48	103.48	120.04	81.91	115.88	136.46	134.00	84.02	89.03	95.77	115.77	91.87	145.52
QG37_03070	126.86	120.88	71.60	69.48	119.85	113.91	121.00	114.71	125.16	112.31	87.07	96.72	95.20	104.02	105.17	111.86	134.23	148.47	135.47	119.31	116.95	115.82	127.04	98.84	125.94	149.99	102.95	128.80	101.55	29.34	70.78	125.44	129.51	114.99	108.27	97.23	97.71	110.26	94.37	119.69	136.47	120.70	93.22	87.67	117.58	112.23	96.21	139.33
QG37_03071	143.66	130.69	89.18	80.76	104.84	97.03	113.77	106.69	128.60	109.91	106.10	80.01	106.99	107.54	99.25	109.94	136.61	163.70	141.21	108.76	117.60	112.38	128.15	88.52	107.91	143.51	101.87	130.31	89.90	31.35	61.34	128.52	118.70	116.09	116.45	79.87	104.26	108.44	97.64	125.85	121.44	111.63	107.59	98.04	101.07	109.32	101.55	161.51
QG37_03072	114.51	115.02	71.91	68.50	97.85	101.63	107.96	104.38	116.77	104.86	80.91	87.43	94.45	96.64	102.96	107.03	133.42	139.38	126.30	96.50	112.49	118.63	124.66	98.44	106.76	127.62	89.33	129.04	87.78	28.91	67.84	111.75	122.76	114.26	98.97	89.39	95.82	110.95	86.97	104.53	137.16	120.43	89.83	88.67	109.70	105.22	95.29	141.79
QG37_03073	105.23	106.80	57.53	68.06	93.53	95.30	112.56	94.25	92.73	82.23	72.78	83.61	86.26	91.47	86.82	97.07	112.77	114.91	126.44	98.63	98.26	97.15	102.19	70.12	104.23	107.56	81.72	109.03	87.44	17.08	44.86	106.83	123.64	94.74	91.79	80.71	98.43	100.70	84.64	108.46	117.67	137.26	79.22	87.80	89.10	118.80	81.43	109.13
QG37_03074	122.99	111.76	64.81	67.16	101.56	104.23	110.45	106.95	109.82	102.91	83.40	87.06	87.62	97.77	94.91	110.20	115.34	122.84	133.93	108.82	115.08	106.84	121.18	79.98	104.65	126.42	98.21	110.78	91.78	26.39	57.28	113.25	124.64	112.56	101.85	87.39	103.22	101.13	81.35	108.83	136.65	123.76	90.89	90.83	108.83	112.79	97.67	134.66
QG37_03075	96.91	100.58	49.90	52.11	88.73	103.10	106.98	90.92	100.64	87.26	70.81	76.16	91.29	82.59	86.18	101.20	126.46	134.19	112.55	101.51	96.13	118.73	123.97	99.89	102.03	123.17	88.28	106.59	88.84	33.22	61.59	105.88	116.27	110.26	103.66	71.29	99.16	96.14	77.56	110.57	121.42	90.54	76.54	85.79	96.45	98.47	83.84	112.01
QG37_03076	125.13	127.05	61.99	64.80	98.31	92.18	103.06	109.47	102.59	110.47	88.70	79.89	99.81	102.08	94.06	112.30	123.90	117.18	116.02	94.44	99.41	106.94	111.16	84.53	100.83	122.16	84.22	123.51	87.20	30.76	60.48	113.22	112.58	109.98	104.33	77.42	84.23	111.32	79.94	117.46	132.84	111.28	75.63	92.84	91.07	104.44	98.44	141.16
QG37_03077	145.30	110.40	58.72	71.26	111.56	114.15	106.67	112.66	101.45	112.96	77.90	92.84	100.99	100.62	100.63	108.35	132.82	145.14	118.10	120.19	118.55	109.07	131.49	83.98	116.25	128.54	105.45	139.98	102.72	29.44	68.84	115.11	150.46	116.32	111.32	62.90	99.73	105.37	95.74	110.69	140.08	122.86	90.23	77.13	114.25	120.42	77.50	156.30
QG37_03078	65.73	82.01	56.46	38.22	65.74	72.19	67.30	63.69	65.86	74.94	51.57	57.74	72.54	76.73	63.94	76.02	76.32	82.98	86.81	68.68	63.02	75.02	78.92	72.54	68.12	65.89	54.99	76.27	45.77	18.73	44.65	76.01	87.21	76.18	74.68	60.25	63.64	63.78	60.43	64.89	77.84	75.93	66.55	53.76	75.68	84.44	68.38	97.52
QG37_03079	137.44	102.19	57.00	67.42	96.61	96.37	105.28	88.32	98.03	93.40	75.97	80.48	95.39	106.13	95.27	106.93	109.91	118.32	128.08	99.63	95.79	102.15	139.41	93.22	111.94	113.77	88.72	109.81	77.83	22.52	63.90	93.11	116.46	102.76	102.94	71.72	85.83	84.32	81.83	112.55	135.97	97.08	86.45	70.26	113.35	102.25	87.09	129.29
QG37_03080	128.14	122.86	66.44	59.51	113.50	99.20	106.72	103.00	119.32	101.16	93.04	96.19	106.39	103.70	95.11	108.79	145.64	131.74	143.58	115.06	110.29	111.41	134.76	98.89	108.90	131.99	89.13	127.74	89.21	25.73	64.12	111.30	134.44	113.33	96.19	85.82	99.21	102.71	78.19	109.70	135.44	118.77	84.85	76.95	121.50	97.75	96.73	139.99
QG37_03081	128.61	141.58	75.02	78.45	134.09	119.94	114.79	136.08	132.05	128.46	110.29	95.74	125.87	121.65	106.28	121.51	162.70	145.52	143.03	139.36	133.44	140.01	136.76	111.14	138.90	163.49	104.20	148.52	104.88	35.63	67.41	139.47	156.80	129.22	128.52	89.60	111.44	129.20	100.18	134.70	157.54	140.10	97.55	89.97	120.19	127.13	114.29	162.30
QG37_03082	135.33	135.17	74.70	75.92	127.66	120.94	122.37	120.47	136.71	127.21	104.61	105.56	106.38	115.22	109.35	120.04	151.51	151.83	142.53	133.91	122.94	128.42	141.55	111.20	135.58	148.41	110.54	153.83	112.81	30.71	73.18	132.94	148.00	119.75	114.67	100.39	117.54	116.62	95.81	124.12	143.85	134.51	95.33	94.95	125.35	118.14	99.88	160.83
QG37_03083	121.19	120.12	70.98	75.74	113.69	103.07	109.74	116.52	126.75	114.33	85.35	90.93	105.74	94.35	100.45	114.96	142.19	146.60	133.16	115.33	107.15	106.52	117.31	102.32	106.70	130.84	87.03	127.09	103.49	22.81	67.58	119.51	130.92	111.05	108.31	95.65	90.64	105.63	91.86	107.39	126.25	118.57	86.48	79.90	101.82	101.34	96.60	126.59
QG37_03084	137.16	145.86	67.31	84.75	122.30	121.60	149.90	139.45	142.21	119.26	111.50	125.35	126.11	123.01	120.71	139.52	153.62	176.55	153.84	135.27	135.17	153.30	155.59	130.43	147.11	179.88	116.36	153.03	123.15	36.58	82.84	151.19	151.22	141.72	116.16	91.85	120.52	126.30	116.39	135.44	144.69	138.12	111.61	98.32	133.36	125.52	112.51	160.25
QG37_03085	136.90	149.18	82.39	77.94	122.74	126.29	117.53	110.38	132.34	114.16	101.36	97.06	107.73	103.29	106.88	123.64	149.09	172.27	146.32	121.15	113.86	127.83	125.00	110.54	129.04	159.68	118.51	139.70	116.54	35.47	70.08	122.79	140.27	127.37	118.35	89.25	105.65	128.55	97.02	124.33	133.17	132.88	88.54	95.04	120.83	104.54	105.62	141.30
QG37_03086	126.78	131.92	77.29	78.33	117.18	114.35	110.31	117.28	136.28	111.28	100.89	102.13	99.54	108.15	108.76	116.91	147.57	151.07	146.23	127.99	123.51	130.50	132.78	116.97	122.61	153.24	105.69	134.39	115.28	27.81	75.21	120.94	124.98	127.28	108.54	92.79	105.25	114.72	95.54	118.34	156.11	125.64	97.92	95.99	113.42	116.14	92.48	137.90
QG37_03087	139.28	120.26	77.95	66.57	110.80	118.03	122.63	124.50	135.95	107.80	94.24	102.42	85.88	87.05	91.64	103.48	153.66	149.50	130.85	123.50	108.77	120.84	147.60	88.44	114.45	170.27	80.87	120.89	105.65	26.86	69.40	113.49	139.43	96.56	113.83	92.76	98.98	96.35	76.59	119.86	147.05	136.72	87.57	88.05	124.77	129.91	100.93	130.04
QG37_03088	96.28	91.00	48.84	52.38	94.29	92.07	110.48	87.68	119.28	92.09	82.65	93.87	79.23	85.12	88.71	110.60	92.76	106.86	110.25	72.17	72.08	110.16	118.53	84.52	90.20	120.97	84.29	97.95	74.29	14.29	53.74	87.10	101.91	101.06	103.03	71.04	87.88	105.33	85.89	97.37	106.84	98.47	65.67	76.33	81.23	79.30	88.74	121.10
QG37_03089	99.46	107.78	60.83	58.41	98.32	107.09	104.09	95.61	111.28	84.10	72.88	76.60	82.82	78.63	84.45	103.10	110.32	116.35	104.63	105.34	90.22	108.17	112.27	87.10	116.13	116.54	92.75	103.52	79.93	22.87	67.54	103.18	104.52	102.32	92.67	73.86	98.21	105.66	81.53	93.59	111.26	110.35	74.97	91.41	94.00	99.09	93.26	119.11
QG37_03090	119.26	113.99	53.10	73.76	102.77	104.39	98.39	108.81	106.37	95.15	76.90	87.44	87.26	89.73	113.45	115.17	126.36	140.25	126.83	116.17	113.85	115.85	114.36	94.62	121.13	121.26	106.06	116.64	96.50	23.49	60.48	117.13	114.37	109.02	86.88	90.42	112.78	107.77	93.81	115.97	129.14	110.37	82.83	92.78	116.14	94.38	92.67	129.33
QG37_03091	114.99	123.49	65.02	67.90	112.34	106.84	99.82	104.31	120.13	104.63	88.33	96.00	94.62	101.00	102.91	107.94	126.32	128.06	128.89	101.68	114.72	112.18	119.13	103.66	117.08	123.89	95.70	119.58	94.11	35.54	77.06	115.77	129.85	107.68	108.29	91.23	101.69	110.86	94.18	122.20	128.05	121.54	97.53	88.27	108.95	109.16	96.00	141.89
QG37_03092	109.20	122.06	76.67	67.91	101.57	110.58	112.43	97.30	121.84	99.93	94.86	114.25	84.52	85.72	100.79	115.78	111.35	144.72	126.28	92.85	111.54	115.07	111.10	98.18	111.03	129.55	94.78	100.49	83.39	28.57	70.94	126.98	123.17	106.59	90.87	100.81	96.33	95.30	87.04	118.05	123.75	110.39	86.94	107.79	126.32	106.87	106.76	134.10
QG37_03093	114.44	109.41	95.67	68.30	104.68	102.68	94.46	97.85	109.26	100.96	82.27	82.73	87.19	98.33	87.06	103.34	128.09	150.67	119.47	107.87	105.85	117.48	126.79	110.50	118.20	140.26	86.79	107.82	81.29	35.43	68.79	104.41	130.07	101.57	103.90	79.68	94.16	106.49	96.36	109.97	121.03	128.72	90.41	92.70	99.67	98.57	104.46	131.17
QG37_03094	108.58	118.70	63.92	67.32	101.96	102.00	101.25	103.44	113.57	89.35	82.26	81.23	85.03	95.31	92.64	103.71	132.17	131.30	126.67	102.38	104.94	112.03	114.15	100.37	109.84	121.02	95.30	115.14	92.41	27.47	67.17	107.37	122.26	108.01	98.94	87.89	99.58	107.02	82.77	108.76	127.00	119.84	90.85	82.05	107.40	107.92	96.04	126.98
QG37_03095	129.07	122.84	68.29	67.36	99.15	109.26	104.81	110.45	117.97	110.39	87.54	90.97	90.27	104.42	99.12	107.97	135.47	151.98	128.54	114.32	112.70	125.11	131.12	103.03	122.22	137.74	103.17	122.68	102.10	27.37	75.66	116.41	131.49	117.51	105.50	84.15	101.12	108.00	89.22	123.76	128.97	121.27	92.68	92.51	101.55	103.05	92.44	141.88
QG37_03096	113.24	134.38	73.86	69.29	102.37	96.81	105.74	118.37	131.44	111.32	85.19	98.08	104.49	105.00	115.15	111.71	154.35	132.63	131.67	116.14	114.28	125.09	147.94	102.21	128.36	160.37	115.30	132.91	110.19	31.93	80.94	113.84	118.89	109.68	124.87	89.19	108.80	135.06	97.70	121.12	140.98	118.40	95.17	85.08	118.82	114.94	107.17	143.77
QG37_03097	121.68	125.21	66.28	63.02	105.30	110.58	100.54	110.44	129.53	94.24	93.47	93.06	94.57	99.02	91.92	105.32	127.51	137.52	135.55	108.05	108.67	113.09	116.51	86.86	104.98	126.00	95.44	118.25	87.00	31.14	65.71	114.68	121.28	110.05	95.08	88.48	100.18	107.31	96.86	110.33	122.16	118.74	85.98	79.01	105.24	100.86	90.64	129.89
QG37_03098	133.03	131.06	79.38	79.45	127.92	112.14	121.40	121.32	135.86	123.50	94.48	101.06	117.07	114.99	110.58	114.75	139.19	154.17	147.47	128.92	123.72	134.09	137.89	115.48	124.47	155.06	103.61	146.54	111.40	35.21	75.76	140.77	148.72	138.65	108.53	99.14	115.48	128.46	89.94	129.20	143.95	151.65	102.71	94.08	130.65	124.19	113.15	142.78
QG37_03099	120.11	126.99	74.74	67.14	105.10	106.47	105.38	110.63	117.20	102.79	80.06	88.56	107.71	98.15	94.97	101.64	123.62	137.41	131.49	115.23	106.93	116.78	121.31	84.65	95.93	124.19	83.74	115.78	96.18	24.30	63.54	100.60	111.73	116.91	103.68	90.67	103.53	105.98	87.05	101.31	117.06	125.34	89.24	80.87	92.58	90.89	82.83	136.33
QG37_03100	105.48	115.20	61.39	64.69	112.41	91.36	91.65	77.54	101.43	82.70	86.71	75.90	86.00	78.64	79.38	86.78	134.42	115.22	112.91	107.88	82.95	87.81	114.65	89.30	91.73	115.38	77.66	92.02	80.62	28.98	61.23	115.44	124.15	99.31	87.91	85.35	90.28	87.20	71.16	97.56	113.73	110.68	80.03	63.60	101.38	96.05	82.46	139.56
QG37_03101	119.70	121.66	72.96	84.01	114.61	104.37	112.01	117.62	96.64	113.88	88.93	93.28	95.78	115.80	98.96	112.65	153.99	154.02	100.62	111.01	123.25	105.66	123.47	92.89	111.34	139.63	112.39	111.01	116.00	31.76	82.98	125.02	0.00	88.87	78.84	61.25	81.74	85.52	68.65	60.33	92.88	84.51	54.40	14.20	34.40	31.48	20.40	42.24
QG37_03102	260.98	285.82	153.63	143.70	244.60	210.84	262.78	253.89	142.48	226.51	208.25	220.54	228.61	222.36	229.21	238.62	274.84	304.22	284.61	255.17	234.93	259.11	285.43	202.51	254.47	299.57	210.82	287.42	224.43	63.03	154.28	258.67	12.18	144.98	133.68	109.24	143.84	123.67	111.52	141.07	163.71	141.87	110.30	114.55	133.09	168.81	143.11	204.70
QG37_03103	257.36	292.91	157.26	142.28	248.32	240.40	254.92	241.46	185.50	246.77	198.60	209.42	215.44	201.17	205.17	246.95	289.71	348.66	264.27	261.98	259.25	273.27	306.32	216.29	282.72	317.86	203.97	310.90	240.53	54.61	157.80	274.27	29.02	222.05	199.08	182.65	208.74	156.17	182.21	185.14	264.68	215.23	167.72	199.28	257.21	259.44	210.44	349.45
QG37_03104	255.97	310.18	154.87	138.78	255.37	234.40	230.15	255.79	154.75	268.12	220.41	236.40	221.70	197.48	229.16	247.26	304.22	345.95	321.53	256.05	250.33	267.59	277.61	228.46	305.49	326.94	249.87	288.27	273.98	86.79	157.51	280.10	39.68	177.17	164.79	146.19	172.64	191.47	152.85	179.67	209.13	196.31	130.09	45.38	68.49	71.37	57.28	92.41
QG37_03105	256.98	320.40	174.20	178.76	274.90	264.68	244.18	255.52	133.64	289.81	217.77	240.32	222.33	227.71	273.95	252.61	282.23	352.45	323.27	302.77	261.05	281.84	328.33	219.82	283.43	323.09	218.48	325.55	229.12	61.10	158.62	270.33	6.49	163.20	168.30	151.70	157.63	173.96	166.23	184.70	193.39	199.38	163.76	42.33	71.00	75.06	62.36	80.98
QG37_03106	432.53	768.12	416.29	478.53	725.82	778.08	676.58	769.56	510.57	609.56	648.48	532.38	575.21	770.69	705.25	916.87	876.77	929.71	848.94	664.38	865.92	848.88	1076.49	721.37	730.36	905.84	635.75	656.68	681.94	187.65	486.43	653.13	681.40	604.13	536.48	511.90	602.78	677.93	457.43	876.06	667.04	466.07	639.62	398.73	413.58	403.23	386.94	458.02
QG37_03107	547.57	1065.52	571.83	747.62	1009.12	941.49	1011.31	975.18	941.04	809.31	815.61	779.06	767.47	1119.42	997.71	1165.85	1201.47	1389.29	1275.73	977.39	977.48	1031.36	1377.57	937.10	1031.29	1082.68	850.05	902.62	809.27	260.93	647.54	995.12	922.33	974.74	808.27	765.74	861.95	862.55	638.82	1183.23	1021.51	992.56	922.62	776.29	949.26	847.95	875.60	1062.54
QG37_03108	570.25	1118.75	525.33	800.26	1023.87	1092.37	1012.41	1158.83	272.40	902.90	868.72	698.33	798.37	1187.28	1139.41	1455.67	1384.92	1451.34	1387.76	929.72	442.22	411.89	1617.76	1111.80	1119.58	1271.34	913.30	1093.83	953.74	306.20	754.01	1051.11	197.96	932.44	769.25	822.44	909.89	894.07	620.48	1226.42	1031.24	889.04	913.77	722.68	918.08	795.67	811.37	987.81
QG37_03109	86.66	76.88	52.01	60.92	71.17	92.69	84.26	94.26	138.84	77.33	59.73	58.76	64.22	75.73	93.64	92.08	86.48	120.07	116.26	72.75	100.85	91.25	111.76	83.22	95.45	102.72	82.90	81.70	74.97	15.44	42.27	151.90	0.00	0.28	0.55	0.00	0.28	0.00	0.28	0.28	1.92	0.82	33.62	22.70	18.87	24.25	21.67	40.58
QG37_03110	353.57	640.97	268.04	551.26	668.20	613.74	338.97	722.37	1624.48	553.58	522.94	284.57	399.17	687.27	629.08	796.79	748.35	1195.08	978.80	537.43	570.49	556.81	919.04	658.69	765.20	911.75	505.02	590.37	575.23	163.72	427.23	878.13	984.90	939.04	736.97	756.05	841.25	740.15	675.57	1042.61	1036.72	846.37	895.22	400.97	492.26	484.88	474.66	566.03
QG37_03111	115.17	261.67	119.84	237.36	278.07	278.01	140.01	290.02	497.45	230.35	222.53	114.72	178.93	294.47	261.79	335.34	340.66	490.55	411.49	230.28	234.68	228.81	378.86	278.76	268.09	303.02	201.18	242.32	244.31	69.53	177.42	346.93	137.80	267.40	225.57	213.08	235.67	186.52	169.58	290.27	287.34	255.63	289.90	137.61	160.36	173.85	163.64	199.34
