GENE	CDC_B11096	CDC_B11097	CDC_B11098	CDC_B11099	CDC_B11101	CDC_B11102	CDC_B11103	CDC_B11105	CDC_B11112	CDC_B11113	CDC_B11114	CDC_B11115	CDC_B11116	CDC_B11117	CDC_B11118	CDC_B11119	CDC_B11200	CDC_B11201	CDC_B11205	CDC_B11206	CDC_B11207	CDC_B11208	CDC_B11209	CDC_B11210	CDC_B11212	CDC_B11213	CDC_B11214	CDC_B11215	CDC_B11216	CDC_B11217	CDC_B11218	CDC_B11219	CDC_B11220	CDC_B11221	CDC_B11222	CDC_B11223	CDC_B11224	CDC_B11225	CDC_B11226	CDC_B11227	CDC_B11228	CDC_B11229	CDC_B11230	CDC_B11243	CDC_B11244	CDC_B11245	CDC_B11246	CDC_B11247
QG37_07934	1.0522	1.0222	1.1638	0.9776	0.8349	0.9702	0.9135	1.0595	0.8398	0.9111	1.1698	1.1504	0.9991	0.9812	1.0350	0.9090	0.9440	1.0039	1.0118	1.1918	1.0319	0.9720	0.9512	0.9315	0.9042	1.0691	1.1575	1.2062	1.0047	1.1143	0.8958	1.0169	1.0708	1.0736	0.9487	1.0423	1.0366	0.9133	1.1243	0.9332	1.0761	0.9346	0.8213	1.0292	1.0278	1.0258	1.0577	1.1502
QG37_07935	0.9475	0.9192	0.8711	0.9787	0.9506	1.0043	0.9449	1.0076	0.9100	0.8732	0.9781	1.0471	1.0251	0.8072	1.0273	1.0434	0.8723	0.7841	0.7802	0.9938	0.8853	0.8171	0.9032	0.8808	0.9097	0.9574	0.8640	0.9741	0.9599	0.8348	0.8304	0.8691	1.0769	1.1869	0.9301	0.9361	1.0653	1.0153	0.9921	0.9543	0.9847	1.0032	0.9220	0.9945	0.9610	0.8515	0.8978	1.0297
QG37_07936	1.0124	1.0529	1.0313	0.8921	0.9774	1.0958	1.0594	0.9854	1.0514	0.9805	0.9431	1.1698	0.8783	0.8894	1.0229	0.8014	1.0585	0.8541	0.9250	0.9379	0.9764	0.9102	0.8512	0.9837	1.0335	0.9546	0.9644	0.9332	1.1012	0.9867	1.0760	0.9900	0.9186	1.2116	1.0466	1.1346	1.1956	0.8821	1.0226	0.9967	0.9474	1.0749	0.8504	0.7373	0.8463	0.6573	0.7340	0.8553
QG37_07937	1.1110	1.1200	1.1548	1.0137	1.0447	1.1517	1.1238	1.0065	1.0577	1.0375	1.0452	1.1065	1.1567	1.0361	1.0916	1.0952	1.0583	1.1275	1.0178	1.1834	1.1014	1.0529	1.0463	1.0637	1.0686	1.0830	1.1253	1.0623	1.1114	1.2025	1.0944	0.9706	1.1843	1.0538	1.1336	1.1151	1.0635	1.1608	1.1227	1.1184	1.1432	1.0678	1.0370	1.0886	1.0420	1.1434	1.0993	1.1301
QG37_07938	1.0980	1.0573	1.0357	0.9374	1.0479	1.0317	0.9946	0.9966	1.0383	0.9775	0.9159	1.0310	0.9790	1.0408	0.9482	0.9620	0.9850	1.0764	1.0100	0.9884	1.0206	1.0197	1.0362	1.0655	1.0206	1.0466	1.0064	0.9822	0.9688	0.9991	1.0095	1.0570	1.0554	1.0567	0.9964	0.9766	1.0419	0.9313	1.0115	1.0214	1.1376	1.0402	1.0463	1.0372	1.0657	0.9441	1.0824	1.0285
QG37_07939	1.0500	0.9558	1.0415	1.0937	0.9560	1.0388	1.1401	0.9953	1.0215	0.9226	0.9515	1.0419	1.0544	1.1335	1.0346	0.9967	0.9058	1.0490	1.0678	1.0547	0.9712	1.0343	1.0226	1.0920	0.9585	1.1289	1.0217	0.8828	1.0035	1.1070	1.0639	1.1177	0.9819	1.1615	1.0798	1.0221	1.0810	1.0445	1.1232	1.0574	1.0872	1.0425	1.0528	1.0674	1.2074	1.0536	1.0563	1.1166
QG37_07940	1.0801	0.9828	1.2477	0.9699	1.0486	1.0475	0.9965	0.9552	1.0589	1.1256	1.0349	0.9713	1.0431	0.8743	1.0523	1.1821	0.9387	0.9869	0.9973	1.1005	1.0780	1.0532	0.9989	0.8831	0.9288	0.8373	0.9895	1.0720	1.1397	1.0503	1.1787	1.0142	1.1547	1.1286	1.0446	1.0651	1.1688	0.9656	1.3190	1.0651	1.0497	1.0730	1.1469	0.9754	1.1219	0.9436	1.1080	0.9436
QG37_07941	1.0294	0.9160	0.9799	0.9175	0.9444	0.9979	0.9246	0.9442	0.9522	1.0266	0.9586	0.9522	0.9720	0.9477	0.9176	0.9474	0.9419	0.9387	0.9376	0.9861	0.9416	0.9389	0.9058	0.8913	0.9785	0.9157	0.9713	0.9617	0.9194	1.1482	1.0625	0.9450	0.8787	0.9546	0.9349	0.9520	0.9848	0.9616	0.9418	0.9069	0.9725	0.9122	0.9647	0.9038	1.0068	0.9483	0.9740	0.9876
QG37_07942	1.1347	1.0876	1.0575	0.9710	1.0585	1.1084	1.0769	1.0779	1.0568	1.1170	1.0681	1.0664	1.0551	1.0135	0.9152	0.9939	0.9690	1.0193	1.0009	1.0627	1.0368	1.0060	0.9905	1.0751	1.0649	1.0387	1.0537	1.0430	1.0799	0.9955	1.0329	0.9931	1.0901	1.0488	0.9844	1.0173	1.0376	0.9854	1.0512	1.0116	1.0328	1.0211	0.9925	1.0647	1.0143	1.0178	1.0386	0.9778
QG37_07943	1.2877	1.2227	1.3331	0.8749	1.1488	1.1276	1.0334	0.9619	1.0398	1.1216	1.1084	1.1261	1.0888	1.0542	0.8879	0.8724	1.0430	0.9843	0.9314	1.0423	1.0313	1.0856	0.9065	0.9585	1.0084	0.9772	1.0543	1.0942	1.1761	0.9648	1.0347	0.9549	1.0872	1.0307	0.9124	1.0172	0.9088	0.9468	0.8626	0.8849	0.8566	0.9598	0.9691	0.6629	0.8621	0.8372	0.9143	0.8221
QG37_07944	0.8778	0.5941	0.5101	0.4502	0.6266	0.6388	0.5140	0.5795	0.4069	0.5997	0.6473	0.6059	0.6563	0.5206	0.4311	0.4956	0.5266	0.4058	0.4802	0.5369	0.3938	0.3843	0.4120	0.7158	0.5396	0.5864	0.5142	0.4818	0.6053	0.6875	0.6382	0.4441	0.5727	0.5911	0.5835	0.4255	0.5572	0.4610	0.5576	0.4865	0.3528	0.6426	0.5720	0.7297	0.7006	0.6804	0.7569	0.7608
QG37_07945	1.2006	0.9462	1.0176	0.7686	1.0185	1.0632	0.9601	1.1626	0.9851	0.9647	0.8622	0.8494	1.0012	0.9330	0.7129	1.1071	0.9214	0.9460	1.0518	0.9790	1.0221	1.0199	0.7615	0.7882	1.0137	0.9751	1.0812	0.9988	1.1164	1.2058	0.9707	0.8654	1.0490	0.9679	0.9964	1.0451	0.8948	1.0577	0.9858	0.8492	0.8913	0.9429	0.8003	0.8660	0.9292	0.8019	0.8561	0.9634
QG37_07946	1.1271	1.0160	1.1502	0.9033	1.0306	1.0925	1.1461	1.0515	1.0134	1.0594	1.0506	0.9740	1.0927	1.0014	0.9077	1.1306	0.9717	0.9968	0.9389	1.0551	1.1214	1.0915	0.9933	0.9514	1.0029	0.9313	0.9416	0.9761	1.0405	0.9370	0.8914	0.9693	1.0117	0.9857	0.9658	1.0393	1.0418	1.0203	1.0841	0.9817	1.0326	1.0026	0.9502	0.9818	0.9485	0.9342	0.9268	0.9467
QG37_07947	1.0560	1.0817	1.0488	0.8716	0.9819	0.9603	1.1007	0.9688	0.9301	0.9017	0.9878	0.9313	1.0549	0.9159	0.9241	0.9881	0.9694	0.9223	0.9045	1.1006	1.0574	0.9910	0.9856	0.8260	0.9380	0.9882	1.0536	0.8928	0.9469	0.7848	0.8799	0.9402	0.9626	0.8847	0.9221	1.0847	1.0544	0.9816	0.9211	0.9777	0.9517	0.9278	0.8979	0.9304	0.9658	0.9121	0.8745	0.9683
QG37_07948	1.2562	1.0784	1.1554	0.9087	1.2920	1.1894	1.0738	0.9637	0.9640	1.0115	1.0212	1.1256	0.9253	1.0923	0.9603	1.0607	1.0286	1.1010	0.8966	1.0871	1.1508	1.1409	1.0650	0.9869	1.0337	1.0679	1.1415	1.0412	0.8602	0.8415	1.0604	1.0257	1.0688	0.8349	1.0401	0.8496	1.1807	1.0019	0.8938	0.9944	1.0958	1.0118	1.1363	1.0953	0.9046	1.0573	0.8256	0.9145
QG37_07949	1.1262	1.0526	1.0718	1.0528	1.1140	1.1447	1.1087	1.0524	1.0396	1.0206	1.0722	1.0088	1.1607	1.0272	1.0243	1.0162	0.9957	0.9972	1.0437	1.1090	1.0266	1.0105	0.9841	0.9759	0.9939	1.0057	0.9531	1.0184	0.9837	1.0497	0.8962	0.9866	1.0513	0.9947	1.0157	0.9655	1.0162	0.9610	1.0648	0.9806	1.1353	1.0195	0.9760	1.0540	1.0882	1.0362	1.0232	0.9980
QG37_07950	1.2157	1.0145	1.0284	0.9735	1.0702	1.0505	1.0163	1.0611	1.0255	0.9754	1.1110	1.0187	0.9482	1.0155	0.9626	1.0345	1.0476	1.0947	1.0514	1.0174	1.0881	0.9213	0.9721	1.0193	1.0555	1.0203	1.0135	1.0247	0.9491	0.9521	1.0001	0.9497	1.0329	0.9763	1.0391	1.0912	1.0389	0.9824	0.9828	1.0359	1.0289	0.9206	0.9876	0.9909	0.9876	0.9635	1.0884	0.9595
QG37_07951	0.7300	0.4583	0.6105	0.4939	0.5287	0.5155	0.5654	0.6150	0.5051	0.6166	0.4890	0.5159	0.4773	0.5595	0.6153	0.4999	0.4808	0.4405	0.4569	0.5047	0.5076	0.5401	0.4948	0.4965	0.5196	0.4837	0.5078	0.4647	0.3929	0.6238	0.3983	0.4836	0.5394	0.4463	0.4779	0.4232	0.3828	0.4707	0.5264	0.5831	0.5013	0.4305	0.4785	0.5536	0.4680	0.3795	0.5121	0.4790
QG37_07952	1.0253	0.9744	1.0800	0.9945	1.0291	1.0390	1.0067	1.0086	1.0276	1.0526	1.0246	1.0253	0.9284	0.9789	0.9783	1.0271	0.9788	0.9697	0.9822	1.0310	0.9630	0.9769	0.9915	0.9029	0.9332	0.9270	1.0347	1.0026	0.9355	1.0652	0.9850	1.0691	0.9837	1.0295	1.0434	0.9648	0.9493	0.9582	1.0195	1.0148	0.9676	0.9591	0.8327	0.9861	0.9445	1.0417	1.0075	0.9252
QG37_07953	1.1413	1.0074	1.0522	1.0994	0.9934	1.1679	1.2269	1.1343	1.1346	1.0785	1.0068	1.0693	1.0881	0.9615	1.0867	1.1279	1.0210	0.9765	1.0332	1.1381	1.0454	1.1195	1.0483	1.0265	1.1863	1.0279	1.0740	1.1120	1.2090	0.9339	1.2332	1.0980	1.1573	0.9940	1.0027	1.0395	1.0865	0.9758	1.1447	1.0699	1.0772	1.1746	1.1172	0.9289	1.0236	1.1017	1.2299	0.9806
QG37_07954	0.9047	0.8118	0.8408	0.8916	0.8606	0.8515	1.0123	0.9120	0.9221	0.9013	0.8911	0.8578	0.9335	0.9277	0.9225	0.7942	0.8530	0.9349	0.8540	0.9279	0.8256	0.9081	0.8684	0.7778	0.9191	0.8882	0.8358	0.8823	0.8329	0.7242	0.8987	0.9886	0.8281	0.9297	0.8651	0.9127	0.7872	0.8398	0.9218	0.9146	0.9738	0.9176	0.8948	0.8571	0.8501	1.0183	0.9390	0.8416
QG37_07955	0.9029	0.7310	0.5194	0.6810	0.6274	0.7530	0.7750	0.6852	0.6824	0.5458	0.6528	0.6202	0.7779	0.7762	0.7020	0.8163	0.6060	0.8034	0.6877	0.7051	0.7632	0.7682	0.7038	0.6354	0.7118	0.7231	0.7223	0.5378	0.6178	0.5684	0.6571	0.6468	0.6704	0.7961	0.7231	0.7124	0.6730	0.6796	0.7001	0.5772	0.7938	0.6590	0.8283	0.6697	0.8176	0.8145	0.7238	0.7175
QG37_08482	0.8275	0.9938	1.1018	0.8664	1.0433	0.9878	1.0242	1.1928	0.8853	1.0134	0.9413	0.9198	0.9591	0.9222	0.9679	0.9657	1.0319	0.8533	0.9568	0.9123	1.0610	0.9817	0.8487	1.0252	0.9156	0.7557	0.8433	0.8880	0.9667	1.0606	0.8696	0.9002	1.0236	1.0858	0.9252	0.9809	0.9086	0.9113	0.8076	0.9890	0.7762	0.7098	0.8415	0.9439	1.0500	0.9591	0.9493	0.9681
QG37_07956	0.8992	0.9372	0.8665	0.8355	0.8888	0.8234	0.8539	0.8757	0.8207	0.8862	0.9251	0.8241	0.9060	0.9395	0.9200	0.8878	0.8377	0.9225	0.8781	0.8651	0.9103	0.8185	0.8281	0.8935	0.9083	0.7645	0.9268	0.8948	0.7705	0.7999	0.8913	0.8336	0.8162	0.8516	0.8792	0.8777	0.8427	0.8499	0.9050	0.8309	1.0251	0.9201	0.8674	0.9668	0.7921	0.9273	0.7815	0.9021
QG37_07957	1.0330	0.9227	1.0922	0.8795	0.9040	0.9615	1.0114	0.9300	0.9836	0.9715	0.9655	0.9439	0.9386	0.8706	0.9508	0.9813	0.9590	0.9729	0.9691	0.9598	0.9677	0.8959	0.9379	1.0123	0.9648	1.0005	0.9650	0.9483	0.9339	0.8963	0.9325	0.9419	0.9393	0.9348	0.9963	0.9928	0.8445	0.9523	1.0824	0.9048	0.9233	0.9031	0.8502	0.9195	0.8928	1.0198	0.9611	0.9030
QG37_07958	0.9074	0.9681	0.9583	0.9643	0.8817	1.0266	1.0020	0.9760	1.0184	0.9459	0.9504	0.9422	0.9210	1.0502	0.9850	0.9327	0.9501	0.9839	0.9881	1.0160	1.0011	0.9183	1.0338	0.9715	0.9838	0.9327	0.9920	0.9737	0.9543	0.8791	0.9503	0.8827	0.9961	1.0075	0.9079	0.9660	0.9385	0.9475	1.0387	0.9897	0.9847	1.0224	0.8530	0.9803	0.9719	1.0160	0.9488	0.9961
QG37_07959	0.9895	0.6710	0.8278	0.7089	0.6485	0.6286	0.6311	0.5539	0.7677	0.6937	0.5624	0.6045	0.7411	0.6294	0.5029	0.7862	0.6871	0.5366	0.6639	0.6648	0.5089	0.7690	0.6837	0.5618	0.6651	0.6473	0.5849	0.6548	0.6051	0.8381	0.4841	0.6217	0.9414	0.7481	0.7115	0.7137	0.6189	0.6880	0.8040	0.7394	0.6421	0.5905	0.5425	0.7468	0.7272	0.6926	0.9248	0.8352
QG37_07960	1.0127	0.9884	0.9884	0.8748	0.9526	0.9437	0.9917	0.9082	0.9509	0.9509	1.0317	0.9079	0.8659	0.9049	0.9703	0.9547	0.8494	0.9672	0.9437	0.9030	0.9240	0.9277	0.9432	0.9733	0.9072	0.9952	0.9310	0.8802	0.8287	0.8851	0.8566	0.9204	0.9250	0.9425	0.9190	0.9237	0.8874	0.9011	0.9361	0.9269	0.9914	1.0713	0.8493	0.8571	0.9078	0.9644	0.9569	0.8915
QG37_07961	1.0105	0.8757	0.8179	0.8461	0.8248	0.8565	0.8886	0.8744	0.8110	0.8200	0.7956	0.8531	0.8372	0.8745	0.8442	0.8967	0.7980	0.8374	0.9033	0.8001	0.9264	0.8757	0.8785	0.8632	0.8811	0.7780	0.8824	0.8444	0.8075	0.8412	0.9433	0.8523	0.9212	0.8645	0.8782	0.8581	0.8569	0.8762	0.9259	0.8327	0.8942	0.8572	0.8269	1.0436	0.8398	0.9189	0.8808	0.9194
QG37_07962	0.9899	1.0353	0.9782	0.9143	0.9544	0.9234	0.9128	1.0152	1.0387	0.9202	0.9478	0.8425	0.9689	1.0036	0.9817	1.0447	1.1044	0.9263	0.9307	1.0224	0.8597	1.0069	0.9860	0.9765	0.8253	0.9225	0.8782	0.9757	0.9587	0.8612	0.8239	0.8600	0.9896	0.9363	1.0137	0.9315	0.9271	0.8389	0.9761	0.9864	1.0221	0.9498	0.8938	1.0287	0.9188	1.0223	0.9317	1.0703
QG37_07963	0.9215	0.9247	0.9880	0.8290	0.9759	0.9374	1.1303	0.8507	0.9593	0.9538	0.9896	0.9133	1.0031	0.9612	0.9332	0.9814	1.0567	1.0529	0.9354	0.9632	1.0499	1.0749	0.9871	0.9360	0.9474	0.8610	0.9095	0.9857	0.9676	0.9288	0.8846	0.9587	1.0115	0.9863	0.9592	0.9853	1.1056	1.0473	0.9169	0.9813	1.0066	0.9844	0.9201	1.0561	0.9058	0.8353	1.0298	1.0055
QG37_07964	0.8395	0.7962	0.7125	0.9172	0.7989	0.7760	0.7285	0.8418	0.9111	0.6636	0.8065	0.7399	0.7910	0.8665	0.8636	0.6862	0.7598	0.6341	0.7590	0.7300	0.9146	0.8327	0.8209	0.7665	0.7503	0.7988	0.7249	0.6583	0.9005	0.7581	0.7542	0.7048	0.9319	0.7723	0.6893	0.6717	0.7485	0.6992	0.7905	0.6832	0.6686	0.7230	0.6597	0.6033	0.7253	0.8219	0.7322	0.8348
QG37_07965	0.8509	0.7538	0.7083	0.7265	0.8161	0.8063	0.8591	0.8365	0.8572	0.7466	0.7603	0.9301	0.7454	0.8188	0.8078	0.6889	0.8005	0.6830	0.8980	0.7802	0.8498	0.8510	0.7391	0.6395	0.6356	0.8733	0.7428	0.7279	0.8139	0.8284	0.8196	0.7123	0.8267	0.6650	0.6147	0.4790	0.7258	0.6340	0.6534	0.6514	0.5664	0.5475	0.6490	0.5986	0.5498	0.6429	0.6816	0.7796
QG37_07966	0.9872	0.7237	0.6862	0.7195	0.8450	0.8286	0.7930	0.7934	0.8472	0.7248	0.7742	0.9417	0.9300	0.7341	0.7817	0.7416	0.8595	0.7651	0.8984	0.7913	0.8197	0.8637	0.8691	0.6958	0.7340	0.8036	0.7870	0.7077	0.9291	0.8327	0.8299	0.8281	0.8207	0.7635	0.7067	0.5913	0.8432	0.7317	0.7904	0.7462	0.6219	0.5804	0.7048	0.7809	0.6605	0.8766	0.6756	0.8131
QG37_07967	0.8588	0.8682	0.8694	0.8638	0.8687	0.9712	1.0165	0.9815	0.9075	0.7369	0.9562	0.8824	0.9831	0.8671	0.9156	0.8732	0.8492	0.8203	0.9752	0.9428	0.9381	0.8435	0.8316	0.8586	0.9148	0.8739	0.8160	0.8786	0.8703	0.7969	0.7901	0.8311	0.9870	0.8978	0.8747	0.9006	0.8982	0.9221	0.8041	0.9310	0.9709	0.8360	0.8800	0.9052	0.8694	0.9488	0.9346	0.8768
QG37_07968	1.1194	0.8682	0.9677	0.8483	0.9387	0.8364	0.8480	0.8977	0.8883	0.9116	0.9490	0.8735	0.8430	0.8781	0.9022	0.7683	0.7523	0.8683	0.8613	0.9137	1.0539	0.9491	0.8168	0.9432	0.9384	0.9940	0.8888	0.9053	0.8668	1.0864	0.7572	0.8124	0.8170	0.7967	0.8693	0.8442	0.8033	0.7863	0.9948	0.8698	0.7777	0.9383	0.7961	0.9242	0.8141	0.8181	0.8379	0.7380
QG37_07969	0.7899	0.7394	0.8569	0.8044	0.8319	0.7624	0.8641	0.9055	0.8187	0.7686	0.8027	0.7430	0.8196	0.8634	0.8132	0.9415	0.7710	0.8184	0.7995	0.8739	0.9781	0.8978	0.9053	0.8269	0.8491	0.8365	0.8104	0.8913	0.7978	0.8572	0.8351	0.8617	0.8923	0.8837	0.8131	0.7924	0.8562	0.9682	0.9198	0.8007	0.9174	0.8927	0.7284	0.9576	0.8397	0.8796	0.9155	0.8235
QG37_07970	0.7991	0.6802	0.9279	0.7500	0.7840	0.8460	0.9778	0.8270	0.8471	0.6867	0.8447	0.7497	0.7797	0.9262	0.8525	0.9334	0.8015	0.6734	0.8991	0.9364	0.8095	0.8491	0.8181	0.6938	0.7647	0.8195	0.7666	0.8179	0.9501	0.9127	0.8150	0.6968	0.9894	0.9683	0.7906	0.5860	0.8694	0.8729	0.9427	0.9158	0.7817	0.9140	0.7672	0.9250	0.7799	0.8350	0.8413	0.8505
QG37_07971	0.9013	0.9226	0.8461	0.7449	0.9206	0.8757	0.8875	0.9916	1.0444	0.8602	0.9979	0.8730	0.9842	0.8890	0.9285	0.9664	0.8937	0.9301	0.9512	1.0809	1.0152	0.8445	0.9811	1.1073	0.9610	0.8995	0.9164	0.8823	0.8556	0.7563	0.9567	0.8475	0.9337	0.9960	0.9960	0.9663	1.0551	0.8996	0.9555	0.8592	0.9896	0.8663	0.8888	0.9508	0.8691	0.9038	1.0327	0.9961
QG37_07972	0.9369	0.8544	0.8292	0.9430	0.7670	0.8661	0.9288	0.7404	0.9799	0.8823	1.0057	0.9113	0.8560	0.9810	0.8661	0.8596	0.8200	0.9782	0.8812	0.9588	0.9474	0.8402	0.8992	1.0470	0.9916	0.7810	1.1762	0.9257	0.9028	0.7802	0.9426	0.8502	0.8559	0.8993	0.7879	1.0657	1.0290	0.9762	0.9412	0.9329	0.9777	0.8751	0.9322	0.7606	0.5134	0.5890	0.4942	0.5921
QG37_07973	0.8763	0.8377	0.8185	0.8421	0.7629	0.7842	0.8202	0.9165	0.8366	0.8076	0.9255	0.7825	0.9380	0.8783	0.8369	0.8627	0.7996	0.8111	0.8268	0.8483	0.8874	0.8759	0.7315	0.8214	0.8443	0.7194	0.9391	0.8165	0.8529	0.7357	0.8411	0.7844	0.8551	0.9088	0.8341	0.9229	0.8953	0.8699	0.9646	0.9240	0.9369	0.9271	0.9000	0.8529	0.8773	0.8553	0.7038	0.8529
QG37_07974	0.6498	0.8968	0.5252	0.7593	0.7394	0.7178	0.7320	0.6786	0.9049	0.7087	0.7628	0.8065	0.7900	0.7779	0.7223	0.7870	0.6207	0.6662	0.6472	0.6951	0.7272	0.7968	0.7237	0.8231	0.7823	0.7305	0.7084	0.6221	0.5887	0.5729	0.7026	0.6979	0.6776	0.8006	0.9046	0.8497	0.9148	0.7798	0.7365	0.7170	0.7609	0.7227	0.6621	0.8537	0.7589	0.8538	0.8581	0.7293
QG37_07975	1.1096	0.8853	0.8946	0.6677	1.0067	0.9591	0.8702	0.9108	0.8852	0.8530	0.8081	0.8047	0.8709	0.9135	0.8878	0.8613	0.9114	0.8047	0.8769	0.8254	0.9287	0.8589	0.8195	0.8891	0.9151	0.8160	0.9827	0.8799	0.7295	0.8603	0.7682	0.7315	0.8940	0.9303	0.9161	0.9808	0.9101	1.0066	0.8211	0.9012	1.0171	0.9907	0.8373	0.8501	0.7821	0.8056	0.6544	0.8472
QG37_07976	0.8298	0.7783	0.8930	0.7766	0.7582	0.7956	0.8516	0.8689	0.7627	0.6953	0.8000	0.7497	0.7352	0.7712	0.7031	0.7471	0.8035	0.9244	0.8153	0.8309	0.6231	0.7465	0.7786	0.8002	0.6704	0.8319	0.7012	0.6976	0.7547	1.0164	0.6408	0.6752	0.7274	0.8113	0.7650	0.7074	0.8364	0.8030	0.7796	0.8350	0.8897	0.7548	0.7639	0.9057	0.8249	0.7225	0.7937	0.7880
QG37_07977	0.8083	0.7435	0.6902	0.6650	0.7230	0.7143	0.6811	0.8485	0.8105	0.7213	0.7419	0.7719	0.7160	0.8026	0.8753	0.8347	0.8099	0.6115	0.7124	0.8266	0.7690	0.8141	0.7913	0.9033	0.6427	0.7278	0.8073	0.7290	0.6642	0.8478	0.6677	0.6610	0.7816	0.9564	0.8577	0.7750	0.9818	0.9299	0.8287	0.7949	0.8005	0.6824	0.8457	0.8045	0.9034	0.9703	0.8338	0.7325
QG37_08483	1.0370	1.2125	0.9660	0.9766	1.2614	1.0552	0.8968	1.0350	1.1504	1.1741	1.0447	1.2494	1.3801	1.0791	1.0094	1.1220	1.0431	1.0041	1.1345	1.1235	1.0749	1.2213	1.1530	1.0288	1.0914	1.1321	1.0070	1.2882	1.1051	1.2025	1.0806	0.9156	1.2692	1.0714	1.2467	1.1094	1.2221	1.0152	0.9532	1.1986	1.0951	1.1292	1.1378	0.8956	1.1781	1.0813	0.9643	1.0148
QG37_07978	1.0930	1.0238	1.0686	0.9211	0.9897	1.0527	1.1192	1.0155	0.9771	1.0335	1.0368	1.0351	1.1429	0.9840	0.9516	1.0256	1.0302	0.9870	1.0393	1.0417	1.0104	0.9994	0.9696	1.0121	1.0495	0.9989	0.9642	0.9541	1.0045	0.8712	0.9851	0.9948	0.9627	1.0323	1.0316	1.0726	1.0553	0.9484	0.9538	0.9478	0.9684	0.9217	0.9330	1.0493	0.9587	1.0358	0.9522	1.0191
QG37_07979	1.0660	0.9468	1.2560	0.8672	0.9596	0.8018	1.1016	0.8845	0.9762	0.8553	1.0001	0.9545	0.9843	0.9934	0.9739	1.0265	0.8895	1.0734	0.9595	0.9037	0.8463	0.8643	0.9826	0.9767	0.8888	0.8984	0.8394	0.9925	1.0354	0.8309	1.0789	0.9181	0.9821	1.0064	0.9936	0.7383	0.8784	0.8781	1.0322	0.7506	0.7973	0.7784	0.8827	0.9075	0.8714	0.7371	0.9729	0.9244
QG37_07980	1.2046	1.1343	0.9983	1.1168	1.0896	0.9519	1.0777	1.0110	1.2584	1.1869	1.1740	1.1286	1.0187	1.1390	1.0612	1.1651	1.0796	1.0169	1.1131	1.0791	1.3532	1.1523	1.0851	1.0692	1.0007	1.1880	1.2585	1.1329	1.1272	1.1919	1.0621	1.0885	1.2607	1.0681	1.0719	1.0878	1.0922	1.1281	1.0271	1.2033	1.2181	1.0719	0.9797	1.1382	1.1698	1.1018	1.1756	1.1752
QG37_07981	0.9156	0.8965	0.8905	0.8844	0.8733	0.8933	0.9425	0.9636	0.9795	0.8370	0.9105	0.9616	0.9059	0.9809	0.9289	0.9556	0.8800	0.9911	0.8561	0.8869	0.9295	0.9134	0.9088	0.9420	0.8557	0.8898	0.8873	0.8779	0.8606	0.8642	0.9395	0.9153	0.9627	0.9860	0.9552	0.8638	0.9065	0.8745	0.9830	0.9151	0.9413	0.9989	0.9053	0.9887	0.9092	0.9434	0.9469	0.9541
QG37_07982	0.8369	0.7692	0.8584	0.8571	0.7622	0.7940	0.8664	0.8560	0.9216	0.8886	0.9297	0.8595	0.8902	0.9193	0.9100	0.9931	0.9074	0.8988	0.9112	1.0133	0.8826	0.8460	0.8974	0.8623	0.9327	0.8900	0.8920	0.8620	0.8321	0.9591	0.8316	0.9290	0.7829	0.9238	0.9248	0.9692	0.9249	0.9752	0.9995	0.9106	0.9228	0.9466	0.8765	0.9763	0.8792	0.9939	1.0051	0.9858
QG37_07983	0.8623	0.7193	0.7069	0.8532	0.8467	0.7952	0.7698	0.7957	0.8345	0.7273	0.8109	0.6983	0.7611	0.7880	0.8158	0.9182	0.8594	0.8066	0.8161	0.7576	0.8420	0.8333	0.7820	0.7165	0.7770	0.7919	0.7916	0.6815	0.7893	0.7596	0.9292	0.6983	0.7894	0.7928	0.9122	0.8039	0.7663	0.8544	0.7704	0.8606	0.8444	0.8064	0.8039	0.9682	0.8291	0.8805	0.8709	0.7932
QG37_07984	0.7774	0.8922	0.9741	0.7414	0.9409	1.1156	0.9253	0.9606	0.9046	0.7050	0.9259	0.8280	0.8636	1.0685	0.8983	1.0405	0.9194	1.0068	0.7910	0.9214	0.8510	0.9467	0.9065	0.8799	0.8985	0.8516	0.7934	0.7295	0.9895	0.8772	0.7271	0.7506	0.8181	0.9456	0.9970	0.8807	0.9358	0.9781	0.7434	0.9166	1.2093	0.7722	0.8240	1.0288	0.8417	0.9417	0.8849	0.7736
QG37_07985	1.0536	1.0590	0.7960	0.9354	0.9504	0.8560	0.9491	1.0612	0.9262	0.8875	1.0073	0.9164	0.9547	1.1223	0.8725	0.8752	0.9879	0.8902	0.9216	0.9066	0.9476	0.8335	0.8356	0.9878	0.8993	0.9210	1.1141	0.9411	1.0020	0.7090	0.8606	0.9245	1.0946	0.9866	0.8804	0.8815	0.8451	0.5999	0.8594	0.9941	0.9533	0.9065	0.9146	1.0306	0.8325	1.0610	1.0859	0.8453
QG37_07986	0.9208	0.9854	0.8901	0.9599	0.8544	0.9335	1.1413	0.8987	0.8320	0.9728	1.0168	0.8357	0.8992	1.0386	0.8747	0.8939	0.9351	0.8881	0.7979	0.9049	0.8804	0.8528	0.8326	0.9779	1.0014	0.8988	0.9899	0.8764	0.9983	0.8521	0.8550	0.9659	1.0843	1.0664	0.9588	0.9718	0.9285	0.8199	0.9785	0.9283	0.9784	0.9564	0.9415	0.9528	0.8922	1.0698	0.9430	0.7953
QG37_07987	0.8383	0.7840	0.7502	0.9310	0.7211	0.8042	0.7793	0.8378	0.7480	0.6465	0.7720	0.6838	0.7810	0.8537	0.7654	0.8518	0.7937	0.7601	0.6924	0.8010	0.8072	0.7848	0.8082	0.8043	0.7836	0.7331	0.7563	0.7494	0.7087	0.6393	0.8199	0.7366	0.6877	0.7934	0.8757	0.8857	0.7989	0.7676	0.8450	0.7866	0.8507	0.7598	0.7613	0.8854	0.7805	0.8157	0.8044	0.7545
QG37_07990	0.8090	0.6765	0.7414	0.7756	0.7399	0.7545	0.6595	0.8592	0.7374	0.6982	0.7450	0.6812	0.7431	0.7582	0.6539	0.8878	0.7777	0.7432	0.7431	0.6820	0.8711	0.6881	0.7815	0.6391	0.7046	0.7065	0.6581	0.6533	0.6161	0.5587	0.6278	0.6850	0.6947	0.6953	0.8240	0.8763	0.6286	0.7765	0.6419	0.7853	0.7801	0.7746	0.6377	0.8004	0.7604	0.7437	0.8135	0.7096
QG37_07991	0.9699	1.0750	1.1268	1.0172	1.1318	1.2007	1.0951	1.1447	1.0517	1.1367	1.0258	1.1340	1.0534	1.1044	1.0022	1.1474	0.7719	1.0000	0.9733	1.1019	1.2098	1.0370	0.9462	0.9043	0.8979	1.0628	1.0079	0.8653	0.9849	0.9033	0.9203	0.9987	1.0133	1.0998	0.9056	0.9129	1.0119	0.9843	0.8849	0.9904	0.9766	0.8596	1.0603	1.1406	1.1279	1.0847	1.1352	1.0827
QG37_07992	0.8767	0.9257	1.0241	0.8543	1.1104	1.1164	1.0345	0.9616	0.9580	1.1121	1.1319	0.9782	0.8978	1.0530	0.9286	0.9030	0.8511	0.9487	0.8856	1.1581	1.0309	1.1124	0.9476	1.1445	0.8941	1.0149	0.9867	0.9542	0.9615	0.8645	1.1658	0.8346	1.0689	1.0880	1.0796	0.9278	1.0925	0.8981	0.9113	1.0944	1.1646	1.0194	1.1181	1.2426	1.0778	1.1077	1.0322	1.3151
QG37_07993	0.8564	0.6893	0.6858	0.6804	0.6843	0.7485	0.8269	0.6785	0.7170	0.6456	0.7351	0.6584	0.6197	0.7301	0.6107	0.6654	0.6805	0.6145	0.7244	0.7230	0.6389	0.8263	0.7299	0.7640	0.7012	0.6197	0.7032	0.6819	0.6356	0.5480	0.6962	0.6396	0.8165	0.7617	0.7106	0.7366	0.8034	0.6519	0.7475	0.8222	0.7756	0.7417	0.7166	1.1132	1.0066	0.8854	1.0299	1.1022
QG37_07994	0.3276	0.6093	0.6045	0.5142	0.5460	0.6154	0.5934	0.5314	0.5834	0.5466	0.5964	0.4936	0.5554	0.5335	0.4148	0.5811	0.4754	0.4909	0.6133	0.6123	0.5674	0.5720	0.5397	0.6173	0.4669	0.5323	0.5490	0.4949	0.5835	0.4353	0.5711	0.5505	0.6269	0.5529	0.5715	0.4664	0.5725	0.5331	0.5425	0.5736	0.5986	0.5250	0.4829	0.8625	0.7516	0.7332	0.6240	0.7608
QG37_07995	0.8052	0.6529	0.7649	0.7430	0.7320	0.8210	0.8713	0.8320	0.9094	0.7608	0.7490	0.7111	0.7260	0.9093	0.9430	0.9026	0.8867	0.8152	0.7945	0.8427	0.8307	0.6851	0.8866	0.8459	0.7872	0.8194	0.6872	0.8133	0.6325	0.7011	0.7515	0.6378	0.7785	0.7903	0.8394	0.7246	0.8572	0.8188	0.7949	0.8654	0.7499	0.6851	0.7800	0.9492	0.7598	0.7755	0.7718	0.6957
QG37_07996	0.9609	0.8708	0.9186	1.1419	1.0422	1.1005	1.1059	1.0773	0.8156	0.8433	0.9287	0.7033	0.8688	0.8072	0.9655	1.0383	0.8950	0.9556	0.7736	0.9605	0.8273	0.9723	0.8304	0.7623	0.9158	0.7482	0.9593	0.8737	0.8096	0.8994	0.7150	0.7660	1.0909	1.0139	0.9061	0.8661	0.8649	1.0005	0.8367	0.9711	0.9946	1.1519	0.9911	0.8711	0.8304	0.6832	0.8698	0.9255
QG37_07997	0.9369	0.9291	0.9353	0.9881	0.9203	0.9190	0.9734	0.8712	0.8639	0.9039	0.9399	0.8841	0.9456	0.9468	0.9300	0.8691	0.9125	0.9132	0.8557	0.9231	0.9417	0.8805	0.8718	0.8381	0.8618	0.9012	0.8735	0.8900	0.8405	0.7714	0.8343	0.8598	0.8963	0.8953	0.9062	1.0146	0.8298	0.9267	0.9433	0.9245	0.9645	0.9020	0.8380	0.9399	0.8961	0.9439	0.8878	0.8935
QG37_07998	0.9075	0.9046	0.8983	0.8852	0.8570	0.8862	0.8761	0.9534	0.9113	0.9193	0.9624	0.8943	0.9506	0.9821	0.7861	0.8710	0.8754	0.8606	0.9086	0.8008	0.9919	0.8836	0.9378	0.9147	0.9335	0.9405	0.8558	0.9771	0.9126	0.8448	0.8321	0.9252	0.9231	0.9343	0.8440	0.9601	0.7857	0.8422	0.9591	0.9322	0.9229	0.8919	0.8808	0.9618	0.8610	0.8552	0.8794	0.8939
QG37_07999	0.8507	0.7714	0.8351	0.8085	0.7481	0.9785	0.8964	0.8596	0.7609	0.7619	0.9413	0.8425	0.7951	0.7627	0.7895	0.9015	0.8704	0.8205	0.7837	0.7755	0.8420	0.8096	0.7733	0.7996	0.8271	0.8045	0.8353	0.8400	0.8433	0.8199	0.8243	0.8198	0.8504	0.8033	0.7804	0.8182	0.8022	0.8422	0.7485	0.7414	0.8343	0.7775	0.7875	0.8028	0.7960	0.8412	0.7566	0.7544
QG37_08000	0.9756	0.9072	0.9515	0.9714	0.9290	0.9172	1.0065	0.9755	0.9024	0.9824	1.0064	0.8982	0.9699	0.9670	0.8817	0.9646	0.9391	0.9668	0.9094	1.0233	0.9528	0.9255	0.8926	0.9225	0.9458	0.8728	0.9232	0.9551	0.9536	0.8860	0.8859	0.8530	0.9090	0.9756	0.9530	0.9040	0.9249	0.9179	0.9550	0.9843	0.9968	0.9544	0.8638	1.0438	0.9059	0.9310	0.9381	0.9237
QG37_08001	0.9382	0.7668	0.7654	0.6275	0.8998	0.7371	0.9636	0.8642	0.9230	0.7696	0.8277	1.0354	0.8658	0.8551	0.7875	0.9564	0.8736	0.8881	0.8791	0.8834	0.7763	0.8123	0.7469	0.7796	0.9014	0.7944	0.7156	0.7508	0.9074	0.7396	0.7190	0.8213	0.9194	0.8522	0.9493	0.7079	0.7590	0.8989	0.7275	0.7805	0.7799	0.7818	0.8021	0.8366	0.8279	0.7208	0.7724	0.8350
QG37_08002	0.9544	1.0924	0.7953	0.8264	0.9581	0.8686	1.0662	1.0341	1.0177	0.9512	0.9385	1.1676	1.0636	0.8153	0.7574	0.9536	0.9439	0.9187	0.8335	0.8035	0.8259	0.9129	0.7665	0.8961	0.9400	0.8060	0.7459	0.9600	0.9127	0.7217	1.0428	0.8508	0.9407	0.8845	0.8848	0.6497	0.8067	0.7535	0.9616	0.9328	0.8989	0.8439	0.7762	0.7758	0.8999	0.8669	0.8446	0.8841
QG37_08003	0.8484	0.8133	0.9174	0.7790	0.8169	0.8886	0.9160	0.8339	0.8023	0.7718	0.8301	0.7528	0.8414	0.8185	0.7866	0.8421	0.8110	0.8055	0.8248	0.8525	0.8217	0.7143	0.7776	0.7703	0.7978	0.7828	0.7613	0.7208	0.7453	0.6860	0.6988	0.7331	0.6826	0.7519	0.7382	0.7301	0.7087	0.8273	0.7548	0.7822	0.8826	0.7729	0.7338	0.8222	0.7769	0.8937	0.8528	0.7704
QG37_08004	1.0346	0.9820	0.9642	0.9652	0.8900	1.0671	0.9777	1.0472	1.0180	1.0334	1.1503	0.8098	1.0070	1.0216	0.7387	0.8453	1.0499	0.9224	0.9169	0.8333	0.8273	0.9511	0.9487	0.8108	0.9526	0.8678	0.8996	0.8304	0.9771	0.9727	0.7939	0.8065	0.8191	0.9357	0.7781	0.9571	0.8202	0.9289	1.0219	0.8889	0.9720	0.7596	0.7699	1.1662	0.9134	0.9003	1.1551	0.9976
QG37_08005	1.1630	1.1028	0.9738	1.1485	1.0962	1.1977	1.0708	1.0330	1.0149	1.0971	1.0141	0.9543	1.1786	1.1020	1.0666	1.1930	1.0500	0.9444	0.9204	0.9600	0.9962	0.9779	0.9874	0.8750	1.1000	0.8696	0.9393	0.9315	1.0934	0.9870	0.9192	1.0130	0.9559	1.0667	0.8650	1.1257	0.8779	1.0650	0.9780	1.0017	1.0225	0.8673	0.8494	1.0241	0.9443	0.9296	1.0729	0.9686
QG37_08006	1.2080	1.1277	1.0402	1.0117	1.0080	1.2177	1.0430	1.1545	1.0273	1.1078	1.2146	1.0436	1.0984	1.0759	1.1093	1.1270	1.1001	0.9024	1.0439	0.9943	1.0302	1.0084	1.0145	1.0765	0.9435	1.0081	1.1550	1.0035	0.9114	0.8824	0.9549	0.9103	1.1084	0.9383	1.0102	0.9913	0.8556	0.9462	1.0960	1.0646	0.9674	0.9464	0.8765	0.8184	0.9311	0.8794	0.8811	0.9249
QG37_08007	1.1644	1.0074	0.9849	0.8174	0.8522	0.9792	0.9849	1.0070	0.8753	0.9052	1.1782	0.8426	0.9669	0.8933	1.0139	0.9781	0.8757	0.9786	0.9165	0.9622	0.9479	0.7296	0.9767	0.8981	0.9364	0.8858	1.0705	0.9826	0.7998	0.6805	0.7173	0.8908	0.9297	0.8196	0.8237	0.9947	0.7347	0.8881	0.9655	0.9776	1.0317	0.9487	0.9099	0.9578	0.9531	0.8115	0.8935	0.8741
QG37_08008	0.9517	0.8123	1.0328	0.9359	0.7951	0.8065	0.9275	0.8929	0.8957	0.9664	0.9034	0.7027	0.8688	0.9948	0.7017	0.8507	0.9438	0.8825	0.8897	0.8882	0.8995	0.7521	0.8611	0.6982	0.8759	0.7920	0.8492	0.9718	0.8061	0.6857	0.8700	0.7336	0.8572	0.6099	0.7478	0.8490	0.7395	0.7601	0.8132	0.7561	0.8884	0.7740	0.7110	0.9779	0.8765	0.8336	0.7607	0.8298
QG37_08009	1.1824	1.0566	0.9888	0.8755	0.8983	1.0055	0.9762	1.0207	1.0248	1.0355	1.0768	0.8993	1.0791	0.9427	0.8345	0.9120	1.0292	0.8482	0.9618	0.9094	0.9928	0.9314	0.8545	0.9302	0.8213	0.9719	1.0160	0.9530	0.9294	0.7430	0.9442	0.9301	1.0701	0.4611	0.4175	0.3820	0.4130	0.4113	0.4653	0.4929	0.5430	0.5289	0.5153	0.8673	0.7829	0.7936	0.7674	0.9044
QG37_08010	0.6607	0.5999	0.5326	0.5556	0.6138	0.5791	0.5356	0.6051	0.5563	0.6175	0.5295	0.4737	0.6289	0.4512	0.4517	0.6169	0.6436	0.6226	0.4512	0.5920	0.5325	0.5863	0.5892	0.5699	0.5322	0.5683	0.4624	0.5839	0.5738	0.5553	0.4906	0.4804	0.7728	0.5606	0.4968	0.5375	0.5719	0.5388	0.5269	0.6584	0.6349	0.4529	0.4665	0.4339	0.4332	0.5859	0.6928	0.5278
QG37_08011	1.3938	1.1107	1.2777	1.1926	1.1472	1.2405	1.2602	1.2948	1.0541	1.2031	1.1273	1.2384	1.0783	1.0925	1.0210	1.2416	1.2507	1.1803	1.1097	1.1455	1.0523	1.2415	1.1859	1.0835	1.1643	1.0850	1.0802	1.2303	1.0287	1.3468	1.0042	1.1852	1.2584	1.0567	1.1276	1.0115	1.1246	1.0165	0.9712	1.0379	1.1221	1.0437	1.0144	1.0479	1.1782	0.9538	1.0158	1.0431
QG37_08012	1.1280	0.9890	0.9453	0.6995	0.9567	0.9077	0.8143	1.0537	0.8390	0.9801	1.0107	0.8483	0.9558	0.7054	0.7953	0.6619	0.7221	0.7775	0.9033	0.7942	0.8230	0.8062	0.6545	0.7837	0.8209	0.7231	0.6546	0.8302	0.8355	0.6672	0.7132	0.8575	1.0073	0.7288	0.7126	0.6121	0.7662	0.6709	0.6518	0.5249	0.7430	0.7165	0.5996	0.8534	0.8247	0.8245	0.7635	0.8437
QG37_08013	0.9371	0.8739	0.8955	0.7786	0.8033	0.8581	0.8798	0.8467	0.7981	0.7754	0.9423	0.7244	0.9107	0.8100	0.7993	0.9317	0.7880	0.7422	0.7567	0.8372	0.8518	0.7871	0.8284	0.7669	0.7679	0.7030	0.8332	0.7590	0.7748	0.6972	0.6791	0.7363	0.7729	0.7941	0.7691	0.8258	0.8824	0.7680	0.7727	0.8435	0.8384	0.8085	0.7469	0.9496	0.7988	0.8714	0.8154	0.7677
QG37_08014	1.2150	0.9920	0.6884	0.7864	0.7712	0.9728	1.0147	0.8387	0.9749	0.8291	1.0473	0.8781	1.0345	0.8770	0.8583	0.9451	0.9812	0.9056	0.8499	0.9154	0.9351	0.8798	0.8759	0.8538	0.9690	0.8440	0.8666	0.8485	0.7645	0.7554	0.8171	0.8120	0.8818	0.8031	0.8129	0.9935	0.8121	0.8363	0.8450	0.8943	0.9728	1.0405	0.8089	1.0561	0.8765	0.7701	0.8669	0.9261
QG37_08015	1.1393	1.0315	0.8193	0.7199	0.7776	0.9697	0.9257	0.8717	0.9026	0.8238	0.9626	0.8063	1.0395	0.9821	0.9278	0.8034	0.9376	0.8751	0.8392	0.8498	0.7738	0.8270	0.8762	0.7484	1.0207	0.8808	0.8466	0.9558	0.9122	0.5411	0.8025	0.9166	0.6969	0.7667	0.9038	0.9516	0.8023	0.9119	0.9751	0.9439	0.9586	0.9154	0.8231	0.9955	0.7570	0.7687	0.8606	0.9318
QG37_08016	1.1312	1.1569	1.1112	1.0506	1.0075	1.1484	1.1076	1.2711	1.1189	1.0489	1.0411	1.0424	1.1642	1.0412	0.9484	1.0537	0.9887	1.0747	1.0327	1.1558	1.0838	1.0323	0.9907	0.8623	0.9866	1.0221	1.0111	0.9214	0.9915	0.9273	1.0529	0.8544	0.9258	1.1674	1.0140	1.1148	1.0633	0.9516	1.1737	1.1122	1.2162	1.1105	1.0554	1.0433	1.0062	1.0025	1.1983	0.9182
QG37_08017	1.0801	1.0219	1.3352	0.8868	1.0446	1.0631	0.9362	1.0611	1.1210	1.2662	1.0764	0.9084	0.9592	1.0732	0.9878	1.1172	1.0879	1.0721	1.0609	1.1530	0.9635	1.0415	1.2014	0.9443	0.9945	1.1781	1.1194	1.0719	0.9982	0.8985	1.0953	0.9581	1.0373	0.9658	1.1818	1.1497	1.1766	1.2403	0.9981	1.1668	1.2515	1.1208	1.1288	0.7973	0.9882	0.9876	1.0575	0.9213
QG37_08018	1.1125	1.0490	1.0102	1.1222	1.2228	1.0036	1.1747	1.0995	1.0227	0.9610	1.1506	0.9826	0.9932	1.1000	1.1083	1.0560	1.0665	0.9709	1.0783	1.1111	0.9830	1.1350	1.0033	0.8860	1.0146	0.9991	1.0623	0.9515	0.9741	1.0121	1.1816	0.9705	1.1171	1.0735	1.0556	0.9067	1.1070	0.9935	1.1172	0.9892	1.3334	1.0184	0.6898	1.1562	1.2303	1.1076	1.1551	1.0165
QG37_08019	1.3517	1.2507	1.2324	0.9950	1.0868	1.0785	0.9877	1.1797	1.0781	1.0050	1.1298	1.0741	0.9750	0.9370	1.0499	1.2546	1.0545	1.1727	1.2559	1.2372	1.0380	1.0935	0.9965	0.9677	1.1408	1.0442	1.0232	0.9614	0.8421	0.8727	1.1183	0.9620	1.0022	1.1731	1.2551	0.9491	1.0028	1.1252	1.0313	1.0929	1.3134	1.0125	0.9249	1.0409	1.0790	1.0740	1.0868	1.0130
QG37_08020	1.1714	1.1055	1.2088	1.0335	1.1195	1.0833	1.0757	1.0499	0.9931	1.0111	1.0239	1.1640	1.0531	0.9674	1.2125	1.2232	1.1297	1.0257	0.9381	0.9156	1.0756	1.0546	0.9544	0.9014	0.9691	1.1616	0.9972	1.1992	1.0497	0.9591	1.1535	1.1635	1.0816	1.1242	1.1074	0.9714	1.0495	0.9663	1.2044	1.0052	1.1321	1.0221	1.0568	1.1340	1.1186	1.0803	1.1238	0.9233
QG37_08021	1.1870	1.1918	1.0316	0.8775	1.0563	0.9602	1.1122	0.9150	0.9728	1.1090	1.0058	1.1673	0.9250	0.8599	1.2508	1.1287	1.0590	0.9277	0.9359	0.9248	0.8340	0.9423	0.8451	0.9729	1.1034	1.1855	0.8259	1.1642	1.1415	0.9739	0.8811	1.0670	0.9533	0.9911	1.0296	0.9510	1.0393	0.9747	1.0546	1.1264	1.0064	0.9513	1.0700	0.8127	0.8263	0.8817	0.8651	0.7173
QG37_08022	1.3184	1.2238	1.2662	0.8680	1.2260	1.0502	1.2491	1.0217	1.0899	1.1167	1.2129	1.1966	1.1488	1.0173	1.3687	1.1409	1.1146	0.9554	0.9891	1.1133	0.9068	1.1354	0.9632	0.9267	1.2348	1.1993	1.0622	1.2402	1.2284	1.1564	0.9465	1.0549	1.0647	1.0293	0.9839	1.0344	1.1617	0.9649	0.9632	1.0280	0.9956	1.0556	0.9851	1.0381	1.0516	0.9745	1.1026	0.8473
QG37_08023	0.9051	0.9383	0.9285	0.8549	0.8348	0.8382	0.8569	0.8759	0.8399	0.8144	0.9695	0.7917	0.9952	0.9125	0.8064	0.8374	0.8527	0.8461	0.8570	0.9363	0.8830	0.8507	0.9601	0.8630	0.8209	0.7012	0.7875	0.8247	0.7024	0.6938	0.9344	0.7640	0.7166	0.8052	0.8220	0.8485	0.9538	0.8181	0.7510	0.8207	0.8669	0.7829	0.7696	0.9200	0.8902	0.9211	0.8569	0.8191
QG37_08024	1.3253	1.0531	1.2077	1.0561	1.1213	1.1256	0.9955	0.9147	1.0672	1.1388	0.9947	1.0215	1.1682	0.9681	1.1266	1.0720	1.0687	0.9816	1.0613	1.0336	0.9687	1.1291	1.1202	0.9782	1.0656	1.1155	0.7616	1.1545	0.9619	0.6617	0.8595	0.9194	1.0847	0.8544	1.1373	1.0125	1.0012	1.0018	0.8163	1.0315	1.0311	0.8269	0.9077	1.0627	1.0307	1.0788	0.9500	1.0508
QG37_08025	1.2547	1.1276	1.1653	1.1733	1.1542	1.1862	0.9848	1.0868	1.0454	1.0220	1.0310	1.2649	1.1891	1.1359	1.0277	1.0139	1.0250	1.0839	1.0416	1.0419	1.0873	1.0117	1.0896	1.1201	1.0140	1.1175	1.2352	1.1044	1.0710	1.1109	0.9235	0.9801	1.1191	1.0455	1.0548	1.1974	1.0578	1.0280	1.0276	0.8832	1.1555	1.0042	1.0526	1.0451	0.9263	1.1702	1.0791	0.8564
QG37_08026	1.1859	0.8243	0.9343	0.7397	0.8093	0.8647	1.0063	0.8019	0.7015	0.7046	0.7776	0.8732	0.9082	0.8930	0.7993	0.8857	0.7689	0.7905	0.8493	0.7535	0.7965	0.6926	0.9790	0.7846	0.7208	0.8417	0.8518	0.8070	0.7359	0.7960	0.9411	0.8047	0.9300	0.8505	0.8489	0.7456	0.8638	0.9729	0.8975	0.9336	0.6459	0.8525	0.6723	0.9727	0.8683	0.8010	0.8531	0.7972
QG37_08027	1.0138	0.7898	0.8042	0.8981	0.9567	1.0461	1.0421	0.7865	0.8644	0.7492	1.0823	0.8500	0.9274	0.8666	0.8708	0.8952	0.9174	0.8951	0.8471	0.9138	0.9467	0.8431	0.9594	0.8313	0.8361	0.8539	0.9389	0.8366	0.8726	0.7805	0.8631	0.8082	0.8970	0.9100	0.8630	0.7773	0.8009	0.9624	1.0120	0.9109	0.8414	0.8592	0.8225	0.9003	0.9209	0.8920	0.8958	0.8500
QG37_08028	1.0397	0.8956	0.8092	0.8119	1.0252	1.0457	0.9233	1.0358	0.9843	0.8882	1.0338	0.9839	0.9271	0.9107	0.9328	0.9250	1.0108	0.8253	0.8926	0.9309	0.8950	0.8801	1.0570	0.6884	0.9413	0.8382	0.9385	0.8391	0.9106	0.7851	0.7892	0.8719	0.8966	0.9107	0.8994	0.8366	0.8806	0.7857	1.0290	0.8981	1.0871	0.9548	0.8280	0.8956	0.8452	0.8379	0.9943	0.8770
QG37_08029	0.9424	0.8309	0.7771	0.8761	0.8712	0.9283	0.9133	0.8797	0.8390	0.8856	0.8310	0.9233	0.8695	0.8822	0.9055	0.8412	0.8307	0.8104	0.8490	0.7692	0.9404	0.8450	0.8082	0.9152	0.8482	0.8449	0.8314	0.8105	0.7261	0.9036	0.7091	0.7465	0.8667	0.8402	0.9629	0.9383	0.8551	0.8422	0.8931	0.8012	0.8145	0.7984	0.8240	0.8401	0.7725	0.8156	0.8238	0.8132
QG37_08030	1.1364	1.1314	1.1470	0.8832	0.9489	0.9451	1.0355	1.1086	0.8987	1.0868	1.1625	0.8447	1.1534	1.0031	0.8832	1.2166	0.8599	0.9943	1.0662	0.9050	0.9595	0.9768	0.9086	0.9798	0.9425	0.8737	0.9204	0.9252	0.9187	1.1219	1.1110	0.9527	0.9964	0.9770	1.0475	1.0012	1.1204	0.9388	0.8732	1.0370	0.9316	0.9674	0.9058	1.1269	1.0197	1.1133	1.0490	0.8738
QG37_08033	1.0228	0.8905	0.7209	0.8286	0.8856	1.0002	0.9413	0.9275	1.0619	1.0010	0.8801	0.9300	0.9491	1.0318	0.8722	1.0360	0.9361	0.9948	0.9615	1.0632	0.9601	0.9102	0.8412	0.8433	1.0164	0.7645	0.9049	0.7829	0.6659	0.7687	0.9391	0.7488	0.8443	0.8971	0.8867	0.8595	0.8470	0.7286	0.9842	0.7224	1.0490	0.7914	0.7800	0.7486	0.8893	0.7991	0.9618	0.9365
QG37_08034	1.0113	0.9876	0.9130	0.9691	0.9424	1.0026	0.9807	1.0284	1.0011	0.9372	0.9935	0.9564	0.9599	0.9774	0.8985	0.9276	0.9511	0.9383	0.9782	1.0007	0.9904	1.0146	0.9315	0.9275	0.9408	0.9478	0.9241	0.9442	0.8871	0.7818	0.8424	0.9459	0.9436	0.9967	0.9715	1.0433	1.0124	0.9451	0.9462	0.9346	0.9801	0.9104	0.9099	0.9393	0.9574	0.9384	0.9624	0.9686
QG37_08035	1.1302	0.9429	0.9458	0.8236	0.9141	0.9799	1.1690	1.1280	1.0365	1.0149	0.9297	0.9273	1.0261	0.9690	0.8617	0.9384	1.0083	1.0090	1.0232	1.1322	0.9002	0.9780	0.8818	0.8883	0.9403	0.9802	0.9032	0.9169	0.7950	0.8436	0.9970	1.0617	0.8700	0.7462	0.9199	1.0088	0.9365	1.0950	1.0815	1.0169	1.0501	0.8969	0.8904	1.0265	0.7779	1.0577	1.0562	0.9413
QG37_08036	0.9003	0.7152	0.7859	0.6783	0.8051	0.5436	0.8517	0.8028	0.7641	0.5484	0.8502	0.6391	0.7324	0.6705	0.6619	0.7350	0.6882	0.8062	0.7298	0.6842	0.6528	0.6380	0.6236	0.7158	0.7642	0.6422	0.7232	0.7401	0.6883	0.5532	0.6289	0.6417	0.5965	0.7990	0.7676	0.6831	0.7691	0.7700	0.7610	0.7747	0.8053	0.7011	0.7177	0.7666	0.7112	0.7077	0.7046	0.7276
QG37_08037	0.2307	0.5049	0.5432	0.3897	0.5411	0.4259	0.5857	0.5539	0.5673	0.5157	0.6499	0.5003	0.4761	0.5207	0.5143	0.5656	0.5455	0.4355	0.6065	0.4965	0.4929	0.4245	0.3880	0.4639	0.5773	0.4305	0.5775	0.5070	0.4067	0.5196	0.4575	0.4695	0.4530	0.5819	0.5956	0.5273	0.5111	0.4904	0.5156	0.5559	0.5784	0.5597	0.5277	0.5376	0.5498	0.5682	0.4967	0.5483
QG37_08038	1.0079	0.8628	0.8195	0.7900	0.8497	0.9817	0.9293	0.9664	0.9138	0.9051	0.8348	0.8899	0.8986	0.8930	0.7417	0.9194	0.8992	0.8747	0.8549	0.8115	0.8331	0.8542	0.7976	0.8402	0.8047	0.8482	0.9000	0.8900	0.7458	1.6011	1.2288	0.8318	0.7908	0.8587	0.7368	0.8370	0.7833	0.8315	0.7957	0.9239	0.9584	0.8162	0.8198	0.9081	0.7362	0.7855	0.8300	0.8508
QG37_08039	0.9047	0.7683	0.7067	0.8594	0.7206	0.7612	0.8722	0.6790	0.9008	0.6185	0.8504	0.7139	0.9222	0.7502	0.8756	0.7370	0.8108	0.8861	0.8359	0.8062	0.7078	0.6861	0.9807	0.7923	0.8600	0.9162	0.7765	0.8621	0.7762	0.5838	0.8782	0.7520	0.8304	0.8227	0.7383	0.9646	0.9235	0.8632	0.7382	0.6524	0.7479	0.7459	0.8089	0.8631	0.7496	0.9143	0.8385	0.9813
QG37_08040	1.0290	0.8919	0.9687	0.8714	0.8511	0.9642	0.9084	0.9502	0.8826	0.9226	1.0556	0.7662	0.9089	0.9656	0.9633	0.9880	0.9393	0.9255	1.0008	0.9085	0.9173	0.9463	0.9132	0.9372	0.8999	0.9127	0.9747	0.8480	0.8661	0.9567	0.8638	0.7887	0.9139	0.9185	0.8916	0.9289	0.8741	0.9038	0.9116	0.9021	1.0404	0.9500	0.9092	0.9765	0.8683	0.9628	0.9387	0.8904
QG37_08041	1.1021	1.0987	1.3659	0.8902	1.3365	1.1147	1.0355	1.1198	1.0589	1.2770	1.0177	0.9816	1.1800	0.9143	1.1337	1.1567	1.0012	1.0594	1.1580	1.1417	1.1266	1.0782	0.9728	1.1037	0.9885	1.1368	1.1862	1.1828	0.9160	1.1079	0.8435	1.1458	1.0597	1.2565	1.1330	0.8985	1.1639	0.9619	1.2058	0.9411	1.2219	1.0751	1.0612	1.0550	1.0692	1.1354	1.1535	1.0757
QG37_08042	1.2936	1.1216	1.2052	0.9149	1.1012	1.0333	1.1915	1.1721	1.0276	1.3551	1.1555	0.9811	1.0267	1.1221	1.1230	1.1439	1.0788	1.0461	1.0930	1.1858	1.1453	1.0519	0.9845	1.0518	1.1022	1.0478	1.1739	1.2816	1.1191	0.8885	1.0179	0.9879	1.0375	0.9478	1.1353	0.7891	1.0740	1.0492	1.2304	0.9957	1.1900	1.2640	1.0767	1.0154	1.0741	0.9772	1.1203	1.2196
QG37_08043	0.9356	0.9154	0.6999	0.8875	0.9195	0.9912	0.8596	0.9461	0.7194	0.9194	0.8420	0.8116	0.8376	0.8099	0.8903	0.6853	0.9771	0.9470	0.7970	0.8722	0.8511	0.8733	1.0009	0.7271	0.7344	0.8308	0.9581	1.0238	0.7780	0.9012	0.9327	0.7780	0.6641	0.7569	0.7913	0.7237	0.8514	0.8304	0.8550	0.7595	0.9578	0.8827	0.7987	0.6415	0.6599	0.7053	0.7021	0.7411
QG37_08044	0.8574	1.0303	0.7780	1.0617	0.7757	0.9705	0.9329	1.1150	0.8140	1.1347	0.7971	0.8821	0.8731	0.8324	0.8137	0.8725	0.9937	0.9871	0.8449	0.8086	0.7598	0.8652	0.9649	0.8708	0.7539	0.7964	0.7854	0.8921	0.7673	0.8712	0.8467	0.7831	0.7247	0.8617	0.7854	0.7515	0.9336	0.9156	0.8561	0.9346	0.8514	0.9444	0.8118	0.7488	0.9196	0.7227	0.7709	0.8244
QG37_08045	0.8946	0.8428	0.9073	0.8669	0.8585	0.9028	0.9010	0.9597	0.8417	0.8752	0.8133	0.7829	0.8331	0.7602	0.7137	0.9123	0.8963	0.8623	0.7867	0.8528	0.9206	0.8201	0.8781	0.8102	0.8111	0.8479	0.8846	0.8521	0.7955	0.7842	0.7356	0.7940	0.8615	0.8536	0.9584	0.9425	0.8787	0.9438	0.7957	0.7488	0.9183	0.8266	0.8262	0.7923	0.8225	0.7833	0.7792	0.8538
QG37_08046	0.8906	0.8954	0.8856	0.9853	0.8807	0.9206	0.9238	0.9323	0.8985	0.8789	0.9137	0.8655	0.9363	0.8289	0.9270	0.9338	0.8564	0.9366	0.9047	0.9793	0.9091	0.9238	0.9336	0.8890	0.9172	0.9331	0.8224	0.9251	0.9679	0.9457	0.7902	0.8818	0.8992	0.9377	0.9626	0.8966	0.8987	0.9236	0.9112	0.9154	1.0150	0.9359	0.8931	0.9048	0.9026	0.9054	0.9677	0.9118
QG37_08047	1.1035	0.9187	0.9291	0.9532	1.0078	1.0104	1.0192	0.9140	0.9296	0.8919	0.9002	0.9051	0.8051	0.7112	0.9864	0.8615	0.9121	0.9680	0.8607	0.9989	0.9974	1.0117	0.8418	0.9569	0.9064	0.9964	0.9029	0.9474	0.9600	0.8669	0.9400	0.9580	0.9095	0.9398	0.9776	1.0120	0.8813	0.8405	0.9222	0.8647	0.9689	0.9878	0.9617	1.0590	0.9645	0.9133	0.9210	0.9410
QG37_08048	1.1098	0.9046	0.9019	1.0357	1.0572	0.8297	1.0150	0.9597	0.9388	1.0136	0.8764	0.8121	0.8514	0.9662	0.9792	0.9312	0.9546	1.0879	1.0469	0.9676	0.9795	0.9657	0.8635	1.0920	1.0457	0.9974	0.9768	0.8837	0.7888	0.8275	0.8554	0.8797	0.8576	0.8650	1.0142	1.0201	0.9667	0.8483	0.8559	1.1628	0.9136	0.9232	1.0431	1.0220	0.9889	0.9294	0.9780	0.8484
QG37_08049	0.9002	0.8421	0.7734	0.9588	0.8710	0.8721	0.8475	0.8193	0.8394	0.7866	0.8638	0.8115	0.7899	0.9239	0.8543	0.8121	0.7964	0.9082	0.8661	0.7889	0.7974	0.8797	0.7587	0.7789	0.9006	0.8223	0.8099	0.8442	0.6736	0.7129	0.7055	0.8020	0.7985	0.8042	0.8875	0.9237	0.8401	0.7625	0.8114	0.8477	0.8717	0.8809	0.8120	0.8818	0.7790	0.7893	0.9546	0.8439
QG37_08050	0.5534	0.6470	0.4932	0.6740	0.5611	0.7261	0.8372	0.6860	0.6897	0.6958	0.5954	0.5374	0.8040	0.6030	0.5895	0.8327	0.6368	0.6329	0.6706	0.6477	0.7289	0.5501	0.6016	0.6897	0.7263	0.6064	0.6039	0.7398	0.7004	0.6763	0.5902	0.6714	0.5953	0.7757	0.6187	0.7972	0.6358	0.7103	0.6978	0.7243	0.6536	0.6581	0.7288	0.7410	0.6240	0.6476	0.8296	0.6471
QG37_08051	0.8460	0.8723	0.8214	0.8791	0.8905	0.8986	0.9731	0.9772	0.8986	1.0325	1.0141	0.9832	0.9628	0.8929	0.9574	0.9117	0.9246	0.8893	0.9759	0.9246	1.0002	0.8599	0.9048	0.8751	0.8879	0.8689	0.8875	0.8611	0.8422	0.9667	0.7948	0.8518	0.8813	0.9663	1.0476	1.0553	0.8647	0.9616	0.9615	0.9699	0.9674	0.8976	0.9188	1.0722	0.9162	0.9492	0.9668	0.9413
QG37_08052	0.9976	0.9901	0.9610	1.0965	1.0173	1.0875	1.0241	0.9582	1.0320	1.0324	1.0326	1.2688	0.8196	0.9827	1.1405	0.9968	0.8761	0.9686	0.9724	1.0094	1.0240	1.0114	1.0741	1.0452	0.8684	0.9618	0.8721	0.9783	0.9913	0.9736	0.9995	0.8843	1.0123	0.8503	0.9741	0.9651	1.0295	0.9768	1.1685	0.9668	1.0336	0.9279	0.9822	1.0687	0.8707	0.9719	1.0306	0.8702
QG37_08484	1.2453	1.0190	1.0460	1.0853	1.1308	1.2175	1.2494	0.9134	1.1566	0.9090	1.0077	1.2281	1.0656	1.0052	1.0728	0.9061	1.0066	1.0796	0.9827	1.1643	1.2027	0.9480	1.1086	1.1266	0.9331	1.2042	0.9724	1.1167	0.8621	1.1667	1.1746	1.0730	0.9620	0.9809	0.8565	0.8352	0.9547	0.9535	1.1485	1.0735	0.9531	1.0150	0.9181	1.0490	0.9199	0.9784	0.8248	0.8893
QG37_08053	1.0297	1.1405	1.0604	0.9911	0.9400	0.9529	0.9091	0.8318	1.0012	1.0498	1.2925	0.9407	0.8434	0.9793	1.0427	0.9326	1.0344	0.9670	1.0208	0.9320	0.9801	0.9958	1.0229	0.9388	1.1271	1.1305	1.2563	1.1624	1.0463	1.1246	0.9958	1.1687	1.2454	1.0003	0.9608	0.9536	1.1650	1.0006	1.0179	0.9869	1.0778	1.0639	1.0234	1.0374	1.0137	1.1956	1.2072	1.2561
QG37_08054	0.8858	0.7363	0.7274	0.8142	0.8481	0.9438	0.8295	0.7321	0.7468	0.5597	0.8029	0.6397	0.7015	0.9469	1.0072	0.7955	0.7538	0.6858	0.8562	0.8351	0.7935	0.8467	0.8277	0.8488	0.7178	0.8196	0.9012	0.7216	0.7943	0.5799	0.8070	0.7985	0.8463	0.8709	0.8829	0.9414	0.9036	0.8073	0.8317	0.8843	0.7399	0.8694	0.7993	0.8878	0.7602	0.9242	0.7316	0.8248
QG37_08055	0.8137	0.7421	0.7371	0.8417	0.7695	0.8500	0.8082	0.7223	0.7597	0.7161	0.7818	0.7297	0.7422	0.8234	0.7389	0.7952	0.7805	0.7891	0.8033	0.7880	0.8435	0.7385	0.7590	0.7743	0.7213	0.7537	0.8011	0.7645	0.7869	0.7390	0.7681	0.7700	0.7987	0.7990	0.9645	0.8059	0.8395	0.8690	0.8735	0.7259	0.7746	0.7876	0.8188	0.8156	0.7575	0.8633	0.8058	0.7898
QG37_08056	0.8923	0.7651	0.9769	0.8475	0.8007	0.7966	0.9571	0.8458	0.7711	0.8451	0.7423	0.7850	0.9763	0.9895	0.8472	0.8588	0.8139	0.7625	0.7741	0.7932	0.8642	0.8106	0.8953	0.7920	0.8089	0.8304	0.8914	0.8366	0.7045	0.6114	0.7490	0.7824	0.8177	0.7826	0.9301	0.7303	0.8337	0.8182	0.8798	0.9025	0.7948	0.9441	0.7858	0.9298	0.7728	0.8410	0.8552	0.8028
QG37_08057	0.5172	0.6094	0.4837	0.5280	0.4956	0.4599	0.6515	0.6129	0.5635	0.5077	0.5085	0.5051	0.4637	0.6057	0.4979	0.6192	0.5436	0.5191	0.5673	0.4571	0.5304	0.4379	0.4517	0.4489	0.5058	0.4931	0.4695	0.5694	0.5011	0.2995	0.4424	0.4413	0.5435	0.4666	0.5761	0.5267	0.6543	0.5969	0.6001	0.5712	0.5385	0.5509	0.5946	0.6004	0.5153	0.4574	0.4537	0.5241
QG37_08058	1.0456	0.7938	0.9020	0.9562	0.8035	0.9158	0.8740	0.7885	0.8827	0.9517	0.7869	0.8415	0.7871	0.9483	0.9018	1.0266	0.9192	0.9361	0.9529	0.9008	0.8762	0.7542	0.9052	0.7922	0.8938	0.8405	1.0915	0.9029	0.8576	1.1410	0.7385	0.8007	0.7151	0.8764	0.8912	1.0257	0.8791	0.8194	1.0186	1.0383	0.9863	1.0372	0.8225	0.8410	0.8653	0.9309	0.8629	1.0519
QG37_08059	0.7756	0.7010	0.6780	0.8451	0.7883	0.7940	0.7741	0.8204	0.8078	0.7448	0.7875	0.8308	0.6636	0.7646	0.8273	0.8548	0.7315	0.8314	0.8543	0.9657	0.6797	0.7085	0.7840	0.8064	0.7575	0.7612	0.9323	0.8449	0.7097	0.8002	0.8081	0.6977	0.5870	0.7314	0.7181	0.7257	0.8159	0.7910	0.8436	0.9095	0.6989	0.8542	0.6297	0.7147	0.7944	0.7336	0.7435	0.8022
QG37_08060	0.8948	0.8163	0.7389	0.8253	0.9011	0.8919	1.0009	0.9132	0.8754	0.9119	1.1063	0.7783	0.9188	0.8551	0.8637	0.9193	0.8387	0.8988	0.9719	0.9858	0.8709	0.8825	0.9290	0.9218	0.8812	0.8673	0.9571	0.8395	0.8429	0.7696	0.8523	0.8119	0.8101	0.9254	0.8210	1.0488	0.8301	0.9606	0.9549	0.9559	0.8869	0.9562	0.9028	0.9743	0.9165	0.8725	0.9496	0.9092
QG37_08061	0.8979	0.8145	0.7832	0.8581	0.7152	0.8018	0.8249	0.7892	0.7986	0.8357	0.7304	0.6876	0.7015	0.5991	0.8259	0.9873	0.8751	0.8128	0.7768	0.7457	0.7478	0.7479	0.7367	0.7025	0.7947	0.8286	0.8404	0.6989	0.7340	0.7863	0.6595	0.7276	0.8565	0.8329	0.7244	0.7291	0.9240	0.7982	0.8080	0.7183	0.8149	0.6880	0.8765	0.7747	0.9785	0.8823	0.7782	0.8721
QG37_08062	0.7341	0.7459	0.6753	0.7134	0.7914	0.7362	0.7695	0.8193	0.7319	0.6293	0.7490	0.7428	0.7353	0.7154	0.8291	0.7943	0.8307	0.8633	0.7540	0.7405	0.8746	0.7956	0.6934	0.7271	0.7197	0.7394	0.7287	0.7234	0.6706	0.8033	0.6785	0.6704	0.7643	0.7945	0.8565	0.7796	0.7733	0.8014	0.6847	0.8400	0.9100	0.8122	0.7592	0.8967	0.9277	0.8855	0.7304	0.8075
QG37_08063	0.9238	0.8807	0.8872	0.9675	0.8771	0.9164	0.9406	0.9218	0.9700	0.7945	0.8503	0.9344	0.8913	0.9264	0.9869	0.9216	0.8624	0.8841	0.8858	0.8321	0.9216	0.9220	1.0026	1.0197	0.8738	0.9242	0.9265	0.8112	0.8390	0.8303	0.8372	0.8789	0.8819	0.8964	0.8794	0.9563	0.8580	1.0270	0.9272	0.9216	0.9402	0.8579	0.9193	0.9262	0.8502	0.9796	1.0252	0.9640
QG37_08064	0.8556	0.8611	0.6471	0.8494	0.8838	0.9239	0.9602	0.7153	0.8815	0.6150	0.6401	0.7762	0.7852	0.9191	0.9212	0.8901	0.9812	0.8814	0.8441	1.0170	0.8709	0.8955	0.9584	0.7497	0.9042	0.8681	0.8410	0.8708	0.8710	0.8166	0.8950	0.8895	0.8108	0.6668	0.9141	0.7722	0.7117	0.9514	0.8889	0.8832	0.8609	0.9093	0.9059	0.6450	0.8773	0.8827	1.0661	0.7706
QG37_08065	0.8341	0.8068	0.8118	0.9372	0.8141	0.8163	0.8044	0.8126	0.7863	0.7992	0.8681	0.7420	0.8032	0.8445	0.7955	0.8532	0.7811	0.8683	0.7678	0.7280	0.8470	0.7986	0.8370	0.7573	0.7695	0.8049	0.8238	0.6962	0.7392	0.7045	0.7847	0.8040	0.7621	0.8093	0.8611	0.7759	0.8786	0.7904	0.7652	0.8325	0.7957	0.8095	0.8388	0.9763	0.8462	0.8708	0.9013	0.7614
QG37_08066	0.8481	0.8206	0.8809	0.8510	0.8439	0.8378	0.7780	0.7377	0.7766	0.7496	0.7814	0.7657	0.7184	0.7715	0.8250	0.8104	0.7798	0.8404	0.7731	0.8461	0.8349	0.8279	0.8379	0.8314	0.8175	0.8277	0.8413	0.7734	0.7438	0.8342	0.7692	0.7580	0.8988	0.8371	0.8400	0.9205	0.8513	0.8908	0.9124	0.8643	0.8676	0.7762	0.7714	0.9508	0.8605	0.8552	0.8670	0.8470
QG37_08067	0.9092	0.8615	0.7867	0.8590	0.8585	0.9613	0.9032	0.9211	0.9322	0.7807	0.8499	0.7782	0.8634	0.9807	0.9352	0.9897	0.8992	0.8995	0.9066	0.8796	0.9138	0.9061	0.9456	0.8767	0.8821	0.8796	0.9445	0.8790	0.8280	1.0030	0.8890	0.8299	0.8609	0.8503	0.9483	0.9415	0.9004	0.9775	0.8448	0.9305	0.9549	0.9453	0.9524	1.0144	0.9492	0.7957	0.8941	0.9790
QG37_08068	0.8232	0.8381	0.8737	0.9417	0.9469	0.8833	0.8026	0.9163	0.8922	0.7928	1.0165	0.8727	0.8840	0.8902	0.9717	0.9379	0.8805	0.9010	0.9342	0.8528	0.9066	0.9916	0.9208	0.9402	0.8963	0.8796	0.9961	0.8245	0.8895	0.8903	0.8866	0.9457	0.9244	0.9118	0.9734	0.9219	0.9689	0.9341	0.9852	0.8955	0.8929	0.9220	0.9201	0.8887	0.8665	0.9637	0.8856	0.8995
QG37_08069	0.7461	0.7576	0.7271	0.8626	0.8742	0.8092	0.8837	1.0122	0.6120	0.7319	0.8930	0.6996	0.8764	0.7586	0.8312	0.7759	0.7780	0.8000	0.7040	0.7063	0.8652	0.7098	0.8446	0.8849	0.7520	0.6145	0.7316	0.6780	0.6491	0.8333	0.6009	0.7061	0.8247	0.7348	0.8099	0.8267	0.8746	0.7728	0.7830	0.9125	0.7415	0.7526	0.7256	0.5679	0.6688	0.8578	0.6364	0.9221
QG37_08070	1.0375	0.9319	1.1599	1.0737	1.0722	1.0886	0.9855	1.0562	1.0098	1.0285	0.9580	0.8823	1.0127	1.0878	1.0762	0.9003	0.9337	1.0713	0.9578	1.0556	0.9675	0.9949	1.0418	1.0183	1.0592	0.9568	0.9722	1.1199	1.1390	0.9764	1.0673	0.9394	0.9310	0.9104	0.9871	0.9994	0.9452	1.0435	0.9126	0.9036	0.9996	0.9610	1.1631	1.0760	1.0025	0.9603	1.1581	1.1389
QG37_08071	1.0694	1.0520	0.8084	0.9691	0.9259	1.0336	0.9026	0.9896	0.9218	0.9678	0.9510	1.1244	0.9362	0.9040	0.9290	0.8354	1.0085	0.8848	0.9255	0.9358	0.9436	1.1047	0.9164	0.8986	0.9991	1.0152	0.8633	1.0494	1.0154	1.0900	0.9546	0.9775	1.0112	1.0792	0.8522	0.8475	1.0238	1.2177	0.9283	0.9921	0.7319	1.0108	1.1772	0.9273	1.1918	0.8955	0.9608	1.0631
QG37_08072	0.3051	0.4228	0.3787	0.2768	0.2924	0.3163	0.3368	0.2530	0.3037	0.3546	0.2827	0.4088	0.3562	0.3538	0.3159	0.3393	0.3761	0.3065	0.3420	0.3919	0.3183	0.3049	0.3166	0.3628	0.3440	0.3372	0.3032	0.3015	0.3189	0.4032	0.3107	0.3263	0.4257	0.4062	0.2657	0.2524	0.4049	0.3427	0.3224	0.3702	0.2709	0.3214	0.3480	0.1528	0.2755	0.2123	0.2467	0.2592
QG37_08073	0.9899	0.9783	0.9396	1.0318	0.9598	0.9708	0.9973	1.0222	0.9526	0.9099	0.9939	0.9057	0.9486	1.0446	0.9954	1.0746	0.9679	1.0230	1.0192	1.0519	0.9929	0.9378	0.9825	0.9883	1.0736	0.9487	0.9689	0.9785	0.8609	0.7157	0.8673	0.8944	0.9015	0.9321	0.9964	0.9083	0.9499	0.9223	1.0590	0.9766	1.0268	1.0140	0.9367	1.0037	0.9432	1.0308	0.9277	1.0094
QG37_08074	0.9076	0.9016	0.8917	0.8778	0.8404	0.8703	0.8931	0.8931	0.9114	0.8561	0.8958	0.8336	0.8891	0.8664	0.9428	0.9401	0.8759	0.8950	0.9048	0.8463	0.8856	0.9242	0.8621	0.8829	0.8746	0.8702	0.8843	0.8083	0.7786	0.7687	0.8795	0.8265	0.8856	0.8693	0.8870	0.8681	0.9184	0.8708	0.8921	0.8863	0.8991	0.9192	0.8361	0.9240	0.9093	0.9190	0.8639	0.9423
QG37_08075	0.8953	0.8745	0.8298	0.8989	0.7535	0.8547	0.8033	0.9271	0.8247	0.8238	0.8642	0.6832	0.7838	0.8607	0.9265	0.9055	0.8359	0.9424	0.8341	0.7924	1.0123	0.8295	0.7872	0.6708	0.8258	0.7583	0.7919	0.8493	0.8401	0.5483	0.8512	0.8395	0.6960	0.8445	0.8857	0.7957	0.9019	0.9189	0.7408	0.7688	0.8084	0.8491	0.7634	0.8537	0.8107	0.8296	0.8683	0.8923
QG37_08076	0.9388	0.7584	0.8128	0.7567	0.8139	0.8527	0.8381	0.8453	0.7376	0.7642	0.7304	0.7515	0.7725	0.8141	0.7956	0.8644	0.8420	0.7905	0.8468	0.8741	0.8761	0.8048	0.7782	0.8523	0.8052	0.8034	0.7986	0.8106	0.7580	0.8445	0.8224	0.7966	0.8144	0.8405	0.8489	0.7942	0.8302	0.8843	0.8370	0.8333	0.8259	0.8347	0.8104	0.8719	0.7604	0.8801	0.8903	0.7878
QG37_08077	0.8987	0.8113	0.7147	0.9580	0.7853	0.7421	0.8318	0.7923	0.8108	0.7925	0.8820	0.8130	0.8647	0.9296	0.8532	0.8701	0.8095	0.8133	0.7873	0.7632	0.9486	0.7316	0.7813	0.7125	0.7966	0.8122	0.8929	0.7375	0.7610	0.6259	0.7666	0.6358	0.8384	0.8467	0.8067	0.9766	0.8482	0.8482	0.7526	0.7432	0.7264	0.7766	0.7867	0.8733	0.8957	0.7679	0.9099	0.7855
QG37_08078	0.9016	0.7528	0.8831	1.0676	0.8765	0.9354	0.8992	0.9433	0.8280	0.8447	0.9588	0.8374	0.8665	0.8795	0.8819	1.0326	0.8799	0.9194	0.8814	1.0238	0.9860	0.9609	0.8960	0.9174	0.8917	0.9245	0.9183	0.9860	0.9492	1.0106	0.8253	0.8095	0.9609	0.9705	0.8633	0.9805	0.9133	0.8770	1.0193	0.8651	1.0427	0.9188	0.8340	0.8590	0.9234	0.9439	0.8267	1.0062
QG37_08079	1.0582	0.9291	1.0242	0.9149	0.9850	1.0998	0.9697	1.0161	0.9499	0.9020	0.9760	0.8857	1.0167	0.9856	1.0102	1.0201	0.9300	0.9813	0.9055	0.9555	0.9342	0.9162	1.0102	0.8934	0.9338	0.9894	0.9119	1.0202	0.8814	0.9039	0.9720	0.8917	0.8571	1.0065	0.9882	0.9002	1.0273	0.9154	1.1025	0.9270	0.9787	0.9669	0.9109	0.9042	0.9981	1.0266	0.8708	0.9628
QG37_08080	1.1396	1.1024	1.1256	1.0620	1.0929	1.0988	1.1074	1.0755	1.0968	1.1287	1.1406	1.0510	1.1090	1.0043	1.0818	1.0794	1.0183	1.0449	1.0184	1.1263	1.0336	1.0866	1.0054	0.9615	1.0044	1.0963	1.0273	1.0837	1.0020	0.9770	0.9705	1.0203	1.0347	1.1148	1.0272	1.1377	1.0138	1.0241	1.0771	1.0723	1.1074	1.0698	1.0486	1.0875	1.0790	1.0723	1.1259	1.0438
QG37_08081	1.0519	1.0588	0.8998	1.0030	1.0305	0.9869	0.9032	1.0783	1.0655	0.9459	1.1379	1.0143	0.9096	0.9724	0.8987	0.9820	1.0054	0.9687	0.9017	0.9766	0.9277	1.1332	1.0185	0.8682	0.8774	1.0250	0.9953	1.0774	0.9272	0.8797	1.0222	0.9839	1.0126	1.0360	0.7896	1.0736	0.9975	1.0309	1.0352	0.8985	1.0324	0.9623	0.8477	1.0244	0.9052	0.9387	1.0268	1.0223
QG37_08082	1.0298	1.0448	0.9273	1.1666	1.0296	0.9524	0.9712	1.0725	1.0682	1.0698	0.8962	1.0093	0.9840	1.0459	0.9009	0.8604	0.9377	0.8924	0.9758	0.8808	1.0622	1.0586	1.0028	0.9751	1.0645	0.9080	0.9026	0.8437	1.0279	0.9218	0.8786	0.9649	0.9573	0.8999	1.0373	0.9349	1.0578	0.9660	0.9608	1.0235	0.9144	0.9044	1.0281	0.9875	0.9848	0.9856	1.0778	0.9627
QG37_08083	1.0200	0.9110	0.9942	0.9156	0.9658	0.9048	1.0053	0.9390	0.9022	0.9050	0.9184	0.8231	0.9270	0.9729	0.9003	0.9627	0.9326	0.9560	0.9534	0.9980	0.9211	0.8271	0.9395	0.9606	0.9172	0.9053	0.8618	0.9370	0.8472	0.8857	0.9213	0.9862	0.8387	0.9057	0.9367	0.9397	0.9254	1.0308	0.9211	0.9495	0.9208	0.9541	0.8963	1.0283	0.9348	0.8875	1.0343	0.9160
QG37_08084	0.7546	0.7416	0.7165	0.8082	0.8243	0.8798	0.8694	0.7920	0.7877	0.7268	0.7096	0.8302	0.7771	0.8221	0.8485	0.8235	0.8220	0.8316	0.8043	0.7743	0.7926	0.8233	0.7824	0.8569	0.8674	0.7860	0.7528	0.7598	0.7473	0.7939	0.8382	0.7998	0.7917	0.8085	0.8885	0.8510	0.7979	0.7952	0.8611	0.7182	0.7949	0.7472	0.7733	0.9816	0.7988	0.8083	0.8608	0.7771
QG37_08087	0.6605	0.6180	0.6483	0.8262	0.6770	0.7897	0.7020	0.7401	0.6888	0.6311	0.7209	0.7010	0.7159	0.7344	0.6941	0.7001	0.7535	0.7797	0.6553	0.6215	0.7243	0.8061	0.6870	0.7840	0.7558	0.6124	0.6597	0.6944	0.6400	0.5114	0.8549	0.6954	0.8127	0.7856	0.7191	0.7576	0.8456	0.7839	0.7742	0.6505	0.7617	0.7613	0.7341	0.9055	0.6359	0.8024	0.7371	0.7684
QG37_08088	0.6036	0.5818	0.4180	0.5834	0.5198	0.5539	0.4940	0.5775	0.5329	0.5397	0.4823	0.4955	0.5610	0.5593	0.5742	0.4785	0.5598	0.4852	0.5215	0.5978	0.5506	0.5889	0.5165	0.4515	0.4816	0.4172	0.5197	0.5076	0.4791	0.6390	0.6941	0.4549	0.4816	0.5797	0.4439	0.6083	0.5302	0.4655	0.5793	0.6479	0.5753	0.5131	0.6194	0.6495	0.5859	0.5342	0.5641	0.6069
QG37_08089	0.7972	0.7556	0.7427	0.7811	0.8036	0.7974	0.7870	0.8202	0.8404	0.7757	0.7778	0.8034	0.7322	0.7910	0.7984	0.8521	0.8020	0.8953	0.8917	0.8218	0.8763	0.7785	0.7859	0.8703	0.8321	0.7960	0.7623	0.7661	0.7573	0.7793	0.7439	0.7540	0.8742	0.7622	0.7725	0.8595	0.7973	0.8656	0.7951	0.8398	0.9389	0.8805	0.8521	0.8703	0.8680	0.9476	0.8736	0.8545
QG37_08090	0.8216	0.8846	0.8696	0.8198	0.8055	0.8755	0.9699	0.9682	1.0152	0.9193	0.8329	0.8407	0.8685	0.9024	0.9698	0.9082	0.8836	0.9279	0.9390	0.9589	0.9264	0.8810	0.8896	0.8941	0.9088	0.8455	0.8706	0.8294	0.7563	0.7696	0.8445	0.9159	0.7921	0.9612	0.8849	0.8833	0.9928	0.9249	0.9031	0.8832	0.8808	0.8977	0.9604	0.8490	0.8620	0.9226	1.0590	0.9305
QG37_08091	0.9284	0.9741	0.9085	0.8617	0.8641	0.8641	0.9999	0.9316	0.9325	0.8848	0.8771	0.8801	0.9391	0.9280	0.9531	0.9745	0.9055	1.0299	0.9409	0.9482	0.9625	0.9404	0.9707	1.0159	0.9252	0.9127	0.9066	0.8562	0.8015	0.9194	0.8731	0.8692	1.0143	0.8594	0.9996	0.9357	0.9275	0.9817	0.9754	0.9695	0.9596	0.9090	0.9608	1.0550	0.9273	0.9630	0.9773	1.0454
QG37_08092	0.6845	0.6712	0.9344	0.8898	0.6509	1.0757	0.7971	0.9684	0.8383	0.7718	0.8801	0.8498	0.8122	0.8570	0.9397	1.0225	0.8699	0.9389	0.8467	0.7581	0.9564	0.8300	0.8854	0.8171	0.8907	0.8896	0.8339	0.8024	0.9286	0.5905	0.9836	0.5756	0.8437	0.8291	0.8892	0.9230	0.8329	0.8896	0.8933	0.8853	0.8404	0.8725	0.8710	0.9417	0.8338	0.9247	0.8687	0.9153
QG37_08093	0.7256	0.7368	0.7564	0.7859	0.7865	0.8453	0.8286	0.8571	0.7229	0.7007	0.8059	0.7820	0.6782	0.7523	0.7330	0.8768	0.7861	0.7967	0.8051	0.7434	0.7991	0.7288	0.7674	0.8314	0.7633	0.7567	0.7714	0.7741	0.6375	0.7054	0.7369	0.6508	0.7437	0.8016	0.7803	0.7393	0.7518	0.7932	0.7477	0.7921	0.7876	0.7655	0.7125	0.8007	0.8581	0.8081	0.8447	0.8036
QG37_08094	1.0478	0.7870	0.9164	0.6210	0.8536	0.7968	0.7956	0.8148	0.7674	0.7664	0.8721	0.7193	0.8861	0.7040	0.9005	0.9396	0.8726	0.8299	0.7416	0.7948	0.8374	0.9986	0.8027	0.8317	0.9039	0.9398	0.9262	0.9358	0.7744	0.7354	0.7272	0.8409	0.8414	0.8765	0.7982	0.7723	0.7282	0.9702	0.9060	0.7203	0.7493	0.7913	0.7628	0.8332	0.7796	0.7829	0.8864	0.9391
QG37_08097	0.8298	0.8749	0.8717	0.5851	0.8277	0.7802	1.0211	1.0255	1.0531	0.9754	0.7720	0.9243	0.9030	0.8930	1.0445	0.8955	0.8357	0.8372	0.9317	0.8768	0.8659	0.8494	0.9965	0.7994	0.9221	0.8965	0.9515	0.8594	0.8787	0.8184	0.9528	0.9207	0.9477	0.8975	0.9769	1.0163	1.0948	1.0102	0.9356	0.8998	0.8141	0.8791	0.8922	1.0196	0.9213	0.9955	1.0263	1.0602
QG37_08098	1.0344	1.0276	1.0095	0.9170	0.9837	1.0388	1.0772	0.9980	1.0466	0.9332	1.0364	0.9413	1.0472	1.0047	1.0362	0.9945	1.0293	1.0138	1.0785	1.0137	0.9572	0.9972	1.0122	1.0382	0.9593	0.9262	0.9342	0.9805	0.9766	0.8872	1.0179	1.0010	1.0264	1.0112	1.0731	1.0320	1.0376	1.0653	1.0963	1.0041	0.9657	0.9629	0.9319	1.0737	1.0239	1.0662	1.0855	1.0510
QG37_08099	1.1640	1.0724	1.1046	1.0179	1.0964	1.1037	1.1354	1.0688	1.0373	1.0644	1.1299	0.9892	1.0328	1.1020	0.9988	1.0426	1.0744	1.0769	1.0765	1.0559	1.0639	1.0680	1.1079	1.0805	1.0936	1.0012	1.0490	1.0501	1.0277	0.9142	0.9362	0.9858	1.0726	1.0789	1.0216	1.0629	0.9991	1.0092	1.0273	1.0586	1.1386	1.0402	1.0510	1.1264	1.1079	1.1184	1.0585	1.1033
QG37_08100	1.1172	1.0518	1.1187	1.0210	1.0247	0.9696	1.1650	0.9323	0.8584	0.9556	0.9987	0.9306	0.9559	0.9444	0.9751	0.9293	1.0055	1.0015	0.9686	1.0469	1.0363	1.0117	0.9577	0.9538	0.9145	1.0086	0.9947	1.1077	0.8586	0.9882	1.0960	1.0918	0.9442	1.0905	0.9903	0.9633	1.0243	0.8769	1.0375	0.9889	0.9570	0.9468	0.9543	1.0473	1.0236	0.9611	1.0411	0.8881
QG37_08101	1.1060	0.9307	0.9989	0.9323	1.0331	0.9554	0.9549	0.8983	1.0671	1.1177	0.8940	0.9447	0.8899	0.9548	0.8890	0.9753	0.9858	0.9630	0.9489	0.9844	0.9319	0.9394	0.9918	1.0665	0.9006	0.9014	1.1533	1.0261	0.8848	0.9742	0.7829	0.9228	0.9639	0.9795	0.6981	0.8192	0.7542	0.8089	0.9513	0.9242	0.8462	0.9564	0.7320	0.7537	0.9171	0.9722	0.8500	1.0494
QG37_08102	1.0654	0.8999	0.8940	0.9279	1.0076	0.9938	1.1169	0.9990	0.9110	1.0174	1.0002	0.8593	1.0695	0.9627	0.9896	0.9215	1.0421	0.9235	0.9328	1.0158	0.9060	0.8933	0.8877	1.0648	1.0329	0.9820	0.9936	0.8475	0.8026	0.7472	1.1205	0.9076	0.9606	0.8958	0.8563	0.9091	0.9406	0.9909	1.0031	0.9899	0.9846	1.0511	0.8169	1.0742	0.8508	0.9579	1.0346	0.8801
QG37_08103	0.9898	0.8295	0.9454	0.9295	0.8366	0.9836	0.8748	0.9689	0.9522	0.9131	1.0017	0.8362	0.9415	1.0412	0.8638	1.0281	0.9268	0.8696	0.9383	0.9373	0.9306	1.0079	0.9026	0.8366	0.8862	0.9025	0.9150	0.8806	0.8470	0.7620	0.8336	0.9138	0.8839	0.8851	0.9410	0.8177	0.9844	0.9438	0.9273	0.9755	0.9007	0.8391	0.9078	1.0168	0.9046	0.9012	0.8323	0.9106
QG37_08104	0.9741	0.9635	1.0457	0.9520	0.8256	0.9741	0.8501	0.9288	0.8783	0.8794	0.8162	0.8596	0.8972	0.9336	0.8348	0.9745	0.9980	0.8823	0.8613	1.0542	0.9599	0.9399	0.8794	0.9576	1.0343	0.9150	0.9112	0.8692	0.9571	0.8742	1.0254	0.8494	0.8856	1.0489	0.9985	1.0435	0.8203	0.9992	0.9877	0.9744	0.9429	0.8949	0.8937	1.0471	1.0056	0.8723	0.9266	0.8568
QG37_08105	0.8180	0.7791	0.8921	0.9495	0.8895	0.8324	0.8702	0.8933	0.8805	0.8175	0.9302	0.8897	0.8249	1.0016	0.8215	0.9713	0.8713	0.8811	0.7938	0.8264	0.8830	0.8488	0.8317	0.9571	0.8526	0.8765	0.7844	0.7886	0.7393	0.9039	0.7153	0.8037	0.8944	0.8034	0.8753	0.8959	0.8961	0.8912	0.9385	0.8195	0.8509	0.7732	0.9152	0.8488	0.8639	0.8704	0.8879	0.8982
QG37_08106	0.9938	0.9831	1.0033	0.8607	1.0013	0.9039	0.8346	1.0006	0.9273	0.8347	0.9353	0.8015	0.9346	0.8383	0.9939	0.9279	0.8927	0.9568	0.9682	0.9450	0.9430	1.0221	0.8757	0.9570	1.0222	1.0066	0.9390	0.9452	0.7598	0.6323	0.8541	0.8723	0.8893	0.8929	1.0129	0.9946	1.0198	1.0277	0.9905	0.8513	1.0110	0.9311	0.9597	1.0647	0.9458	0.9250	0.8766	0.9359
QG37_08107	0.9835	0.8580	0.8799	0.8639	0.8333	0.8886	0.9319	1.0154	0.7637	0.7929	0.9228	0.7441	0.8480	0.9166	0.7901	0.8686	0.7792	0.8391	0.9017	0.8560	0.9079	0.8230	0.9034	0.8069	0.9513	0.8411	0.9465	0.8542	0.7487	0.9291	0.8863	0.8505	0.9339	0.8903	0.9180	0.8682	0.8959	0.9579	0.9032	0.7985	0.9754	0.8582	0.9627	0.8410	0.8687	0.8350	0.8316	0.8356
QG37_08108	0.7441	0.7075	0.5844	0.9547	0.7257	0.7477	0.7440	0.9850	0.7775	0.6818	0.7568	0.5678	0.7046	0.8644	0.7819	0.9474	0.7822	0.7456	0.7333	0.6568	0.7643	0.6451	0.6830	0.6388	0.8125	0.6143	0.7573	0.6796	0.6712	0.8030	0.4901	0.6993	0.8661	0.8158	0.7927	0.8018	0.6466	0.8282	0.8131	0.7120	0.8492	0.7235	0.8859	0.8850	0.7929	0.7334	0.7629	0.7393
QG37_08109	1.0112	0.9630	0.9389	0.7547	0.8286	0.9187	0.8031	0.7282	0.7633	0.8883	0.7302	0.7363	0.6827	0.9456	0.6674	0.8156	0.8541	1.0646	0.8858	0.8291	0.8827	0.7223	0.8283	0.8250	0.6947	0.8815	0.6901	0.7127	0.7491	1.0976	0.9289	0.7794	0.6640	0.9312	0.7596	0.8798	0.7982	0.8153	0.7241	0.9688	0.9550	0.8896	0.7095	0.8174	0.8094	0.8828	0.9504	0.9315
QG37_08110	0.7808	0.6445	0.7752	0.6530	0.6768	0.5946	0.7171	0.6198	0.6760	0.6963	0.6315	0.6864	0.6145	0.6461	0.6061	0.6491	0.6656	0.6456	0.6481	0.5921	0.6667	0.6367	0.6134	0.7473	0.6931	0.5317	0.7164	0.6418	0.6364	0.5283	0.6714	0.6752	0.7297	0.5916	0.7945	0.7084	0.6956	0.7190	0.6962	0.5982	0.7483	0.7859	0.6815	0.7106	0.6674	0.6924	0.6707	0.6801
QG37_08111	0.4780	0.4989	0.4656	0.3585	0.3839	0.4759	0.5264	0.5771	0.4164	0.4658	0.5060	0.6050	0.5420	0.4599	0.4573	0.4270	0.4391	0.5216	0.4965	0.5179	0.4466	0.4559	0.4873	0.5874	0.3910	0.5087	0.4667	0.3108	0.4300	0.5026	0.5246	0.4213	0.7446	0.5533	0.4966	0.6458	0.5496	0.6213	0.5640	0.4921	0.5238	0.5990	0.5978	0.7126	0.6249	0.5847	0.6441	0.6566
QG37_08112	0.8903	0.7056	0.8272	0.6942	0.8937	0.6982	0.7842	0.7960	0.6690	0.8052	0.8607	0.7030	0.7082	0.8038	0.8746	0.7802	0.7832	0.7711	0.7528	0.7902	0.7428	0.8032	0.7371	0.8103	0.7475	0.6723	0.7382	0.7471	0.6854	0.4229	0.8867	0.6508	0.7990	0.8380	0.9349	0.9964	0.8933	0.8191	0.7516	0.8270	0.9831	0.9602	0.8950	0.8934	0.8007	0.7801	0.9406	0.9123
QG37_08113	0.8475	0.7644	0.7365	0.7297	0.9302	0.6207	0.8413	0.8632	0.8768	0.8837	0.8735	0.7196	0.7081	0.9374	0.8356	0.8270	0.8637	0.7921	0.7996	0.7585	0.8975	0.8444	0.7280	0.7812	0.9120	0.8089	0.8153	0.8111	0.6823	0.5477	0.7777	0.7306	0.7789	0.8730	0.8062	0.7716	0.8506	0.8739	0.9491	0.9765	0.9526	0.9012	0.9208	0.8851	0.8314	0.8595	1.0152	0.9951
